%time,field.header.seq,field.header.stamp,field.header.frame_id,field.speed,field.vx,field.vy,field.vz
1591869751152746964,129,1591869751101164102,,0.0,-9.99999974738e-06,-0.0,0.0
1591869751204302394,130,1591869751152770042,,0.0,-1.99999994948e-05,9.99999974738e-06,1.99999994948e-05
1591869751255993813,131,1591869751204282999,,0.0,-9.99999974738e-06,1.99999994948e-05,0.0
1591869751308156364,132,1591869751256292104,,0.0,2.99999992421e-05,-9.99999974738e-06,-2.99999992421e-05
1591869751360286998,133,1591869751308384895,,0.0,0.0,9.99999974738e-06,-0.0
1591869751411072575,134,1591869751359937906,,0.0,-1.99999994948e-05,1.99999994948e-05,1.99999994948e-05
1591869751462537074,135,1591869751411222934,,0.0,0.0,0.0,-0.0
1591869751563843960,136,1591869751462609052,,0.0,-9.99999974738e-06,-9.99999974738e-06,9.99999974738e-06
1591869751616030732,137,1591869751563941001,,0.0,2.99999992421e-05,-0.0,-2.99999992421e-05
1591869751667902606,138,1591869751616081953,,0.0,-0.0,0.0,0.0
1591869751719284618,139,1591869751668000936,,0.0,-0.0,1.99999994948e-05,-0.0
1591869751821328099,140,1591869751719414949,,0.0,9.99999974738e-06,-9.99999974738e-06,-0.0
1591869751874787962,141,1591869751821547985,,0.0,0.0,-9.99999974738e-06,9.99999974738e-06
1591869751926461993,142,1591869751875017881,,0.0,-9.99999974738e-06,-9.99999974738e-06,9.99999974738e-06
1591869751978280247,143,1591869751926722049,,0.0,-1.99999994948e-05,9.99999974738e-06,9.99999974738e-06
1591869752030952519,144,1591869751978368043,,0.0,9.99999974738e-06,-1.99999994948e-05,-9.99999974738e-06
1591869752082712784,145,1591869752030694961,,0.0,9.99999974738e-06,-1.99999994948e-05,-0.0
1591869752134731640,146,1591869752082762956,,0.0,9.99999974738e-06,9.99999974738e-06,-0.0
1591869752186870219,147,1591869752134803056,,0.0,-9.99999974738e-06,0.0,9.99999974738e-06
1591869752238785970,148,1591869752187043905,,0.0,9.99999974738e-06,-9.99999974738e-06,-9.99999974738e-06
1591869752290363323,149,1591869752239023923,,0.0,-2.99999992421e-05,-0.0,2.99999992421e-05
1591869752341862979,150,1591869752290755987,,0.0,1.99999994948e-05,-9.99999974738e-06,-9.99999974738e-06
1591869752393245845,151,1591869752342070102,,0.0,9.99999974738e-06,-1.99999994948e-05,-9.99999974738e-06
1591869752445122396,152,1591869752393332958,,0.0,-9.99999974738e-06,2.99999992421e-05,0.0
1591869752497325562,153,1591869752445390939,,0.0,9.99999974738e-06,-1.99999994948e-05,0.0
1591869752549227938,154,1591869752497431039,,0.0,-0.0,9.99999974738e-06,0.0
1591869752601200053,155,1591869752549494981,,0.0,-1.99999994948e-05,1.99999994948e-05,1.99999994948e-05
1591869752653329454,156,1591869752601417064,,0.0,-2.99999992421e-05,2.99999992421e-05,1.99999994948e-05
1591869752707220144,157,1591869752653588056,,0.0,-9.99999974738e-06,0.0,9.99999974738e-06
1591869752758899980,158,1591869752707349061,,0.0,-1.99999994948e-05,-0.0,1.99999994948e-05
1591869752810468145,159,1591869752758661985,,0.0,1.99999994948e-05,9.99999974738e-06,-1.99999994948e-05
1591869752913158736,160,1591869752810843944,,0.0,-2.99999992421e-05,3.99999989895e-05,9.99999974738e-06
1591869752964637828,161,1591869752912872076,,0.0,-9.99999974738e-06,1.99999994948e-05,9.99999974738e-06
1591869753016620850,162,1591869752964881896,,0.0,-1.99999994948e-05,0.0,1.99999994948e-05
1591869753068721379,163,1591869753016942977,,0.0,0.0,9.99999974738e-06,-9.99999974738e-06
1591869753120726901,164,1591869753068948984,,0.0,1.99999994948e-05,-2.99999992421e-05,-9.99999974738e-06
1591869753172898959,165,1591869753120985031,,0.0,9.99999974738e-06,-1.99999994948e-05,-9.99999974738e-06
1591869753224872608,166,1591869753173079013,,9.99999974738e-05,1.99999994948e-05,-4.99999987369e-05,-0.0
1591869753277127710,167,1591869753225107908,,0.0,9.99999974738e-06,-9.99999974738e-06,-9.99999974738e-06
1591869753380476961,168,1591869753278780937,,0.0,-9.99999974738e-06,2.99999992421e-05,-0.0
1591869753432570614,169,1591869753380760908,,0.0,1.99999994948e-05,-1.99999994948e-05,-9.99999974738e-06
1591869753487126167,170,1591869753433451890,,0.0,9.99999974738e-06,-9.99999974738e-06,0.0
1591869753539683392,171,1591869753487961053,,0.0,0.0,0.0,0.0
1591869753592263573,172,1591869753539901971,,0.0,9.99999974738e-06,9.99999974738e-06,-1.99999994948e-05
1591869753644219710,173,1591869753592493057,,0.0,-0.0,-1.99999994948e-05,9.99999974738e-06
1591869753696327218,174,1591869753644493103,,0.0,-9.99999974738e-06,3.99999989895e-05,0.0
1591869753748612506,175,1591869753696499109,,0.0,0.0,1.99999994948e-05,-9.99999974738e-06
1591869753799718991,176,1591869753748434066,,0.0,9.99999974738e-06,2.99999992421e-05,-1.99999994948e-05
1591869753851820150,177,1591869753800019025,,0.0,0.0,-1.99999994948e-05,9.99999974738e-06
1591869753903717790,178,1591869753851985931,,0.0,1.99999994948e-05,-3.99999989895e-05,-9.99999974738e-06
1591869753955870852,179,1591869753903964996,,0.0,-9.99999974738e-06,9.99999974738e-06,9.99999974738e-06
1591869754007841043,180,1591869753956012964,,0.0,1.99999994948e-05,-9.99999974738e-06,-9.99999974738e-06
1591869754060703783,181,1591869754009005069,,0.0,9.99999974738e-06,0.0,-1.99999994948e-05
1591869754112824625,182,1591869754060976982,,0.0,9.99999974738e-06,-3.99999989895e-05,0.0
1591869754164757994,183,1591869754112967014,,0.0,-9.99999974738e-06,1.99999994948e-05,9.99999974738e-06
1591869754216637366,184,1591869754164915084,,0.0,0.0,0.0,-0.0
1591869754268822868,185,1591869754216923952,,0.0,9.99999974738e-06,-1.99999994948e-05,9.99999974738e-06
1591869754320887123,186,1591869754269001960,,0.0,-2.99999992421e-05,9.99999974738e-06,2.99999992421e-05
1591869754373314710,187,1591869754321037054,,0.0,-1.99999994948e-05,2.99999992421e-05,9.99999974738e-06
1591869754424863724,188,1591869754373040914,,0.0,-9.99999974738e-06,0.0,0.0
1591869754476420836,189,1591869754425183057,,0.0,-0.0,-1.99999994948e-05,9.99999974738e-06
1591869754528784730,190,1591869754476492881,,0.0,-1.99999994948e-05,9.99999974738e-06,1.99999994948e-05
1591869754582786461,191,1591869754528444051,,0.0,-9.99999974738e-06,-9.99999974738e-06,9.99999974738e-06
1591869754635107259,192,1591869754582572937,,0.0,-1.99999994948e-05,1.99999994948e-05,1.99999994948e-05
1591869754687894850,193,1591869754634857892,,0.0,1.99999994948e-05,0.0,-1.99999994948e-05
1591869754739846752,194,1591869754687958002,,9.99999974738e-05,1.99999994948e-05,-4.99999987369e-05,-0.0
1591869754791953514,195,1591869754739907026,,0.0,-9.99999974738e-06,2.99999992421e-05,-0.0
1591869754844899786,196,1591869754792144060,,0.0,9.99999974738e-06,-9.99999974738e-06,-9.99999974738e-06
1591869754897677053,197,1591869754845685005,,0.0,1.99999994948e-05,-9.99999974738e-06,-9.99999974738e-06
1591869754949927767,198,1591869754897954940,,0.0,-0.0,1.99999994948e-05,0.0
1591869755001814811,199,1591869754950015068,,0.0,0.0,9.99999974738e-06,-9.99999974738e-06
1591869755053861722,200,1591869755001935958,,0.0,-0.0,0.0,-0.0
1591869755405387146,201,1591869755053981065,,0.0,9.99999974738e-06,9.99999974738e-06,9.99999974738e-06
1591869755457760449,202,1591869755405652999,,0.000199999994948,0.000159999995958,0.000130000000354,-3.99999989895e-05
1591869755508955636,203,1591869755457428932,,0.000199999994948,0.000119999996969,0.000130000000354,-1.99999994948e-05
1591869755560669575,204,1591869755508714914,,0.00150000001304,0.000690000015311,0.00124999997206,-0.000469999999041
1591869755613899689,205,1591869755561500072,,0.00570000009611,0.00197000009939,0.00517999986187,-0.00144999998156
1591869755665913728,206,1591869755614151954,,0.01070000045,0.00365000008605,0.0096899997443,-0.00261999992654
1591869755717612023,207,1591869755666038990,,0.0159000009298,0.00551000004634,0.0144499996677,-0.00389000005089
1591869755770329091,208,1591869755717520952,,0.0208999998868,0.00722000002861,0.0189299993217,-0.00506999995559
1591869755821746444,209,1591869755770021915,,0.0262000001967,0.00910000037402,0.0236900001764,-0.00637000007555
1591869755873743990,210,1591869755822031974,,0.0311999991536,0.0109000001103,0.0282300002873,-0.00761999981478
1591869755925692043,211,1591869755874090909,,0.0364000014961,0.0127100003883,0.032919999212,-0.00887999963015
1591869756028182548,212,1591869755926350116,,0.0649999976158,0.0225600004196,0.058820001781,-0.015890000388
1591869756080210446,213,1591869756028420925,,0.0737000033259,0.0257300008088,0.0666799992323,-0.0180600006133
1591869756132707336,214,1591869756080427885,,0.0789000019431,0.0273700002581,0.071479998529,-0.0191399995238
1591869756183585930,215,1591869756132456064,,0.0800999999046,0.0281600002199,0.0723899975419,-0.0195400007069
1591869756235810535,216,1591869756183828115,,0.0806000009179,0.028370000422,0.0728100016713,-0.0197000000626
1591869756337499747,217,1591869756235718965,,0.0803999975324,0.0283300001174,0.0726699978113,-0.0197100006044
1591869756389222337,218,1591869756337658882,,0.0803000032902,0.028279999271,0.0725800022483,-0.0197100006044
1591869756441568218,219,1591869756389859914,,0.0803999975324,0.0282099992037,0.0726199969649,-0.0196800008416
1591869756493756201,220,1591869756441838026,,0.0803000032902,0.0281499996781,0.0725700035691,-0.0196499992162
1591869756546713287,221,1591869756493957996,,0.0802000015974,0.0281300004572,0.0725200027227,-0.0196199994534
1591869756598472259,222,1591869756546765089,,0.0800999999046,0.0281300004572,0.0724100023508,-0.0196100007743
1591869756650050711,223,1591869756598788976,,0.0802000015974,0.0281199999154,0.072509996593,-0.0196100007743
1591869756703016374,224,1591869756650053977,,0.0802000015974,0.0280799996108,0.072509996593,-0.0195899996907
1591869756755315284,225,1591869756703552961,,0.0803999975324,0.0281399991363,0.0726900026202,-0.019640000537
1591869756807231481,226,1591869756755454063,,0.0798000022769,0.0279500000179,0.0722000002861,-0.0195099990815
1591869756859741666,227,1591869756807496070,,0.0798999965191,0.0279600005597,0.0722199976444,-0.0195199996233
1591869756911329877,228,1591869756859483957,,0.0802000015974,0.0281399991363,0.0724800005555,-0.0196100007743
1591869756963385359,229,1591869756911485910,,0.0802000015974,0.0281700007617,0.0725300014019,-0.019640000537
1591869757015737146,230,1591869756963965892,,0.0802000015974,0.0281199999154,0.072509996593,-0.0196000002325
1591869757067766052,231,1591869757015820026,,0.0799999982119,0.0280600003898,0.0722599998116,-0.0195799991488
1591869757119703983,232,1591869757068583011,,0.0803999975324,0.0281799994409,0.0726400017738,-0.0196499992162
1591869757170971211,233,1591869757119950056,,0.0799999982119,0.0280399993062,0.0723799988627,-0.0195400007069
1591869757223732675,234,1591869757171181917,,0.0803999975324,0.0281899999827,0.0726900026202,-0.0196499992162
1591869757275864284,235,1591869757223985910,,0.0802000015974,0.0281399991363,0.0725200027227,-0.0195799991488
1591869757328430217,236,1591869757276623010,,0.0802000015974,0.0281799994409,0.072509996593,-0.0195799991488
1591869757380189559,237,1591869757328169107,,0.0804999992251,0.0282300002873,0.0728100016713,-0.0195899996907
1591869757432874321,238,1591869757381021976,,0.0799999982119,0.028049999848,0.072310000658,-0.0194600000978
1591869757534834249,239,1591869757432998895,,0.0799999982119,0.028049999848,0.072310000658,-0.0194799993187
1591869757586750928,240,1591869757534957885,,0.0800999999046,0.0281099993736,0.0724499970675,-0.0195700004697
1591869757640617178,241,1591869757588886976,,0.0802000015974,0.0281700007617,0.072509996593,-0.0196000002325
1591869757692442977,242,1591869757640887975,,0.0803000032902,0.0281199999154,0.0725999996066,-0.0196000002325
1591869757743681266,243,1591869757692636966,,0.0800999999046,0.0281399991363,0.0724399983883,-0.0196000002325
1591869757795060345,244,1591869757743861913,,0.0800999999046,0.0281600002199,0.0724100023508,-0.0196100007743
1591869757847358183,245,1591869757795212030,,0.0799999982119,0.028049999848,0.0723199993372,-0.0195599999279
1591869757898855988,246,1591869757847110986,,0.0806000009179,0.0282600000501,0.0728299990296,-0.0197400003672
1591869758000178571,247,1591869757899156093,,0.0799999982119,0.0280399993062,0.0722900032997,-0.0196100007743
1591869758052006494,248,1591869758000324010,,0.0804999992251,0.0282600000501,0.0727899968624,-0.0197599995881
1591869758103312581,249,1591869758052213907,,0.0798999965191,0.0280399993062,0.0722199976444,-0.0195899996907
1591869758155282369,250,1591869758103435039,,0.0802000015974,0.0281799994409,0.0724700018764,-0.019640000537
1591869758206481376,251,1591869758155410051,,0.0803000032902,0.0281700007617,0.0725800022483,-0.0196499992162
1591869758307934487,252,1591869758206723928,,0.0799999982119,0.0281099993736,0.0723399966955,-0.0195799991488
1591869758359362602,253,1591869758308073997,,0.0803000032902,0.0281700007617,0.0725999996066,-0.019640000537
1591869758411416127,254,1591869758359621047,,0.0800999999046,0.028069999069,0.0724100023508,-0.0195700004697
1591869758463576798,255,1591869758411674976,,0.0803000032902,0.0281600002199,0.0725999996066,-0.0196199994534
1591869758515488865,256,1591869758463732957,,0.0799999982119,0.0280600003898,0.0723600015044,-0.0195599999279
1591869758568081270,257,1591869758515671014,,0.0802000015974,0.0281700007617,0.0724700018764,-0.0196000002325
1591869758620100223,258,1591869758568295955,,0.0800999999046,0.0281099993736,0.0724100023508,-0.0195700004697
1591869758671948262,259,1591869758620204925,,0.0803999975324,0.0282099992037,0.0726599991322,-0.019640000537
1591869758724478770,260,1591869758672183990,,0.0803000032902,0.0281799994409,0.0725999996066,-0.019640000537
1591869758775939878,261,1591869758724237918,,0.0778999999166,0.0271400008351,0.0705299973488,-0.0189999993891
1591869758828019033,262,1591869758776164054,,0.0716999992728,0.02517000027,0.0648199990392,-0.0175299998373
1591869758929817195,263,1591869758828162908,,0.0627000033855,0.0214499998838,0.0568699985743,-0.0152500001714
1591869758982102709,264,1591869758930078983,,0.0542999990284,0.00915000028908,0.0520900003612,-0.012319999747
1591869759033611539,265,1591869758981857061,,0.0522999987006,0.00200999993831,0.0511800013483,-0.0105100004002
1591869759086069399,266,1591869759034041881,,0.0522000007331,-0.00390999997035,0.0512799993157,-0.00870999973267
1591869759138839498,267,1591869759086724042,,0.0527000017464,-0.00820999965072,0.051550000906,-0.00694999983534
1591869759190829904,268,1591869759139081954,,0.0529999993742,-0.0115599995479,0.0514900013804,-0.00510999979451
1591869759242388249,269,1591869759191030979,,0.0542999990284,-0.0172400008887,0.0513999983668,-0.00295000011101
1591869759294358495,270,1591869759242552042,,0.0529999993742,-0.0254200007766,0.0464899986982,-0.00132000003941
1591869759347964181,271,1591869759294770956,,0.0540999993682,-0.0344999991357,0.0416899994016,-0.000239999993937
1591869759400419173,272,1591869759348705053,,0.0588000006974,-0.0426499992609,0.04049000144,2.99999992421e-05
1591869759452621420,273,1591869759400696992,,0.0636999979615,-0.0493500009179,0.0402900017798,-2.99999992421e-05
1591869759503868826,274,1591869759452788114,,0.0645999982953,-0.0532100014389,0.0366600006819,0.000140000003739
1591869759555768208,275,1591869759504020929,,0.0640000030398,-0.056439999491,0.0302499998361,9.00000013644e-05
1591869759607668948,276,1591869759555991888,,0.0648000016809,-0.0606300011277,0.0228000003844,0.000110000000859
1591869759659676461,277,1591869759607917070,,0.068400003016,-0.0666799992323,0.0151699995622,0.000110000000859
1591869759711757187,278,1591869759659888982,,0.0744000002742,-0.074019998312,0.00771000003442,0.000130000000354
1591869759813609955,279,1591869759711874008,,0.0784000009298,-0.0783599987626,0.000560000014957,-0.000289999996312
1591869759865698204,280,1591869759813851118,,0.0803999975324,-0.0803200006485,-0.00224000005983,-9.99999974738e-06
1591869759917489825,281,1591869759865904092,,0.0803000032902,-0.080260001123,-0.00279999990016,9.99999974738e-05
1591869759969390581,282,1591869759917678117,,0.0798000022769,-0.0796699970961,-0.00371999992058,0.000119999996969
1591869760021556017,283,1591869759969789028,,0.0798999965191,-0.0797400027514,-0.00498000020161,7.00000018696e-05
1591869760073487030,284,1591869760021747112,,0.0797000005841,-0.0794299989939,-0.00627999985591,9.00000013644e-05
1591869760126040248,285,1591869760073676109,,0.0795999988914,-0.0792799964547,-0.00767999980599,4.99999987369e-05
1591869760177515958,286,1591869760125756025,,0.0795999988914,-0.0790700018406,-0.00906000006944,0.0
1591869760229274881,287,1591869760177706003,,0.0798000022769,-0.0790399983525,-0.0109000001103,7.9999997979e-05
1591869760330818372,288,1591869760229023933,,0.0797000005841,-0.0786700025201,-0.0127600003034,4.99999987369e-05
1591869760384576394,289,1591869760331099033,,0.0797000005841,-0.0780299976468,-0.0161899998784,3.99999989895e-05
1591869760436608791,290,1591869760384730100,,0.0794000029564,-0.0769400000572,-0.019640000537,1.99999994948e-05
1591869760488747205,291,1591869760436768054,,0.0794000029564,-0.0762600004673,-0.0220599994063,2.99999992421e-05
1591869760540163896,292,1591869760488871097,,0.0797000005841,-0.0759800001979,-0.0241899993271,2.99999992421e-05
1591869760591502699,293,1591869760540332078,,0.0793000012636,-0.0749000012875,-0.026040000841,7.00000018696e-05
1591869760643481020,294,1591869760591675996,,0.0798000022769,-0.0746499970555,-0.0281899999827,4.99999987369e-05
1591869760694965753,295,1591869760643590927,,0.0795999988914,-0.0736500024796,-0.0301900003105,0.000150000007125
1591869760747059715,296,1591869760695245027,,0.0798000022769,-0.0728999972343,-0.0323299989104,0.000159999995958
1591869760799030808,297,1591869760747160911,,0.0798000022769,-0.0720499977469,-0.0342799983919,0.000110000000859
1591869760901263314,298,1591869760799154996,,0.0797000005841,-0.0710000023246,-0.0362000018358,0.000130000000354
1591869760954405632,299,1591869760901019096,,0.0795999988914,-0.0687199980021,-0.0401000007987,-9.99999974738e-06
1591869761006214242,300,1591869760954499006,,0.0789000019431,-0.0658399984241,-0.0435700006783,-2.99999992421e-05
1591869761058237842,301,1591869761006469011,,0.07689999789,-0.0605700016022,-0.0473700016737,3.99999989895e-05
1591869761109598291,302,1591869761058484077,,0.0749000012875,-0.054200001061,-0.0516300015152,9.00000013644e-05
1591869761211918872,303,1591869761109864950,,0.0732000023127,-0.0478699989617,-0.0554299987853,7.00000018696e-05
1591869761264085139,304,1591869761211957931,,0.0705000013113,-0.035909999162,-0.0606300011277,-7.9999997979e-05
1591869761315569266,305,1591869761263804912,,0.068400003016,-0.0269399993122,-0.0628999993205,-0.000119999996969
1591869761367797688,306,1591869761315932989,,0.0659999996424,-0.0164899993688,-0.0639100000262,2.99999992421e-05
1591869761419950777,307,1591869761368032932,,0.0640000030398,-0.00524999992922,-0.0637999996543,9.99999974738e-05
1591869761471959520,308,1591869761420077085,,0.064099997282,0.00613000011072,-0.063780002296,3.99999989895e-05
1591869761573019928,309,1591869761472059011,,0.068400003016,0.023959999904,-0.0640499964356,0.000150000007125
1591869761624919527,310,1591869761573195934,,0.0701000019908,0.0371499992907,-0.0594200007617,9.00000013644e-05
1591869761676924565,311,1591869761625160932,,0.0712999999523,0.0443600006402,-0.055870000273,-9.99999974738e-06
1591869761779257999,312,1591869761677210092,,0.0725999996066,0.0508400015533,-0.0518699996173,-7.00000018696e-05
1591869761830670677,313,1591869761778968095,,0.0746999979019,0.0582199990749,-0.046819999814,-9.99999974738e-05
1591869761882922525,314,1591869761830876111,,0.0781000033021,0.0671000033617,-0.0399300009012,4.99999987369e-05
1591869761935421261,315,1591869761883598089,,0.0791999995708,0.0703200027347,-0.0364900007844,5.99999984843e-05
1591869761987755257,316,1591869761935636997,,0.0795999988914,0.0719299986959,-0.0340499989688,-9.00000013644e-05
1591869762039379645,317,1591869761987464904,,0.0799999982119,0.0731500014663,-0.032460000366,-0.000140000003739
1591869762090550773,318,1591869762039477109,,0.0794000029564,0.0733899995685,-0.0304000005126,-9.99999974738e-05
1591869762142378094,319,1591869762090635061,,0.0797000005841,0.0743699967861,-0.028599999845,-9.00000013644e-05
1591869762194515177,320,1591869762142606019,,0.0794000029564,0.0751800015569,-0.0255900006741,-1.99999994948e-05
1591869762245941618,321,1591869762194552898,,0.0798999965191,0.0763500034809,-0.0235699992627,9.99999974738e-06
1591869762297709732,322,1591869762246157884,,0.0795999988914,0.0767299979925,-0.0212299991399,-2.99999992421e-05
1591869762349147937,323,1591869762297786951,,0.0797000005841,0.0776399970055,-0.0177900008857,1.99999994948e-05
1591869762454354260,324,1591869762349414110,,0.0794999971986,0.0779900029302,-0.0155999995768,-3.99999989895e-05
1591869762505688342,325,1591869762454612970,,0.0794999971986,0.0785600021482,-0.0120700001717,0.0
1591869762557288102,326,1591869762505846977,,0.0789000019431,0.0782800018787,-0.00992999970913,-3.99999989895e-05
1591869762659328980,327,1591869762557552099,,0.0791999995708,0.0788099989295,-0.00778000010177,-1.99999994948e-05
1591869762710638467,328,1591869762659545898,,0.0795999988914,0.079439997673,-0.00555999996141,-4.99999987369e-05
1591869762762491831,329,1591869762710715055,,0.0797000005841,0.0796200037003,-0.0040600001812,-4.99999987369e-05
1591869762814465864,330,1591869762762676000,,0.0799999982119,0.079920001328,-0.00279999990016,-3.99999989895e-05
1591869762866633172,331,1591869762814795970,,0.0795999988914,0.0796200037003,-0.001719999942,-5.99999984843e-05
1591869762918872288,332,1591869762866863012,,0.0799999982119,0.0799600034952,-0.000929999980144,-0.0
1591869762971466230,333,1591869762919619083,,0.0797000005841,0.0797500014305,-0.000280000007479,-9.99999974738e-06
1591869763024397158,334,1591869762971726894,,0.0797000005841,0.0796499997377,0.00112999998964,7.9999997979e-05
1591869763075330710,335,1591869763024260044,,0.0758000016212,0.0754600018263,0.00663000019267,0.000130000000354
1591869763126693383,336,1591869763075476884,,0.070799998939,0.0692799985409,0.0143900001422,-9.99999974738e-05
1591869763177994999,337,1591869763126918077,,0.0659999996424,0.0624199993908,0.0214000009,-9.00000013644e-05
1591869763229195930,338,1591869763178163051,,0.0634000003338,0.0554799996316,0.030589999631,-9.99999974738e-06
1591869763330781416,339,1591869763229321002,,0.0639000013471,0.0517299994826,0.0374700017273,-3.99999989895e-05
1591869763382592063,340,1591869763330964088,,0.0666000023484,0.0505900010467,0.0432800017297,-3.99999989895e-05
1591869763433703429,341,1591869763382626056,,0.0684999972582,0.0500800013542,0.0467900000513,-1.99999994948e-05
1591869763487926269,342,1591869763433864116,,0.0697000026703,0.0486899986863,0.0498399995267,-1.99999994948e-05
1591869763539393248,343,1591869763488262891,,0.0697999969125,0.0458099991083,0.0526599995792,0.000140000003739
1591869763591296737,344,1591869763539472103,,0.0697999969125,0.0399399995804,0.0571900010109,-0.000169999999343
1591869763642800524,345,1591869763591093063,,0.0690999999642,0.0365500003099,0.0586800016463,-0.000199999994948
1591869763694674156,346,1591869763643035888,,0.068599998951,0.0360499992967,0.0583599992096,7.00000018696e-05
1591869763745871431,347,1591869763694766998,,0.0680000036955,0.0351000018418,0.0582799986005,1.99999994948e-05
1591869763797110804,348,1591869763746020078,,0.0674000009894,0.0324800014496,0.0591100007296,0.0
1591869763898608807,349,1591869763797243118,,0.0659999996424,0.028370000422,0.0596400015056,1.99999994948e-05
1591869763950263638,350,1591869763898749113,,0.0654999986291,0.0162099990994,0.0634500011802,0.000230000005104
1591869764002224411,351,1591869763950387001,,0.0639000013471,0.00575000001118,0.0636800006032,0.000169999999343
1591869764054242796,352,1591869764002558946,,0.0640000030398,-0.0066499998793,0.0636299997568,7.9999997979e-05
1591869764106281108,353,1591869764054512977,,0.0663999989629,-0.0170200001448,0.0641800016165,-0.000300000014249
1591869764157722541,354,1591869764106503963,,0.0637999996543,-0.021420000121,0.0601200014353,-1.99999994948e-05
1591869764209030122,355,1591869764157771110,,0.0575999990106,-0.0228700004518,0.0528200007975,0.000209999998333
1591869764260212716,356,1591869764209208965,,0.0476999990642,-0.0249199997634,0.0407099984586,0.000110000000859
1591869764361624759,357,1591869764260489940,,0.0388000011444,-0.0277999993414,0.0270700007677,5.99999984843e-05
1591869764413101050,358,1591869764361803054,,0.0318000018597,-0.0311500001699,0.00614000018686,2.99999992421e-05
1591869764464558140,359,1591869764413161039,,0.0344999991357,-0.0339200012386,-0.00614999979734,9.99999974738e-06
1591869764515915619,360,1591869764464752912,,0.0469999983907,-0.0387200005352,-0.0265800002962,-0.000199999994948
1591869764568003970,361,1591869764516109943,,0.0527999997139,-0.0380400009453,-0.0366399995983,-0.000119999996969
1591869764619705200,362,1591869764568237066,,0.0584000013769,-0.0351000018418,-0.0466299988329,-3.99999989895e-05
1591869764670906498,363,1591869764619760036,,0.0652000010014,-0.0325400009751,-0.0564499981701,0.000150000007125
1591869764722497025,364,1591869764671082019,,0.0720999985933,-0.0324099995196,-0.0644500032067,0.000130000000354
1591869764774753538,365,1591869764722791910,,0.0778999999166,-0.033900000155,-0.0701799988747,-0.000150000007125
1591869764827011899,366,1591869764774972915,,0.0803000032902,-0.0350399985909,-0.0722400024533,-3.99999989895e-05
1591869764879264181,367,1591869764827274084,,0.0789000019431,-0.0343700014055,-0.071050003171,-0.000150000007125
1591869764932417615,368,1591869764879812002,,0.0731000006199,-0.0321400016546,-0.0656900033355,-1.99999994948e-05
1591869764984287835,369,1591869764932172060,,0.0653999969363,-0.0288299992681,-0.0586600005627,3.99999989895e-05
1591869765035173310,370,1591869764984077930,,0.0571000017226,-0.0253199990839,-0.0511800013483,7.00000018696e-05
1591869765087379827,371,1591869765035315036,,0.0509000010788,-0.0240599997342,-0.0448600016534,0.000180000002729
1591869765139229314,372,1591869765087326049,,0.0436000004411,-0.0257500000298,-0.0351600013673,-0.000159999995958
1591869765191607811,373,1591869765139384031,,0.0368000008166,-0.0286699999124,-0.023089999333,-9.00000013644e-05
1591869765293293075,374,1591869765191468954,,0.0317000001669,-0.0302499998361,-0.00937999971211,-9.99999974738e-06
1591869765347811786,375,1591869765293509006,,0.034699998796,-0.0335399992764,0.00877000018954,0.000110000000859
1591869765399384638,376,1591869765347440958,,0.0410999991,-0.0366900004447,0.0184400007129,7.00000018696e-05
1591869765452226748,377,1591869765399585008,,0.0480999983847,-0.0412099994719,0.0247799996287,0.000239999993937
1591869765503652187,378,1591869765451759099,,0.054200001061,-0.0474799983203,0.0260499995202,0.000110000000859
1591869765555030004,379,1591869765503906965,,0.0599000006914,-0.0543400011957,0.0253199990839,7.00000018696e-05
1591869765606449299,380,1591869765555166959,,0.0654999986291,-0.0612099990249,0.0232400000095,3.99999989895e-05
1591869765707754832,381,1591869765606689929,,0.0681999996305,-0.0652199983597,0.0198500007391,-7.00000018696e-05
1591869765759302236,382,1591869765707914113,,0.0639000013471,-0.0636499971151,0.00602999981493,0.000209999998333
1591869765811333947,383,1591869765759563922,,0.0621000006795,-0.0620299987495,-0.00353999994695,0.000180000002729
1591869765863336794,384,1591869765811536073,,0.0635000020266,-0.0617300011218,-0.0149299995974,0.000130000000354
1591869765915321473,385,1591869765863580942,,0.0705000013113,-0.0624900013208,-0.0327299982309,5.99999984843e-05
1591869765967711368,386,1591869765915539026,,0.0737000033259,-0.0619699992239,-0.0399000011384,9.99999974738e-05
1591869766019462972,387,1591869765967408895,,0.0747999995947,-0.0620400011539,-0.0417100004852,2.99999992421e-05
1591869766073257511,388,1591869766021343946,,0.0728000029922,-0.0614299997687,-0.0391299985349,3.99999989895e-05
1591869766124421104,389,1591869766073384046,,0.0711999982595,-0.0617100000381,-0.0354200005531,7.9999997979e-05
1591869766176555503,390,1591869766124680042,,0.068400003016,-0.0612399987876,-0.0304499994963,7.9999997979e-05
1591869766278893665,391,1591869766176677942,,0.0663999989629,-0.062089998275,-0.0235900003463,7.00000018696e-05
1591869766330077349,392,1591869766278342008,,0.0663999989629,-0.0660799965262,-0.00677999993786,9.99999974738e-05
1591869766382231339,393,1591869766330419063,,0.0689999982715,-0.0689399987459,0.00205000001006,5.99999984843e-05
1591869766433491884,394,1591869766382400035,,0.0724999979138,-0.0715899989009,0.0111999996006,9.99999974738e-05
1591869766535602484,395,1591869766433864116,,0.076099999249,-0.0735199972987,0.0196199994534,2.99999992421e-05
1591869766587634376,396,1591869766535815000,,0.077500000596,-0.0717599987984,0.0292499996722,-0.000190000006114
1591869766639641712,397,1591869766587866067,,0.0764999985695,-0.0674099996686,0.0361899994314,5.99999984843e-05
1591869766691794284,398,1591869766639894962,,0.0756999999285,-0.064580000937,0.0394899994135,0.000369999994291
1591869766744594675,399,1591869766691947937,,0.0728000029922,-0.0629599988461,0.0365700013936,0.000110000000859
1591869766797289252,400,1591869766745507001,,0.0667999982834,-0.0598400011659,0.0296000000089,-0.00034999998752
1591869766849491779,401,1591869766797569990,,0.0551000013947,-0.0507499985397,0.0215099994093,-0.000300000014249
1591869766901160292,402,1591869766849246025,,0.0414999984205,-0.0371700003743,0.0183899998665,-1.99999994948e-05
1591869766954945842,403,1591869766901215076,,0.0326000005007,-0.0266999993473,0.0186599995941,0.000289999996312
1591869767007447910,404,1591869766955476999,,0.0289999991655,-0.0186999998987,0.0221400000155,-7.00000018696e-05
1591869767059341522,405,1591869767007541894,,0.0293000005186,-0.0125700002536,0.0265200007707,-3.99999989895e-05
1591869767110628852,406,1591869767059613943,,0.0277999993414,-0.00265999999829,0.0276599992067,0.000199999994948
1591869767162509453,407,1591869767110769033,,0.0287999995053,-0.000479999987874,0.0287699997425,9.99999974738e-06
1591869767214527611,408,1591869767162800073,,0.0304000005126,0.00279000005685,0.0303099993616,-0.000140000003739
1591869767265825385,409,1591869767214689016,,0.0368999987841,0.00496000004932,0.0366099998355,0.000110000000859
1591869767317453916,410,1591869767265964031,,0.0434000007808,0.00233000004664,0.043299999088,0.000469999999041
1591869767369175582,411,1591869767317229986,,0.0449000000954,-0.0035800000187,0.0447800010443,-0.000130000000354
1591869767421039493,412,1591869767369281053,,0.0388000011444,-0.00600000005215,0.0383000001311,-0.000390000001062
1591869767472965903,413,1591869767421247005,,0.0337000004947,-0.00352000002749,0.0335399992764,-0.000360000005458
1591869767524865455,414,1591869767473157882,,0.0322000011802,-0.00124999997206,0.0322099998593,0.000119999996969
1591869767577117727,415,1591869767525103092,,0.0322999991477,0.00142999994569,0.0322399996221,-0.000300000014249
1591869767629711518,416,1591869767577969074,,0.0308999996632,0.00640999991447,0.0302399992943,-0.000190000006114
1591869767682105942,417,1591869767630001068,,0.0289999991655,0.0133899999782,0.0257500000298,-0.000190000006114
1591869767734691110,418,1591869767682955980,,0.0300999991596,0.0206300001591,0.0219599995762,-0.000300000014249
1591869767787299478,419,1591869767734896898,,0.0362999998033,0.0293300002813,0.0214000009,-0.000590000010561
1591869767838412830,420,1591869767786961078,,0.047800000757,0.0413700006902,0.0238899998367,-0.000319999991916
1591869767890733953,421,1591869767838161945,,0.0588000006974,0.0509600006044,0.0294100008905,0.000419999996666
1591869767942279256,422,1591869767890878915,,0.0653000026941,0.0538000017405,0.0370899997652,7.00000018696e-05
1591869768043798290,423,1591869767942411899,,0.0680000036955,0.0538900010288,0.0414300002158,-0.000269999989541
1591869768096345076,424,1591869768043998956,,0.0705000013113,0.0592000000179,0.0383000001311,-0.000360000005458
1591869768148876364,425,1591869768096463918,,0.0719000026584,0.0636299997568,0.0333900004625,2.99999992421e-05
1591869768199589805,426,1591869768148528099,,0.0732000023127,0.0665799975395,0.0304300002754,-4.99999987369e-05
1591869768252265359,427,1591869768199717998,,0.0729999989271,0.0672200024128,0.0284700002521,-5.99999984843e-05
1591869768304090611,428,1591869768252497911,,0.0738999992609,0.0688399970531,0.0267500001937,-0.000140000003739
1591869768356244104,429,1591869768304440975,,0.0734999999404,0.0705500021577,0.020530000329,0.000399999989895
1591869768408324374,430,1591869768356421947,,0.0684999972582,0.0675899982452,0.0109000001103,0.000469999999041
1591869768460227046,431,1591869768408411026,,0.0577000007033,0.0574299991131,0.0060100001283,-2.99999992421e-05
1591869768512323256,432,1591869768460469007,,0.0454999990761,0.0454600006342,0.00282000005245,5.99999984843e-05
1591869768564070019,433,1591869768512414932,,0.0320999994874,0.032049998641,-0.00167000002693,0.0
1591869768616025006,434,1591869768564245939,,0.0164000000805,0.0129500003532,-0.0100499996915,5.99999984843e-05
1591869768668048390,435,1591869768616247892,,0.0153999999166,-0.00230000005104,-0.0152200004086,5.99999984843e-05
1591869768720295221,436,1591869768668227910,,0.0270000007004,-0.0176999997348,-0.0204099994153,0.000110000000859
1591869768772939738,437,1591869768721188068,,0.0412999987602,-0.0324500016868,-0.025510000065,0.000140000003739
1591869768825064430,438,1591869768773289918,,0.0564999990165,-0.0474399998784,-0.0307700000703,9.99999974738e-06
1591869768876443403,439,1591869768825345039,,0.0684999972582,-0.0593600012362,-0.0342199988663,-7.00000018696e-05
1591869768928689127,440,1591869768876633882,,0.0746999979019,-0.0672999992967,-0.0324999988079,-0.000209999998333
1591869768980211045,441,1591869768928786039,,0.075900003314,-0.0700400024652,-0.0292799994349,9.99999974738e-06
1591869769031000992,442,1591869768979973077,,0.0758000016212,-0.0701199993491,-0.0288600008935,0.000289999996312
1591869769133187874,443,1591869769031155109,,0.0741999968886,-0.0679600015283,-0.0298399999738,0.000289999996312
1591869769184657716,444,1591869769132929086,,0.0697999969125,-0.0588000006974,-0.0375199988484,0.000269999989541
1591869769236590670,445,1591869769184974908,,0.0666000023484,-0.051320001483,-0.0423800013959,0.000220000001718
1591869769288637235,446,1591869769236881017,,0.0646999999881,-0.0443199984729,-0.0470700003207,0.000140000003739
1591869769339970736,447,1591869769288847923,,0.0634000003338,-0.037239998579,-0.0513000003994,5.99999984843e-05
1591869769392305635,448,1591869769340411901,,0.0606999993324,-0.0276599992067,-0.0539899989963,-0.000250000011874
1591869769444783985,449,1591869769392576932,,0.0555000007153,-0.0171799995005,-0.0528099983931,-0.000119999996969
1591869769495628066,450,1591869769444528102,,0.0515000000596,-0.00577999977395,-0.0511999987066,-3.99999989895e-05
1591869769547044532,451,1591869769495696067,,0.0531999990344,0.00732999993488,-0.0527199991047,4.99999987369e-05
1591869769598588648,452,1591869769547311067,,0.0582000017166,0.0204300004989,-0.0544999986887,-9.99999974738e-05
1591869769650255241,453,1591869769598581075,,0.0636999979615,0.0324900001287,-0.0548399984837,-4.99999987369e-05
1591869769702132949,454,1591869769650365114,,0.0688000023365,0.0472900010645,-0.0499400012195,-0.000110000000859
1591869769754414865,455,1591869769702402114,,0.070799998939,0.0545199997723,-0.0451700016856,-0.000150000007125
1591869769806143880,456,1591869769754452943,,0.0736000016332,0.0618899986148,-0.0399199984968,-0.000130000000354
1591869769858586696,457,1591869769806360006,,0.076700001955,0.0688799992204,-0.0337000004947,-3.99999989895e-05
1591869769910040791,458,1591869769858302116,,0.0751999989152,0.0702399984002,-0.0267299991101,0.000630000024103
1591869769962025888,459,1591869769910291910,,0.0697999969125,0.0662299990654,-0.0221599992365,-0.000190000006114
1591869770013553936,460,1591869769962296009,,0.0645999982953,0.0620400011539,-0.0180300008506,-0.000399999989895
1591869770064667297,461,1591869770013608932,,0.0619999989867,0.0604799985886,-0.0135000003502,-3.99999989895e-05
1591869770116367274,462,1591869770064760923,,0.0617999993265,0.0611900016665,-0.0085199996829,-2.99999992421e-05
1591869770168018380,463,1591869770116466999,,0.061700001359,0.0615400001407,-0.00368000008166,-9.99999974738e-06
1591869770219323879,464,1591869770168081045,,0.0619000010192,0.0619199983776,0.0012300000526,-1.99999994948e-05
1591869770270474611,465,1591869770219341993,,0.0627999976277,0.0625099986792,0.00620999978855,9.99999974738e-06
1591869770322597807,466,1591869770270620107,,0.063299998641,0.0623899996281,0.0105999996886,0.0
1591869770374457939,467,1591869770322591066,,0.0648000016809,0.063210003078,0.0142099997029,-2.99999992421e-05
1591869770476357113,468,1591869770374542951,,0.0676999986172,0.0658899992704,0.015519999899,-0.000289999996312
1591869770528420686,469,1591869770476623058,,0.0740000009537,0.0721900016069,0.0164800006896,0.000159999995958
1591869770580610872,470,1591869770528656005,,0.0782999992371,0.0763700008392,0.0170900002122,0.000230000005104
1591869770683803061,471,1591869770581326007,,0.0803000032902,0.0783300027251,0.0175299998373,-5.99999984843e-05
1591869770735679529,472,1591869770683990955,,0.0798000022769,0.0778499990702,0.0173799991608,1.99999994948e-05
1591869770790987539,473,1591869770735932111,,0.0769999995828,0.0751100033522,0.0167500004172,0.000130000000354
1591869770843258735,474,1591869770791378974,,0.0710999965668,0.0693399980664,0.015569999814,-7.00000018696e-05
1591869770895780632,475,1591869770843625068,,0.0641999989748,0.0626199990511,0.0140699995682,-1.99999994948e-05
1591869770997265439,476,1591869770895498991,,0.0571999996901,0.0557899996638,0.0124899996445,0.000159999995958
1591869771049304063,477,1591869770997478008,,0.0381000004709,0.0376299992204,0.00616999994963,7.9999997979e-05
1591869771101162334,478,1591869771050108909,,0.0262000001967,0.0260700006038,0.00213999999687,4.99999987369e-05
1591869771153464290,479,1591869771101351976,,0.00989999994636,0.00920999981463,-0.00349000003189,7.9999997979e-05
1591869771204498863,480,1591869771152798891,,0.00800000037998,-0.00276999990456,-0.00750999990851,0.000130000000354
1591869771256520229,481,1591869771204749107,,0.019999999553,-0.0159499999136,-0.0120099997148,0.000130000000354
1591869771308110391,482,1591869771256752967,,0.0417999997735,-0.0379699990153,-0.0174800008535,2.99999992421e-05
1591869771360144814,483,1591869771308300971,,0.0516999997199,-0.0478999987245,-0.0194099992514,-0.000180000002729
1591869771412574013,484,1591869771360454082,,0.055799998343,-0.0526399984956,-0.0186500009149,0.000140000003739
1591869771464650284,485,1591869771412820100,,0.0586000010371,-0.056740000844,-0.0147700002417,0.000310000003083
1591869771516914158,486,1591869771464802026,,0.0631999969482,-0.0619999989867,-0.012140000239,9.99999974738e-06
1591869771569159147,487,1591869771517409086,,0.0661000013351,-0.0653200000525,-0.00980000011623,-1.99999994948e-05
1591869771621640254,488,1591869771569442033,,0.0640000030398,-0.062980003655,-0.0114700002596,-7.00000018696e-05
1591869771673380480,489,1591869771621339082,,0.0584000013769,-0.056139998138,-0.0159600004554,-0.000119999996969
1591869771725320377,490,1591869771673142910,,0.0494999997318,-0.0454699993134,-0.0195099990815,-0.000250000011874
1591869771776975004,491,1591869771725116014,,0.0368000008166,-0.0312399994582,-0.0194899998605,-9.00000013644e-05
1591869771828309931,492,1591869771777117013,,0.0230000000447,-0.0160499997437,-0.0164999999106,7.00000018696e-05
1591869771880535844,493,1591869771828505992,,0.0113000003621,-0.00422000000253,-0.0104599995539,0.000310000003083
1591869771983600510,494,1591869771881360054,,0.00490000005811,0.00079999997979,-0.00484000006691,0.000159999995958
1591869772035701085,495,1591869771983941078,,0.00639999983832,0.00455000018701,-0.00455000018701,-0.000169999999343
1591869772087755825,496,1591869772036020994,,0.00889999978244,0.00870999973267,-0.00200999993831,9.99999974738e-06
1591869772139772295,497,1591869772087946891,,0.0143999997526,0.0129100000486,0.00637000007555,9.00000013644e-05
1591869772192102550,498,1591869772140033960,,0.0230000000447,0.0146800000221,0.017650000751,0.000140000003739
1591869772243549432,499,1591869772192188024,,0.0340000018477,0.0126200001687,0.0315399989486,0.000140000003739
1591869772295507973,500,1591869772243846893,,0.0450999997556,0.00641999999061,0.0446100011468,0.000220000001718
1591869772347636291,501,1591869772295768022,,0.0542999990284,-0.00230999989435,0.0542600005865,9.99999974738e-05
1591869772400914482,502,1591869772348695039,,0.0612000003457,-0.0121499998495,0.0599800013006,-1.99999994948e-05
1591869772502318809,503,1591869772401218891,,0.0653999969363,-0.019750000909,0.0623800009489,-0.000119999996969
1591869772554328316,504,1591869772502434968,,0.0681999996305,-0.0242100004107,0.0637099966407,-7.9999997979e-05
1591869772605827664,505,1591869772554394960,,0.0778999999166,-0.0287299994379,0.0723799988627,9.99999974738e-06
1591869772657901312,506,1591869772605978965,,0.0800999999046,-0.0297100003809,0.0743499994278,-9.99999974738e-06
1591869772710442253,507,1591869772657962083,,0.0798999965191,-0.0296500008553,0.0741500034928,-9.99999974738e-06
1591869772761919969,508,1591869772710095882,,0.0798999965191,-0.0295499991626,0.0742300003767,-9.99999974738e-06
1591869772867376362,509,1591869772764789104,,0.076099999249,-0.0281600002199,0.070710003376,2.99999992421e-05
1591869772918445374,510,1591869772867352962,,0.0634000003338,-0.0235099997371,0.0588899999857,7.00000018696e-05
1591869772969638561,511,1591869772918560028,,0.0570000000298,-0.0205600000918,0.053149998188,-0.000119999996969
1591869773022222970,512,1591869772969897031,,0.0487000010908,-0.0148499999195,0.0463300012052,-0.000119999996969
1591869773075173497,513,1591869773023376941,,0.0381999984384,-0.00615999987349,0.0376800000668,7.00000018696e-05
1591869773127525400,514,1591869773075463056,,0.0260000005364,0.00506999995559,0.0255200006068,9.99999974738e-05
1591869773180397264,515,1591869773127744913,,0.0241999998689,0.0131599996239,0.0202799998224,-1.99999994948e-05
1591869773233266409,516,1591869773181371927,,0.0271000005305,0.0210200008005,0.0170900002122,-0.000119999996969
1591869773284893613,517,1591869773233371019,,0.0307999998331,0.0293600000441,0.00929000042379,0.000169999999343
1591869773336530392,518,1591869773285070896,,0.0373000018299,0.0372599996626,-0.00181000004523,-9.99999974738e-06
1591869773388581713,519,1591869773336730957,,0.0449000000954,0.0435700006783,-0.0107300002128,4.99999987369e-05
1591869773441185315,520,1591869773388811111,,0.0548000000417,0.0527999997139,-0.0147799998522,-0.000140000003739
1591869773492518728,521,1591869773440836906,,0.0582000017166,0.0567100010812,-0.0130799999461,2.99999992421e-05
1591869773544951443,522,1591869773492750883,,0.0612000003457,0.059920001775,-0.0122600002214,0.000199999994948
1591869773597085457,523,1591869773544692039,,0.0610000006855,0.0595300011337,-0.0131400004029,-0.0
1591869773648619482,524,1591869773596833944,,0.0590000003576,0.0564300008118,-0.0172199998051,9.99999974738e-06
1591869773700697595,525,1591869773648921012,,0.0582000017166,0.0519899986684,-0.026079999283,0.000159999995958
1591869773752364767,526,1591869773700844049,,0.0595000013709,0.0464299991727,-0.0372599996626,0.000230000005104
1591869773803637002,527,1591869773752199888,,0.0533000007272,0.0369100011885,-0.038449998945,-0.000110000000859
1591869773855315721,528,1591869773803749084,,0.042500000447,0.0252599995583,-0.0341599993408,5.99999984843e-05
1591869773907365061,529,1591869773855467081,,0.0308999996632,0.0127100003883,-0.0281899999827,-0.000130000000354
1591869773959946238,530,1591869773908132076,,0.0228000003844,0.000500000023749,-0.0227899998426,-7.00000018696e-05
1591869774011881026,531,1591869773960179090,,0.0207000002265,-0.00908999983221,-0.0186299998313,0.000319999991916
1591869774064162413,532,1591869774012454032,,0.0269000008702,-0.0219999998808,-0.0154200000688,0.000140000003739
1591869774166426183,533,1591869774064394950,,0.0373000018299,-0.0355600006878,-0.0113199995831,-0.000209999998333
1591869774218079468,534,1591869774166078090,,0.0465999990702,-0.0462800003588,0.00581000000238,-2.99999992421e-05
1591869774269913036,535,1591869774218149900,,0.0535999983549,-0.0503199994564,0.0185800008476,-0.000169999999343
1591869774321882669,536,1591869774270167112,,0.0577999986708,-0.050680000335,0.027710000053,-9.99999974738e-05
1591869774374062077,537,1591869774322104930,,0.054999999702,-0.046059999615,0.0301099997014,-0.000250000011874
1591869774425349761,538,1591869774374274969,,0.0456999987364,-0.0362400002778,0.0278099998832,-0.0
1591869774476714402,539,1591869774425564050,,0.0335000008345,-0.0233500003815,0.024070000276,0.000230000005104
1591869774528834374,540,1591869774476872920,,0.0208999998868,-0.0104499999434,0.0180600006133,0.000289999996312
1591869774580258873,541,1591869774529050111,,0.00889999978244,0.00044999999227,0.0088400002569,-9.00000013644e-05
1591869774632162898,542,1591869774580317974,,0.0120999999344,0.0119200004265,0.0020600000862,-7.9999997979e-05
1591869774684840215,543,1591869774632312059,,0.0250000003725,0.024849999696,-0.00230999989435,0.000190000006114
1591869774736300985,544,1591869774684590101,,0.0480999983847,0.0448700003326,-0.017440000549,-1.99999994948e-05
1591869774788320809,545,1591869774736541032,,0.0601000003517,0.0532499998808,-0.0278299991041,0.000339999998687
1591869774839835255,546,1591869774788501024,,0.0636999979615,0.0555099993944,-0.0313199982047,2.99999992421e-05
1591869774891726693,547,1591869774840023040,,0.0623999983072,0.0538699999452,-0.0315399989486,0.000209999998333
1591869774993691392,548,1591869774891933917,,0.0564999990165,0.0488100014627,-0.0285000000149,1.99999994948e-05
1591869775045671072,549,1591869774993892908,,0.0469000004232,0.03579999879,-0.0303499996662,0.000220000001718
1591869775098496062,550,1591869775046070098,,0.0375999994576,0.0240299999714,-0.0288900006562,-5.99999984843e-05
1591869775200324387,551,1591869775098149061,,0.0271000005305,0.00992000009865,-0.0252000000328,-1.99999994948e-05
1591869775252386292,552,1591869775200454950,,0.0215000007302,-0.00951000023633,-0.0192499998957,-9.99999974738e-06
1591869775305682236,553,1591869775253774881,,0.0263999998569,-0.0225099995732,-0.0138400001451,1.99999994948e-05
1591869775357079798,554,1591869775305840015,,0.0346000008285,-0.0337600000203,-0.00771000003442,1.99999994948e-05
1591869775408948827,555,1591869775357217073,,0.0438000001013,-0.0438299998641,-0.000590000010561,-0.000130000000354
1591869775461058403,556,1591869775408739089,,0.0502999983728,-0.050110001117,0.00480999983847,9.00000013644e-05
1591869775513651780,557,1591869775461291074,,0.0551999993622,-0.0543299987912,0.00990999955684,9.99999974738e-05
1591869775564979863,558,1591869775513854980,,0.0604000017047,-0.0584699995816,0.0150300003588,9.00000013644e-05
1591869775616242495,559,1591869775565110921,,0.0724999979138,-0.065980002284,0.0301099997014,-0.000190000006114
1591869775718486512,560,1591869775616368055,,0.0734999999404,-0.0637599974871,0.0366600006819,-2.99999992421e-05
1591869775819891519,561,1591869775718286037,,0.0630000010133,-0.0527000017464,0.0345100015402,9.00000013644e-05
1591869775871868776,562,1591869775820033073,,0.0522000007331,-0.0397199988365,0.033900000155,0.000110000000859
1591869775924319271,563,1591869775872936010,,0.0458000004292,-0.0327700003982,0.0320300012827,7.00000018696e-05
1591869775976553707,564,1591869775925448894,,0.0397000014782,-0.0270199999213,0.0290799997747,5.99999984843e-05
1591869776027953289,565,1591869775976840972,,0.0329999998212,-0.0215399991721,0.0249899998307,4.99999987369e-05
1591869776081065565,566,1591869776028098106,,0.0261000003666,-0.0168200004846,0.0200100000948,0.0
1591869776133477032,567,1591869776081209897,,0.0195000004023,-0.0126200001687,0.0149100003764,1.99999994948e-05
1591869776184902294,568,1591869776133245944,,0.0129000004381,-0.00836000032723,0.00982000026852,9.99999974738e-06
1591869776236706600,569,1591869776185183048,,0.00620000017807,-0.00401999987662,0.00468999985605,-0.0
1591869776288594855,570,1591869776236772060,,0.00130000000354,-0.0010300000431,0.000699999975041,0.000110000000859
1591869776339895835,571,1591869776288726091,,9.99999974738e-05,9.00000013644e-05,-3.99999989895e-05,-2.99999992421e-05
1591869776391910929,572,1591869776340142965,,9.99999974738e-05,9.99999974738e-05,-2.99999992421e-05,-2.99999992421e-05
1591869776494180047,573,1591869776392165899,,9.99999974738e-05,9.00000013644e-05,-2.99999992421e-05,-2.99999992421e-05
1591869776546854871,574,1591869776494353055,,9.99999974738e-05,7.9999997979e-05,-1.99999994948e-05,-1.99999994948e-05
1591869776598335885,575,1591869776546448945,,9.99999974738e-05,9.99999974738e-05,-4.99999987369e-05,-1.99999994948e-05
1591869776651525695,576,1591869776598611116,,9.99999974738e-05,7.9999997979e-05,-9.99999974738e-06,-2.99999992421e-05
1591869776702883533,577,1591869776650690078,,9.99999974738e-05,9.99999974738e-05,-1.99999994948e-05,-3.99999989895e-05
1591869776804215468,578,1591869776702610015,,9.99999974738e-05,7.9999997979e-05,-1.99999994948e-05,-2.99999992421e-05
1591869776857368705,579,1591869776804352045,,9.99999974738e-05,5.99999984843e-05,-1.99999994948e-05,-9.99999974738e-06
1591869776959521020,580,1591869776856219053,,0.0,2.99999992421e-05,1.99999994948e-05,-0.0
1591869777009920495,581,1591869776958132982,,0.0,4.99999987369e-05,-9.99999974738e-06,-9.99999974738e-06
1591869777311168047,582,1591869777010164976,,0.0,3.99999989895e-05,-0.0,-9.99999974738e-06
1591869777362414319,583,1591869777311410903,,0.0,-9.99999974738e-06,-2.99999992421e-05,9.99999974738e-06
1591869777413825317,584,1591869777362601041,,0.0,9.99999974738e-06,-2.99999992421e-05,-9.99999974738e-06
1591869777465605618,585,1591869777413885116,,0.0,-1.99999994948e-05,9.99999974738e-06,9.99999974738e-06
1591869777517878608,586,1591869777465822935,,0.0,-2.99999992421e-05,9.99999974738e-06,9.99999974738e-06
1591869777569224962,587,1591869777517752885,,0.0,-2.99999992421e-05,-0.0,1.99999994948e-05
1591869777621547060,588,1591869777569318056,,0.0,-3.99999989895e-05,1.99999994948e-05,9.99999974738e-06
1591869777673278436,589,1591869777622098922,,0.0,-2.99999992421e-05,1.99999994948e-05,9.99999974738e-06
1591869777724833404,590,1591869777673458099,,0.0,-2.99999992421e-05,9.99999974738e-06,9.99999974738e-06
1591869777776791602,591,1591869777725038051,,9.99999974738e-05,-5.99999984843e-05,1.99999994948e-05,2.99999992421e-05
1591869777828820201,592,1591869777777076959,,0.0,-2.99999992421e-05,0.0,9.99999974738e-06
1591869777882075691,593,1591869777829034090,,9.99999974738e-05,-0.0,4.99999987369e-05,-9.99999974738e-06
1591869777934249591,594,1591869777882460117,,9.99999974738e-05,-2.99999992421e-05,4.99999987369e-05,1.99999994948e-05
1591869778036172874,595,1591869777934495925,,0.0,-9.99999974738e-06,9.99999974738e-06,9.99999974738e-06
1591869778087894828,596,1591869778036427021,,0.0,2.99999992421e-05,-9.99999974738e-06,-1.99999994948e-05
1591869778140254907,597,1591869778088157892,,0.0,-9.99999974738e-06,9.99999974738e-06,9.99999974738e-06
1591869778193382279,598,1591869778140996932,,0.0,9.99999974738e-06,-1.99999994948e-05,-0.0
1591869778244053384,599,1591869778192938089,,0.0,-9.99999974738e-06,9.99999974738e-06,0.0
1591869778295242426,600,1591869778244119882,,0.0,9.99999974738e-06,9.99999974738e-06,-0.0
1591869778346537755,601,1591869778295294046,,0.0,-9.99999974738e-06,-9.99999974738e-06,9.99999974738e-06
1591869778398551509,602,1591869778346719026,,0.0,9.99999974738e-06,-9.99999974738e-06,0.0
1591869778449837720,603,1591869778398780107,,0.0,-0.0,-9.99999974738e-06,9.99999974738e-06
1591869778501151272,604,1591869778450062990,,0.0,9.99999974738e-06,9.99999974738e-06,-1.99999994948e-05
1591869778553222354,605,1591869778501408100,,0.0,0.0,1.99999994948e-05,-0.0
1591869778605259984,606,1591869778553674936,,0.0,-1.99999994948e-05,0.0,1.99999994948e-05
1591869778657383363,607,1591869778605504989,,0.0,2.99999992421e-05,-1.99999994948e-05,-9.99999974738e-06
1591869778709107797,608,1591869778657569885,,0.0,1.99999994948e-05,9.99999974738e-06,-9.99999974738e-06
1591869778811171449,609,1591869778709325075,,0.0,1.99999994948e-05,-1.99999994948e-05,-1.99999994948e-05
1591869778863274178,610,1591869778811405897,,0.0,-9.99999974738e-06,-9.99999974738e-06,9.99999974738e-06
1591869778915411287,611,1591869778863416910,,0.0,-9.99999974738e-06,0.0,-0.0
1591869778967090157,612,1591869778915071010,,9.99999974738e-05,-3.99999989895e-05,9.99999974738e-06,2.99999992421e-05
1591869779019324515,613,1591869778967566967,,0.0,9.99999974738e-06,9.99999974738e-06,-1.99999994948e-05
1591869779076321263,614,1591869779019573926,,0.0,-1.99999994948e-05,-9.99999974738e-06,1.99999994948e-05
1591869779128242011,615,1591869779076461076,,0.0,9.99999974738e-06,-1.99999994948e-05,-9.99999974738e-06
1591869779183403501,616,1591869779128449916,,0.0,9.99999974738e-06,-0.0,-9.99999974738e-06
1591869779235590979,617,1591869779183162927,,0.0,-0.0,1.99999994948e-05,-0.0
1591869779337077431,618,1591869779235311985,,0.0,-2.99999992421e-05,9.99999974738e-06,2.99999992421e-05
1591869779390311939,619,1591869779338175058,,0.0,-9.99999974738e-06,9.99999974738e-06,9.99999974738e-06
1591869779448291391,620,1591869779391832113,,0.0,-0.0,9.99999974738e-06,-9.99999974738e-06
1591869779499902785,621,1591869779448569059,,0.0,0.0,-9.99999974738e-06,0.0
1591869779551902442,622,1591869779500128984,,9.99999974738e-05,3.99999989895e-05,-9.99999974738e-06,-2.99999992421e-05
1591869779603382213,623,1591869779552341938,,0.0,-1.99999994948e-05,-9.99999974738e-06,1.99999994948e-05
1591869779655657413,624,1591869779603596925,,0.0,2.99999992421e-05,9.99999974738e-06,-2.99999992421e-05
1591869779706062964,625,1591869779655004024,,0.0,-9.99999974738e-06,1.99999994948e-05,9.99999974738e-06
1591869779757419439,626,1591869779706197023,,0.0,-1.99999994948e-05,2.99999992421e-05,9.99999974738e-06
1591869779809246207,627,1591869779757504940,,0.0,-9.99999974738e-06,-2.99999992421e-05,9.99999974738e-06
