%time,field.header.seq,field.header.stamp,field.header.frame_id,field.linear_x,field.linear_y,field.linear_z
1591865204332477032,152,1591865204281136989,,-4.9480710004e-05,5.4796688346e-05,-6.65954139549e-05
1591865204384590358,153,1591865204332933902,,1.35989876071e-05,-1.93569394469e-05,6.57386772218e-05
1591865204437063591,154,1591865204385164022,,-6.0726335505e-05,-2.91162541544e-05,6.37260882286e-07
1591865204538814723,155,1591865204437494039,,-3.49504589394e-05,-8.02950671641e-06,-2.23885217565e-05
1591865204592238366,156,1591865204539443016,,-1.08213635031e-05,-2.01329639822e-05,-2.94880355796e-05
1591865204643622340,157,1591865204592061042,,4.00905919378e-05,-4.90809252369e-05,-3.73244038201e-05
1591865204695741425,158,1591865204644242048,,-4.93760198879e-05,-4.64831573481e-05,1.67394791788e-05
1591865204748157802,159,1591865204696253061,,-9.67255800788e-06,4.64739714516e-05,2.61144614342e-05
1591865204801243083,160,1591865204749066114,,-5.45332659385e-05,3.23306121572e-05,-3.46215638274e-05
1591865204853309147,161,1591865204801328897,,-2.38873235503e-05,-5.57000785193e-05,6.79881031829e-06
1591865204905251606,162,1591865204853688001,,-2.19338944589e-05,3.69897134078e-05,-8.96362471394e-05
1591865204957461507,163,1591865204905844926,,-6.78038304613e-06,5.14518105774e-05,-4.16024522565e-05
1591865205059822396,164,1591865204958233118,,0.000119623633509,-5.69277617615e-05,5.98067126703e-05
1591865205112079164,165,1591865205060465097,,-4.04552629334e-05,-2.8158960049e-05,-1.19928199638e-05
1591865205165245658,166,1591865205112728118,,-4.74145017506e-05,-3.76355928893e-05,-1.97646004381e-05
1591865205266434844,167,1591865205165040969,,-2.70268938038e-05,9.10771777853e-05,-5.30532088305e-05
1591865205318599227,168,1591865205267606019,,6.37991761323e-05,-1.09185657493e-06,-2.71704502666e-05
1591865205370313816,169,1591865205319050073,,-4.62400057586e-05,5.57722887606e-05,-3.58911456715e-05
1591865205422494324,170,1591865205370779991,,-7.22097320249e-05,-4.13980706071e-05,-3.2306103094e-05
1591865205475023498,171,1591865205422846078,,-1.27158009491e-05,-1.15114817163e-05,-4.92948965984e-05
1591865205527921791,172,1591865205475331068,,-1.5973329937e-05,-1.39800738452e-06,-2.7615840736e-05
1591865205629273062,173,1591865205527693033,,-2.31052649724e-06,2.22659236897e-05,4.35761876361e-06
1591865205681610107,174,1591865205629858970,,-5.24708302692e-05,-1.93082796613e-05,-5.01820250065e-05
1591865205734501537,175,1591865205682080030,,5.26702308434e-07,-4.31285152445e-05,6.15742756054e-05
1591865205786205500,176,1591865205734623908,,0.000406361621572,-9.06878631213e-06,8.81133091752e-05
1591865205839865067,177,1591865205788314104,,-1.04967202788e-05,0.000114545044198,-4.01958786824e-05
1591865205892174327,178,1591865205840609073,,3.85168550565e-06,7.65752847656e-05,2.59422540694e-05
1591865205944397783,179,1591865205892756938,,-1.03522779682e-05,3.26214903907e-05,1.91283234585e-07
1591865205996478843,180,1591865205945084095,,-4.99538873555e-05,2.87636830762e-05,5.62539162274e-06
1591865206048426182,181,1591865205996867895,,-2.7281785151e-05,-9.8366272141e-06,-3.16987934639e-05
1591865206104308035,182,1591865206049448013,,4.18036834162e-05,1.4301272131e-06,3.48929643224e-05
1591865206156083034,183,1591865206104749917,,7.08428196958e-05,7.69839753048e-05,-2.27639575314e-05
1591865206207768681,184,1591865206156574010,,5.23295511812e-06,5.29076460225e-05,-7.0434587542e-05
1591865206259365530,185,1591865206208414077,,6.995118747e-05,-1.43825300256e-05,-1.15936918519e-05
1591865206311416385,186,1591865206259893894,,2.36592622969e-05,-2.11139340536e-05,4.41478914581e-06
1591865206363922558,187,1591865206312077045,,2.93065822916e-05,-5.45185175724e-05,4.74194848721e-06
1591865206416564958,188,1591865206364471912,,-0.00101279630326,-0.00029626453761,9.06164677872e-06
1591865206468230517,189,1591865206416647911,,9.95377122308e-05,6.76051495248e-05,-5.58342180739e-05
1591865206571177860,190,1591865206468858957,,-2.83350505015e-06,5.07000404468e-05,-2.42149526457e-05
1591865206623382024,191,1591865206571691036,,-9.47370936046e-05,-2.34635263041e-05,2.04415646294e-05
1591865206675618865,192,1591865206624010086,,1.91577655642e-05,-1.22597327845e-06,1.58542334248e-05
1591865206727648736,193,1591865206676126003,,4.62061652797e-05,4.94521627843e-05,3.73250550183e-05
1591865206779816681,194,1591865206728169918,,-1.83449064934e-05,-1.46556012623e-05,-5.01322901982e-05
1591865206832007627,195,1591865206780462980,,1.71823921846e-05,-4.05887658417e-05,3.6967190681e-05
1591865206884128583,196,1591865206832551956,,3.02454300254e-05,2.26112388191e-05,-3.16098376061e-05
1591865206939667444,197,1591865206884924888,,-7.26683792891e-05,-5.66380695091e-05,5.17913895237e-06
1591865206992445217,198,1591865206941487073,,-0.000246884068474,-0.000103693317214,1.46297643369e-05
1591865207044323661,199,1591865206992786884,,-4.93859770359e-05,-8.36849085317e-06,3.33949574269e-05
1591865207097720526,200,1591865207046183109,,-2.93506800517e-05,5.20796565979e-05,1.59105347848e-05
1591865207149291817,201,1591865207098175048,,2.43661215791e-05,8.42389708851e-05,4.00853714382e-05
1591865207200922953,202,1591865207149791002,,-0.000105737322883,3.52648203261e-05,-8.79850485944e-05
1591865207253189876,203,1591865207201540946,,6.9686752795e-06,3.14428616548e-05,4.68626785732e-06
1591865207305478988,204,1591865207253835916,,6.0826416302e-05,3.30710681737e-05,-4.81153547298e-05
1591865207357200584,205,1591865207306180000,,1.83105639735e-05,3.44821796716e-06,6.51819354971e-05
1591865207408518144,206,1591865207357520103,,-1.56959704327e-05,-2.54942005995e-05,-7.07013750798e-05
1591865207462506864,207,1591865207408950090,,0.000743348326068,0.000176610337803,-2.33147761719e-06
1591865207512666872,208,1591865207461083889,,-3.65643572877e-05,2.63928814093e-05,-2.76135815511e-05
1591865207564307193,209,1591865207513299942,,-1.99371825147e-05,1.67430061992e-05,-7.5989933066e-06
1591865207615588235,210,1591865207564677000,,-5.34865212103e-05,2.7400737963e-05,-8.75085170264e-05
1591865207666949474,211,1591865207615997076,,3.81986092179e-06,2.36141459027e-05,-0.000122638317407
1591865207719318051,212,1591865207667376041,,-7.82749964401e-07,-5.11637772433e-05,6.53532188153e-05
1591865207772577096,213,1591865207719685077,,-1.26351951621e-05,2.43087270064e-05,4.99653251609e-05
1591865207824766146,214,1591865207773180007,,-0.000444611330749,-5.86373826081e-05,-3.90730674553e-05
1591865207877023497,215,1591865207825464963,,6.76201598253e-05,-9.51025867835e-05,-4.73328800581e-05
1591865207929438210,216,1591865207877737998,,0.000111930836283,-7.11150642019e-05,5.88804505242e-05
1591865207981907300,217,1591865207930371999,,1.88377835002e-05,2.87227649096e-05,6.37828588879e-06
1591865208034949513,218,1591865207983038902,,-9.64394348557e-06,5.20468202012e-05,-1.99466867343e-05
1591865208086004802,219,1591865208034774065,,3.42442617693e-05,-7.62294148444e-05,7.93994331616e-05
1591865208138140350,220,1591865208086405038,,-9.52153350227e-05,5.27523516212e-05,-9.75503789959e-05
1591865208189754031,221,1591865208138761043,,-6.61216763547e-05,3.71260393877e-05,-0.000149917294038
1591865208291984211,222,1591865208190277099,,8.50991364132e-06,5.4514302974e-06,2.3354023142e-05
1591865208344087705,223,1591865208292567014,,-8.27605981613e-05,-5.45268703718e-05,4.47197417088e-05
1591865208396738376,224,1591865208344655990,,-3.13897771775e-06,8.04419833003e-05,2.49383028859e-05
1591865208448673211,225,1591865208397047996,,-1.18018997455e-05,0.000140375865158,-3.74532392016e-05
1591865208500145266,226,1591865208449141979,,-2.4271386792e-05,3.59359546565e-05,2.45138289756e-05
1591865208551635628,227,1591865208500643014,,1.08559618184e-07,-0.000113058034913,0.000103958467662
1591865208603506667,228,1591865208551857948,,5.31220539415e-05,-5.92347387283e-05,6.20499849902e-05
1591865208655683377,229,1591865208604114055,,2.09889221878e-05,-4.72943320347e-05,5.80521191296e-05
1591865208708745917,230,1591865208656889915,,3.09296156047e-05,-9.39574674703e-05,5.12504520884e-05
1591865208763027626,231,1591865208710621118,,-0.000100939927506,6.70479994369e-06,-3.21069092024e-05
1591865208815612777,232,1591865208764029026,,-2.33835344261e-05,1.98160614673e-05,-2.98173126794e-05
1591865209167744382,233,1591865208816132068,,-7.90571539255e-06,5.66946873732e-05,-0.000181213908945
1591865209219960177,234,1591865209168350934,,0.00126498984173,0.000404547259677,0.000443216151325
1591865209274182707,235,1591865209220671892,,0.0216148756444,0.00628972239792,0.000800512148999
1591865209325491778,236,1591865209273902893,,0.0529604777694,0.0151740331203,0.000159439980052
1591865209378483430,237,1591865209326056003,,0.0766638889909,0.0213712193072,-0.000504634925164
1591865209429871537,238,1591865209378258943,,0.0760875269771,0.0207365211099,-0.000580858788453
1591865209481786356,239,1591865209430460929,,0.07606690377,0.0205149333924,-0.000268519477686
1591865209534637768,240,1591865209483010053,,0.0780128017068,0.0208699610084,-0.000149749248521
1591865209586944659,241,1591865209535350084,,0.0781014040112,0.0207199398428,1.08683871076e-05
1591865209638780379,242,1591865209587389945,,0.0746790990233,0.0197543222457,0.000249796052231
1591865209690958922,243,1591865209639328956,,0.0777364000678,0.0205651503056,0.000176369590918
1591865209743990728,244,1591865209691565990,,0.0766492709517,0.0203858148307,0.000392214162275
1591865209795426106,245,1591865209743763923,,0.0755671784282,0.0200779382139,0.000258100539213
1591865209847592307,246,1591865209795986890,,0.077308729291,0.0206237100065,0.000222717048018
1591865209899771388,247,1591865209848109960,,0.0779457688332,0.0207405760884,0.000177551701199
1591865210002002198,248,1591865209900443077,,0.0769550949335,0.0205148607492,0.000244780763751
1591865210054919340,249,1591865210003174066,,0.0772990882397,0.020724305883,0.000384590326576
1591865210107187420,250,1591865210055419921,,0.0777486860752,0.0207981113344,0.000408473424613
1591865210159822565,251,1591865210107822895,,0.0759489014745,0.0204475577921,0.00021572613332
1591865210211539076,252,1591865210159890890,,0.0776623114944,0.0207989104092,0.000246185110882
1591865210313833339,253,1591865210212230920,,0.0773253142834,0.0206668712199,-5.66226408409e-05
1591865210366944315,254,1591865210314374923,,0.0754175931215,0.0203015170991,9.29176439968e-06
1591865210418727941,255,1591865210367012977,,0.0764090120792,0.020519381389,0.00028125877725
1591865210471120880,256,1591865210419265031,,0.0763745680451,0.0205441024154,0.000332785304636
1591865210573449826,257,1591865210471626996,,0.0769669115543,0.0208562854677,0.000356662058039
1591865210625347394,258,1591865210573807001,,0.0764101967216,0.0204406604171,0.000184093398275
1591865210677906631,259,1591865210625879049,,0.0756780356169,0.0201810337603,-0.000239593282458
1591865210729250723,260,1591865210677654027,,0.077128559351,0.0206604916602,4.07729239669e-05
1591865210781318068,261,1591865210729702949,,0.0772447884083,0.0207241848111,0.000237446030951
1591865210833498945,262,1591865210781884908,,0.0760482251644,0.0205534305423,-0.000285604182864
1591865210885660013,263,1591865210834036111,,0.0654637813568,0.017526647076,-0.000102084202808
1591865210937825197,264,1591865210886210918,,0.0336243733764,0.00897989980876,-0.000165472418303
1591865210990121287,265,1591865210938483953,,0.00342713622376,0.00209386926144,-0.00138861837331
1591865211092040590,266,1591865210990552902,,-0.0310823619366,0.0197555273771,0.000694618036505
1591865211144286328,267,1591865211092691898,,-0.0537722297013,0.0557034276426,0.00118776876479
1591865211195860421,268,1591865211144855022,,-0.0447301790118,0.0663168355823,0.000670547073241
1591865211248123209,269,1591865211196304082,,-0.0336617417634,0.0720419809222,0.000451111380244
1591865211299708899,270,1591865211248186111,,-0.0210880748928,0.076715670526,-0.000457502377685
1591865211401264439,271,1591865211300297021,,-0.0293965842575,0.0618379451334,0.000746020348743
1591865211453127595,272,1591865211401629924,,-0.0757605284452,0.0127010671422,-0.00217735022306
1591865211504929284,273,1591865211453385114,,-0.0811871066689,-0.00432487856597,-0.000153191678692
1591865211557657957,274,1591865211506046056,,-0.0787905827165,-0.00256115244702,-0.000371457921574
1591865211610583434,275,1591865211558199882,,-0.0798728168011,-0.0030109169893,-0.000222864182433
1591865211661326685,276,1591865211610336065,,-0.0802829191089,-0.00371962809004,0.00015831014025
1591865211713001362,277,1591865211661571979,,-0.0796550139785,-0.00334947463125,-0.000361495331163
1591865211764844564,278,1591865211713331937,,-0.0793295204639,-0.00320783560164,-0.000283295754343
1591865211817037061,279,1591865211765444040,,-0.0814781934023,-0.00351356202736,0.000152702676132
1591865211869649797,280,1591865211817684888,,-0.0798228308558,-0.00338590657339,-1.06844993297e-06
1591865211972216693,281,1591865211869374990,,-0.07933280617,-0.00544096296653,-0.000142310818774
1591865212023333492,282,1591865211971707105,,-0.0781547054648,-0.00838801730424,0.000146281236084
1591865212074992102,283,1591865212023808002,,-0.0792481377721,-0.011857803911,-0.000380269397283
1591865212126581954,284,1591865212075535058,,-0.0790018215775,-0.0145342247561,-0.000582450011279
1591865212178019886,285,1591865212127012968,,-0.0775991082191,-0.016393205151,-0.000233599159401
1591865212229934266,286,1591865212178380012,,-0.0794491022825,-0.0181506108493,-0.000234467559494
1591865212282816681,287,1591865212231142044,,-0.079830609262,-0.0198704786599,1.26567056213e-05
1591865212335003863,288,1591865212283334016,,-0.0771649926901,-0.0202558878809,-0.000263447407633
1591865212386948250,289,1591865212335612058,,-0.075601182878,-0.0216015856713,-0.000520033761859
1591865212438417728,290,1591865212387455940,,-0.0750945210457,-0.0234713274986,-9.25848944462e-05
1591865212540694847,291,1591865212438899993,,-0.0725800842047,-0.0307407472283,-0.000596435682382
1591865212592872517,292,1591865212541397094,,-0.0712115466595,-0.0345964431763,0.000351025053533
1591865212645131670,293,1591865212593389987,,-0.0705939158797,-0.0363511368632,0.000238258435274
1591865212697272822,294,1591865212645807981,,-0.0697252973914,-0.0383019223809,0.000354329415131
1591865212749783539,295,1591865212697747945,,-0.0695595815778,-0.038886655122,0.000445903307991
1591865212801060179,296,1591865212749799013,,-0.0676098391414,-0.0406524948776,0.000255878898315
1591865212852339098,297,1591865212801395893,,-0.0682487860322,-0.042728446424,0.000439811701654
1591865212904454294,298,1591865212852890968,,-0.0681173801422,-0.0441074818373,0.000902186147869
1591865212956652606,299,1591865212905055999,,-0.0664054602385,-0.0448987148702,0.000538601248991
1591865213008886168,300,1591865212957205057,,-0.0643894523382,-0.0461423583329,0.000211586506339
1591865213111045712,301,1591865213009327888,,-0.0607965327799,-0.0532501786947,0.000882017600816
1591865213162673338,302,1591865213111721038,,-0.0244885645807,-0.0723556131124,-0.000776315690018
1591865213215140642,303,1591865213162991046,,-0.00860703550279,-0.0764403492212,-0.000752983847633
1591865213266433377,304,1591865213214792966,,0.000783448573202,-0.081038184464,9.44815401454e-05
1591865213321345579,305,1591865213269735097,,0.00377369648777,-0.0799494311213,3.43757601513e-05
1591865213423772356,306,1591865213321818113,,0.0190472789109,-0.0758936330676,-0.000110001055873
1591865213475971783,307,1591865213424326896,,0.0530616231263,-0.0547962598503,0.000794762279838
1591865213528318449,308,1591865213476491928,,0.0586226135492,-0.0492159426212,0.00088574597612
1591865213580264354,309,1591865213528486013,,0.0679579302669,-0.0408654846251,-3.47483364749e-05
1591865213631580064,310,1591865213580590963,,0.0679460316896,-0.0381554849446,0.000343575695297
1591865213682909292,311,1591865213631961107,,0.0710475370288,-0.0380966588855,3.21645857184e-05
1591865213734832955,312,1591865213683373928,,0.0708502829075,-0.0366692282259,-0.000298035651213
1591865213786503078,313,1591865213735153913,,0.0686742141843,-0.0339802950621,-1.00534298326e-05
1591865213837905216,314,1591865213786921024,,0.0733935832977,-0.0339416824281,0.000240707784542
1591865213890016456,315,1591865213838272094,,0.0732919797301,-0.0319158770144,0.000217684108065
1591865213941862567,316,1591865213890682935,,0.0744332224131,-0.0290522631258,-3.07349182549e-05
1591865213993813507,317,1591865213942845106,,0.0759112387896,-0.0279151648283,0.00018303951947
1591865214045437434,318,1591865213994173049,,0.0732917487621,-0.0247538797557,0.000190580598428
1591865214097489799,319,1591865214045974969,,0.0765652284026,-0.0242826268077,5.95912133576e-05
1591865214200118065,320,1591865214098051071,,0.0771220177412,-0.0193965714425,-3.98743104597e-05
1591865214252107784,321,1591865214200170993,,0.0778198242188,-0.0155432745814,0.000405853294069
1591865214303915143,322,1591865214252257108,,0.0775476694107,-0.0137573936954,0.000308096467052
1591865214406401274,323,1591865214304342031,,0.0796921923757,-0.0101563734934,-4.09831154684e-05
1591865214457904421,324,1591865214406990051,,0.0796754211187,-0.00600901432335,-1.22483006635e-05
1591865214510047353,325,1591865214458220958,,0.0787036269903,-0.00461054686457,-2.25990825129e-05
1591865214562794659,326,1591865214511334896,,0.0803296118975,-0.00197202106938,-0.000163333403179
1591865214614609483,327,1591865214562984943,,0.0803647637367,0.000565576949157,0.000171154504642
1591865214666649022,328,1591865214615046024,,0.0814046189189,0.00225346256047,4.74878033856e-05
1591865214718774693,329,1591865214667066097,,0.0802917852998,0.0030136636924,-0.000223170776735
1591865214770711247,330,1591865214719255924,,0.0806204304099,0.00275736604817,0.000188238351257
1591865214872597858,331,1591865214771076917,,0.0798482149839,0.00263979914598,-0.000412963418057
1591865214924781517,332,1591865214873296976,,0.079994417727,0.00271925143898,0.000116872048238
1591865214979527603,333,1591865214925374031,,0.0795521214604,0.00277303904295,8.3538259787e-05
1591865215081206827,334,1591865214979652881,,0.0808141306043,0.00272755371407,0.000322961539496
1591865215133310162,335,1591865215081779003,,0.0742556676269,0.0129823964089,-0.00337661080994
1591865215185571303,336,1591865215134057044,,0.0663840323687,0.0220119319856,-0.00434668408707
1591865215287967858,337,1591865215186173915,,0.00591850699857,0.0762372687459,0.00394818466157
1591865215339851239,338,1591865215288223028,,0.0227709207684,0.0762657672167,0.000723434030078
1591865215391505139,339,1591865215340500116,,0.0353832580149,0.071024402976,0.000670931709465
1591865215443902753,340,1591865215391813039,,0.046707149595,0.0652184858918,-8.62237793626e-05
1591865215496411445,341,1591865215445030927,,0.0562735423446,0.0572982504964,-9.83143108897e-05
1591865215598690831,342,1591865215496761083,,0.0699194669724,0.0408791974187,-0.000142210032209
1591865215650628997,343,1591865215598938941,,0.0602548494935,0.0392938442528,-0.00390514684841
1591865215702994130,344,1591865215651340007,,0.0332593694329,0.0443891733885,-0.001901691081
1591865215755623210,345,1591865215703672885,,0.00872141029686,0.0573718138039,-0.000200130292797
1591865215856828547,346,1591865215755889892,,-0.00300595979206,0.0791410654783,0.000931120361201
1591865215908510583,347,1591865215857199907,,-0.00302289612591,0.0799265727401,0.000449920276878
1591865215960441914,348,1591865215908839941,,-0.0031650448218,0.0791529044509,-7.12102919351e-05
1591865216012394975,349,1591865215960882902,,-0.00317819858901,0.0800381749868,-9.74234499154e-05
1591865216066951428,350,1591865216015224933,,-0.00425991462544,0.076665468514,0.000100413635664
1591865216120453761,351,1591865216068804025,,-0.0405847206712,0.0447784662247,-0.000825645169243
1591865216173254953,352,1591865216121505022,,-0.0611969642341,0.0336377955973,-0.000329771108227
1591865216226940648,353,1591865216175259113,,-0.0678250268102,0.030414858833,0.00108973321039
1591865216278598073,354,1591865216227543115,,-0.0559857040644,0.0267560277134,0.000672501686495
1591865216380607068,355,1591865216279028892,,-0.0158511959016,-0.00804102793336,0.000844721507747
1591865216432743202,356,1591865216381181001,,-0.0315155014396,-0.0674327388406,-0.00238881958649
1591865216484699538,357,1591865216433089971,,-0.0331180207431,-0.0733575224876,-0.000793981773313
1591865216538184987,358,1591865216485196113,,-0.0332734361291,-0.0730555206537,-0.000702782708686
1591865216590133168,359,1591865216538484096,,-0.0336883328855,-0.0733353719115,-0.000620998034719
1591865216642450487,360,1591865216590747117,,-0.0333455577493,-0.0737099796534,0.000100665085483
1591865216694862128,361,1591865216643364906,,-0.0320602208376,-0.0709044188261,0.000316995021421
1591865216747170586,362,1591865216695460081,,-0.0336305871606,-0.0737071856856,0.000430579093518
1591865216799389303,363,1591865216747777938,,-0.0337951369584,-0.0739868879318,0.000345479813404
1591865216851585157,364,1591865216799973011,,-0.0323264114559,-0.0705555602908,0.000231341429753
1591865216953740812,365,1591865216852200031,,-0.0330585427582,-0.0726943016052,0.000138505420182
1591865217006629153,366,1591865216954391002,,-0.0281261615455,-0.0601093135774,-0.00113099964801
1591865217057733621,367,1591865217006473064,,-0.0222389232367,-0.0492460168898,0.000295662961435
1591865217109588149,368,1591865217057857036,,-0.00435120379552,-0.0119315832853,0.001944396412
1591865217161427987,369,1591865217109989881,,-0.0050685685128,-0.000577725237235,-0.00167453661561
1591865217214219638,370,1591865217161999940,,-0.0124593423679,-0.000321827625157,-0.0027706886176
1591865217265857844,371,1591865217213998079,,-0.0515883080661,0.0142218014225,-0.000104895269033
1591865217317828512,372,1591865217266177892,,-0.0598226860166,0.0440068095922,0.00262091169134
1591865217370339250,373,1591865217318439006,,-0.0517603196204,0.0605744458735,0.000869786425028
1591865217422209566,374,1591865217370630025,,-0.0473380684853,0.0640350878239,0.000143326149555
1591865217474297021,375,1591865217422703981,,-0.0495075173676,0.0572128556669,3.27945708705e-05
1591865217527040350,376,1591865217475575923,,-0.0675440728664,0.0390941798687,5.76846287004e-05
1591865217578966229,377,1591865217527687072,,-0.0773034319282,0.00931151583791,-0.000398368109018
1591865217630525159,378,1591865217579339981,,-0.0804060697556,-0.00763420760632,-0.000921945786104
1591865217682901516,379,1591865217631156921,,-0.077461078763,-0.0132214603946,0.000638422148768
1591865217734838815,380,1591865217683211088,,-0.0747363418341,-0.0218185838312,6.58156159261e-06
1591865217786437311,381,1591865217735469102,,-0.0685176700354,-0.0350461304188,0.0001677696564
1591865217837764295,382,1591865217786808967,,-0.0612363703549,-0.0515020117164,-2.59527096205e-05
1591865217889340251,383,1591865217838176012,,-0.046331204474,-0.0664494633675,-0.0010307978373
1591865217941047025,384,1591865217889430046,,-0.0439849831164,-0.067468740046,-0.000658379634842
1591865217994643209,385,1591865217943121910,,-0.043752245605,-0.0675791725516,-0.000104040591395
1591865218047837837,386,1591865217995235919,,-0.046909481287,-0.0665064901114,-0.0016235752264
1591865218149095443,387,1591865218047460079,,-0.0687576010823,-0.031284045428,-0.000400079996325
1591865218201386381,388,1591865218149852037,,-0.0762913674116,0.0144594889134,0.00263252248988
1591865218253319633,389,1591865218201909065,,-0.075738042593,0.0216120220721,0.00207468564622
1591865218354658106,390,1591865218253705978,,-0.0731767043471,0.0287606157362,0.000407817889936
1591865218406291661,391,1591865218355067014,,-0.0744117796421,0.0299153886735,8.30682693049e-05
1591865218457701306,392,1591865218406641006,,-0.0726552754641,0.0289349015802,-0.000309439958073
1591865218509904579,393,1591865218457976102,,-0.075933560729,0.0300169326365,-0.000245184812229
1591865218561490710,394,1591865218509897947,,-0.0751953348517,0.0299520492554,8.16932297312e-05
1591865218613327000,395,1591865218562341928,,-0.0730755552649,0.0292067565024,-0.000100867495348
1591865218664547766,396,1591865218613615036,,-0.0692761912942,0.037959523499,-0.000720595533494
1591865218716551218,397,1591865218664907932,,-0.0513777919114,0.0552540309727,1.32340082928e-05
1591865218768651537,398,1591865218717077016,,-0.0300143435597,0.0675923749804,-0.000398070405936
1591865218822563797,399,1591865218770800113,,-0.0275183804333,0.0643265023828,0.000736722664442
1591865218924620059,400,1591865218822900056,,-0.0582198761404,-0.0236728396267,0.0020046196878
1591865218977344955,401,1591865218924943923,,0.0334794074297,-0.0381558984518,-0.00556229008362
1591865219028775167,402,1591865218977121114,,0.0500461757183,-0.0208678655326,-0.00302004022524
1591865219080749863,403,1591865219029279947,,0.0583097040653,0.0193451251835,-0.00122214888688
1591865219132976450,404,1591865219081293106,,0.0194480977952,0.0546993128955,-0.000189984435565
1591865219184994106,405,1591865219133555889,,-0.00347867561504,0.076476983726,0.00107074319385
1591865219237127405,406,1591865219185563087,,-0.00393521040678,0.0801244154572,0.00105274328962
1591865219290750906,407,1591865219239029884,,-0.00399495847523,0.0795042365789,-0.000119567885122
1591865219342804377,408,1591865219291121959,,-0.00773706100881,0.0766624361277,-0.000266915594693
1591865219395419833,409,1591865219343645095,,-0.0224296413362,0.0675549730659,9.82225537882e-05
1591865219446963920,410,1591865219395701885,,-0.0602111667395,0.00213786237873,0.00373069569468
1591865219498945125,411,1591865219447423934,,-0.0344142951071,-0.0396027974784,-0.00208562402986
1591865219551282898,412,1591865219499496936,,0.0130965840071,-0.0520493090153,-0.00491874897853
1591865219603433644,413,1591865219551856040,,0.0536643378437,-0.025599449873,-0.00555781833827
1591865219654836191,414,1591865219603941917,,0.0481379777193,0.0377964228392,1.31670603878e-05
1591865219706753644,415,1591865219655237913,,0.0266698207706,0.0673998072743,0.0036923668813
1591865219758962403,416,1591865219707334041,,0.0480307750404,0.0568008795381,-0.000485253607621
1591865219811260886,417,1591865219759509086,,0.0617302283645,0.0416766256094,0.000416499795392
1591865219864496440,418,1591865219812571048,,0.0637771189213,0.0416147857904,-0.00298845930956
1591865219916311531,419,1591865219864651918,,0.0526043251157,0.0450031422079,-5.10550889885e-05
1591865219969634410,420,1591865219918190956,,0.0618172548711,0.0339092686772,0.0012946446659
1591865220021855040,421,1591865219970232963,,0.0692793726921,0.0191852319986,-0.00186116306577
1591865220074016314,422,1591865220022443056,,0.0636650770903,0.0156442895532,-0.00151761318557
1591865220126233908,423,1591865220074532985,,0.061253618449,0.0255954544991,0.00148962473031
1591865220182032626,424,1591865220126691102,,0.0677354931831,0.034141022712,3.67686006939e-05
1591865220233481751,425,1591865220181730985,,0.0719070062041,0.0306093227118,0.000179671915248
1591865220285444048,426,1591865220233822107,,0.0742217674851,0.02836740762,-5.80442174396e-05
1591865220337592552,427,1591865220286004066,,0.0759328380227,0.0246094539762,-0.000411186454585
1591865220389836954,428,1591865220338159084,,0.0767459347844,0.0202788189054,-0.000271906377748
1591865220442222663,429,1591865220390402078,,0.0769230872393,0.0183468870819,0.000340310187312
1591865220500607752,430,1591865220449589014,,0.0585342310369,-0.026892889291,-0.0027187934611
1591865220552654604,431,1591865220501028060,,-0.0116253532469,-0.0553596615791,-0.00366748310626
1591865220604063207,432,1591865220553107976,,-0.0357538498938,-0.0508999377489,-0.000934524287004
1591865220655415612,433,1591865220604446887,,-0.0764912515879,-0.0209065172821,0.00172687973827
1591865220706897233,434,1591865220655790090,,-0.0777052938938,-0.0211245678365,0.00113808142487
1591865220758714904,435,1591865220707228899,,-0.075796470046,-0.0245712846518,0.00150529760867
1591865220811309659,436,1591865220759155035,,-0.0738076195121,-0.0263454578817,0.000414269336034
1591865220862658189,437,1591865220810933113,,-0.0749958530068,-0.030562473461,0.000199060508749
1591865220964772168,438,1591865220863260030,,-0.0692820772529,-0.0372820720077,0.00105032429565
1591865221016638998,439,1591865220965334892,,-0.0521242581308,-0.0486646108329,-0.000422582990723
1591865221069831197,440,1591865221018717050,,-0.0521324537694,-0.0457462444901,-0.00345150893554
1591865221122177930,441,1591865221070347070,,-0.0636670142412,-0.0308228265494,0.000456899695564
1591865221223932373,442,1591865221122560977,,-0.0634572580457,-0.0240924973041,0.00168934848625
1591865221275627761,443,1591865221224318981,,-0.025709208101,-0.0642445385456,0.000998264993541
1591865221326768900,444,1591865221275820016,,-0.00314027885906,-0.0742058902979,-0.00358065403998
1591865221378894346,445,1591865221327274084,,0.00452055921778,-0.0804485306144,-0.00030998713919
1591865221431834984,446,1591865221380068063,,0.00378612126224,-0.0803242474794,-0.00078430143185
1591865221483096426,447,1591865221432070016,,0.0133574912325,-0.0728653892875,-0.00176484510303
1591865221535054044,448,1591865221483505010,,0.0389095023274,-0.0568432509899,0.000798395136371
1591865221587441781,449,1591865221535614013,,0.0641521736979,-0.038030937314,0.000171654348378
1591865221638965721,450,1591865221587840080,,0.074502915144,-0.0294528752565,0.000312989315717
1591865221690546258,451,1591865221639203071,,0.0748153477907,-0.0306412894279,0.000533910817467
1591865221742186458,452,1591865221690967082,,0.0726870149374,-0.0303040873259,0.000706591759808
1591865221794668749,453,1591865221743685007,,0.0747790932655,-0.0301477890462,-0.000671566755045
1591865221846788275,454,1591865221795218944,,0.0751416236162,-0.0307197757065,0.000226202566409
1591865221949340679,455,1591865221847702026,,0.073845423758,-0.0266649667174,-0.000138576360769
1591865222001427505,456,1591865221949863910,,0.0742981880903,-0.0112094227225,-0.00253275339492
1591865222053731566,457,1591865222001992940,,0.0576477907598,0.000359834026312,0.000841959030367
1591865222106148310,458,1591865222054337978,,0.0275693163276,0.00690132845193,0.00163758185226
1591865222157475811,459,1591865222106520891,,0.02519383654,0.00847555138171,-0.000121590259369
1591865222210586782,460,1591865222158119916,,0.072613120079,0.0195208415389,-0.000593193166424
1591865222261904549,461,1591865222210345029,,0.0779777094722,0.0203247275203,-5.56241066079e-05
1591865222316534181,462,1591865222262547969,,0.0781987905502,0.0198312737048,-0.000278299616184
1591865222367823802,463,1591865222316247940,,0.075974740088,0.0191473197192,-0.000414134934545
1591865222419802536,464,1591865222368294954,,0.0779156908393,0.0198077335954,-0.000572764954995
1591865222471992813,465,1591865222420243978,,0.0749138221145,0.0187897123396,-0.000215571664739
1591865222524260843,466,1591865222472524881,,0.078312523663,0.0197496842593,9.89783584373e-05
1591865222576573422,467,1591865222524878025,,0.0774812176824,0.0196751859039,0.000219819674385
1591865222630579160,468,1591865222578489065,,0.0774300023913,0.019534625113,0.000122587618534
1591865222683192466,469,1591865222630677938,,0.076946400106,0.0194145794958,-0.000249252509093
1591865222734021255,470,1591865222682955980,,0.0777126476169,0.0193961523473,4.24993777415e-05
1591865222786234446,471,1591865222734417915,,0.07796266675,0.0196459088475,0.000166469311807
1591865222837540369,472,1591865222786545991,,0.0781452730298,0.0196026172489,-3.86871906812e-05
1591865222888970409,473,1591865222837924957,,0.0712061002851,0.0177883319557,-0.000793774204794
1591865222940463807,474,1591865222889384031,,0.0517119653523,0.0130766732618,-0.000371328933397
1591865223043227268,475,1591865222941128015,,0.00121677317657,7.82243205322e-06,0.000124544952996
1591865223094782222,476,1591865223042999029,,-0.00943621434271,-0.00528544094414,4.15816020904e-06
1591865223147583353,477,1591865223095303058,,-0.0457532778382,-0.0236265342683,-0.00129639951047
1591865223198733970,478,1591865223147372961,,-0.0642564892769,-0.0331441648304,-0.0010252057109
1591865223250710286,479,1591865223199078083,,-0.0724075511098,-0.0373689308763,0.000255218648817
1591865223352997665,480,1591865223251229047,,-0.0692775771022,-0.0353557951748,0.000726962811314
1591865223404405538,481,1591865223353369951,,-0.0729402378201,-0.031149327755,0.00047018827172
1591865223456242495,482,1591865223404869079,,-0.0748795047402,-0.02392116189,0.00214366265573
1591865223508212171,483,1591865223456644058,,-0.0587769821286,-0.00764801818877,-0.000963447499089
1591865223560652140,484,1591865223508970022,,-0.0385357886553,0.0232402402908,0.000488002522616
1591865223612154244,485,1591865223561006069,,-0.0544151477516,0.0309065282345,0.00234918692149
1591865223663660284,486,1591865223612663984,,-0.0719437524676,0.00629959162325,0.000847992196213
1591865223715812355,487,1591865223664088964,,-0.0698225796223,-0.0252400673926,0.000866826158017
1591865223767887478,488,1591865223716339111,,-0.0476235859096,-0.0547297410667,-0.000250064360444
1591865223820236397,489,1591865223768510103,,-0.0152636487037,-0.0686918348074,-0.00251686875708
1591865223922311068,490,1591865223820569038,,0.0595331303775,-0.0407294742763,-0.00197676965035
1591865223974447184,491,1591865223922707080,,0.0724053233862,0.0177940838039,-0.00109043356497
1591865224027164156,492,1591865223975644111,,0.0571651980281,0.0462691932917,-0.000535162223969
1591865224129340815,493,1591865224027762889,,0.00260124681517,0.0415486507118,0.0018738474464
1591865224181815350,494,1591865224130084037,,-0.0133474469185,0.0339139141142,0.000684104394168
1591865224233822152,495,1591865224182727098,,-0.0184521954507,0.0461607053876,0.00173806562088
1591865224286071242,496,1591865224234411954,,-0.0309302695096,0.0718416050076,0.000499023066368
1591865224338206893,497,1591865224286658048,,-0.0317357182503,0.0727332606912,0.000431577092968
1591865224390255750,498,1591865224338737010,,-0.0318836458027,0.0740707889199,-1.21315870274e-05
1591865224443846658,499,1591865224390863895,,-0.0320565104485,0.0747326910496,-0.00020518025849
1591865224495445520,500,1591865224443959951,,-0.0321112647653,0.0742892995477,0.000197705012397
1591865224547613430,501,1591865224496088027,,-0.0320277437568,0.0745824053884,7.88796314737e-05
1591865224599719453,502,1591865224548191070,,-0.0319163911045,0.0746133700013,-9.03991458472e-05
1591865224651849205,503,1591865224600311040,,-0.031518496573,0.0739143043756,-4.34480207332e-05
1591865224704385102,504,1591865224652641057,,-0.0315643586218,0.0738529488444,0.000131345252157
1591865224756802419,505,1591865224705210924,,-0.0316669940948,0.0737669840455,-0.000297776598018
1591865224808756864,506,1591865224757281064,,-0.0313798375428,0.0738316774368,-0.000247568124905
1591865224911073018,507,1591865224809117078,,-0.029582682997,0.0695771947503,0.00221595610492
1591865224963643240,508,1591865224912076950,,-0.0138710010797,0.0330073684454,-0.00110625976231
1591865225015823782,509,1591865224964265108,,-0.00144262600224,0.00354891526513,-0.00113118626177
1591865225068207552,510,1591865225016388893,,0.00283666979522,-4.05685059377e-05,0.00095337437233
1591865225119720261,511,1591865225068576097,,0.0090067954734,-0.000808415701613,0.00227320427075
1591865225171329346,512,1591865225120145082,,0.0607855841517,-0.013330090791,-0.00062600383535
1591865225223180831,513,1591865225171674966,,0.0735393688083,-0.0200892556459,-0.00224696984515
1591865225275438116,514,1591865225223754882,,0.0675226598978,-0.0102711273357,-0.00245048198849
1591865225328336956,515,1591865225277024030,,0.0581559836864,0.0138847194612,0.000470183731522
1591865225380974244,516,1591865225328795909,,0.056087937206,0.0265337619931,0.00631037494168
1591865225481684922,517,1591865225380713939,,0.0613346584141,-0.0354631394148,-0.00202514976263
1591865225533253485,518,1591865225482043027,,0.049385856837,-0.0422608926892,-0.00301400129683
1591865225585208454,519,1591865225533611059,,0.0460482574999,-0.0307553820312,-0.0010796909919
1591865225637417412,520,1591865225585766077,,0.0518332645297,0.00906072650105,0.0034446020145
1591865225689374240,521,1591865225637913942,,0.0673363432288,-0.00142880645581,-0.000596447265707
1591865225741412008,522,1591865225689733028,,0.0594152584672,-0.0439754761755,-0.00222184695303
1591865225793070514,523,1591865225741832017,,0.0387044511735,-0.0645902007818,-0.000635770556983
1591865225844506079,524,1591865225793332099,,0.0166057422757,-0.0735646635294,-0.00115956447553
1591865225896486056,525,1591865225844875097,,-0.00569014856592,-0.057706668973,-0.00169779686257
1591865225948703354,526,1591865225897072076,,-0.0284124575555,-0.0314660221338,2.40498466155e-05
1591865226001418312,527,1591865225949359893,,-0.0543168000877,-0.0121127460152,0.00242240028456
1591865226103917974,528,1591865226001564025,,-0.0747088044882,0.00555991148576,0.00157773704268
1591865226156059985,529,1591865226104346990,,-0.0495597980917,0.0516516305506,0.00440384075046
1591865226207739812,530,1591865226156408071,,-0.0632200613618,0.0248270444572,-0.00330522214063
1591865226259212497,531,1591865226208231925,,-0.0666527450085,0.0270445980132,-0.000864032888785
1591865226310884348,532,1591865226259622097,,-0.0606751441956,0.038406547159,0.00222737854347
1591865226412896694,533,1591865226311392068,,-0.0403601303697,0.0609235428274,0.00162908947095
1591865226465083841,534,1591865226413505077,,0.00129010656383,0.0204761065543,-0.0016867701197
1591865226516670785,535,1591865226465651988,,0.0213937312365,-0.0045445500873,-0.000451087806141
1591865226568521785,536,1591865226517036914,,0.0466120317578,-0.0231175944209,-0.000263990485109
1591865226620448617,537,1591865226568855047,,0.0660952329636,-0.0341908074915,-0.0029611880891
1591865226672661687,538,1591865226621011972,,0.0710254833102,-0.0385879129171,-0.000625652668532
1591865226724906149,539,1591865226673331975,,0.070718459785,-0.0386257246137,-0.000632901967037
1591865226777203946,540,1591865226725492954,,0.0700223594904,-0.0381431877613,-0.000209877762245
1591865226829718675,541,1591865226778101921,,0.0705135464668,-0.0386518277228,0.000396566407289
1591865226882123185,542,1591865226830430030,,0.0641649067402,-0.0345703400671,-0.00195234292187
1591865226934509410,543,1591865226882699012,,0.0568781457841,-0.0308743435889,-0.00151484506205
1591865226987383959,544,1591865226936368942,,0.0103399790823,-0.00695638963953,0.00227643037215
1591865227039042472,545,1591865226987744092,,0.00117493397556,-0.00126577180345,0.000692406669259
1591865227090584118,546,1591865227039572954,,0.000745123485103,-0.00552652170882,0.00187108700629
1591865227191980721,547,1591865227090971946,,-0.0122632021084,-0.0438141226768,-0.00474798632786
1591865227243191804,548,1591865227192202091,,-0.0708921924233,-0.0218207966536,0.00209791027009
1591865227294982247,549,1591865227243474006,,-0.0795262977481,-0.0055201142095,0.00301474099979
1591865227347378861,550,1591865227295595884,,-0.0788160264492,-0.0014222622849,0.00171278091148
1591865227399983320,551,1591865227348104953,,-0.0797901526093,0.00168557092547,0.00126083497889
1591865227451960161,552,1591865227400278091,,-0.0792390555143,0.0178693588823,0.000203345858608
1591865227503969097,553,1591865227452537059,,-0.0700188055634,0.0399814359844,1.13421310743e-05
1591865227556686873,554,1591865227504657030,,-0.0623747259378,0.0494507178664,6.33088347968e-05
1591865227608244031,555,1591865227556719064,,-0.0522571355104,0.0573923550546,-0.000609362206887
1591865227659666977,556,1591865227608267068,,-0.0527778752148,0.0610242486,-0.000803927017841
1591865227713268137,557,1591865227659796953,,-0.0533837676048,0.0610508173704,-0.0006939706509
1591865227765378066,558,1591865227713839054,,-0.0506854243577,0.0566792413592,0.000625412503723
1591865227817562158,559,1591865227765930891,,-0.0441021807492,0.0485296882689,0.00170249701478
1591865227919280430,560,1591865227818267107,,-0.00581064121798,0.00783625245094,-0.00264429068193
1591865227970990107,561,1591865227919734954,,-0.000115731490951,0.000295813661069,-0.000380424869945
1591865228023023721,562,1591865227971402883,,-0.000143188022776,0.000174518383574,-0.000300810206681
1591865228075123522,563,1591865228023413896,,1.62271862791e-06,-0.000113487098133,8.64658286446e-05
1591865228128519671,564,1591865228076950073,,1.50656069309e-05,5.53035642952e-05,-9.09532755031e-05
1591865228180823975,565,1591865228129234075,,-4.48977989436e-05,-4.76823079225e-05,8.61330954649e-06
1591865228232847595,566,1591865228181266069,,-2.35696552409e-05,-7.04250442141e-06,-4.68431317131e-05
1591865228285261023,567,1591865228233366966,,-4.2085415771e-05,-4.9415473768e-05,-8.66029949975e-05
1591865228337614187,568,1591865228286042928,,2.19777048187e-05,-5.97292855673e-05,1.1943609934e-05
1591865228389769201,569,1591865228338128089,,-2.77660892607e-05,-1.02358717413e-05,-6.20750370217e-06
1591865228491994987,570,1591865228390273094,,7.91350539657e-05,-5.44734539289e-05,-9.84122234513e-05
1591865228544113481,571,1591865228492328882,,-1.54171648319e-05,5.7657061916e-06,-3.07182344841e-05
1591865228596374439,572,1591865228544688940,,3.72719841835e-05,-6.6217830863e-06,1.44236473716e-05
1591865228648455008,573,1591865228596743106,,2.72911474894e-05,-3.07895447804e-06,4.67769177703e-06
1591865228700204917,574,1591865228648951053,,-7.80841510277e-05,-7.41009862395e-05,-8.15134717413e-06
1591865228753406846,575,1591865228701842069,,6.27798435744e-05,-6.46537009743e-05,-1.72790932993e-05
1591865228807059780,576,1591865228754028081,,4.93101579195e-05,-2.37495787587e-05,4.87382130814e-05
1591865228857492308,577,1591865228805843114,,-2.55788381764e-05,-7.63575008023e-05,5.71481068619e-05
1591865228909971396,578,1591865228858043909,,0.000121112730994,3.65320884157e-05,-1.33494836518e-06
1591865229011435088,579,1591865228910283088,,-0.000101642544905,-0.000127642604639,-6.66323421683e-06
1591865229063571381,580,1591865229012006998,,8.80775114638e-05,-1.07000851131e-05,8.17155596451e-05
1591865229365417403,581,1591865229064151048,,2.19471676246e-05,-4.05913051509e-05,2.96788093692e-05
1591865229417448823,582,1591865229365853071,,-0.000130060871015,-2.65925209533e-05,5.49859578314e-05
1591865229469663621,583,1591865229418003082,,-8.36820618133e-05,-1.16114788398e-05,7.43160353522e-06
1591865229521021366,584,1591865229470118045,,-2.60946198978e-05,7.54830080041e-06,6.65654306431e-06
1591865229573509350,585,1591865229521475076,,-5.9499307099e-05,2.8689224564e-05,1.42974577102e-05
1591865229625724949,586,1591865229574119091,,-4.52596323157e-05,3.83235019399e-05,-1.82329349627e-05
1591865229677847996,587,1591865229626334905,,6.95276685292e-06,-1.65172004927e-05,9.69518077909e-06
1591865229729903117,588,1591865229678267955,,-1.1218769032e-05,-3.33803654939e-05,-4.49376693723e-06
1591865229782309076,589,1591865229730638980,,6.30206477581e-06,-4.40106377937e-05,3.64715851902e-05
1591865229834142437,590,1591865229782964944,,6.04359629506e-05,1.94934218598e-05,3.5364922951e-05
1591865229885631838,591,1591865229834340095,,3.86121655538e-06,-5.31299374416e-05,9.14757038117e-06
1591865229937580149,592,1591865229885967016,,-2.47351599683e-05,2.28719713391e-07,-5.93547956669e-05
1591865229989752570,593,1591865229938220024,,1.82908734132e-05,-2.14851734199e-05,-4.13339657825e-05
1591865230041967191,594,1591865229990283012,,-5.90171748627e-06,-3.3982367313e-05,-3.49507308783e-06
1591865230095518813,595,1591865230043828964,,-0.000161344200023,-6.35743854218e-05,4.76563291159e-05
1591865230196719039,596,1591865230095783948,,-8.85502868186e-06,9.13206167752e-06,-9.05527267605e-05
1591865230248877300,597,1591865230197200059,,7.73098581703e-05,2.51534493145e-05,3.36581761076e-05
1591865230301230668,598,1591865230249466896,,-6.77968782838e-05,-5.36356237717e-05,8.15809653432e-06
1591865230353478171,599,1591865230301829099,,1.86465240404e-05,-1.63561526278e-05,-5.85999987379e-05
1591865230405191805,600,1591865230354072093,,-5.72491371713e-05,-2.52534919127e-05,-8.54970421642e-05
1591865230456706457,601,1591865230405535936,,-6.26555411145e-05,-1.82248877536e-05,8.75304540386e-05
1591865230508525008,602,1591865230457082986,,-5.89495084569e-06,-1.04454702523e-05,-1.99030200747e-05
1591865230560686626,603,1591865230509352922,,7.74210275267e-05,1.40876609294e-05,-4.0441591409e-06
1591865230662581244,604,1591865230561003923,,-4.4022086513e-05,1.67931211763e-05,3.88548869523e-05
1591865230714445100,605,1591865230662801027,,-5.24816823599e-05,-8.44648366183e-06,3.60767007805e-05
1591865230766990913,606,1591865230714987993,,6.35368769508e-06,-8.4978666564e-05,-1.25103251776e-05
1591865230823437157,607,1591865230769673109,,0.000141933924169,4.35350739281e-05,2.82571782009e-05
1591865230876967204,608,1591865230825078010,,-0.000103457423393,-6.88270883984e-05,-4.24962927354e-05
1591865230929212389,609,1591865230877285003,,-0.000119741533126,-5.91852476646e-05,-3.00051997328e-05
1591865230980905995,610,1591865230929362058,,-0.000165029632626,-3.05965731968e-05,-4.93829975312e-05
1591865231032371658,611,1591865230981426954,,-3.18708953273e-05,2.19039065996e-05,-9.39619985729e-06
1591865231084361576,612,1591865231032840013,,6.58435747027e-05,6.27321605862e-06,-1.56252790475e-05
1591865231136630831,613,1591865231084908962,,-0.000129647844005,-2.48260876106e-05,-6.82663585394e-06
1591865231189534107,614,1591865231137409925,,6.18126869085e-05,1.00917250165e-05,1.6263091311e-05
1591865231242952110,615,1591865231190593004,,7.98751789262e-05,1.83960873983e-05,5.07350923726e-05
1591865231344520199,616,1591865231243494987,,0.000104791055492,5.78166000196e-05,5.54175931029e-05
1591865231396684956,617,1591865231345030069,,-8.82228996488e-05,-2.94471519737e-05,5.96890677116e-05
1591865231448197330,618,1591865231397227048,,-4.32167034887e-05,5.65940645174e-05,5.4524254665e-05
1591865231500671270,619,1591865231448609113,,2.19140019908e-05,1.0653753634e-05,1.65180153999e-05
1591865231552103147,620,1591865231500396013,,-0.000123082689242,-0.000144273290061,-1.22816391013e-05
1591865231604375088,621,1591865231552731990,,7.47283993405e-05,0.000115079987154,-1.14020549518e-05
1591865231656771359,622,1591865231604991912,,8.8768581918e-05,9.3702954473e-05,-8.05105537438e-06
1591865231708862188,623,1591865231657075881,,-0.000150313906488,-0.000140299380291,-0.000117858682643
1591865231761648169,624,1591865231709897041,,1.37228526e-05,5.55782607989e-05,1.06177321868e-05
1591865231813981860,625,1591865231762303113,,4.01062170567e-05,1.35343452712e-05,-9.18290595564e-07
1591865231866232445,626,1591865231814632892,,-7.51456100261e-05,-5.50118202227e-05,1.6231493646e-05
1591865231920020759,627,1591865231867630958,,-0.000102991893073,-6.69224682497e-05,-2.09776753763e-05
1591865231975160593,628,1591865231919795036,,-4.56534071418e-05,-2.08406418096e-05,-0.000117933064757
1591865232027917719,629,1591865231975745916,,-0.00013515536557,-8.04190785857e-05,-1.50524238052e-05
1591865232081951647,630,1591865232028445959,,0.000165444653248,7.22036420484e-05,9.89215623122e-05
1591865232134181902,631,1591865232082307100,,-4.23129131377e-05,-2.60047490883e-05,-5.198866711e-05
1591865232186973579,632,1591865232134783983,,-0.000199972375412,-0.000100197306892,-0.000101538957097
