%time,field.header.seq,field.header.stamp,field.header.frame_id,field.acceleration
1591954887215111039,4320,1591954887163229942,,0.0
1591954887316945492,4321,1591954887215574979,,0.0
1591954887369580665,4322,1591954887317177057,,0.0
1591954887421216979,4323,1591954887368884086,,0.0
1591954887474423136,4324,1591954887421344995,,0.0
1591954887527459205,4325,1591954887474617958,,0.0
1591954887630627487,4326,1591954887527249097,,0.0
1591954887681833710,4327,1591954887630220890,,0.0
1591954887733399770,4328,1591954887681862115,,0.0
1591954887785708388,4329,1591954887733484983,,0.0
1591954887888834173,4330,1591954887785907983,,0.0
1591954887940673107,4331,1591954887888283967,,0.0
1591954887993709704,4332,1591954887940782070,,0.0
1591954888046670027,4333,1591954887993706941,,0.0
1591954888098769062,4334,1591954888046344995,,0.0
1591954888154733518,4335,1591954888098823070,,0.0
1591954888206987169,4336,1591954888154375076,,0.0
1591954888258277287,4337,1591954888206455945,,0.0
1591954888309808577,4338,1591954888258101940,,0.0
1591954888361417962,4339,1591954888309564113,,0.0
1591954888413792828,4340,1591954888361521959,,0.0
1591954888467219648,4341,1591954888413923978,,0.0
1591954888520587478,4342,1591954888467407941,,0.0
1591954888573261206,4343,1591954888520409107,,0.0
1591954888627294601,4344,1591954888572926044,,0.0
1591954888679925305,4345,1591954888626939058,,0.0
1591954888732131157,4346,1591954888679619073,,0.0
1591954888785198906,4347,1591954888732177972,,0.0
1591954888837798558,4348,1591954888784898996,,0.0
1591954888889834334,4349,1591954888837457895,,0.0
1591954888941619746,4350,1591954888889863014,,0.0
1591954888994552227,4351,1591954888941636085,,0.0
1591954889096790970,4352,1591954888994688034,,0.0
1591954889148477223,4353,1591954889096515893,,0.0
1591954889201291258,4354,1591954889148648977,,0.0
1591954889253350456,4355,1591954889201397895,,0.0
1591954889305212862,4356,1591954889253371953,,0.0
1591954889357771224,4357,1591954889305016040,,0.0
1591954889409842750,4358,1591954889357543945,,0.0
1591954889462844775,4359,1591954889409487009,,0.0
1591954889515225036,4360,1591954889462537050,,0.0
1591954889566982972,4361,1591954889515206098,,0.0
1591954889619268082,4362,1591954889566759109,,0.0
1591954889671996262,4363,1591954889619333982,,0.0
1591954889723653570,4364,1591954889671983003,,0.0
1591954889776323035,4365,1591954889723540067,,0.0
1591954889827913858,4366,1591954889775998115,,0.0
1591954889879189640,4367,1591954889827614068,,0.0
1591954889930349826,4368,1591954889878932952,,0.0
1591954889981658361,4369,1591954889930156946,,0.0
1591954890034245718,4370,1591954889981664896,,0.0
1591954890087180435,4371,1591954890034277915,,0.0
1591954890139119605,4372,1591954890086894989,,0.0
1591954890191121507,4373,1591954890139169931,,0.0
1591954890243185559,4374,1591954890190656900,,0.000190000006114
1591954890295601153,4375,1591954890243213891,,0.0
1591954890348154822,4376,1591954890295473098,,0.0
1591954890399990715,4377,1591954890347799062,,0.0
1591954890452778374,4378,1591954890399714946,,0.0
1591954890504456633,4379,1591954890452128887,,0.0
1591954890557272769,4380,1591954890504574060,,0.0
1591954890610028001,4381,1591954890556901931,,0.0
1591954890661690407,4382,1591954890609417915,,0.0
1591954890763586951,4383,1591954890661840915,,0.0
1591954890816434163,4384,1591954890763617992,,-0.000169999999343
1591954890868901887,4385,1591954890816070079,,0.0
1591954890970354634,4386,1591954890868505001,,0.0
1591954891021638229,4387,1591954890970135927,,0.0
1591954891074961348,4388,1591954891021759033,,0.0
1591954891428023132,4389,1591954891075053930,,0.0
1591954891479774760,4390,1591954891427750110,,0.0
1591954891531387195,4391,1591954891479795932,,0.0
1591954891584378615,4392,1591954891531399011,,0.000869999988936
1591954891635564533,4393,1591954891584086894,,0.00455000018701
1591954891687681579,4394,1591954891635652065,,0.0103200003505
1591954891739847777,4395,1591954891687588930,,0.0146899996325
1591954891791763729,4396,1591954891739917039,,0.0165199991316
1591954891843232935,4397,1591954891791496038,,0.0204499997199
1591954891894454495,4398,1591954891842885971,,0.0253299996257
1591954891945964676,4399,1591954891894407033,,0.0308800004423
1591954891999242293,4400,1591954891946103096,,0.0918300002813
1591954892053602348,4401,1591954891999411106,,0.1035400033
1591954892104996307,4402,1591954892052484035,,0.111879996955
1591954892156306784,4403,1591954892104788064,,0.107359997928
1591954892209043971,4404,1591954892156339883,,0.0975600033998
1591954892260599368,4405,1591954892208704948,,0.0882700011134
1591954892313800820,4406,1591954892260749101,,0.0908199995756
1591954892366328612,4407,1591954892313402891,,0.0927399992943
1591954892420524734,4408,1591954892366378068,,0.0842399969697
1591954892472401572,4409,1591954892419922113,,0.0736399963498
1591954892525637534,4410,1591954892472472906,,0.0315399989486
1591954892576911060,4411,1591954892524298906,,0.0245799999684
1591954892679798927,4412,1591954892576740980,,0.0246099997312
1591954892733113762,4413,1591954892679740905,,0.0307899992913
1591954892793603344,4414,1591954892732358932,,0.0347199998796
1591954892845227761,4415,1591954892793654918,,0.0364100001752
1591954892896682007,4416,1591954892845217943,,0.0316499993205
1591954892949359625,4417,1591954892896800041,,0.024849999696
1591954893001833954,4418,1591954892949496030,,0.0255500003695
1591954893053608818,4419,1591954893001902103,,0.02662999928
1591954893106946130,4420,1591954893053675889,,0.0266699995846
1591954893159178691,4421,1591954893106683015,,0.0226700007915
1591954893260718821,4422,1591954893159225940,,0.012529999949
1591954893313014941,4423,1591954893260732889,,0.00310000008903
1591954893365648879,4424,1591954893313143014,,-0.000520000001416
1591954893468467823,4425,1591954893365746974,,-0.00104999996256
1591954893520946175,4426,1591954893468156099,,-0.000959999975748
1591954893573247579,4427,1591954893520673990,,-0.000159999995958
1591954893627195574,4428,1591954893573288917,,-0.000479999987874
1591954893680897575,4429,1591954893627382993,,0.000159999995958
1591954893783499050,4430,1591954893681157112,,-0.000159999995958
1591954893835118850,4431,1591954893783627986,,-0.000300000014249
1591954893888076385,4432,1591954893835150003,,0.000440000003437
1591954893940176738,4433,1591954893887850046,,-0.00158999999985
1591954893992503704,4434,1591954893939847946,,-0.00383000005968
1591954894043709202,4435,1591954893992197990,,-0.00686000008136
1591954894095548601,4436,1591954894043745040,,-0.0105999996886
1591954894148426108,4437,1591954894095556974,,-0.012869999744
1591954894201406309,4438,1591954894148581981,,-0.0154699999839
1591954894255976224,4439,1591954894201009035,,-0.0183000005782
1591954894308720012,4440,1591954894255883932,,-0.0229700002819
1591954894361240044,4441,1591954894308784008,,-0.0224699992687
1591954894414345872,4442,1591954894361314058,,-0.0195799991488
1591954894516536897,4443,1591954894413865089,,-0.0146399997175
1591954894569512976,4444,1591954894516417980,,-0.00937000010163
1591954894622522776,4445,1591954894569166898,,-0.00467999977991
1591954894675986692,4446,1591954894622620105,,0.00190000003204
1591954894728707966,4447,1591954894676011085,,0.00774999987334
1591954894780938942,4448,1591954894728485107,,0.0136200003326
1591954894833370731,4449,1591954894780931949,,0.0170699991286
1591954894888862012,4450,1591954894833417892,,0.023199999705
1591954894941415732,4451,1591954894888932943,,0.0203399993479
1591954894993377494,4452,1591954894941488981,,0.0179299991578
1591954895096650311,4453,1591954894993113040,,0.015359999612
1591954895149765991,4454,1591954895096335887,,0.0136200003326
1591954895203301814,4455,1591954895150094032,,0.0120500000194
1591954895256318382,4456,1591954895203504085,,0.0080899996683
1591954895357870706,4457,1591954895256011962,,0.00482999999076
1591954895410793159,4458,1591954895357585906,,0.00142999994569
1591954895463456881,4459,1591954895410988092,,0.000950000016019
1591954895514712824,4460,1591954895463217020,,-0.000790000020061
1591954895617398275,4461,1591954895514750957,,0.0
1591954895670113441,4462,1591954895617516040,,0.000300000014249
1591954895722673272,4463,1591954895669775962,,-0.000440000003437
1591954895774870328,4464,1591954895722311973,,0.000479999987874
1591954895829161350,4465,1591954895774980068,,0.00079999997979
1591954895932169751,4466,1591954895828687906,,0.000959999975748
1591954895984937414,4467,1591954895932229995,,-0.0019199999515
1591954896037320635,4468,1591954895984775066,,-0.00908999983221
1591954896091925870,4469,1591954896037225961,,-0.0167699996382
1591954896195211924,4470,1591954896091609954,,-0.0206899996847
1591954896246219264,4471,1591954896194328069,,-0.0204499997199
1591954896297754314,4472,1591954896245938062,,-0.0216400008649
1591954896349650637,4473,1591954896297785997,,-0.0192699991167
1591954896401692699,4474,1591954896349328041,,-0.0178599990904
1591954896453749048,4475,1591954896401396036,,-0.0177200008184
1591954896506281121,4476,1591954896453787088,,-0.0177599992603
1591954896559348263,4477,1591954896506335973,,-0.0125399995595
1591954896611033879,4478,1591954896558886051,,-0.00679000001401
1591954896714174555,4479,1591954896610776901,,0.000699999975041
1591954896768136674,4480,1591954896713188886,,0.00482999999076
1591954896820669936,4481,1591954896767756938,,0.00295999995433
1591954896873055280,4482,1591954896820317029,,0.0
1591954896925390771,4483,1591954896872711896,,-0.00522000016645
1591954896977239863,4484,1591954896925185918,,-0.00815999973565
1591954897030474896,4485,1591954896977320909,,-0.0052100000903
1591954897082475233,4486,1591954897030131101,,-0.0102399997413
1591954897135342780,4487,1591954897082539081,,-0.0256900005043
1591954897188661482,4488,1591954897135363101,,-0.040759999305
1591954897241800723,4489,1591954897188853025,,-0.055530000478
1591954897295092398,4490,1591954897241867065,,-0.0671499967575
1591954897346258990,4491,1591954897294483900,,-0.0544900000095
1591954897398687678,4492,1591954897346059083,,-0.0395600013435
1591954897451003707,4493,1591954897398353099,,-0.0251100007445
1591954897503531974,4494,1591954897450743913,,-0.0129399998114
1591954897556730424,4495,1591954897503242969,,-0.00246999994852
1591954897608506277,4496,1591954897556902885,,0.0172799993306
1591954897661835785,4497,1591954897608453989,,0.0420200005174
1591954897713242036,4498,1591954897661490917,,0.0640499964356
1591954897765135513,4499,1591954897712966918,,0.0818499997258
1591954897816956446,4500,1591954897765242099,,0.0846399962902
1591954897871128717,4501,1591954897816797018,,0.0614599995315
1591954897973201728,4502,1591954897870755910,,0.0335399992764
1591954898026109640,4503,1591954897973259925,,-0.00121999997646
1591954898078483917,4504,1591954898025763034,,-0.0232999995351
1591954898130937026,4505,1591954898078459024,,-0.0479799993336
1591954898183520432,4506,1591954898130789041,,-0.0717900022864
1591954898235784481,4507,1591954898183180093,,-0.0880400016904
1591954898288431378,4508,1591954898235584974,,-0.0855299979448
1591954898341188178,4509,1591954898288485050,,-0.074019998312
1591954898393613840,4510,1591954898340883970,,-0.0573300011456
1591954898445884010,4511,1591954898393501043,,-0.0348500013351
1591954898548806015,4512,1591954898445933103,,-0.00920999981463
1591954898601439558,4513,1591954898548403024,,0.0293799992651
1591954898654067418,4514,1591954898601632118,,0.0394200012088
1591954898706714049,4515,1591954898654134988,,0.0462099984288
1591954898759533653,4516,1591954898706759929,,0.0560799986124
1591954898811921375,4517,1591954898759241104,,0.0661400035024
1591954898865730768,4518,1591954898811635971,,0.0663100033998
1591954898918624590,4519,1591954898865919113,,0.0611299984157
1591954898973102470,4520,1591954898918525934,,0.050379998982
1591954899025928643,4521,1591954898972923994,,0.0386600010097
1591954899077833292,4522,1591954899025398015,,0.0232999995351
1591954899133819230,4523,1591954899077892065,,0.000939999998081
1591954899186401392,4524,1591954899133481979,,-0.00112999998964
1591954899288343825,4525,1591954899186068058,,0.0046999999322
1591954899340899756,4526,1591954899288408994,,0.00927999988198
1591954899393524395,4527,1591954899340955018,,0.00963000021875
1591954899446119180,4528,1591954899393554925,,0.0116900000721
1591954899499055865,4529,1591954899446225881,,0.00930999964476
1591954899551119313,4530,1591954899498778104,,0.00827000010759
1591954899603945317,4531,1591954899551213979,,0.00535999983549
1591954899655427371,4532,1591954899603529930,,0.00467000016943
1591954899707628948,4533,1591954899655235052,,0.00589000014588
1591954899759593460,4534,1591954899707721948,,-0.00121999997646
1591954899811913614,4535,1591954899759479045,,-0.0216199997813
1591954899864816455,4536,1591954899811961889,,-0.0586399994791
1591954899917547149,4537,1591954899865134954,,-0.0818400010467
1591954899970756937,4538,1591954899917625904,,-0.0969299972057
1591954900022878342,4539,1591954899970830917,,-0.0991199985147
1591954900074992029,4540,1591954900022567987,,-0.0979399979115
1591954900128435818,4541,1591954900075037002,,-0.090870000422
1591954900180699933,4542,1591954900128072023,,-0.0812100023031
1591954900233673339,4543,1591954900180531024,,-0.0668200030923
1591954900285467024,4544,1591954900233170986,,-0.0454800017178
1591954900338794815,4545,1591954900285551071,,-0.020530000329
1591954900391579486,4546,1591954900338730096,,-0.00152000004891
1591954900442921088,4547,1591954900391242980,,0.0106399999931
1591954900497077680,4548,1591954900442742109,,0.0161899998784
1591954900549985728,4549,1591954900497272014,,0.0136799998581
1591954900652023512,4550,1591954900549617052,,0.00569000001997
1591954900704718762,4551,1591954900652152061,,0.00675999978557
1591954900757656374,4552,1591954900704830884,,0.00641999999061
1591954900810225640,4553,1591954900757285118,,0.00815000012517
1591954900914509614,4554,1591954900809889078,,0.0164700001478
1591954900967155079,4555,1591954900914576053,,0.0292499996722
1591954901018560432,4556,1591954900966958999,,0.0493500009179
1591954901123146076,4557,1591954901018420934,,0.0575600005686
1591954901181193165,4558,1591954901120944976,,0.056329999119
1591954901228973682,4559,1591954901176352977,,0.0586099997163
1591954901281208438,4560,1591954901228826045,,0.0639000013471
1591954901334103853,4561,1591954901280829906,,0.0623500011861
1591954901386949722,4562,1591954901334305047,,0.0481400005519
1591954901439711705,4563,1591954901386710882,,0.02208000049
1591954901493373670,4564,1591954901439419031,,-0.0133400000632
1591954901546346809,4565,1591954901493560075,,-0.0587200000882
1591954901598916880,4566,1591954901546025991,,-0.0901499986649
1591954901651537419,4567,1591954901598561048,,-0.0982500016689
1591954901703974617,4568,1591954901651293992,,-0.0765499994159
1591954901756029423,4569,1591954901703664064,,-0.0506299994886
1591954901808709069,4570,1591954901756093978,,-0.0257900003344
1591954901860949928,4571,1591954901808485031,,-0.00264999992214
1591954901966244445,4572,1591954901861013889,,0.0184199996293
1591954902018171164,4573,1591954901965784072,,0.034540001303
1591954902070976899,4574,1591954902018301963,,0.0530299991369
1591954902173679737,4575,1591954902070631980,,0.0752099975944
1591954902226422239,4576,1591954902173276901,,0.0806699991226
1591954902279494573,4577,1591954902225840091,,0.0820999965072
1591954902333065935,4578,1591954902279174089,,0.0504899993539
1591954902386696127,4579,1591954902332801103,,0.0187599994242
1591954902439117587,4580,1591954902386389970,,-0.00951999984682
1591954902492176560,4581,1591954902438792943,,-0.03125
1591954902545071680,4582,1591954902492242097,,-0.0391299985349
1591954902597960411,4583,1591954902544734954,,-0.0243500005454
1591954902650728156,4584,1591954902598145961,,-0.0112100001425
1591954902706638867,4585,1591954902650736093,,-0.00344999996014
1591954902808498362,4586,1591954902706724882,,0.0106899999082
1591954902860263218,4587,1591954902808249950,,0.0135599998757
1591954902912840497,4588,1591954902859904050,,0.0122300004587
1591954902965346944,4589,1591954902912846088,,0.0134500004351
1591954903018430337,4590,1591954902965477943,,0.0172700006515
1591954903071324443,4591,1591954903018127918,,0.0234799999744
1591954903123336319,4592,1591954903071042060,,0.0229800008237
1591954903176268305,4593,1591954903122966051,,0.00571000017226
1591954903228635617,4594,1591954903175973892,,-0.00346000003628
1591954903281013464,4595,1591954903228256940,,-0.00622999994084
1591954903331938731,4596,1591954903280419111,,-0.0108099998906
1591954903384187153,4597,1591954903332165002,,-0.00858999975026
1591954903436668399,4598,1591954903384067058,,0.00668000010774
1591954903539976907,4599,1591954903436403989,,0.0229199994355
1591954903592153053,4600,1591954903539678096,,0.0269900001585
1591954903644206480,4601,1591954903591933012,,0.0271899998188
1591954903695653786,4602,1591954903643908977,,0.0275800004601
1591954903747554979,4603,1591954903695404052,,0.0207899995148
1591954903800084504,4604,1591954903747670888,,0.00822000019252
1591954903852144986,4605,1591954903799737930,,-0.00524999992922
1591954903904858612,4606,1591954903852279901,,-0.0215099994093
1591954903958364153,4607,1591954903904912948,,-0.0445200018585
1591954904009947337,4608,1591954903957588911,,-0.0779400020838
1591954904062586477,4609,1591954904010061979,,-0.109999999404
1591954904114855975,4610,1591954904062650918,,-0.132890000939
1591954904167372688,4611,1591954904114914894,,-0.105169996619
1591954904220365321,4612,1591954904167514085,,-0.0744799971581
1591954904272551001,4613,1591954904220086097,,-0.0465000011027
1591954904325376165,4614,1591954904272593021,,-0.0211500003934
1591954904377871365,4615,1591954904325067043,,-0.00209000008181
1591954904430311937,4616,1591954904377564907,,0.0194199997932
1591954904532290165,4617,1591954904430588006,,0.044509999454
1591954904584826420,4618,1591954904532370090,,0.0622799992561
1591954904636514782,4619,1591954904584878921,,0.0744599997997
1591954904688912855,4620,1591954904636616945,,0.0653299987316
1591954904742742504,4621,1591954904688431024,,0.0188299994916
1591954904844389792,4622,1591954904742420911,,-0.0335699990392
1591954904897121820,4623,1591954904844156980,,-0.0714699998498
1591954904949702532,4624,1591954904896863937,,-0.0900299996138
1591954905002483741,4625,1591954904949285984,,-0.0935600027442
1591954905105983703,4626,1591954905002626895,,-0.0931100025773
1591954905157761384,4627,1591954905105165958,,-0.0753099992871
1591954905209212512,4628,1591954905157476902,,-0.0524699985981
1591954905261027793,4629,1591954905208995103,,-0.0235500000417
1591954905313112756,4630,1591954905260936021,,0.00961000006646
1591954905365563592,4631,1591954905312880992,,0.0417999997735
1591954905416868379,4632,1591954905365333080,,0.0730400010943
1591954905468801638,4633,1591954905416862964,,0.112269997597
1591954905571520245,4634,1591954905468827009,,0.131650000811
1591954905624448023,4635,1591954905571232080,,0.123800002038
1591954905676234394,4636,1591954905624438047,,0.119489997625
1591954905728782521,4637,1591954905675987005,,0.107909999788
1591954905780062485,4638,1591954905728415966,,0.0663800016046
1591954905831751538,4639,1591954905780323982,,0.0343099981546
1591954905934059563,4640,1591954905831835031,,0.00245000002906
1591954905985944955,4641,1591954905934107065,,-0.0360600017011
1591954906037070096,4642,1591954905985640048,,-0.0580400004983
1591954906089784474,4643,1591954906037086963,,-0.072879999876
1591954906142859139,4644,1591954906089945077,,-0.0809800028801
1591954906194283520,4645,1591954906142635107,,-0.0864500030875
1591954906247050462,4646,1591954906194348096,,-0.0752800032496
1591954906299137580,4647,1591954906246704101,,-0.0574700012803
1591954906351576995,4648,1591954906298681974,,-0.0362999998033
1591954906453407292,4649,1591954906351577043,,-0.0190799999982
1591954906506560838,4650,1591954906453633069,,0.00386000005528
1591954906559744573,4651,1591954906507113933,,0.0348999984562
1591954906612501916,4652,1591954906559804916,,0.0437199994922
1591954906663779246,4653,1591954906612145900,,0.0481700003147
1591954906715639396,4654,1591954906663866996,,0.0425099991262
1591954906767320956,4655,1591954906715637922,,0.0247799996287
1591954906820352570,4656,1591954906767425060,,-0.00627999985591
1591954906872642709,4657,1591954906819940090,,-0.0392500013113
1591954906925527526,4658,1591954906872332096,,-0.0648500025272
1591954906977479154,4659,1591954906925256013,,-0.0651900023222
1591954907029070832,4660,1591954906977238893,,-0.0471699982882
1591954907080572201,4661,1591954907028817892,,-0.0320100001991
1591954907131950100,4662,1591954907080406904,,-0.00960000045598
1591954907187858663,4663,1591954907131977081,,0.00903999991715
1591954907239957168,4664,1591954907187191009,,0.0141399996355
1591954907291465846,4665,1591954907239641904,,0.0162199996412
1591954907343747106,4666,1591954907291148900,,0.0156599991024
1591954907395768374,4667,1591954907343592882,,0.0108899995685
1591954907449562203,4668,1591954907395885944,,0.000959999975748
1591954907502765748,4669,1591954907449738979,,-0.0152500001714
1591954907555567951,4670,1591954907502782106,,-0.0256900005043
1591954907607531984,4671,1591954907555247068,,-0.0163400005549
1591954907658867408,4672,1591954907607304096,,-0.00569000001997
1591954907761716843,4673,1591954907658966064,,0.0
1591954907813907360,4674,1591954907761373996,,-0.00400999980047
1591954907865911754,4675,1591954907813555955,,0.00313999992795
1591954907918987711,4676,1591954907865979909,,0.0133999995887
1591954907970702032,4677,1591954907918626070,,0.0293899998069
1591954908022194205,4678,1591954907970444917,,0.0454300008714
1591954908073749400,4679,1591954908021917104,,0.038449998945
1591954908125436028,4680,1591954908073450088,,0.00193000002764
1591954908178151914,4681,1591954908125282049,,-0.0229800008237
1591954908233774925,4682,1591954908178220033,,-0.0338100008667
1591954908290236752,4683,1591954908233431100,,-0.0363800004125
1591954908342014367,4684,1591954908290271997,,-0.0141799999401
1591954908393587212,4685,1591954908341916084,,-0.000950000016019
1591954908445921274,4686,1591954908393362998,,0.0195300001651
1591954908498193616,4687,1591954908445723056,,0.0432600006461
1591954908550555173,4688,1591954908498270988,,0.0661199986935
1591954908602126249,4689,1591954908550616025,,0.0873799994588
1591954908654461019,4690,1591954908602171897,,0.0979700013995
1591954908706304987,4691,1591954908654232978,,0.0858300030231
1591954908758632343,4692,1591954908706042051,,0.0600599981844
1591954908860939268,4693,1591954908758769035,,0.0285500008613
1591954908912780193,4694,1591954908860606908,,-0.0147299999371
1591954908964901242,4695,1591954908912400960,,-0.0362799987197
1591954909017429107,4696,1591954908964957952,,-0.0580799989402
1591954909119361710,4697,1591954909017520904,,-0.0839499980211
1591954909172112807,4698,1591954909119159936,,-0.100819997489
1591954909223355548,4699,1591954909171782016,,-0.113660000265
1591954909275998014,4700,1591954909223398923,,-0.11590000242
1591954909328373808,4701,1591954909275727033,,-0.106679998338
1591954909379573084,4702,1591954909328155040,,-0.0966100022197
1591954909433402214,4703,1591954909379614114,,-0.084399998188
1591954909484566143,4704,1591954909431535959,,-0.070940002799
1591954909536308966,4705,1591954909483506917,,-0.0584799982607
1591954909588990371,4706,1591954909535907983,,-0.046059999615
1591954909640059252,4707,1591954909588455915,,-0.0329300016165
1591954909691780306,4708,1591954909640077114,,-0.0203499998897
1591954909744335366,4709,1591954909691513061,,-0.00808000005782
1591954909796482431,4710,1591954909744003057,,-0.000769999984186
1591954909849178749,4711,1591954909796538114,,-0.000190000006114
1591954909951663595,4712,1591954909849019050,,0.0
1591954910004450907,4713,1591954909951771974,,0.0
1591954910057186361,4714,1591954910004568099,,-0.000169999999343
1591954910109223211,4715,1591954910056896924,,-0.000169999999343
1591954910211253484,4716,1591954910108931064,,-0.000169999999343
1591954910263206619,4717,1591954910210977077,,-0.000159999995958
1591954910315281152,4718,1591954910262912034,,-0.000159999995958
1591954910368108965,4719,1591954910315349102,,0.0
1591954910420516778,4720,1591954910367872953,,-0.000159999995958
1591954910473184650,4721,1591954910420537948,,0.0
1591954910525111003,4722,1591954910472868919,,-0.000159999995958
1591954910577637705,4723,1591954910525239944,,-0.000169999999343
1591954910630028531,4724,1591954910577688932,,0.0
1591954910682053101,4725,1591954910630182027,,0.0
1591954910733519903,4726,1591954910681963920,,0.0
1591954910835609610,4727,1591954910733603000,,0.0
1591954910887668135,4728,1591954910835648059,,0.0
1591954910940114688,4729,1591954910887336015,,0.0
1591954910993119481,4730,1591954910939814090,,0.0
1591954911046316699,4731,1591954910992685079,,0.0
1591954911098688793,4732,1591954911046000003,,0.0
1591954911151666036,4733,1591954911098371028,,0.0
1591954911203665100,4734,1591954911151285886,,0.0
1591954911256192091,4735,1591954911203743934,,0.0
1591954911308993391,4736,1591954911256300926,,0.0
1591954911361339854,4737,1591954911308619976,,0.0
1591954911413797836,4738,1591954911361452102,,0.0
1591954911466442177,4739,1591954911413872003,,0.0
1591954911570888217,4740,1591954911466506958,,0.000190000006114
1591954911623820589,4741,1591954911570921897,,0.0
1591954911675654784,4742,1591954911623572111,,0.0
1591954911777877554,4743,1591954911675431013,,0.0
1591954911833467683,4744,1591954911777451038,,0.0
1591954911881717667,4745,1591954911829744100,,0.0
1591954911934395443,4746,1591954911881768941,,0.0
1591954911987338826,4747,1591954911934478044,,0.0
1591954912040270787,4748,1591954911987024068,,0.0
1591954912093137656,4749,1591954912040344953,,0.0
1591954912145722509,4750,1591954912092802047,,-0.000159999995958
1591954912197836811,4751,1591954912145400047,,0.0
1591954912250391116,4752,1591954912197909116,,0.0
1591954912305190296,4753,1591954912250488996,,0.0
1591954912357387152,4754,1591954912304755926,,0.0
1591954912410372513,4755,1591954912357160091,,0.0
1591954912464436610,4756,1591954912410146951,,0.0
1591954912516230106,4757,1591954912464380025,,0.000190000006114
1591954912568360411,4758,1591954912515996932,,0.0
1591954912620623379,4759,1591954912567958116,,0.0
1591954912723555219,4760,1591954912620654106,,0.0
1591954912776027069,4761,1591954912723201036,,0.0
1591954912829085267,4762,1591954912775680065,,0.0
