%time,field.header.seq,field.header.stamp,field.header.frame_id,field.value
1573193726420162171,219,1573193726365777969,,50.0
1573193726474695486,220,1573193726419922113,,50.0
1573193726529232137,221,1573193726474467039,,50.0
1573193726582549922,222,1573193726528672933,,50.0
1573193726686163567,223,1573193726582515954,,50.0
1573193726739253589,224,1573193726685760974,,50.0
1573193726794084262,225,1573193726739018917,,50.0
1573193726898496045,226,1573193726794033050,,50.0
1573193726952147612,227,1573193726897954940,,50.0
1573193727007073311,228,1573193726951946020,,50.0
1573193727059785779,229,1573193727005247116,,50.0
1573193727114125219,230,1573193727059274911,,50.0
1573193727167820386,231,1573193727113249063,,50.0
1573193727220731244,232,1573193727167556047,,50.0
1573193727274822733,233,1573193727220423936,,50.0
1573193727328647434,234,1573193727274714946,,50.0
1573193727381590605,235,1573193727328098058,,50.0
1573193727434783773,236,1573193727380542993,,50.0
1573193727487177755,237,1573193727434597969,,50.0
1573193727541682125,238,1573193727486795902,,50.0
1573193727593543149,239,1573193727540081977,,50.0
1573193727647902402,240,1573193727593379974,,50.0
1573193727751886542,241,1573193727647492885,,50.0
1573193727806119085,242,1573193727751416921,,50.0
1573193727859191055,243,1573193727804950952,,50.0
1573193727914437438,244,1573193727858711004,,50.0
1573193727970085608,245,1573193727913583993,,50.0
1573193728023784118,246,1573193727969535112,,50.0
1573193728078899517,247,1573193728023588895,,50.0
1573193728134419625,248,1573193728078569889,,50.0
1573193728239045502,249,1573193728134287118,,50.0
1573193728292706004,250,1573193728238061904,,50.0
1573193728347037698,251,1573193728292510032,,50.0
1573193728400280831,252,1573193728346709966,,50.0
1573193728454552763,253,1573193728399992942,,50.0
1573193728510653923,254,1573193728456320047,,50.0
1573193728565044531,255,1573193728510013103,,50.0
1573193728619254241,256,1573193728564758062,,50.0
1573193728673381179,257,1573193728618797063,,50.0
1573193728726177810,258,1573193728672836065,,50.0
1573193728780525322,259,1573193728725770950,,50.0
1573193728834024307,260,1573193728779881000,,50.0
1573193728886240057,261,1573193728833702087,,50.0
1573193728989918664,262,1573193728886015892,,50.0
1573193729043538709,263,1573193728989295959,,50.0
1573193729097950045,264,1573193729043459892,,50.0
1573193729152066169,265,1573193729097111940,,50.0
1573193729505072608,266,1573193729151782989,,50.0
1573193729559716545,267,1573193729505578041,,50.0
1573193729612454073,268,1573193729559544086,,50.0
1573193729666760003,269,1573193729612119913,,50.0
1573193729720922358,270,1573193729666071891,,50.0
1573193729773167133,271,1573193729719599962,,50.0
1573193729825849345,272,1573193729772638082,,50.0
1573193729880523181,273,1573193729825495958,,50.0
1573193729933868794,274,1573193729880311965,,50.0
1573193729986395206,275,1573193729933151960,,50.0
1573193730040665045,276,1573193729986223936,,50.0
1573193730094657635,277,1573193730040291070,,50.0
1573193730197759956,278,1573193730094214916,,50.0
1573193730250991864,279,1573193730196815967,,50.0
1573193730304749029,280,1573193730250623941,,50.0
1573193730358468526,281,1573193730304301023,,50.0
1573193730414543091,282,1573193730357999086,,50.0
1573193730466487689,283,1573193730413134098,,50.0
1573193730519810343,284,1573193730466583013,,50.0
1573193730574885301,285,1573193730519468069,,50.0
1573193730627923619,286,1573193730573419094,,50.0
1573193730682494175,287,1573193730628010988,,50.0
1573193730784924099,288,1573193730682066917,,50.0
1573193730839568239,289,1573193730784666061,,50.0
1573193730893127548,290,1573193730838138103,,50.0
1573193730947111817,291,1573193730892733097,,50.0
1573193731050326531,292,1573193730946904897,,50.0
1573193731104019283,293,1573193731049859046,,50.0
1573193731157612633,294,1573193731103449106,,50.0
1573193731212434497,295,1573193731157460927,,50.0
1573193731268240108,296,1573193731212292909,,50.0
1573193731321179383,297,1573193731266772031,,50.0
1573193731374779079,298,1573193731320447921,,50.0
1573193731428666995,299,1573193731374239921,,50.0
1573193731482394063,300,1573193731428189039,,50.0
1573193731536500117,301,1573193731482028961,,50.0
1573193731591218178,302,1573193731536411046,,50.0
1573193731643482017,303,1573193731590356111,,50.0
1573193731696798300,304,1573193731643313884,,50.0
1573193731751467024,305,1573193731696068048,,50.0
1573193731805143314,306,1573193731750895023,,50.0
1573193731859092367,307,1573193731804817914,,50.0
1573193731963176031,308,1573193731858721017,,50.0
1573193732015418129,309,1573193731963031053,,50.0
1573193732069621009,310,1573193732015223026,,50.0
1573193732123307436,311,1573193732069039106,,50.0
1573193732177584183,312,1573193732122726917,,50.0
1573193732231002659,313,1573193732176995992,,50.0
1573193732285559334,314,1573193732231086015,,50.0
1573193732337326711,315,1573193732284929990,,50.0
1573193732390582794,316,1573193732337039947,,50.0
1573193732444612564,317,1573193732390381097,,50.0
1573193732497135409,318,1573193732444098949,,50.0
1573193732550375608,319,1573193732496311902,,50.0
1573193732602234398,320,1573193732549945116,,50.0
1573193732656403136,321,1573193732601866960,,50.0
1573193732710019607,322,1573193732655677080,,50.0
1573193732765460154,323,1573193732709851026,,50.0
1573193732819954564,324,1573193732765748023,,50.0
1573193732873901788,325,1573193732819628000,,50.0
1573193732927923660,326,1573193732873466968,,50.0
1573193732981634427,327,1573193732927352905,,50.0
1573193733035879389,328,1573193732981178045,,50.0
1573193733089454184,329,1573193733035263061,,50.0
1573193733143817317,330,1573193733089273929,,50.0
1573193733197941234,331,1573193733143500089,,50.0
1573193733253721865,332,1573193733197520017,,50.0
1573193733307489301,333,1573193733253154993,,50.0
1573193733360404592,334,1573193733307159900,,50.0
1573193733414497297,335,1573193733360052108,,50.0
1573193733518382072,336,1573193733414132118,,50.0
1573193733573029097,337,1573193733518488883,,50.0
1573193733627277104,338,1573193733572832107,,50.0
1573193733680668433,339,1573193733626682043,,50.0
1573193733785287743,340,1573193733680553913,,50.0
1573193733840417200,341,1573193733785685062,,50.0
1573193733894321343,342,1573193733839979887,,50.0
1573193733999259880,343,1573193733894393920,,50.0
1573193734053484873,344,1573193733998564004,,50.0
1573193734107451481,345,1573193734052386999,,50.0
1573193734161388202,346,1573193734106168985,,50.0
1573193734215966587,347,1573193734160729885,,50.0
1573193734269258592,348,1573193734214701890,,50.0
1573193734321844210,349,1573193734268688917,,50.0
1573193734375752559,350,1573193734321677923,,50.0
1573193734428100766,351,1573193734375029087,,50.0
1573193734529295537,352,1573193734427440881,,50.0
1573193734584809617,353,1573193734529172897,,50.0
1573193734640350135,354,1573193734585081100,,50.0
1573193734695797247,355,1573193734640214920,,50.0
1573193734750189624,356,1573193734695676088,,50.0
1573193734804928047,357,1573193734749592065,,50.0
1573193734859123559,358,1573193734804972887,,50.0
1573193734913492964,359,1573193734858825922,,50.0
1573193734967133696,360,1573193734912863969,,50.0
1573193735071937865,361,1573193734966815948,,50.0
1573193735125898731,362,1573193735071480989,,50.0
1573193735179874684,363,1573193735125222921,,50.0
1573193735232023657,364,1573193735179452896,,50.0
1573193735287184151,365,1573193735231731891,,50.0
1573193735340813052,366,1573193735285461902,,50.0
1573193735394141167,367,1573193735340361118,,50.0
1573193735448662849,368,1573193735394112110,,50.0
1573193735502741910,369,1573193735448308944,,50.0
1573193735558747716,370,1573193735502350091,,50.0
1573193735612546528,371,1573193735558938026,,50.0
1573193735666532755,372,1573193735612118005,,50.0
1573193735720945233,373,1573193735666143894,,50.0
1573193735823767530,374,1573193735720758914,,50.0
1573193735878856738,375,1573193735823708057,,50.0
1573193735932972304,376,1573193735878576993,,50.0
1573193735984733366,377,1573193735932415008,,50.0
1573193736087581939,378,1573193735984359025,,50.0
1573193736191655303,379,1573193736087105989,,50.0
1573193736245469635,380,1573193736191266059,,50.0
1573193736299740171,381,1573193736245393037,,50.0
1573193736404040106,382,1573193736299608945,,50.0
1573193736456977646,383,1573193736403295040,,50.0
1573193736510735674,384,1573193736456823110,,50.0
1573193736564908711,385,1573193736510341882,,50.0
1573193736617343396,386,1573193736564193010,,50.0
1573193736721857473,387,1573193736617206096,,50.0
1573193736775516422,388,1573193736720949888,,50.0
1573193736829635201,389,1573193736774996042,,50.0
1573193736934047524,390,1573193736829206943,,50.0
1573193736986437303,391,1573193736933264970,,50.0
1573193737040409777,392,1573193736986243009,,50.0
1573193737095546429,393,1573193737040052890,,50.0
1573193737149372484,394,1573193737095077991,,50.0
1573193737203902429,395,1573193737148991107,,50.0
1573193737257015761,396,1573193737202516078,,50.0
1573193737311139650,397,1573193737256937980,,50.0
1573193737364477888,398,1573193737310770988,,50.0
1573193737467888595,399,1573193737363369941,,50.0
1573193737571862443,400,1573193737467122077,,50.0
1573193737626150525,401,1573193737571593999,,50.0
1573193737680737497,402,1573193737626044034,,50.0
1573193737734566406,403,1573193737680378913,,50.0
1573193737790470741,404,1573193737734499931,,50.0
1573193737843215376,405,1573193737790080070,,50.0
1573193737897766488,406,1573193737842911958,,50.0
1573193737950991313,407,1573193737896303892,,50.0
1573193738055476472,408,1573193737950361967,,50.0
1573193738108147460,409,1573193738054894924,,50.0
1573193738161765490,410,1573193738107815027,,50.0
1573193738216870214,411,1573193738161428928,,50.0
1573193738270792299,412,1573193738216418027,,50.0
1573193738376017528,413,1573193738270245075,,50.0
1573193738429770893,414,1573193738375355958,,50.0
1573193738483268629,415,1573193738428729057,,50.0
1573193738537272947,416,1573193738482917070,,50.0
1573193738591914911,417,1573193738536742925,,50.0
1573193738644643176,418,1573193738591357946,,50.0
1573193738698829585,419,1573193738644294977,,50.0
1573193738751009502,420,1573193738698316097,,50.0
1573193738805324434,421,1573193738750618934,,50.0
1573193738858738286,422,1573193738804075956,,50.0
1573193738913074886,423,1573193738858542919,,50.0
1573193738964906942,424,1573193738912430047,,50.0
1573193739018799917,425,1573193738964598894,,50.0
1573193739071149623,426,1573193739018450975,,50.0
1573193739126404781,427,1573193739070554018,,50.0
1573193739181302426,428,1573193739125735044,,50.0
1573193739233277787,429,1573193739179949998,,50.0
1573193739287990952,430,1573193739232856035,,50.0
1573193739341250428,431,1573193739286514043,,50.0
1573193739395194823,432,1573193739340917110,,50.0
1573193739448381136,433,1573193739394898891,,50.0
1573193739502460914,434,1573193739447885036,,50.0
1573193739556920180,435,1573193739502485990,,50.0
1573193739609906271,436,1573193739556799888,,50.0
1573193739661767270,437,1573193739609524965,,50.0
1573193739715939566,438,1573193739661566019,,50.0
1573193739769063604,439,1573193739715450048,,50.0
1573193739823214180,440,1573193739768088102,,50.0
1573193739925960012,441,1573193739821582078,,50.0
1573193739981426851,442,1573193739925703048,,50.0
1573193740036472915,443,1573193739980691909,,50.0
1573193740090049186,444,1573193740035737037,,50.0
1573193740144580773,445,1573193740089919090,,50.0
1573193740199883849,446,1573193740144104957,,50.0
1573193740252724117,447,1573193740199369907,,50.0
1573193740305878701,448,1573193740252243041,,50.0
1573193740359754499,449,1573193740305293083,,50.0
1573193740464187662,450,1573193740359422922,,50.0
1573193740518255360,451,1573193740463624954,,50.0
1573193740571280327,452,1573193740517740011,,50.0
1573193740625277311,453,1573193740570810079,,50.0
1573193740679730954,454,1573193740624731063,,50.0
1573193740783849804,455,1573193740678962945,,50.0
1573193740836083803,456,1573193740782671928,,50.0
1573193740890438805,457,1573193740835946083,,50.0
1573193740943908919,458,1573193740889475107,,50.0
1573193740999107654,459,1573193740943536996,,50.0
1573193741053959787,460,1573193740999677896,,50.0
1573193741107817906,461,1573193741053400039,,50.0
1573193741162333131,462,1573193741107403039,,50.0
1573193741215326382,463,1573193741161181926,,50.0
1573193741269501124,464,1573193741214979887,,50.0
1573193741322951488,465,1573193741268948078,,50.0
1573193741377230361,466,1573193741322875022,,50.0
1573193741480971459,467,1573193741376794099,,50.0
1573193741535257900,468,1573193741480577945,,50.0
1573193741588223761,469,1573193741534761905,,50.0
1573193741640755196,470,1573193741587810993,,50.0
1573193741694759421,471,1573193741640574932,,50.0
1573193741747979421,472,1573193741694514989,,50.0
1573193741852288006,473,1573193741747643947,,50.0
1573193741907349881,474,1573193741852027893,,50.0
1573193741962662872,475,1573193741907176971,,50.0
1573193742065122948,476,1573193741961020946,,50.0
1573193742118908186,477,1573193742064683914,,50.0
1573193742172641945,478,1573193742118700981,,50.0
1573193742227702213,479,1573193742172452926,,50.0
1573193742281141362,480,1573193742226344108,,50.0
1573193742334882268,481,1573193742280543088,,50.0
1573193742388264132,482,1573193742335244894,,50.0
1573193742439947803,483,1573193742387511968,,50.0
1573193742494020002,484,1573193742439776897,,50.0
1573193742597247317,485,1573193742493603944,,50.0
1573193742651451982,486,1573193742597330093,,50.0
1573193742706486583,487,1573193742651055097,,50.0
1573193742759762924,488,1573193742704931020,,50.0
1573193742813757586,489,1573193742758686065,,50.0
1573193742868407547,490,1573193742813112020,,50.0
1573193742923432189,491,1573193742867646932,,50.0
1573193742976317710,492,1573193742922095060,,50.0
1573193743030175825,493,1573193742976031064,,50.0
1573193743084444930,494,1573193743029908895,,50.0
1573193743140312655,495,1573193743084233999,,50.0
1573193743193290895,496,1573193743139256000,,50.0
1573193743245552569,497,1573193743192293882,,50.0
1573193743299603313,498,1573193743245249032,,50.0
1573193743353120158,499,1573193743298902988,,50.0
1573193743406832221,500,1573193743352883100,,50.0
1573193743461201768,501,1573193743406689882,,50.0
1573193743514462376,502,1573193743460505962,,50.0
1573193743568455843,503,1573193743514177083,,50.0
1573193743671552564,504,1573193743568288087,,50.0
1573193743775653382,505,1573193743671505928,,50.0
1573193743830310678,506,1573193743775222063,,50.0
1573193743883551647,507,1573193743829138040,,50.0
1573193743937656230,508,1573193743883529901,,50.0
1573193743990617511,509,1573193743937282085,,50.0
1573193744044769139,510,1573193743990271091,,50.0
1573193744099127038,511,1573193744044404983,,50.0
1573193744152811290,512,1573193744099107980,,50.0
1573193744206454845,513,1573193744152703046,,50.0
1573193744260648557,514,1573193744206268072,,50.0
1573193744314704976,515,1573193744260274887,,50.0
1573193744366900454,516,1573193744314244985,,50.0
1573193744420947293,517,1573193744366784095,,50.0
1573193744473868662,518,1573193744420671939,,50.0
1573193744527847212,519,1573193744473627090,,50.0
1573193744579766022,520,1573193744527153015,,50.0
1573193744634347090,521,1573193744579499006,,50.0
1573193744686168719,522,1573193744633244991,,50.0
1573193744739782566,523,1573193744685241937,,50.0
1573193744791587769,524,1573193744739332914,,50.0
1573193744843654891,525,1573193744791281938,,50.0
1573193744896422370,526,1573193744843337059,,50.0
1573193744949573006,527,1573193744896122932,,50.0
1573193745002621618,528,1573193744949232101,,50.0
1573193745056988995,529,1573193745002068042,,50.0
1573193745158537208,530,1573193745056140899,,50.0
1573193745212458288,531,1573193745158152103,,50.0
1573193745266121944,532,1573193745211916923,,50.0
1573193745320000396,533,1573193745265422105,,50.0
1573193745422581509,534,1573193745319509029,,50.0
1573193745475647306,535,1573193745422473907,,50.0
1573193745529922567,536,1573193745475336074,,50.0
1573193745583859827,537,1573193745529427051,,50.0
1573193745636691482,538,1573193745583595991,,50.0
1573193745691198107,539,1573193745636251926,,50.0
1573193745744373686,540,1573193745690849065,,50.0
1573193745796312879,541,1573193745743974924,,50.0
1573193745850457748,542,1573193745796113967,,50.0
1573193745904497551,543,1573193745850146055,,50.0
1573193746008243844,544,1573193745904158115,,50.0
1573193746062197030,545,1573193746007924079,,50.0
1573193746114942707,546,1573193746061589956,,50.0
1573193746219146996,547,1573193746114886999,,50.0
1573193746271801156,548,1573193746218676090,,50.0
1573193746326610075,549,1573193746271526098,,50.0
1573193746379661039,550,1573193746325218915,,50.0
1573193746434005494,551,1573193746379300117,,50.0
1573193746537743453,552,1573193746433351039,,50.0
1573193746592547346,553,1573193746537681102,,50.0
1573193746644630015,554,1573193746591239929,,50.0
1573193746698365704,555,1573193746644136905,,50.0
1573193746802626996,556,1573193746697972059,,50.0
1573193746856628192,557,1573193746802283048,,50.0
1573193746910844220,558,1573193746856482028,,50.0
1573193746965121651,559,1573193746910500049,,50.0
1573193747069118982,560,1573193746964631080,,50.0
1573193747121524408,561,1573193747068957090,,50.0
1573193747174890778,562,1573193747121124982,,50.0
1573193747279194797,563,1573193747174300909,,50.0
1573193747332009598,564,1573193747278790950,,50.0
1573193747386049763,565,1573193747331912994,,50.0
1573193747439954914,566,1573193747385274887,,50.0
1573193747494011482,567,1573193747439713001,,50.0
1573193747549639914,568,1573193747493432044,,50.0
1573193747602235050,569,1573193747549004077,,50.0
1573193747656786449,570,1573193747602036952,,50.0
1573193747709947794,571,1573193747655678033,,50.0
1573193747816358600,572,1573193747709490060,,50.0
1573193747868585608,573,1573193747815380096,,50.0
1573193747922758962,574,1573193747868565082,,50.0
1573193747977665941,575,1573193747922178030,,50.0
1573193748029420328,576,1573193747975981950,,50.0
1573193748083199630,577,1573193748029032945,,50.0
1573193748135514399,578,1573193748082690000,,50.0
1573193748189492291,579,1573193748135015964,,50.0
1573193748243021576,580,1573193748189440011,,50.0
1573193748299398335,581,1573193748242238998,,50.0
1573193748352472293,582,1573193748299292087,,50.0
1573193748406632632,583,1573193748352251052,,50.0
1573193748461073157,584,1573193748406294107,,50.0
1573193748565179746,585,1573193748460627079,,50.0
1573193748618094245,586,1573193748564867019,,50.0
1573193748672293444,587,1573193748617607116,,50.0
1573193748726141174,588,1573193748671880960,,50.0
1573193748778956531,589,1573193748725709915,,50.0
1573193748882626376,590,1573193748778616905,,50.0
1573193748935437250,591,1573193748882503032,,50.0
1573193748989638109,592,1573193748935316085,,50.0
1573193749043509266,593,1573193748989181995,,50.0
1573193749098618220,594,1573193749043531894,,50.0
1573193749153305702,595,1573193749098046064,,50.0
1573193749207067654,596,1573193749152884006,,50.0
1573193749259644684,597,1573193749206756114,,50.0
1573193749312795048,598,1573193749259363889,,50.0
1573193749366492661,599,1573193749312246084,,50.0
1573193749421276090,600,1573193749366120100,,50.0
1573193749475214926,601,1573193749420555114,,50.0
1573193749529404909,602,1573193749474987983,,50.0
1573193749582707175,603,1573193749528790950,,50.0
1573193749688060815,604,1573193749582828044,,50.0
1573193749743022128,605,1573193749687829017,,50.0
1573193749795925481,606,1573193749741612911,,50.0
1573193749899666782,607,1573193749795388936,,50.0
1573193749952621341,608,1573193749899183034,,50.0
1573193750005299423,609,1573193749952090024,,50.0
1573193750059359647,610,1573193750004921913,,50.0
1573193750113531574,611,1573193750059062004,,50.0
1573193750216378496,612,1573193750113446950,,50.0
1573193750269277954,613,1573193750216242074,,50.0
1573193750323175004,614,1573193750268904924,,50.0
1573193750424542911,615,1573193750322643995,,50.0
1573193750480249373,616,1573193750424392938,,50.0
1573193750536206739,617,1573193750480267047,,50.0
1573193750589939560,618,1573193750535571098,,50.0
1573193750644144819,619,1573193750589646100,,50.0
1573193750746369200,620,1573193750643830060,,50.0
1573193750799190397,621,1573193750746215105,,50.0
1573193750853466034,622,1573193750799079895,,50.0
1573193750907022561,623,1573193750853140115,,50.0
1573193750962408617,624,1573193750906708955,,50.0
1573193751016378863,625,1573193750961832046,,50.0
1573193751069145075,626,1573193751015963077,,50.0
1573193751123782915,627,1573193751068834066,,50.0
1573193751225775798,628,1573193751123267889,,50.0
1573193751279463223,629,1573193751225080966,,50.0
1573193751332339701,630,1573193751279011964,,50.0
1573193751384897289,631,1573193751332174062,,50.0
1573193751437592322,632,1573193751384514093,,50.0
1573193751490302134,633,1573193751437103033,,50.0
1573193751544889331,634,1573193751490076065,,50.0
1573193751599549671,635,1573193751544162034,,50.0
1573193751654951614,636,1573193751599540948,,50.0
1573193751708132116,637,1573193751654858112,,50.0
1573193751760953868,638,1573193751707922935,,50.0
1573193751814923900,639,1573193751760760068,,50.0
1573193751868790695,640,1573193751814496040,,50.0
1573193751970936755,641,1573193751868295907,,50.0
1573193752024645256,642,1573193751970612049,,50.0
1573193752078985448,643,1573193752024133920,,50.0
1573193752132113287,644,1573193752077699899,,50.0
1573193752186769350,645,1573193752131706953,,50.0
1573193752239495805,646,1573193752185456991,,50.0
1573193752294642216,647,1573193752239643096,,50.0
1573193752347932335,648,1573193752293284893,,50.0
1573193752401959593,649,1573193752347649097,,50.0
1573193752456011660,650,1573193752401531934,,50.0
1573193752558483125,651,1573193752455526113,,50.0
1573193752612328939,652,1573193752558460950,,50.0
1573193752666794461,653,1573193752611835002,,50.0
1573193752718414632,654,1573193752665891885,,50.0
1573193752772673461,655,1573193752718225955,,50.0
1573193752824903473,656,1573193752772370100,,50.0
1573193752880373792,657,1573193752824537038,,50.0
1573193752932814081,658,1573193752879441022,,50.0
1573193752987500200,659,1573193752932734012,,50.0
1573193753091051990,660,1573193752986953020,,50.0
1573193753144903184,661,1573193753090651988,,50.0
1573193753199325924,662,1573193753144480943,,50.0
1573193753254033814,663,1573193753199053049,,50.0
1573193753308499848,664,1573193753253278970,,50.0
1573193753360855900,665,1573193753307683944,,50.0
1573193753414691683,666,1573193753360738039,,50.0
1573193753469032133,667,1573193753414716005,,50.0
1573193753523823415,668,1573193753468949079,,50.0
1573193753578952334,669,1573193753523166894,,50.0
1573193753633625498,670,1573193753578660964,,50.0
1573193753688160199,671,1573193753633776903,,50.0
1573193753741671997,672,1573193753687621116,,50.0
1573193753794735586,673,1573193753740587949,,50.0
1573193753848420706,674,1573193753794153928,,50.0
1573193753903301244,675,1573193753848212003,,50.0
1573193753957105522,676,1573193753902930974,,50.0
1573193754011294083,677,1573193753957025051,,50.0
1573193754065172975,678,1573193754010901927,,50.0
1573193754118462727,679,1573193754064841032,,50.0
1573193754171638685,680,1573193754117214918,,50.0
1573193754224222425,681,1573193754170970916,,50.0
1573193754277090164,682,1573193754223681926,,50.0
1573193754330887530,683,1573193754276689052,,50.0
1573193754386573202,684,1573193754330542087,,50.0
1573193754441605482,685,1573193754385994911,,50.0
1573193754495711571,686,1573193754439829111,,50.0
1573193754549618721,687,1573193754494966030,,50.0
1573193754604219485,688,1573193754549442052,,50.0
1573193754657672704,689,1573193754603456974,,50.0
1573193754712306075,690,1573193754657288074,,50.0
1573193754767831547,691,1573193754711746931,,50.0
1573193754820528368,692,1573193754767545938,,50.0
1573193754924219407,693,1573193754819715976,,50.0
1573193754978521645,694,1573193754924012899,,50.0
1573193755032372382,695,1573193754978118896,,50.0
1573193755137436945,696,1573193755031538009,,50.0
1573193755191884297,697,1573193755137214899,,50.0
1573193755246371880,698,1573193755191328048,,50.0
1573193755300241890,699,1573193755245696067,,50.0
1573193755354505990,700,1573193755299503087,,50.0
1573193755408177821,701,1573193755353682994,,50.0
1573193755464093208,702,1573193755407759904,,50.0
1573193755516877504,703,1573193755462229967,,50.0
1573193755570691466,704,1573193755516165018,,50.0
1573193755674412533,705,1573193755569941997,,50.0
1573193755729485091,706,1573193755674011945,,50.0
1573193755785131559,707,1573193755729465007,,50.0
1573193755890043883,708,1573193755784902095,,50.0
1573193755944072425,709,1573193755889743089,,50.0
1573193755997897461,710,1573193755943489074,,50.0
1573193756051855684,711,1573193755997416973,,50.0
1573193756105688089,712,1573193756051249980,,50.0
1573193756160384642,713,1573193756105545043,,50.0
1573193756216254558,714,1573193756161457061,,50.0
1573193756269273110,715,1573193756215364933,,50.0
1573193756321448640,716,1573193756268130064,,50.0
1573193756423631457,717,1573193756321016073,,50.0
1573193756528293370,718,1573193756423409938,,50.0
1573193756582343891,719,1573193756527743101,,50.0
1573193756635636830,720,1573193756582035064,,50.0
1573193756742406503,721,1573193756635221004,,50.0
1573193756795241513,722,1573193756740634918,,50.0
1573193756849313269,723,1573193756794751882,,50.0
1573193756903476754,724,1573193756848680973,,50.0
1573193756958585121,725,1573193756903017044,,50.0
1573193757062291820,726,1573193756958075046,,50.0
1573193757116202488,727,1573193757061897993,,50.0
1573193757169991794,728,1573193757115753889,,50.0
1573193757224712111,729,1573193757169857025,,50.0
1573193757328017794,730,1573193757223542928,,50.0
1573193757382173132,731,1573193757327647924,,50.0
1573193757434676753,732,1573193757381443023,,50.0
1573193757488105863,733,1573193757433691978,,50.0
1573193757542849706,734,1573193757487489938,,50.0
1573193757596583946,735,1573193757541589975,,50.0
1573193757650470258,736,1573193757596009969,,50.0
1573193757706442316,737,1573193757649686098,,50.0
1573193757811365191,738,1573193757704814910,,50.0
1573193757865219485,739,1573193757811383962,,50.0
1573193757918534839,740,1573193757864589929,,50.0
1573193757972765428,741,1573193757918262004,,50.0
1573193758026373369,742,1573193757972182989,,50.0
1573193758031734265,743,1573193758025599002,,50.0
1573193758086357081,744,1573193758031307935,,50.0
1573193758140676434,745,1573193758085582971,,50.0
1573193758192793492,746,1573193758139442920,,50.0
1573193758296416767,747,1573193758192214965,,50.0
1573193758348726698,748,1573193758295937061,,50.0
1573193758403083991,749,1573193758348397970,,50.0
1573193758454967481,750,1573193758401946067,,50.0
1573193758508559891,751,1573193758454972982,,50.0
1573193758562832342,752,1573193758507992029,,50.0
1573193758617547405,753,1573193758562336921,,50.0
1573193758670521306,754,1573193758616230964,,50.0
1573193758724268983,755,1573193758670139074,,50.0
1573193758829310312,756,1573193758724133014,,50.0
1573193758884756055,757,1573193758828108072,,50.0
1573193758937617440,758,1573193758882817983,,50.0
1573193758991408121,759,1573193758936899900,,50.0
1573193759044304415,760,1573193758991123914,,50.0
1573193759098152711,761,1573193759044182062,,50.0
1573193759149514879,762,1573193759097058057,,50.0
1573193759202863826,763,1573193759148890018,,50.0
1573193759255867202,764,1573193759201890945,,50.0
1573193759358561580,765,1573193759255518913,,50.0
1573193759411707168,766,1573193759358266115,,50.0
1573193759465317569,767,1573193759411142110,,50.0
1573193759518049066,768,1573193759464958906,,50.0
1573193759622228240,769,1573193759517462015,,50.0
1573193759674865661,770,1573193759621401071,,50.0
1573193759729129330,771,1573193759674628019,,50.0
1573193759781750875,772,1573193759728466987,,50.0
1573193759833874299,773,1573193759781271934,,50.0
1573193759940441790,774,1573193759833399057,,50.0
1573193759991826339,775,1573193759939043045,,50.0
1573193760044544253,776,1573193759991424083,,50.0
1573193760098503659,777,1573193760044235944,,50.0
1573193760152882340,778,1573193760098221063,,50.0
1573193760208156785,779,1573193760151746988,,50.0
1573193760259922156,780,1573193760206780910,,50.0
1573193760314189812,781,1573193760259689092,,50.0
1573193760368326137,782,1573193760313416957,,50.0
1573193760470766734,783,1573193760367724895,,50.0
1573193760525536947,784,1573193760470740079,,50.0
1573193760579964442,785,1573193760525383949,,50.0
1573193760634112032,786,1573193760579430103,,50.0
1573193760740010673,787,1573193760633857011,,50.0
1573193760792760567,788,1573193760738400936,,50.0
1573193760844794903,789,1573193760792478084,,50.0
1573193760898390243,790,1573193760844455957,,50.0
1573193761001285560,791,1573193760898345947,,50.0
1573193761054119063,792,1573193761000941991,,50.0
1573193761109226896,793,1573193761054059982,,50.0
1573193761162340634,794,1573193761107876062,,50.0
1573193761266809157,795,1573193761161658048,,50.0
1573193761320525817,796,1573193761266098022,,50.0
1573193761374848242,797,1573193761320076942,,50.0
1573193761428661708,798,1573193761374255895,,50.0
1573193761483628860,799,1573193761428359031,,50.0
1573193761537606176,800,1573193761483319044,,50.0
1573193761592090440,801,1573193761537394046,,50.0
1573193761694676482,802,1573193761591474056,,50.0
1573193761748428299,803,1573193761694248914,,50.0
1573193761800235679,804,1573193761748121023,,50.0
1573193761852947830,805,1573193761799942016,,50.0
1573193761906024600,806,1573193761852741956,,50.0
1573193761959419060,807,1573193761905148983,,50.0
1573193762011523601,808,1573193761958848953,,50.0
1573193762065568716,809,1573193762011333942,,50.0
1573193762118089507,810,1573193762065399885,,50.0
1573193762172115246,811,1573193762117496013,,50.0
1573193762225902550,812,1573193762171196937,,50.0
1573193762279483005,813,1573193762225339889,,50.0
1573193762333224568,814,1573193762278855085,,50.0
1573193762388097064,815,1573193762332914113,,50.0
1573193762441314264,816,1573193762386713027,,50.0
1573193762545901131,817,1573193762440833091,,50.0
1573193762601779490,818,1573193762546824932,,50.0
1573193762653689393,819,1573193762600306987,,50.0
1573193762707422828,820,1573193762653414011,,50.0
1573193762761479582,821,1573193762707070112,,50.0
1573193762815915755,822,1573193762761126995,,50.0
1573193762869976810,823,1573193762815213918,,50.0
1573193762923936786,824,1573193762869440078,,50.0
1573193763029026517,825,1573193762923528909,,50.0
1573193763082087360,826,1573193763028533935,,50.0
1573193763136052326,827,1573193763081643104,,50.0
1573193763190421472,828,1573193763135673999,,50.0
1573193763244179863,829,1573193763189954996,,50.0
1573193763298415990,830,1573193763243756055,,50.0
1573193763352217248,831,1573193763297966957,,50.0
1573193763406390776,832,1573193763351778984,,50.0
1573193763510063177,833,1573193763405708074,,50.0
1573193763564248624,834,1573193763509489059,,50.0
1573193763619376094,835,1573193763564054965,,50.0
1573193763671282158,836,1573193763617955923,,50.0
1573193763725758194,837,1573193763670789957,,50.0
1573193763830699535,838,1573193763724931955,,50.0
1573193763884511925,839,1573193763830009937,,50.0
1573193763938536908,840,1573193763884162902,,50.0
1573193763992653427,841,1573193763938208103,,50.0
1573193764047293722,842,1573193763991986036,,50.0
1573193764100445818,843,1573193764045720100,,50.0
1573193764154468495,844,1573193764100116014,,50.0
1573193764207200387,845,1573193764154100894,,50.0
1573193764260117622,846,1573193764207029104,,50.0
1573193764313247889,847,1573193764259732961,,50.0
1573193764368140349,848,1573193764312299966,,50.0
1573193764420560019,849,1573193764367000102,,50.0
1573193764473440050,850,1573193764420142889,,50.0
1573193764527421882,851,1573193764472892999,,50.0
1573193764582705728,852,1573193764526757001,,50.0
1573193764637612780,853,1573193764583161115,,50.0
1573193764692603990,854,1573193764637006044,,50.0
1573193764745914210,855,1573193764690510988,,50.0
1573193764801758407,856,1573193764745574951,,50.0
1573193764856107616,857,1573193764801613092,,50.0
1573193764909514813,858,1573193764855562925,,50.0
1573193764962405267,859,1573193764908299922,,50.0
1573193765067267337,860,1573193764962168931,,50.0
1573193765122555056,861,1573193765066586971,,50.0
1573193765177554901,862,1573193765122067928,,50.0
1573193765230026731,863,1573193765177362918,,50.0
1573193765284965627,864,1573193765229701995,,50.0
1573193765338683022,865,1573193765284440994,,50.0
1573193765392489066,866,1573193765338383913,,50.0
1573193765446624891,867,1573193765392234086,,50.0
1573193765500417501,868,1573193765445969104,,50.0
1573193765553853766,869,1573193765500124931,,50.0
1573193765607570375,870,1573193765553410053,,50.0
1573193765661532662,871,1573193765607362031,,50.0
1573193765714196636,872,1573193765660099983,,50.0
1573193765768832731,873,1573193765714132070,,50.0
1573193765822978947,874,1573193765768362998,,50.0
1573193765874955103,875,1573193765822552919,,50.0
1573193765928782624,876,1573193765874635934,,50.0
1573193766032649051,877,1573193765927864074,,50.0
1573193766085662083,878,1573193766032380104,,50.0
1573193766138004327,879,1573193766085503101,,50.0
1573193766190109468,880,1573193766137712955,,50.0
1573193766244091495,881,1573193766189738035,,50.0
1573193766297901434,882,1573193766243597030,,50.0
1573193766352169458,883,1573193766297916889,,50.0
1573193766406190633,884,1573193766351871013,,50.0
1573193766459961565,885,1573193766405594110,,50.0
1573193766564598187,886,1573193766459371089,,50.0
1573193766618966586,887,1573193766564325094,,50.0
1573193766673451371,888,1573193766618591070,,50.0
1573193766727225133,889,1573193766673017978,,50.0
1573193766780006413,890,1573193766726861000,,50.0
1573193766885165865,891,1573193766779633998,,50.0
1573193766938270371,892,1573193766883614063,,50.0
1573193766991401025,893,1573193766938024044,,50.0
1573193767045273070,894,1573193766990860939,,50.0
1573193767099808094,895,1573193767045116901,,50.0
1573193767152556819,896,1573193767099364995,,50.0
1573193767206172574,897,1573193767151967048,,50.0
1573193767258548362,898,1573193767205332994,,50.0
1573193767362999185,899,1573193767257704973,,50.0
1573193767416193779,900,1573193767362689018,,50.0
1573193767469482844,901,1573193767416006088,,50.0
1573193767523022562,902,1573193767469232082,,50.0
1573193767625191645,903,1573193767522748947,,50.0
1573193767679227154,904,1573193767624577045,,50.0
1573193767732382357,905,1573193767678370952,,50.0
1573193767787330297,906,1573193767732300043,,50.0
1573193767840908570,907,1573193767786303997,,50.0
1573193767894706091,908,1573193767840544939,,50.0
1573193767949455627,909,1573193767894612073,,50.0
1573193768002260564,910,1573193767948894023,,50.0
1573193768056348860,911,1573193768001714944,,50.0
1573193768160220402,912,1573193768056040048,,50.0
1573193768213314038,913,1573193768159807920,,50.0
1573193768267097687,914,1573193768212245941,,50.0
1573193768319886202,915,1573193768266571044,,50.0
1573193768373281813,916,1573193768319565057,,50.0
1573193768427277018,917,1573193768372926950,,50.0
1573193768480945906,918,1573193768426620960,,50.0
1573193768535674841,919,1573193768480559110,,50.0
1573193768589114898,920,1573193768534097909,,50.0
1573193768692022438,921,1573193768587553024,,50.0
1573193768745363840,922,1573193768691715002,,50.0
1573193768798775305,923,1573193768744558095,,50.0
1573193768852947258,924,1573193768798542022,,50.0
1573193768906944351,925,1573193768852318048,,50.0
1573193768961352215,926,1573193768906497955,,50.0
1573193769014942591,927,1573193768960665941,,50.0
1573193769119877523,928,1573193769014622926,,50.0
1573193769174632806,929,1573193769119345903,,50.0
1573193769228395737,930,1573193769173962116,,50.0
1573193769283202814,931,1573193769228122949,,50.0
1573193769337424369,932,1573193769282449007,,50.0
1573193769391144626,933,1573193769336828947,,50.0
1573193769442820350,934,1573193769390826940,,50.0
1573193769494506215,935,1573193769442698001,,50.0
1573193769548215981,936,1573193769494049072,,50.0
1573193769653768069,937,1573193769547990083,,50.0
1573193769706527558,938,1573193769653235912,,50.0
1573193769760957522,939,1573193769706188917,,50.0
1573193769814805142,940,1573193769760432004,,50.0
1573193769868958190,941,1573193769814404010,,50.0
1573193769923009254,942,1573193769868673086,,50.0
1573193770227888599,943,1573193769922667980,,50.0
1573193770281696661,944,1573193770227500915,,50.0
1573193770334519018,945,1573193770281177997,,50.0
1573193770389315306,946,1573193770334372043,,50.0
1573193770443559724,947,1573193770388827085,,50.0
1573193770497987432,948,1573193770442929983,,50.0
1573193770552725170,949,1573193770497423887,,50.0
1573193770605540788,950,1573193770552377939,,50.0
1573193770711773207,951,1573193770605343103,,50.0
1573193770766450423,952,1573193770711066007,,50.0
1573193770820283427,953,1573193770765321016,,50.0
1573193770874347690,954,1573193770819915056,,50.0
1573193770977637986,955,1573193770873697996,,50.0
1573193771031510509,956,1573193770976572036,,50.0
1573193771082961380,957,1573193771031230926,,50.0
1573193771136065721,958,1573193771082716941,,50.0
1573193771238287560,959,1573193771135742902,,50.0
1573193771292656833,960,1573193771237746953,,50.0
1573193771344835306,961,1573193771291770935,,50.0
1573193771398920591,962,1573193771344248056,,50.0
1573193771450004335,963,1573193771398394107,,50.0
1573193771501419969,964,1573193771449855089,,50.0
1573193771555452551,965,1573193771500982046,,50.0
1573193771609263034,966,1573193771555031061,,50.0
1573193771663509283,967,1573193771608603000,,50.0
1573193771766451453,968,1573193771663161993,,50.0
1573193771818330319,969,1573193771766205072,,50.0
1573193771872033461,970,1573193771817759990,,50.0
1573193771924559528,971,1573193771871689081,,50.0
1573193771978335464,972,1573193771923795938,,50.0
1573193772032409584,973,1573193771978015899,,50.0
1573193772087425581,974,1573193772032207965,,50.0
1573193772140466460,975,1573193772085448026,,50.0
1573193772243925700,976,1573193772140237092,,50.0
1573193772296364016,977,1573193772242909908,,50.0
1573193772350348436,978,1573193772295805931,,50.0
1573193772402036058,979,1573193772349695920,,50.0
