%time,field.header.seq,field.header.stamp,field.header.frame_id,field.linear_x,field.linear_y,field.linear_z
1573193726419506971,1,1573193726365777969,,-3.50278569385e-05,4.46562626166e-05,2.55901359196e-05
1573193726473863037,2,1573193726419922113,,5.58847677894e-05,4.29152460129e-05,2.52738173003e-05
1573193726527757142,3,1573193726474467039,,-3.40616497851e-06,1.00120905699e-05,1.30025973704e-05
1573193726581685189,4,1573193726528672933,,-0.000162877826369,-7.75928710937e-05,-0.000129743406433
1573193726685708491,5,1573193726582515954,,-0.000286747992504,-7.73361316533e-05,-2.90149887405e-06
1573193726738693580,6,1573193726685760974,,-5.55463811907e-05,-1.62103333423e-05,1.41973430345e-06
1573193726792917517,7,1573193726739018917,,8.3782710135e-05,-5.2450250223e-05,-8.4676205006e-05
1573193726897523581,8,1573193726794033050,,1.37113220262e-05,-8.32691966934e-06,2.77468552667e-05
1573193726951164561,9,1573193726897954940,,-1.38319628604e-05,9.08090896701e-06,-9.46988711803e-06
1573193727005215241,10,1573193726951946020,,1.43519025642e-06,-1.47189075506e-05,1.27980865727e-05
1573193727058605524,11,1573193727005247116,,3.67024513253e-05,-2.53475864156e-05,-4.60303490399e-05
1573193727112538093,12,1573193727059274911,,-8.81227606442e-06,-2.45357587119e-05,7.68263089412e-06
1573193727166463360,13,1573193727113249063,,-1.21542771012e-05,3.89769120375e-05,3.7860907014e-06
1573193727219973881,14,1573193727167556047,,3.53111099685e-05,-5.21103975188e-05,-4.10570319218e-05
1573193727273979752,15,1573193727220423936,,-1.72557502083e-05,-5.32038175152e-05,9.29689940676e-06
1573193727327662744,16,1573193727274714946,,-0.000448231585324,-7.17639704817e-05,-5.93100594415e-05
1573193727380570596,17,1573193727328098058,,2.96955258818e-05,6.6671622335e-05,9.79175310931e-05
1573193727434008733,18,1573193727380542993,,-2.75749516732e-05,5.55853512196e-05,0.000116392584459
1573193727486610480,19,1573193727434597969,,-6.09747839917e-05,-9.50646353886e-05,-0.00016466845409
1573193727540687284,20,1573193727486795902,,-1.38167324621e-05,1.15175896553e-06,-3.08240378217e-05
1573193727592981276,21,1573193727540081977,,-2.55522190855e-05,8.36008475744e-05,0.000149665895151
1573193727646891350,22,1573193727593379974,,9.88138199318e-05,-4.93203551741e-05,-6.70763620292e-05
1573193727750849847,23,1573193727647492885,,-6.48898567306e-05,6.98969006407e-06,5.80490905122e-06
1573193727804829896,24,1573193727751416921,,2.06869899557e-05,3.61260208592e-05,3.87686850445e-05
1573193727858287816,25,1573193727804950952,,-0.00100930023473,-9.45597348618e-05,3.64658517356e-05
1573193727912809823,26,1573193727858711004,,-0.000261695036897,-1.46943621075e-05,1.01443092717e-05
1573193727968892811,27,1573193727913583993,,2.32283491641e-05,1.93711057364e-05,5.68905816181e-05
1573193728023025342,28,1573193727969535112,,-4.85524788019e-06,-8.82723688846e-05,-0.000128973828396
1573193728078156095,29,1573193728023588895,,-1.15009816e-05,-6.18792546447e-05,-8.83970860741e-05
1573193728133433429,30,1573193728078569889,,-0.000212863305933,-1.58020920935e-05,-1.85244371096e-05
1573193728238019333,31,1573193728134287118,,4.03158155677e-05,1.03738912003e-05,3.92942893086e-05
1573193728292170787,32,1573193728238061904,,-2.65298440354e-05,-3.81305799237e-05,-9.08786532818e-05
1573193728346089104,33,1573193728292510032,,4.65902157885e-05,8.19086653792e-06,2.16223452298e-05
1573193728399973288,34,1573193728346709966,,5.61908109376e-06,1.73335301952e-05,7.62465933803e-05
1573193728453539667,35,1573193728399992942,,-4.91657715429e-07,4.00411736337e-05,3.02590087813e-05
1573193728509751725,36,1573193728456320047,,-3.39952748618e-05,3.60131082289e-07,-5.9311428231e-06
1573193728564333964,37,1573193728510013103,,-0.000329572561895,-3.62002901966e-05,-3.60681042366e-05
1573193728618174901,38,1573193728564758062,,0.000103424019471,-2.85261139652e-05,-3.93866648665e-05
1573193728671864650,39,1573193728618797063,,9.98494397209e-06,4.26372898801e-05,5.81459134992e-05
1573193728725426786,40,1573193728672836065,,-1.45029107443e-05,4.70485829283e-05,0.000116240873467
1573193728779129470,41,1573193728725770950,,0.0044697006233,0.000568486982957,-0.000149758634507
1573193728833226320,42,1573193728779881000,,1.03540542113e-05,-3.32566778525e-05,-5.48381904082e-05
1573193728885715096,43,1573193728833702087,,-1.82459843927e-05,8.30039334687e-06,1.09799129859e-05
1573193728989741499,44,1573193728886015892,,0.000242138863541,6.52934841128e-06,-5.26995572727e-05
1573193729042760480,45,1573193728989295959,,0.000128850588226,1.61644038599e-05,7.09441792424e-06
1573193729096871800,46,1573193729043459892,,2.27231430472e-05,1.66671907209e-05,7.67598248785e-05
1573193729150844226,47,1573193729097111940,,1.72899108293e-05,-1.92014067579e-05,-1.22449373521e-05
1573193729504718839,48,1573193729151782989,,3.02182434098e-06,-2.26236643357e-05,1.11352946988e-05
1573193729558908209,49,1573193729505578041,,5.35787621629e-05,4.41781367044e-06,-6.48491477477e-05
1573193729611844477,50,1573193729559544086,,6.92773937772e-07,-3.88885491702e-05,-5.53034951736e-05
1573193729665094717,51,1573193729612119913,,4.56971210951e-05,-2.19034536713e-05,-3.54318508471e-05
1573193729719417377,52,1573193729666071891,,-5.62977729714e-05,-3.5717333958e-05,-5.2772982599e-05
1573193729772567738,53,1573193729719599962,,-0.00218519801274,-0.0139078078791,-0.000552471086849
1573193729824916635,54,1573193729772638082,,-0.0138478213921,-0.0674866437912,-0.0187069755048
1573193729879840758,55,1573193729825495958,,-0.0167265795171,-0.0806566476822,-0.0231562890112
1573193729933075879,56,1573193729880311965,,0.013176032342,-0.0524857975543,0.00880353245884
1573193729985746393,57,1573193729933151960,,0.0432565063238,-0.0223598070443,0.0333314575255
1573193730039981573,58,1573193729986223936,,0.0633689388633,-0.0115881245583,0.0472810901701
1573193730094819339,59,1573193730040291070,,0.0665748491883,-0.00957552436739,0.0507547743618
1573193730196422845,60,1573193730094214916,,0.0654826536775,-0.0049788323231,0.0481468290091
1573193730249723318,61,1573193730196815967,,0.0681542307138,-0.00208918191493,0.049877602607
1573193730303816208,62,1573193730250623941,,0.0672518536448,0.000561047170777,0.0501513667405
1573193730357703875,63,1573193730304301023,,0.0695277154446,0.00309138954617,0.0530666261911
1573193730412765236,64,1573193730357999086,,0.0600973293185,0.00463609071448,0.0443403720856
1573193730465437977,65,1573193730413134098,,0.0481071919203,0.00371068506502,0.0373381897807
1573193730519483621,66,1573193730466583013,,0.0556511022151,0.00838566944003,0.0419029146433
1573193730572993310,67,1573193730519468069,,0.0690179094672,0.0128528345376,0.0517218671739
1573193730627118849,68,1573193730573419094,,0.0738493055105,0.0158906616271,0.0568249300122
1573193730681276552,69,1573193730628010988,,0.0729834958911,0.0184083022177,0.0546751655638
1573193730784341416,70,1573193730682066917,,0.0716395527124,0.0206266194582,0.0538222678006
1573193730838284210,71,1573193730784666061,,0.0770520269871,0.0263596773148,0.0575380139053
1573193730892034452,72,1573193730838138103,,0.0678890943527,0.0255664605647,0.0502419471741
1573193730946526514,73,1573193730892733097,,0.0550304278731,0.0205620173365,0.0401194579899
1573193731049305688,74,1573193730946904897,,0.0588758699596,0.0280326120555,0.0454699248075
1573193731103346843,75,1573193731049859046,,0.0721116214991,0.0349062457681,0.0552839227021
1573193731156866875,76,1573193731103449106,,0.0737223550677,0.035844091326,0.0559076666832
1573193731211313627,77,1573193731157460927,,0.0766936466098,0.0377571731806,0.0576229169965
1573193731266507676,78,1573193731212292909,,0.0721645951271,0.0352371372283,0.0536639764905
1573193731320206537,79,1573193731266772031,,0.0753760933876,0.0370253734291,0.056157886982
1573193731373696085,80,1573193731320447921,,0.0780362635851,0.0383761189878,0.0575679391623
1573193731427580018,81,1573193731374239921,,0.0752399042249,0.0368131361902,0.0549371503294
1573193731481548458,82,1573193731428189039,,0.0780292525887,0.0381761603057,0.0566452406347
1573193731535864174,83,1573193731482028961,,0.0691014155746,0.0432940721512,0.0549050234258
1573193731589685301,84,1573193731536411046,,0.0390756241977,0.0316188633442,0.0324619859457
1573193731643010679,85,1573193731590356111,,0.00841193180531,0.00879477430135,0.00561652798206
1573193731695792795,86,1573193731643313884,,-0.000812908110674,0.00078150635818,-0.00108959048521
1573193731750440799,87,1573193731696068048,,-0.000308802962536,5.33937673026e-05,-0.000285911984975
1573193731804326669,88,1573193731750895023,,-0.000132977700559,6.4719411057e-06,-0.000292199169053
1573193731858432357,89,1573193731804817914,,-0.000128980333102,-0.000108673157229,-5.51169214305e-05
1573193731962469586,90,1573193731858721017,,-0.000202248193091,-4.40934309154e-05,-9.59918397712e-05
1573193732015057695,91,1573193731963031053,,-4.19195821451e-05,-6.37813936919e-05,-7.43966811569e-05
1573193732068677391,92,1573193732015223026,,-1.51807553266e-05,2.27833679673e-05,3.21438019455e-05
1573193732122201399,93,1573193732069039106,,-0.000113700567454,-4.88137702632e-05,-0.000110085813503
1573193732176596074,94,1573193732122726917,,-4.87519464514e-05,-8.53032270243e-06,-5.46413830307e-05
1573193732230326307,95,1573193732176995992,,6.69780547469e-06,-2.74832036666e-05,-8.04460505606e-05
1573193732284569252,96,1573193732231086015,,0.00182003539521,0.00744977965951,-0.00117252685595
1573193732336974943,97,1573193732284929990,,0.00630192970857,0.0406650826335,0.0108442064375
1573193732390141819,98,1573193732337039947,,0.00228383089416,0.0758990496397,0.0158405397087
1573193732444648059,99,1573193732390381097,,-0.000129523279611,0.0850073546171,0.0129067394882
1573193732496172747,100,1573193732444098949,,0.0089898603037,0.0898541882634,0.02012479119
1573193732549749931,101,1573193732496311902,,0.0379720591009,0.0892305970192,0.0397233627737
1573193732601766454,102,1573193732549945116,,0.0429814793169,0.0877471715212,0.0422477610409
1573193732655246853,103,1573193732601866960,,0.0550801977515,0.0800428166986,0.0485367886722
1573193732709170983,104,1573193732655677080,,0.0632312521338,0.076729260385,0.0534021481872
1573193732764221345,105,1573193732709851026,,0.0617749616504,0.0736069083214,0.0519928187132
1573193732819475597,106,1573193732765748023,,0.0330796130002,0.0523293167353,0.024793965742
1573193732873148822,107,1573193732819628000,,0.00989232305437,0.0542403049767,0.0147662209347
1573193732927115197,108,1573193732873466968,,-0.00492556765676,0.0762003660202,0.013347052969
1573193732980880093,109,1573193732927352905,,-0.00947853643447,0.0834158658981,0.00829051714391
1573193733034797481,110,1573193732981178045,,-0.0113884992898,0.0843870043755,0.008130768314
1573193733088549944,111,1573193733035263061,,-0.0107115078717,0.0839364752173,0.00767355039716
1573193733142797603,112,1573193733089273929,,-0.011290486902,0.0838686302304,0.00696644838899
1573193733196972641,113,1573193733143500089,,-0.00983016937971,0.0786382481456,0.0111538646743
1573193733251853739,114,1573193733197520017,,-0.0084336400032,0.0522956848145,0.00430195219815
1573193733306263660,115,1573193733253154993,,-0.00120030948892,0.00159904418979,-0.00189123663586
1573193733360561454,116,1573193733307159900,,-2.56008797805e-06,6.49251232971e-05,-0.000112969719339
1573193733413106087,117,1573193733360052108,,-0.000328246300342,0.000179515394848,-0.000477478053654
1573193733517534999,118,1573193733414132118,,0.000174163884367,-0.000125450096675,0.000308252318064
1573193733572257728,119,1573193733518488883,,-4.30878571933e-05,-0.000106065745058,0.000115904054837
1573193733626413744,120,1573193733572832107,,8.85065674083e-06,-9.61192490649e-05,5.37151900062e-05
1573193733680260904,121,1573193733626682043,,0.00038020775537,-6.69151404509e-06,7.45726674722e-06
1573193733784197628,122,1573193733680553913,,5.42917678104e-06,-6.38961791992e-05,2.45665705734e-05
1573193733839214006,123,1573193733785685062,,-0.0154915126041,0.00995559990406,-0.00745534384623
1573193733893426707,124,1573193733839979887,,-0.0461526401341,0.0131048141047,-0.0260349661112
1573193733997924864,125,1573193733894393920,,-0.0717393085361,0.00043824268505,-0.0466223657131
1573193734052330173,126,1573193733998564004,,-0.070416085422,0.0104121668264,-0.046073526144
1573193734105997484,127,1573193734052386999,,-0.0608390793204,0.0269633065909,-0.0364238470793
1573193734160358831,128,1573193734106168985,,-0.0505520813167,0.0436954125762,-0.0256311986595
1573193734214173169,129,1573193734160729885,,-0.0378771871328,0.0590472333133,-0.0148379281163
1573193734268076705,130,1573193734214701890,,-0.0222272761166,0.0600549764931,-0.00170718110166
1573193734321283902,131,1573193734268688917,,-0.00325602665544,0.00956713501364,-0.00301187019795
1573193734374531265,132,1573193734321677923,,0.000340858532581,0.00044747145148,-3.72511749447e-05
1573193734427166194,133,1573193734375029087,,0.000526289688423,0.0002083000727,0.0002095655218
1573193734529009973,134,1573193734427440881,,2.79426931229e-05,0.000193770960323,-0.000195673885173
1573193734583816970,135,1573193734529172897,,-0.00322574470192,0.0183424111456,-0.000731062900741
1573193734639491614,136,1573193734585081100,,-0.0237791761756,0.0530692450702,-0.00221496773884
1573193734694922268,137,1573193734640214920,,-0.0530981943011,0.0170966032892,-0.0322393365204
1573193734749114571,138,1573193734695676088,,-0.0729445368052,-0.0270231645554,-0.0538151673973
1573193734803097204,139,1573193734749592065,,-0.077223226428,-0.0444686859846,-0.0606086812913
1573193734858298797,140,1573193734804972887,,-0.0776941850781,-0.0457070283592,-0.061671577394
1573193734911938200,141,1573193734858825922,,-0.0735683068633,-0.0435065031052,-0.057727470994
1573193734966529631,142,1573193734912863969,,-0.073583997786,-0.0435943007469,-0.0582855939865
1573193735071226517,143,1573193734966815948,,-0.0737900957465,-0.0432513281703,-0.0588978901505
1573193735124520378,144,1573193735071480989,,-0.0747241452336,-0.0435961969197,-0.0602790266275
1573193735178793923,145,1573193735125222921,,-0.0726219564676,-0.0428306423128,-0.0583064742386
1573193735231475634,146,1573193735179452896,,-0.0732314363122,-0.0446346364915,-0.059061486274
1573193735284999647,147,1573193735231731891,,-0.0725871920586,-0.0460011698306,-0.0593382380903
1573193735339996357,148,1573193735285461902,,-0.0729076862335,-0.0503896102309,-0.0611638501287
1573193735393549171,149,1573193735340361118,,-0.0708110705018,-0.0515309013426,-0.0598102733493
1573193735447869301,150,1573193735394112110,,-0.0700041428208,-0.0531001985073,-0.0596926026046
1573193735501574112,151,1573193735448308944,,-0.0713144689798,-0.0559498891234,-0.0608742758632
1573193735558052184,152,1573193735502350091,,-0.0708412826061,-0.0572308413684,-0.0605486035347
1573193735612566974,153,1573193735558938026,,-0.0703433826566,-0.0584408380091,-0.0602034293115
1573193735665156782,154,1573193735612118005,,-0.0686412975192,-0.0578832998872,-0.0582072474062
1573193735719957829,155,1573193735666143894,,-0.0662576407194,-0.0592532604933,-0.0569819994271
1573193735823396482,156,1573193735720758914,,-0.0667236819863,-0.0667437463999,-0.0579673647881
1573193735878038804,157,1573193735823708057,,-0.0612845234573,-0.0665551051497,-0.0547307059169
1573193735931826446,158,1573193735878576993,,-0.0612715855241,-0.0680309385061,-0.0546916723251
1573193735984255509,159,1573193735932415008,,-0.0624784082174,-0.070904314518,-0.0553708560765
1573193736086850016,160,1573193735984359025,,-0.062400855124,-0.0724436566234,-0.0553123429418
1573193736190431114,161,1573193736087105989,,-0.0583763644099,-0.0713569819927,-0.0512115731835
1573193736245015399,162,1573193736191266059,,-0.0572699271142,-0.0739981234074,-0.0505708567798
1573193736299265336,163,1573193736245393037,,-0.0594521351159,-0.0793235450983,-0.0533795803785
1573193736402927487,164,1573193736299608945,,-0.0491434447467,-0.0838244631886,-0.045536339283
1573193736456622957,165,1573193736403295040,,-0.0193578954786,-0.0533622279763,-0.0192906670272
1573193736509997145,166,1573193736456823110,,-0.00462562637404,-0.0176335778087,-0.00190796097741
1573193736564951509,167,1573193736510341882,,-9.72464331426e-05,-0.00160514866002,0.000692169298418
1573193736616915737,168,1573193736564193010,,3.33143980242e-05,-2.73452460533e-05,-0.000237131258473
1573193736720400272,169,1573193736617206096,,-9.93700177787e-06,6.28629495623e-05,0.00027007231256
1573193736774131860,170,1573193736720949888,,7.33044435037e-05,1.97677836695e-05,-0.000133084089612
1573193736828307803,171,1573193736774996042,,-8.10476194602e-06,5.5634209275e-05,7.32970438548e-05
1573193736932777671,172,1573193736829206943,,7.40314062568e-05,0.000114969981951,2.18028199015e-05
1573193736986163925,173,1573193736933264970,,0.00016849815438,-0.000142175515066,0.000337625737302
1573193737039635155,174,1573193736986243009,,-0.00148169626482,-0.0188901815563,-0.000481653987663
1573193737094582905,175,1573193737040052890,,-0.00463880272582,-0.0536815039814,-0.00788357108831
1573193737148618765,176,1573193737095077991,,-0.00273520313203,-0.0759965032339,-0.00967259146273
1573193737202542882,177,1573193737148991107,,0.00507000181824,-0.0818584412336,-0.00113241001964
1573193737256462720,178,1573193737202516078,,0.0128195602447,-0.074922606349,0.00569831533358
1573193737310266915,179,1573193737256937980,,0.0251196548343,-0.0637700632215,0.0175087135285
1573193737363250490,180,1573193737310770988,,0.0310745313764,-0.0380680114031,0.0239134915173
1573193737466725348,181,1573193737363369941,,0.0409655235708,-0.016019558534,0.0320373214781
1573193737570849616,182,1573193737467122077,,0.0574056878686,-0.0126180201769,0.0472090169787
1573193737624850627,183,1573193737571593999,,0.0356042459607,0.00691168662161,0.0500538125634
1573193737679663919,184,1573193737626044034,,0.0551977194846,0.0227507781237,0.053548168391
1573193737733387888,185,1573193737680378913,,0.067485705018,0.0282531585544,0.0560952275991
1573193737788714236,186,1573193737734499931,,0.0706689879298,0.0297833643854,0.0573605522513
1573193737842852408,187,1573193737790080070,,0.072013862431,0.0302870720625,0.057886198163
1573193737896708729,188,1573193737842911958,,0.0718216598034,0.0300685726106,0.0581284426153
1573193737950034540,189,1573193737896303892,,0.0706568658352,0.029662065208,0.0557233728468
1573193738054575369,190,1573193737950361967,,0.0742329806089,0.0310610663146,0.0584146864712
1573193738107594293,191,1573193738054894924,,0.0731371343136,0.0307892486453,0.0564957745373
1573193738160710182,192,1573193738107815027,,0.0760642141104,0.0320030152798,0.0584452711046
1573193738215524244,193,1573193738161428928,,0.062990874052,0.0285255685449,0.0479403957725
1573193738269490098,194,1573193738216418027,,0.0439407713711,0.0159698780626,0.0204029064626
1573193738374547926,195,1573193738270245075,,-0.00943413842469,-0.0136470803991,-0.0187545754015
1573193738429302383,196,1573193738375355958,,-0.00064328807639,-0.0024833297357,-0.0010102360975
1573193738482611459,197,1573193738428729057,,-0.0158384088427,-0.00597869465128,-0.014446567744
1573193738536017034,198,1573193738482917070,,-0.0448117107153,-0.0129324970767,-0.0332619510591
1573193738591061825,199,1573193738536742925,,-0.0682499036193,-0.00506769306958,-0.0512881502509
1573193738643851125,200,1573193738591357946,,-0.0481888204813,-0.000758799083997,-0.0348577313125
1573193738697742988,201,1573193738644294977,,-0.021657159552,0.000505895761307,-0.0163261387497
1573193738750282175,202,1573193738698316097,,-0.00415907474235,0.000592294323724,-0.00456729205325
1573193738803611944,203,1573193738750618934,,-8.27534895507e-05,0.000100627672509,-0.00036766284029
1573193738857949893,204,1573193738804075956,,-1.62854375958e-05,0.000117727140605,-0.000139274387038
1573193738911964323,205,1573193738858542919,,-5.33412185177e-06,0.000137470095069,-0.000164396114997
1573193738964361278,206,1573193738912430047,,-0.000615248514805,0.000227972413995,-0.00066481763497
1573193739017910735,207,1573193738964598894,,-0.0142913786694,0.000861156673636,-0.0109912902117
1573193739070542073,208,1573193739018450975,,-0.0447961948812,0.000930318259634,-0.0324500203133
1573193739125126925,209,1573193739070554018,,-0.0654163509607,0.0013130151201,-0.0484399907291
1573193739179140294,210,1573193739125735044,,-0.0668966844678,0.00186413887423,-0.0508721955121
1573193739232474413,211,1573193739179949998,,-0.0653069019318,0.00198808126152,-0.0499091073871
1573193739286038617,212,1573193739232856035,,-0.0681064724922,0.00291282520629,-0.0523621216416
1573193739340395901,213,1573193739286514043,,-0.0585945919156,0.0142548270524,-0.0468154661357
1573193739394386957,214,1573193739340917110,,-0.0154857281595,0.0720888525248,-0.00377432862297
1573193739447403298,215,1573193739394898891,,-0.00604619923979,0.0815020054579,0.00220515299588
1573193739501749858,216,1573193739447885036,,-0.003233470954,0.0833023637533,0.00525468261912
1573193739556283981,217,1573193739502485990,,-0.00118597934488,0.0814411863685,0.00866249576211
1573193739609180885,218,1573193739556799888,,0.000354944320861,0.0614823438227,0.00530043477193
1573193739661312229,219,1573193739609524965,,0.000357493496267,0.0191585160792,-0.00145246938337
1573193739714794974,220,1573193739661566019,,4.93592087878e-05,0.000122863566503,0.000163282078574
1573193739768054799,221,1573193739715450048,,-0.000105429709947,0.000263040623395,-0.000550812634174
1573193739821298552,222,1573193739768088102,,-6.03149055678e-05,0.000161341027706,-0.00022524423548
1573193739925184802,223,1573193739821582078,,1.40904867294e-05,3.19309074257e-05,1.88788035871e-07
1573193739981846221,224,1573193739925703048,,9.09944210434e-05,-0.000145828846144,0.000133574896608
1573193740034956366,225,1573193739980691909,,-1.29447871586e-05,-4.40952753706e-05,0.000132427652716
1573193740089505933,226,1573193740035737037,,5.71383425267e-05,-8.06048992672e-05,0.000119296513731
1573193740143267885,227,1573193740089919090,,-2.31272206292e-05,-0.000121142475109,5.38605127076e-05
1573193740198819510,228,1573193740144104957,,-6.21706421953e-05,-4.24105855927e-05,0.00011414229084
1573193740251967518,229,1573193740199369907,,0.000107078092697,-4.73854997836e-05,0.000153690212755
1573193740304926232,230,1573193740252243041,,3.70566776837e-05,-8.21901994641e-05,4.01640390919e-05
1573193740358422642,231,1573193740305293083,,0.000167434947798,-6.20272330707e-05,0.000138289586175
1573193740463063541,232,1573193740359422922,,0.000225087205763,-9.976101137e-05,2.76227347058e-05
1573193740517241836,233,1573193740463624954,,-0.000105815372081,8.20957609449e-07,3.12175652653e-05
1573193740570411278,234,1573193740517740011,,-9.00847771845e-06,-8.42613881105e-05,7.78671383159e-05
1573193740624132772,235,1573193740570810079,,-0.0104125309736,-0.00143212231342,0.000287254399154
1573193740677969507,236,1573193740624731063,,0.00170625036117,0.00419608782977,-0.00146875157952
1573193740782502588,237,1573193740678962945,,0.0507982484996,0.0600068792701,0.0500538796186
1573193740835830760,238,1573193740782671928,,0.0634710863233,0.0479391478002,0.0502826832235
1573193740890464909,239,1573193740835946083,,0.0583294667304,0.0622687600553,0.0508273802698
1573193740942792069,240,1573193740889475107,,0.0410425662994,0.0669085979462,0.040873631835
1573193740997641950,241,1573193740943536996,,0.0180063899606,0.0376197062433,0.0159169137478
1573193741053093248,242,1573193740999677896,,9.14815245778e-05,0.000293466961011,0.000928821973503
1573193741106864237,243,1573193741053400039,,-0.000321960047586,0.000444013654487,-0.000752245192416
1573193741160518559,244,1573193741107403039,,-0.000256279599853,0.000281426066067,-0.000679760763887
1573193741215301018,245,1573193741161181926,,-6.94867994753e-05,-1.52576258188e-05,-0.000139621610288
1573193741268464563,246,1573193741214979887,,4.51830674137e-05,-2.20432721107e-05,-8.37249972392e-05
1573193741322290634,247,1573193741268948078,,-2.43841404881e-05,-6.1231701693e-05,-3.36703888024e-05
1573193741376843299,248,1573193741322875022,,0.00146624702029,0.000840480963234,0.000288785173325
1573193741480111924,249,1573193741376794099,,0.0298592504114,0.0321644879878,0.0271559040993
1573193741533560076,250,1573193741480577945,,0.0640549734235,0.0698588266969,0.0560345649719
1573193741587455181,251,1573193741534761905,,0.0655736401677,0.0684497058392,0.0565968677402
1573193741640510051,252,1573193741587810993,,0.0694741457701,0.0678651183844,0.0595719628036
1573193741693673912,253,1573193741640574932,,0.067808419466,0.0610639862716,0.0574864149094
1573193741746974044,254,1573193741694514989,,0.0617798604071,0.0538125038147,0.0522778816521
1573193741851322901,255,1573193741747643947,,0.00943972729146,0.00642704032362,0.00672577787191
1573193741906228739,256,1573193741852027893,,-0.000309151189867,4.711279189e-08,-0.000232290447457
1573193741960599245,257,1573193741907176971,,-0.000234430262935,-6.66385676595e-05,-0.000111170709715
1573193742064034505,258,1573193741961020946,,-7.40451578167e-05,-8.32635778352e-05,-7.70558399381e-05
1573193742117763493,259,1573193742064683914,,-0.00010449058027,-5.95358869759e-05,-4.78263973491e-05
1573193742171843375,260,1573193742118700981,,-0.000144049379742,1.57775230036e-05,3.34239448421e-05
1573193742225462534,261,1573193742172452926,,-0.000107750245661,-7.39749812055e-05,-0.000115441136586
1573193742279622363,262,1573193742226344108,,-6.73857357469e-05,-6.75218689139e-05,-5.57026505703e-05
1573193742334261271,263,1573193742280543088,,1.60396884894e-05,2.58033469436e-05,9.60393881542e-05
1573193742387320689,264,1573193742335244894,,-4.80875678477e-05,-2.82256332866e-05,3.6978690332e-05
1573193742439475973,265,1573193742387511968,,-4.20370770371e-06,-8.60033469507e-05,-5.82275133638e-05
1573193742492879901,266,1573193742439776897,,1.18241059681e-05,-2.88051705866e-05,-2.06552413147e-05
1573193742597251416,267,1573193742493603944,,-7.57815723773e-05,-6.75962583045e-05,-2.64748832706e-05
1573193742650704053,268,1573193742597330093,,0.000149908199091,5.88167531532e-05,0.000109867090941
1573193742704946532,269,1573193742651055097,,0.000330757553456,0.000101592646388,0.000120687407616
1573193742758398446,270,1573193742704931020,,0.0131933307275,0.00879917107522,0.0105298580602
1573193742814004973,271,1573193742758686065,,0.0403989218175,0.0382886640728,0.0330431014299
1573193742867351410,272,1573193742813112020,,0.022859595716,0.066772416234,0.0297030862421
1573193742922003838,273,1573193742867646932,,-0.0281634293497,0.0374750569463,-0.0135561879724
1573193742975626344,274,1573193742922095060,,-0.0566786192358,-0.0127809951082,-0.0462531223893
1573193743029252666,275,1573193742976031064,,-0.0335673317313,-0.0202242899686,-0.0280589256436
1573193743082939282,276,1573193743029908895,,-0.00693627307191,-0.00497319689021,-0.00620255898684
1573193743138883817,277,1573193743084233999,,-0.00185897934716,-0.00116647442337,-0.00129011902027
1573193743192089709,278,1573193743139256000,,-0.0159805044532,-0.0128028476611,-0.0134940277785
1573193743244670007,279,1573193743192293882,,-0.0479426383972,-0.0388496518135,-0.0411516614258
1573193743299667329,280,1573193743245249032,,-0.0673926919699,-0.0570892803371,-0.0579051375389
1573193743352255119,281,1573193743298902988,,-0.0653226748109,-0.0596085712314,-0.0562659725547
1573193743406363573,282,1573193743352883100,,-0.0675835087895,-0.070418715477,-0.0590406283736
1573193743459908934,283,1573193743406689882,,-0.0615087598562,-0.0676367208362,-0.0538299828768
1573193743513692829,284,1573193743460505962,,-0.0609693899751,-0.0682823881507,-0.0541806556284
1573193743567767512,285,1573193743514177083,,-0.0494707748294,-0.0556735992432,-0.0443589501083
1573193743671287973,286,1573193743568288087,,-0.00302971736528,-0.00420196168125,-0.00135757995304
1573193743774840996,287,1573193743671505928,,-0.0124768130481,-0.00616005063057,-0.010392697528
1573193743828973857,288,1573193743775222063,,-0.0399675257504,-0.0198426246643,-0.032064691186
1573193743883483402,289,1573193743829138040,,-0.0230912268162,-0.0104448497295,-0.0186059195548
1573193743936889692,290,1573193743883529901,,-0.00377295166254,-0.00127994571812,-0.00436184741557
1573193743989986024,291,1573193743937282085,,-0.000188691818039,7.77074383222e-05,-0.0001532863389
1573193744043655946,292,1573193743990271091,,-0.000164995202795,0.000120423268527,2.75121165032e-05
1573193744097982661,293,1573193744044404983,,-0.00254676770419,-0.000253597565461,6.05177301622e-05
1573193744152283156,294,1573193744099107980,,-5.24338429386e-05,-2.94326400763e-05,-0.000182506322744
1573193744205682937,295,1573193744152703046,,-1.86805682461e-05,3.14120370604e-05,-0.000123657213408
1573193744259739277,296,1573193744206268072,,2.15831096284e-05,1.66048794199e-05,-7.30516258045e-05
1573193744314031607,297,1573193744260274887,,8.40023058117e-05,5.78363069508e-05,4.15834583691e-05
1573193744366657574,298,1573193744314244985,,0.000111953275336,7.244679e-05,8.24431044748e-05
1573193744420444995,299,1573193744366784095,,2.01333591576e-06,7.66684097471e-05,4.76001587231e-05
1573193744473244611,300,1573193744420671939,,-3.09450770146e-05,4.61728741357e-05,-6.59282086417e-05
1573193744527854205,301,1573193744473627090,,9.58920136327e-05,5.75259691686e-05,-1.81257928489e-05
1573193744579185735,302,1573193744527153015,,-7.57241286919e-05,9.74532667897e-06,-6.51116279187e-05
1573193744632780170,303,1573193744579499006,,-0.000121773809951,-1.63010554388e-05,-0.000113912181405
1573193744685679996,304,1573193744633244991,,-2.08268775168e-05,8.8385437266e-05,-1.50076384671e-05
1573193744738823024,305,1573193744685241937,,6.87314095558e-05,3.92856709368e-05,2.44236289291e-05
1573193744791287996,306,1573193744739332914,,1.84199743671e-05,-8.85835834197e-06,5.71048331039e-05
1573193744843209528,307,1573193744791281938,,-8.46054463182e-05,-5.46484079678e-05,-8.99316728464e-05
1573193744895759654,308,1573193744843337059,,8.83297980181e-06,7.70341830503e-06,-2.87169077637e-05
1573193744948791718,309,1573193744896122932,,7.9195255239e-05,4.44755096396e-05,6.46612679702e-05
1573193745001679285,310,1573193744949232101,,-0.0013564163819,-0.000511316873599,-0.000635076139588
1573193745055579816,311,1573193745002068042,,-0.016479048878,-0.0177001096308,-0.01287241932
1573193745158039846,312,1573193745056140899,,-0.0493704304099,-0.0807136297226,-0.0485084578395
1573193745211565200,313,1573193745158152103,,-0.0573388487101,-0.0710064470768,-0.0497051924467
1573193745265077723,314,1573193745211916923,,-0.0460062921047,-0.0776904448867,-0.0435822159052
1573193745318696592,315,1573193745265422105,,-0.0203671716154,-0.0846545770764,-0.0227732416242
1573193745422017156,316,1573193745319509029,,0.000746366393287,-0.0773613676429,-0.00434212293476
1573193745474774954,317,1573193745422473907,,0.00204110681079,-0.0672976598144,-0.00419023679569
1573193745528965250,318,1573193745475336074,,0.00243914080784,-0.0308811701834,0.00277922023088
1573193745583005672,319,1573193745529427051,,0.00365804880857,-0.0243690330535,0.00440800841898
1573193745636150773,320,1573193745583595991,,0.00431787548587,-0.053063493222,-0.0032227889169
1573193745690177814,321,1573193745636251926,,0.00815130956471,-0.0774560272694,-0.00175921909977
1573193745743696444,322,1573193745690849065,,0.0120250144973,-0.0359839126468,0.00665897177532
1573193745795672661,323,1573193745743974924,,0.00885641761124,-0.0197843946517,0.0075574144721
1573193745849552183,324,1573193745796113967,,0.00165415112861,-0.00104327674489,0.00223693996668
1573193745903609531,325,1573193745850146055,,0.000710044754669,0.000199454807444,0.000449979241239
1573193746007335348,326,1573193745904158115,,0.0262792818248,-0.00596239091828,0.0190647859126
1573193746061236364,327,1573193746007924079,,0.067334830761,-0.00527494074777,0.050006929785
1573193746114383263,328,1573193746061589956,,0.0701411813498,-0.00464744446799,0.0520459413528
1573193746218303089,329,1573193746114886999,,0.0645887553692,-0.00302582699805,0.0482410266995
1573193746271382688,330,1573193746218676090,,0.0677296072245,-0.00279414630495,0.0507682003081
1573193746324696950,331,1573193746271526098,,0.0633580386639,-0.00108309055213,0.0463697463274
1573193746378624178,332,1573193746325218915,,0.052905857563,-0.000458436494227,0.0411214753985
1573193746432764712,333,1573193746379300117,,0.0453655794263,0.00211218628101,0.0353721827269
1573193746537398330,334,1573193746433351039,,0.0211424622685,0.00102210603654,0.0166173987091
1573193746591078549,335,1573193746537681102,,-0.000414420763263,0.000365515763406,-0.000265508220764
1573193746643612716,336,1573193746591239929,,3.08308153762e-05,3.26342888002e-05,0.00014198741701
1573193746697409381,337,1573193746644136905,,8.85294048203e-06,-0.000189730810234,0.000153227432747
1573193746801975741,338,1573193746697972059,,-8.67240451043e-05,1.66814788827e-05,-6.51658265269e-05
1573193746855524223,339,1573193746802283048,,-0.000132643719553,-9.93567882688e-05,-0.000139538024087
1573193746909696529,340,1573193746856482028,,-4.00547905883e-05,-7.45635907151e-06,-4.91143546242e-05
1573193746964358014,341,1573193746910500049,,0.00322244782001,-0.000115070564789,0.00279213837348
1573193747068299566,342,1573193746964631080,,0.054672434926,0.0109417112544,0.0389381721616
1573193747121130617,343,1573193747068957090,,0.0659327656031,0.0480856262147,0.05470129475
1573193747174020711,344,1573193747121124982,,0.0606261827052,0.0616146363318,0.0514230467379
1573193747279832710,345,1573193747174300909,,0.040683683008,0.0860728099942,0.0406036265194
1573193747331304586,346,1573193747278790950,,0.036666572094,0.0900667086244,0.0366823337972
1573193747385158685,347,1573193747331912994,,0.0348327793181,0.0837189406157,0.0369163304567
1573193747439086288,348,1573193747385274887,,0.022950520739,0.0526361167431,0.021633291617
1573193747493735134,349,1573193747439713001,,0.00737375486642,0.0175217110664,0.00512616895139
1573193747548483456,350,1573193747493432044,,-0.000279264786514,0.000927682616748,-0.000259953201748
1573193747601564821,351,1573193747549004077,,-0.000187942292541,0.000163370947121,-0.000517862499692
1573193747655400678,352,1573193747602036952,,-0.000117423383927,-3.17640592584e-06,-0.000341351755196
1573193747708597544,353,1573193747655678033,,3.52886781911e-05,-0.000120939563203,0.000135900409077
1573193747814565758,354,1573193747709490060,,-7.18682440493e-06,-5.22529408045e-05,-7.22028198652e-05
1573193747867858234,355,1573193747815380096,,-0.000146011909237,-4.16473776568e-05,-1.42718845382e-05
1573193747921899548,356,1573193747868565082,,0.000248346099397,6.29304986433e-06,-5.14272796863e-05
1573193747975913342,357,1573193747922178030,,3.29600734403e-05,2.65203834715e-06,2.09254693573e-07
1573193748028678725,358,1573193747975981950,,0.00128057261463,0.00137519976124,-0.000445559620857
1573193748082363326,359,1573193748029032945,,0.0275059528649,0.0365052036941,0.0259691011161
1573193748135471653,360,1573193748082690000,,0.0538503490388,0.0627268776298,0.0493773706257
1573193748188985435,361,1573193748135015964,,0.0697223767638,0.0644504651427,0.0567610412836
1573193748242100935,362,1573193748189440011,,0.0703677982092,0.0501195788383,0.0553282164037
1573193748297634620,363,1573193748242238998,,0.071428462863,0.0395413003862,0.0547653287649
1573193748351949381,364,1573193748299292087,,0.0658549517393,0.00675162440166,0.0455889515579
1573193748405213702,365,1573193748352251052,,0.0383544228971,-0.00477000558749,0.0273141209036
1573193748459915274,366,1573193748406294107,,0.0233303532004,-0.00504142977297,0.0168403759599
1573193748563994067,367,1573193748460627079,,-0.000142918375786,-0.000624930427875,-0.000629692338407
1573193748617531900,368,1573193748564867019,,0.0203231144696,-0.0148088531569,0.0107599012554
1573193748671307459,369,1573193748617607116,,0.0400791503489,-0.036601100117,0.019941713661
1573193748725177707,370,1573193748671880960,,0.038326125592,-0.0421338118613,0.0175441969186
1573193748778280929,371,1573193748725709915,,0.0221660938114,-0.0255252104253,0.0118624512106
1573193748881765247,372,1573193748778616905,,0.000106297331513,-0.000149292347487,-6.98002404533e-05
1573193748935201304,373,1573193748882503032,,-4.5034876166e-06,-3.12151423714e-05,7.22082841094e-05
1573193748988637359,374,1573193748935316085,,-8.28070278658e-06,5.96826721448e-05,-5.62674504181e-05
1573193749042613641,375,1573193748989181995,,1.04360478872e-05,-8.48621930345e-05,6.21461877017e-05
1573193749096799342,376,1573193749043531894,,-0.000116633593279,3.51181479346e-05,-4.69822152809e-05
1573193749151585449,377,1573193749098046064,,0.000129332358483,1.72307027242e-05,5.93423064856e-05
1573193749206188010,378,1573193749152884006,,-6.89611042617e-05,-7.59382746764e-05,4.63380893052e-05
1573193749259283829,379,1573193749206756114,,9.50480171014e-05,7.23344919606e-06,5.7107397879e-05
1573193749312614645,380,1573193749259363889,,0.000161939009558,7.25965946913e-05,1.33380526677e-05
1573193749365435715,381,1573193749312246084,,0.00335154030472,-0.00113420956768,0.00376555440016
1573193749419844093,382,1573193749366120100,,0.0426381714642,-0.0106078302488,0.0257609952241
1573193749474507518,383,1573193749420555114,,0.0636963248253,-0.00498698139563,0.0406521894038
1573193749528674065,384,1573193749474987983,,0.037948448211,0.0143422037363,0.0455180630088
1573193749582315910,385,1573193749528790950,,0.022762214765,0.0464884452522,0.0440140105784
1573193749687729351,386,1573193749582828044,,0.0312301926315,0.0913405269384,0.036592554301
1573193749741237268,387,1573193749687829017,,0.0211399551481,0.0527388453484,0.0019997023046
1573193749795137428,388,1573193749741612911,,0.0042518787086,0.025563120842,-0.0128615498543
1573193749898661953,389,1573193749795388936,,-0.0579351745546,-0.0591120608151,-0.0509450361133
1573193749951754368,390,1573193749899183034,,-0.0663963034749,-0.071281440556,-0.0558491237462
1573193750004714360,391,1573193749952090024,,-0.0629990026355,-0.0688615739346,-0.052847918123
1573193750058818765,392,1573193750004921913,,-0.0656939223409,-0.0708846822381,-0.0561122000217
1573193750112660542,393,1573193750059062004,,-0.0517053343356,-0.0556911975145,-0.0444977283478
1573193750215757604,394,1573193750113446950,,-0.00132537726313,-0.00248520402238,-0.000687604362611
1573193750268660949,395,1573193750216242074,,9.05782944756e-05,-3.06062574964e-05,0.00013538292842
1573193750321868783,396,1573193750268904924,,0.000158392358571,8.72438831721e-05,0.000192066305317
1573193750424257556,397,1573193750322643995,,0.000114116439363,0.000123660342069,8.53414603625e-05
1573193750479661525,398,1573193750424392938,,3.9189850213e-05,6.11718714936e-05,-1.76455832843e-05
1573193750534735647,399,1573193750480267047,,-0.00928784999996,-0.00541373295709,-0.00568963773549
1573193750589230176,400,1573193750535571098,,-0.0376812443137,-0.0264732670039,-0.0288252271712
1573193750643269928,401,1573193750589646100,,-0.0658954456449,-0.0410920158029,-0.0546276792884
1573193750745912370,402,1573193750643830060,,-0.0380659103394,0.0113448360935,-0.0235361587256
1573193750798709766,403,1573193750746215105,,-0.00674194423482,0.00312452181242,-0.00512027461082
1573193750852100620,404,1573193750799079895,,0.000398808944738,0.000374313793145,0.00154589582235
1573193750906508150,405,1573193750853140115,,-8.25002498459e-05,0.000667717482429,7.20178504707e-05
1573193750960829644,406,1573193750906708955,,-0.000111486551759,0.000421653705416,3.07037189486e-05
1573193751015128016,407,1573193750961832046,,3.30700640916e-05,0.000107258958451,-1.57748108904e-05
1573193751068468714,408,1573193751015963077,,-9.77425515885e-05,7.34132117941e-05,-1.23466998048e-05
1573193751122545364,409,1573193751068834066,,-5.19185687153e-06,0.000123415549751,2.90292609861e-05
1573193751225125891,410,1573193751123267889,,0.00119859387632,0.000117810574011,-4.6379660489e-05
1573193751278078216,411,1573193751225080966,,8.76033755048e-06,-3.90706081816e-05,2.72108245554e-05
1573193751331804155,412,1573193751279011964,,-9.52862319537e-06,6.62749444018e-05,5.75965896132e-05
1573193751384284627,413,1573193751332174062,,2.36876148847e-05,5.04417039338e-05,-1.04679184005e-05
1573193751436841745,414,1573193751384514093,,7.39617898944e-05,2.84262641799e-05,-2.01200982701e-05
1573193751489598591,415,1573193751437103033,,-3.50021252871e-07,7.24018536857e-05,1.06877669168e-05
1573193751543754064,416,1573193751490076065,,8.16964093246e-05,3.42423641086e-06,-4.2935655074e-05
1573193751599550716,417,1573193751544162034,,-6.68586289976e-05,-4.84393058287e-05,-8.15367602627e-05
1573193751653669980,418,1573193751599540948,,-4.09668027714e-05,3.36889352184e-05,2.1829511752e-05
1573193751707684962,419,1573193751654858112,,3.94914059143e-05,7.58550158935e-05,9.8809832707e-05
1573193751760208829,420,1573193751707922935,,-1.09879993033e-05,-5.88456123296e-06,-5.35750477866e-05
1573193751813941090,421,1573193751760760068,,6.12541116425e-05,2.10724156204e-05,6.82798927301e-05
1573193751868138644,422,1573193751814496040,,-5.3170537285e-05,-3.80256606149e-05,-9.69992324826e-05
1573193751970554436,423,1573193751868295907,,0.000266761111561,1.55456673383e-05,-2.32150105148e-05
1573193752023744119,424,1573193751970612049,,8.0378165876e-05,6.89938751748e-05,6.78372962284e-05
1573193752077631785,425,1573193752024133920,,-0.0140076605603,-0.000865645590238,-0.00899137370288
1573193752131170306,426,1573193752077699899,,-0.0418844409287,-0.0145520623773,-0.0281030274928
1573193752185065950,427,1573193752131706953,,-0.0602496638894,-0.046305026859,-0.0469027124345
1573193752239028996,428,1573193752185456991,,-0.0454482361674,-0.0758810043335,-0.0450891107321
1573193752292756843,429,1573193752239643096,,0.0191873181611,-0.0604469552636,0.00346755841747
1573193752347049352,430,1573193752293284893,,0.0259398352355,-0.0248838029802,0.0160344075412
1573193752400935406,431,1573193752347649097,,0.0186762157828,-0.0118727637455,0.0126198967919
1573193752454902116,432,1573193752401531934,,0.00598307652399,-0.00159182259813,0.00509276799858
1573193752558061805,433,1573193752455526113,,0.000951852067374,-0.00021425767045,0.00104375893716
1573193752611694915,434,1573193752558460950,,0.000194436259335,0.000148338585859,7.10072199581e-05
1573193752665444897,435,1573193752611835002,,4.77211615362e-05,-1.11446252049e-06,8.72242380865e-05
1573193752718062529,436,1573193752665891885,,-0.000133738096338,-1.06307752503e-05,-0.000114928312541
1573193752771877034,437,1573193752718225955,,7.14663838153e-05,0.000102459882328,7.71567138145e-05
1573193752824293533,438,1573193752772370100,,-0.000116397255624,2.03517320188e-05,1.05800536403e-05
1573193752878630732,439,1573193752824537038,,0.00811894610524,-1.33007333716e-05,0.00648011220619
1573193752932262418,440,1573193752879441022,,0.0308195054531,0.00853283330798,0.0195550844073
1573193752986337254,441,1573193752932734012,,0.0466291382909,0.0201237909496,0.0323154330254
1573193753090273903,442,1573193752986953020,,0.0367975234985,0.0693642646074,0.0403569303453
1573193753143893684,443,1573193753090651988,,0.0025088309776,0.0182116478682,0.00175725074951
1573193753198500426,444,1573193753144480943,,-0.000426975107985,0.00184191472363,-0.000695124210324
1573193753252702204,445,1573193753199053049,,-1.57028375725e-06,0.000242791284109,0.000172437765286
1573193753308465958,446,1573193753253278970,,-0.000248632917646,0.000236939216848,-0.000517674605362
1573193753360416242,447,1573193753307683944,,9.65440704022e-05,3.56934033334e-05,9.47044318309e-05
1573193753413987287,448,1573193753360738039,,0.00015093490947,0.00012181186321,-2.11700921682e-06
1573193753468368829,449,1573193753414716005,,-0.000173695385456,-8.37800180307e-05,-0.000141490760143
1573193753522704439,450,1573193753468949079,,-0.000138636416523,-8.33515296108e-05,-0.000156315931235
1573193753578591469,451,1573193753523166894,,-0.000109497545054,-1.95279062609e-05,-3.59584155376e-05
1573193753633649074,452,1573193753578660964,,-0.000208804456634,0.000267371797236,-0.00026495649945
1573193753686959661,453,1573193753633776903,,-1.40880956678e-05,0.0249815732241,0.010356890969
1573193753740226867,454,1573193753687621116,,-0.0171464327723,0.0334653109312,0.0108695207164
1573193753793887797,455,1573193753740587949,,-0.0229753367603,0.0369655415416,0.00679308129475
1573193753847522234,456,1573193753794153928,,-0.0266056470573,0.0553093701601,-0.00370258023031
1573193753902060908,457,1573193753848212003,,-0.0351542420685,0.0643776580691,-0.017699342221
1573193753956406589,458,1573193753902930974,,-0.0338814482093,0.0630027502775,-0.015846664086
1573193754010726352,459,1573193753957025051,,-0.0328769348562,0.0619179494679,-0.0149228591472
1573193754064326153,460,1573193754010901927,,-0.0339206643403,0.0638823658228,-0.0159069225192
1573193754117860994,461,1573193754064841032,,-0.0333118028939,0.0632910728455,-0.0158129762858
1573193754170517882,462,1573193754117214918,,-0.0339205637574,0.0651277080178,-0.0163957159966
1573193754223486206,463,1573193754170970916,,-0.0318472273648,0.0625670850277,-0.0145206823945
1573193754276302709,464,1573193754223681926,,-0.0322636365891,0.0629731416702,-0.0148481773213
1573193754329988646,465,1573193754276689052,,-0.032779186964,0.0639305710793,-0.0157667398453
1573193754385667563,466,1573193754330542087,,-0.0318908132613,0.063047260046,-0.0149963675067
1573193754439209581,467,1573193754385994911,,-0.0323426835239,0.063517563045,-0.0142073528841
1573193754494278929,468,1573193754439829111,,-0.0204662848264,0.0467361025512,-0.0181188527495
1573193754548989925,469,1573193754494966030,,0.00838409736753,0.0201384425163,-0.0131039461121
1573193754602928674,470,1573193754549442052,,0.0465850383043,0.00868241023272,0.0194096174091
1573193754657063799,471,1573193754603456974,,0.0701607391238,0.00964653026313,0.0516032762825
1573193754711355246,472,1573193754657288074,,0.0552406311035,-0.00142186006997,0.0391549170017
1573193754766847453,473,1573193754711746931,,0.0275385975838,-0.00907518621534,0.0205584689975
1573193754819557265,474,1573193754767545938,,0.00545882293954,-0.00518887350336,0.00403991062194
1573193754923321892,475,1573193754819715976,,0.0004292280355,-0.0009137368761,0.000525566050783
1573193754977234235,476,1573193754924012899,,-1.90744303836e-05,-0.000278285442619,-0.000379649165552
1573193755031860813,477,1573193754978118896,,-0.000256266153883,-8.16204628791e-05,-0.000616008765064
1573193755136507259,478,1573193755031538009,,0.000102841397165,-8.91028230399e-06,0.000168584258063
1573193755190561708,479,1573193755137214899,,-4.79761947645e-05,-0.000185991739272,-8.66582340677e-05
1573193755244940339,480,1573193755191328048,,-1.5321023966e-05,1.09093371066e-05,-6.47376327834e-06
1573193755298986434,481,1573193755245696067,,-6.86792991473e-05,4.41423326265e-05,1.44431942317e-05
1573193755353394370,482,1573193755299503087,,0.00817097350955,0.000697389536072,-0.000176814734004
1573193755407410677,483,1573193755353682994,,8.20435234345e-05,4.4466773943e-06,1.79930539161e-05
1573193755462896183,484,1573193755407759904,,0.00344432308339,-0.00670588389039,0.00438898010179
1573193755515767014,485,1573193755462229967,,0.0145713882521,-0.0258424337953,0.00649414164945
1573193755569748550,486,1573193755516165018,,0.0365812629461,-0.0416542813182,0.0186719745398
1573193755672983857,487,1573193755569941997,,0.0614699684083,0.00750351091847,0.0408198162913
1573193755728986244,488,1573193755674011945,,0.0515628419816,0.0750575810671,0.0543875321746
1573193755784019105,489,1573193755729465007,,0.0281953867525,0.0507880747318,0.0281063504517
1573193755889338331,490,1573193755784902095,,0.000968311273027,0.00415097782388,0.000285053945845
1573193755943334175,491,1573193755889743089,,-0.000284376554191,0.000444727949798,-0.000485619762912
1573193755997138498,492,1573193755943489074,,-5.72575190745e-05,0.000287187867798,-0.000111553243187
1573193756051119803,493,1573193755997416973,,6.35087053524e-05,6.98496005498e-05,0.000209591031307
1573193756104937872,494,1573193756051249980,,-0.000152870634338,5.99330487603e-05,-0.000154871333507
1573193756159242084,495,1573193756105545043,,-5.8291174355e-05,-0.000146848353324,-0.000220780653763
1573193756215224339,496,1573193756161457061,,7.01457465766e-05,0.000142988108564,0.000155955043738
1573193756268593870,497,1573193756215364933,,5.32994163223e-05,2.85017031274e-05,1.96572491404e-05
1573193756320736640,498,1573193756268130064,,-0.000117553645396,-7.84490657679e-06,-6.92035901011e-05
1573193756423187536,499,1573193756321016073,,1.64257598954e-05,-5.11430480401e-05,-2.63476231339e-05
1573193756527014661,500,1573193756423409938,,1.81968571269e-05,2.33920836763e-05,0.0001221485727
1573193756581688268,501,1573193756527743101,,4.4282154704e-05,-1.06196716843e-06,-9.96297603706e-05
1573193756634890858,502,1573193756582035064,,-3.58658762707e-05,-2.08918336284e-05,-7.89424811956e-05
1573193756738968561,503,1573193756635221004,,6.00040657446e-05,-4.04211241403e-05,4.27296896532e-07
1573193756794199788,504,1573193756740634918,,-3.77720898541e-05,0.000111931120045,6.10287279414e-05
1573193756848372911,505,1573193756794751882,,-3.98093943659e-05,-1.31653596327e-05,1.01194300441e-05
1573193756902057627,506,1573193756848680973,,0.00566414371133,0.00659046461806,0.00256910850294
1573193756957179394,507,1573193756903017044,,0.0319540388882,0.0325769633055,0.0294903535396
1573193757061457012,508,1573193756958075046,,0.0666290819645,0.00915399938822,0.0465599410236
1573193757115183372,509,1573193757061897993,,0.0246852803975,-0.0671159476042,0.00388405355625
1573193757169438985,510,1573193757115753889,,0.000454513414297,-0.0794664770365,-0.0171141810715
1573193757223108810,511,1573193757169857025,,-0.0129834543914,-0.0570236705244,-0.0170270875096
1573193757327003858,512,1573193757223542928,,-0.00156768783927,-0.00264196028002,-0.000593227858189
1573193757380746053,513,1573193757327647924,,2.39535074797e-06,-0.000353160459781,0.000534415477887
1573193757433637403,514,1573193757381443023,,-8.74749559898e-07,-2.31050253205e-05,0.000309103110339
1573193757487177229,515,1573193757433691978,,-7.44192439015e-05,7.15845599188e-05,-4.89579178975e-05
1573193757541349668,516,1573193757487489938,,-0.000113918918942,-4.43892258772e-06,-7.5026313425e-05
1573193757595316058,517,1573193757541589975,,-4.40604235337e-05,2.79380265056e-06,-9.73354763119e-05
1573193757649328758,518,1573193757596009969,,8.34908496472e-05,-5.09164274263e-05,1.69475588336e-05
1573193757704542879,519,1573193757649686098,,-8.08022468846e-06,1.72878344529e-06,-2.51365363511e-05
1573193757811247676,520,1573193757704814910,,-0.0164348538965,-0.00973251648247,-0.0122273387387
1573193757863970126,521,1573193757811383962,,-0.0693865269423,-0.034887585789,-0.0555177107453
1573193757918008356,522,1573193757864589929,,-0.0620870627463,-0.00219239830039,-0.0462308563292
1573193757971887689,523,1573193757918262004,,-0.0339549928904,0.0467819981277,-0.0165668390691
1573193758025408604,524,1573193757972182989,,-0.0209991075099,0.0723570510745,-0.00204241857864
1573193758030475999,525,1573193758025599002,,-0.0165645591915,0.0693165585399,0.00225879973732
1573193758085234218,526,1573193758031307935,,-0.0149000957608,0.0528295300901,-0.0020268089138
1573193758139302633,527,1573193758085582971,,-0.00813007820398,0.0213455632329,-0.0051059005782
1573193758192056089,528,1573193758139442920,,-0.0025537267793,0.00259767123498,-0.00356556638144
1573193758294875656,529,1573193758192214965,,-0.000364968494978,0.000295686535537,-0.000563774665352
1573193758347942738,530,1573193758295937061,,0.000162040567375,-0.00013195972133,0.000361047656043
1573193758401225101,531,1573193758348397970,,-0.000187226833077,7.44939534343e-05,-0.000150664360262
1573193758454709960,532,1573193758401946067,,6.96070201229e-05,-2.67076356977e-05,-0.00010289750935
1573193758507650565,533,1573193758454972982,,0.00011358554184,3.39042126143e-05,0.000140186064527
1573193758562197190,534,1573193758507992029,,-1.63031490956e-05,-8.21718367661e-06,7.92355640442e-05
1573193758616068971,535,1573193758562336921,,-2.2189991796e-05,3.19983810186e-05,0.000113461588626
1573193758669720391,536,1573193758616230964,,-7.56348890718e-05,-8.00673878985e-05,-0.000134695379529
1573193758723663870,537,1573193758670139074,,-3.67312859453e-05,-9.7054107755e-05,-6.20043065283e-05
1573193758827639913,538,1573193758724133014,,-0.00920331664383,0.00594653468579,-0.00752672925591
1573193758882044910,539,1573193758828108072,,-0.0462988503277,0.0295346975327,-0.0244672875851
1573193758936555657,540,1573193758882817983,,-0.0590263903141,0.00936761405319,-0.036233201623
1573193758990516966,541,1573193758936899900,,-0.0623186975718,-0.039762891829,-0.050782520324
1573193759043400478,542,1573193758991123914,,-0.0479875467718,-0.0575485751033,-0.0380094535649
1573193759097131637,543,1573193759044182062,,-0.0494987517595,-0.0295851901174,-0.0216273684055
1573193759148899158,544,1573193759097058057,,-0.0660609379411,-0.0378422029316,-0.0500437915325
1573193759202554743,545,1573193759148890018,,-0.0709609091282,-0.0400336422026,-0.0562419295311
1573193759255231702,546,1573193759201890945,,-0.0613679140806,-0.0351385623217,-0.0500967130065
1573193759358031964,547,1573193759255518913,,-0.00624510087073,-0.00280721695162,-0.0125468885526
1573193759410881305,548,1573193759358266115,,0.0324039049447,-0.0221794266254,0.00232456251979
1573193759464573563,549,1573193759411142110,,0.0441727600992,-0.0364075377584,0.0227795410901
1573193759517205549,550,1573193759464958906,,0.05085869506,-0.0387383885682,0.0321179255843
1573193759620884754,551,1573193759517462015,,0.0533045195043,-0.0396519005299,0.0331193506718
1573193759674278342,552,1573193759621401071,,0.0599682442844,-0.0226422678679,0.0392650999129
1573193759727830877,553,1573193759674628019,,0.0628531575203,-0.016789149493,0.0416327379644
1573193759781115422,554,1573193759728466987,,0.048025328666,-0.00569706223905,0.0317967496812
1573193759833365504,555,1573193759781271934,,0.0198853090405,-0.00153307709843,0.0140466317534
1573193759936939255,556,1573193759833399057,,0.000223225230002,0.000239941364271,0.000649228109978
1573193759991229296,557,1573193759939043045,,-8.73375247465e-05,0.000213171864743,0.000505743606482
1573193760043989311,558,1573193759991424083,,-6.95292110322e-05,0.000187845231267,0.000326185225276
1573193760097493686,559,1573193760044235944,,1.87373134395e-05,9.99137264444e-05,0.000211182108615
1573193760151595689,560,1573193760098221063,,-2.6482359317e-05,1.24463906559e-06,-6.814977678e-05
1573193760206752438,561,1573193760151746988,,0.002380983904,0.000198398600332,0.00234219315462
1573193760259305191,562,1573193760206780910,,0.0183290187269,0.00315055507235,0.0133669180796
1573193760313270015,563,1573193760259689092,,0.0473060496151,0.0119955474511,0.0335623472929
1573193760367136395,564,1573193760313416957,,0.0703697800636,0.0248659532517,0.0526172406971
1573193760470300424,565,1573193760367724895,,0.0734900310636,0.0421327352524,0.0566526502371
1573193760524825313,566,1573193760470740079,,0.0534200966358,0.0482226200402,0.0470708422363
1573193760578832686,567,1573193760525383949,,0.0224982127547,0.0302447006106,0.021662497893
1573193760632971982,568,1573193760579430103,,0.00222063576803,0.0070148720406,0.000481982948259
1573193760738201136,569,1573193760633857011,,-0.000158587223268,0.000327173416736,-0.00051826715935
1573193760792010083,570,1573193760738400936,,-7.22637341823e-05,-6.3175757532e-05,-0.000192012812477
1573193760844452825,571,1573193760792478084,,-2.92580480163e-05,-1.92765037355e-05,-0.000170213839738
1573193760897507166,572,1573193760844455957,,-0.00015564354544,3.60543308489e-05,-0.000126858736621
1573193761000679622,573,1573193760898345947,,-1.80761944648e-05,-0.000120219643577,-0.000178131827852
1573193761053472844,574,1573193761000941991,,-7.22633340047e-05,-2.69793945336e-05,-5.88682705711e-05
1573193761107683482,575,1573193761054059982,,3.48208304786e-05,4.1543316911e-05,0.000106040592073
1573193761160973047,576,1573193761107876062,,-0.000225854368182,0.000711045635398,-0.000814203580376
1573193761265603718,577,1573193761161658048,,-0.0155142024159,0.0213076230139,-0.00482742069289
1573193761319503022,578,1573193761266098022,,-0.0363331101835,-0.00480357417837,-0.00517217256129
1573193761373538509,579,1573193761320076942,,-0.0542554482818,-0.0282553825527,-0.0233601517975
1573193761427608358,580,1573193761374255895,,-0.0718861445785,-0.0434814468026,-0.0530681423843
1573193761482550876,581,1573193761428359031,,-0.0777938440442,-0.0466597005725,-0.0606663376093
1573193761536622575,582,1573193761483319044,,-0.0735122412443,-0.0438186340034,-0.0569469332695
1573193761590614841,583,1573193761537394046,,-0.0770889669657,-0.0453828833997,-0.0598654039204
1573193761694000327,584,1573193761591474056,,-0.0764147043228,-0.0455700643361,-0.0600387342274
1573193761747712208,585,1573193761694248914,,-0.0724009126425,-0.0428993180394,-0.0571978762746
1573193761799857614,586,1573193761748121023,,-0.0728762894869,-0.04305941239,-0.0578273646533
1573193761852272340,587,1573193761799942016,,-0.0771072730422,-0.0455460101366,-0.0615539439023
1573193761905499233,588,1573193761852741956,,-0.074046947062,-0.043733343482,-0.0594909265637
1573193761958489631,589,1573193761905148983,,-0.0713206008077,-0.0420849174261,-0.0578401014209
1573193762011151814,590,1573193761958848953,,-0.0734959468246,-0.0435643345118,-0.0599836707115
1573193762064513178,591,1573193762011333942,,-0.0696835964918,-0.0412250459194,-0.0570821948349
1573193762117268907,592,1573193762065399885,,-0.071536205709,-0.0424132570624,-0.0591323561966
1573193762170511439,593,1573193762117496013,,-0.0701161697507,-0.0416668988764,-0.0584490858018
1573193762225183073,594,1573193762171196937,,-0.0694139003754,-0.0412780083716,-0.0583689399064
1573193762278363135,595,1573193762225339889,,-0.0676145851612,-0.0399781614542,-0.0570836476982
1573193762331991175,596,1573193762278855085,,-0.0697958767414,-0.041569955647,-0.0599824599922
1573193762386392971,597,1573193762332914113,,-0.0664047375321,-0.0393027588725,-0.0569337271154
1573193762440318301,598,1573193762386713027,,-0.0652714520693,-0.0387548319995,-0.0561458319426
1573193762545643306,599,1573193762440833091,,-0.0599456243217,-0.0351845473051,-0.0578129738569
1573193762600918614,600,1573193762546824932,,0.0110655790195,0.0101635055616,-0.00895898975432
1573193762653048988,601,1573193762600306987,,0.00625076098368,0.00841075461358,0.00198365654796
1573193762706864250,602,1573193762653414011,,0.00170074799098,0.00248813582584,0.0016000015894
1573193762760598600,603,1573193762707070112,,0.000363500294043,0.000942226150073,0.000971485802438
1573193762814892285,604,1573193762761126995,,0.000396800140152,0.00054215779528,0.000893975840881
1573193762868924521,605,1573193762815213918,,0.000183299460332,0.00026454179897,0.000319179991493
1573193762923119871,606,1573193762869440078,,0.000358629273251,0.0001511824521,0.000303496606648
1573193763028150974,607,1573193762923528909,,3.78969743906e-05,9.13987096283e-05,0.000152767854161
1573193763081349903,608,1573193763028533935,,0.000115291339171,5.06797405251e-05,7.02927791281e-05
1573193763134961392,609,1573193763081643104,,4.1545717977e-05,3.83785481972e-05,-7.27219094188e-06
1573193763189383603,610,1573193763135673999,,5.60937369301e-05,-7.26150483388e-06,6.48781278869e-05
1573193763243157056,611,1573193763189954996,,1.87308014574e-05,-1.74325505213e-05,1.02805524875e-05
1573193763297336380,612,1573193763243756055,,4.41680094809e-05,-1.48613116835e-05,1.94737767742e-05
1573193763351265301,613,1573193763297966957,,-4.01686011173e-05,-3.48594403476e-05,-2.69567190117e-05
1573193763405621855,614,1573193763351778984,,6.83220059727e-05,-5.15874271514e-05,1.31859433168e-05
1573193763509078519,615,1573193763405708074,,-4.16266157117e-05,2.0600591597e-05,1.77147830982e-05
1573193763563523355,616,1573193763509489059,,-1.46963047882e-05,-2.21258760575e-05,6.18256235612e-05
1573193763617464460,617,1573193763564054965,,0.00248639215715,0.000313169468427,-1.65889632626e-05
1573193763670466958,618,1573193763617955923,,7.60813127272e-05,2.21897767005e-06,4.53511274827e-05
1573193763724324812,619,1573193763670789957,,-1.28699111883e-05,1.1157480003e-05,-2.89541640086e-05
1573193763829250032,620,1573193763724931955,,0.00397688662633,0.0177462119609,0.00307722738944
1573193763883655926,621,1573193763830009937,,-0.0250367950648,0.0381350554526,-0.0108981039375
1573193763937293485,622,1573193763884162902,,-0.048116736114,-0.0187592227012,-0.0402849577367
1573193763991366497,623,1573193763938208103,,-0.0265742521733,-0.0591716207564,-0.0308291558176
1573193764045563658,624,1573193763991986036,,0.00622934335843,-0.0411331616342,0.000472930987598
1573193764099094569,625,1573193764045720100,,0.00459683826193,-0.00430007465184,0.0051961876452
1573193764153343977,626,1573193764100116014,,0.000471086183097,2.2972773877e-05,-0.000280556530925
1573193764207119914,627,1573193764154100894,,0.000765155884437,-0.000668395019602,0.00100415339693
1573193764259468585,628,1573193764207029104,,0.000325877976138,-0.000165045144968,0.000242885318585
1573193764312114216,629,1573193764259732961,,9.49457971728e-05,0.000230112214922,-0.000144661782542
1573193764366733861,630,1573193764312299966,,2.2125284886e-05,-0.000102021185739,-6.42461018288e-05
1573193764419900685,631,1573193764367000102,,-0.00010287897021,-4.7433324653e-05,-0.000143921395647
1573193764472573413,632,1573193764420142889,,6.79953591316e-05,7.67945821281e-05,0.000158741269843
1573193764526200516,633,1573193764472892999,,-1.20718723338e-05,-3.52291499439e-05,1.03073375612e-06
1573193764581165558,634,1573193764526757001,,4.14814494434e-05,-0.000112775058369,2.36321375269e-05
1573193764636276788,635,1573193764583161115,,0.01452274248,-0.002088310197,0.0122801596299
1573193764690593427,636,1573193764637006044,,0.0248181391507,-0.0208788570017,0.0174032226205
1573193764744885127,637,1573193764690510988,,0.0177327673882,-0.0556552521884,0.00761495251209
1573193764799777679,638,1573193764745574951,,0.00826762057841,-0.0741431936622,-0.000632257724646
1573193764854979447,639,1573193764801613092,,0.00469619315118,-0.0810872241855,-0.00324220582843
1573193764909040452,640,1573193764855562925,,-0.014571711421,-0.0688386112452,-0.0192504376173
1573193764961478442,641,1573193764908299922,,-0.0293277595192,-0.0531694628298,-0.0273394547403
1573193765066567693,642,1573193764962168931,,-0.0173449572176,0.0191754214466,-0.0119490558282
1573193765121109511,643,1573193765066586971,,0.00347620551474,0.024402083829,0.00657334877178
1573193765176676226,644,1573193765122067928,,0.00184368959162,0.00898769311607,-0.00186638091691
1573193765229503165,645,1573193765177362918,,0.00147672055755,0.000861001724843,0.00185477233026
1573193765284272680,646,1573193765229701995,,0.000559837790206,0.000508653349243,0.000465632649139
1573193765337780043,647,1573193765284440994,,0.000239926142967,4.59769980807e-05,0.000319615588523
1573193765392121656,648,1573193765338383913,,3.43676947523e-05,-2.72306374427e-06,0.000131397333462
1573193765445710423,649,1573193765392234086,,-2.03486742976e-05,9.87198509392e-05,-5.50945223949e-05
1573193765499774573,650,1573193765445969104,,2.3793136279e-05,1.40813981488e-05,-1.78322479769e-05
1573193765552949906,651,1573193765500124931,,-5.41440458619e-05,-4.93929765071e-05,-0.000100502526038
1573193765606991509,652,1573193765553410053,,1.67373746081e-05,1.40113215821e-05,2.92410732072e-05
1573193765660074626,653,1573193765607362031,,-1.21621278595e-05,1.72110612766e-05,-3.14329045068e-05
1573193765713202985,654,1573193765660099983,,7.17720176908e-05,-1.24968000819e-05,2.6953397537e-05
1573193765767672357,655,1573193765714132070,,0.00276757543907,0.00360095896758,-0.000637706369162
1573193765821902385,656,1573193765768362998,,0.036929436028,0.0330330692232,0.0313724987209
1573193765874594609,657,1573193765822552919,,0.0214720461518,0.0138181513175,0.0142181413248
1573193765927864320,658,1573193765874635934,,0.00393966585398,0.00112942710984,0.00384532962926
1573193766031731145,659,1573193765927864074,,-0.000406233360991,0.00018609513063,-0.000405533646699
1573193766085043245,660,1573193766032380104,,0.000124411206343,-0.000329373113345,0.000280604552245
1573193766137436559,661,1573193766085503101,,-0.000122921468574,4.43523858848e-05,-5.20011853951e-05
1573193766189561406,662,1573193766137712955,,-0.000160144263646,6.13296506344e-05,-8.32972291391e-05
1573193766243214855,663,1573193766189738035,,0.00568765588105,-0.00368473143317,0.00804165285081
1573193766297087340,664,1573193766243597030,,0.0128070143983,-0.0173445362598,0.00640715844929
1573193766351461439,665,1573193766297916889,,0.00407818239182,-0.0112790158018,0.00493893167004
1573193766405435069,666,1573193766351871013,,0.000434082845459,-0.0108767515048,0.00371491070837
1573193766459018003,667,1573193766405594110,,-0.00491112563759,-0.0154194300994,-0.00885007530451
1573193766562916043,668,1573193766459371089,,-0.00730207376182,-0.0153129836544,-0.00583099434152
1573193766618275847,669,1573193766564325094,,-0.00314578181133,-0.00492869596928,-0.00165457604453
1573193766672632133,670,1573193766618591070,,-0.000101799574622,-0.000659590936266,0.000311641488224
1573193766726358195,671,1573193766673017978,,-1.21059365483e-05,-0.00018828062457,0.000169861799804
1573193766779351921,672,1573193766726861000,,-7.95051164459e-05,-0.000103597805719,8.5604362539e-05
1573193766883443721,673,1573193766779633998,,-7.77425884735e-06,8.13756705611e-05,7.92593709775e-05
1573193766936742429,674,1573193766883614063,,1.32141485665e-05,-2.7312338716e-05,-7.32410917408e-05
1573193766990660030,675,1573193766938024044,,0.000132441869937,1.76556113729e-05,8.58320199768e-05
1573193767044518080,676,1573193766990860939,,2.88240539703e-06,9.93506728264e-06,-1.26223658299e-05
1573193767098831136,677,1573193767045116901,,1.30289918161e-05,6.57667624182e-05,8.43123052618e-05
1573193767152049642,678,1573193767099364995,,-2.4660535928e-05,2.97172155115e-05,5.66860107938e-05
1573193767206172585,679,1573193767151967048,,0.00110778561793,0.000157280825078,-3.31445698976e-05
1573193767257665309,680,1573193767205332994,,0.000138396178954,5.97644866502e-05,0.000111949870188
1573193767361759841,681,1573193767257704973,,-7.36093261366e-06,2.54217738984e-05,-2.8044461942e-05
1573193767415620772,682,1573193767362689018,,8.01335700089e-05,-4.21716868004e-06,2.09711583921e-06
1573193767468929728,683,1573193767416006088,,1.94070216821e-05,1.0969604773e-05,4.23775636591e-05
1573193767522022247,684,1573193767469232082,,-5.4555493989e-05,-1.50677142301e-05,-6.26449764241e-05
1573193767625065599,685,1573193767522748947,,-8.38840423967e-06,-3.23456551996e-05,1.64641442097e-05
1573193767677619365,686,1573193767624577045,,5.13350751135e-05,3.63431827282e-05,1.53826968017e-05
1573193767731901778,687,1573193767678370952,,2.28123954003e-05,-4.17579758505e-06,-1.20582571981e-05
1573193767785987460,688,1573193767732300043,,0.000172147134435,3.8778558519e-05,1.23817362692e-05
1573193767839695402,689,1573193767786303997,,-0.00036619749153,-9.74258819042e-06,5.52537494514e-05
1573193767893867387,690,1573193767840544939,,4.8882637202e-05,5.53649078938e-05,9.61122786975e-05
1573193767948386196,691,1573193767894612073,,1.3021376617e-05,2.09358913708e-05,-3.00625197269e-06
1573193768001554443,692,1573193767948894023,,0.000105811486719,2.54529350059e-05,8.09373959783e-05
1573193768055313649,693,1573193768001714944,,4.49379986094e-05,3.41009490512e-06,-4.70251507068e-05
1573193768159287453,694,1573193768056040048,,1.22876315345e-06,2.37090389419e-05,4.77319081256e-05
1573193768212190222,695,1573193768159807920,,-0.000168519589351,-9.2847905762e-05,-0.000209461650229
1573193768265987906,696,1573193768212245941,,-1.92145325855e-05,-1.78435002454e-05,-0.000110567685624
1573193768319298999,697,1573193768266571044,,9.77016534307e-05,0.000154354522238,0.000256782921497
1573193768372792692,698,1573193768319565057,,5.30238139618e-05,7.65984659665e-05,0.000134171641548
1573193768426227867,699,1573193768372926950,,3.044461846e-05,4.90718321089e-06,1.17728231999e-05
1573193768480101161,700,1573193768426620960,,2.12359955185e-05,3.28389205606e-06,-3.95727183786e-05
1573193768534092094,701,1573193768480559110,,-4.42483406005e-06,1.50661608131e-05,8.0396030171e-06
1573193768588410791,702,1573193768534097909,,2.26959218708e-05,8.60347063281e-05,0.000150095875142
1573193768691141152,703,1573193768587553024,,-6.63152095512e-05,-3.14566786983e-05,-9.12459290703e-05
1573193768744427486,704,1573193768691715002,,-4.8943751608e-05,-5.34906139364e-05,-8.78676873981e-05
1573193768797676307,705,1573193768744558095,,8.76519625308e-05,3.81755780836e-05,6.70632871334e-05
1573193768852128670,706,1573193768798542022,,3.53891555278e-05,-3.3752694435e-05,-5.23457674717e-05
1573193768905787523,707,1573193768852318048,,-1.84536220331e-05,2.08898618439e-05,-9.47289754549e-06
1573193768960165143,708,1573193768906497955,,-7.78510093369e-06,3.50394038833e-05,7.01263343217e-05
1573193769014046767,709,1573193768960665941,,3.01873369608e-05,5.14978528372e-05,5.20989815413e-05
1573193769118455813,710,1573193769014622926,,5.4024891142e-05,8.01544010756e-05,7.98225228209e-05
1573193769173587345,711,1573193769119345903,,4.87392935611e-06,-1.83591473615e-05,-1.30775924845e-05
1573193769227420757,712,1573193769173962116,,6.01572401138e-06,-2.40602130361e-05,-0.000110732027679
1573193769282889610,713,1573193769228122949,,-5.94937555434e-05,-5.38461281394e-05,-9.63545608101e-05
1573193769335984790,714,1573193769282449007,,-7.0746311394e-05,-4.23725487053e-06,3.53778341378e-05
1573193769390378446,715,1573193769336828947,,-6.66963046569e-07,-3.82701273338e-06,-3.38125646522e-05
1573193769442504493,716,1573193769390826940,,1.92980928659e-06,3.13608434226e-05,8.3550286945e-05
1573193769493997221,717,1573193769442698001,,1.0263303011e-05,-4.46211961389e-05,-8.16334868432e-05
1573193769547826449,718,1573193769494049072,,-4.43108001491e-05,-4.69264114145e-06,-8.5012477939e-05
1573193769651724569,719,1573193769547990083,,-5.42030920769e-06,2.02568135137e-05,1.83050378837e-05
1573193769706479623,720,1573193769653235912,,1.13217911348e-05,-8.21257799544e-06,-1.54432218551e-05
1573193769759765573,721,1573193769706188917,,-9.74134163698e-05,-7.18421142665e-05,-0.0001166212096
1573193769814062598,722,1573193769760432004,,-5.80882333452e-05,-2.9991437259e-05,-7.49180326238e-05
1573193769868139156,723,1573193769814404010,,0.000104753162304,8.66911941557e-05,9.13024996407e-05
1573193769922662220,724,1573193769868673086,,-0.00119338009972,-0.000160159543157,1.94296771951e-05
1573193770227363814,725,1573193769922667980,,-4.22375451308e-05,1.20672311823e-05,9.27155815589e-06
1573193770281232653,726,1573193770227500915,,-8.65197507665e-05,-6.21570870862e-05,-0.000169627528521
1573193770334335816,727,1573193770281177997,,1.66166246345e-05,3.83227270504e-05,-1.2080335182e-05
1573193770388204919,728,1573193770334372043,,1.85584649444e-05,8.47668998176e-05,0.00010476213356
1573193770442716997,729,1573193770388827085,,8.26275718282e-05,1.23155177789e-05,1.23851796161e-05
1573193770496811780,730,1573193770442929983,,-0.000929837231524,-9.6278541605e-05,2.41896123043e-05
1573193770551234703,731,1573193770497423887,,2.47978932748e-05,1.27111488837e-05,5.41546869499e-05
1573193770605038888,732,1573193770552377939,,0.000105362647446,3.45604967151e-05,8.41863220558e-05
1573193770710761956,733,1573193770605343103,,3.16524619848e-06,2.47703155765e-05,5.94972116232e-05
1573193770765074082,734,1573193770711066007,,-2.4572815164e-05,2.54194201261e-05,-1.40688653119e-05
1573193770819432321,735,1573193770765321016,,2.53507441812e-05,1.20907388919e-05,1.02097692434e-05
1573193770872990453,736,1573193770819915056,,-4.22263183282e-05,-3.24805951095e-05,-7.64882133808e-05
1573193770976463834,737,1573193770873697996,,-4.28459788964e-05,-2.0721097826e-05,-2.28279568546e-05
1573193771030688910,738,1573193770976572036,,-8.87226706254e-05,-2.11942679016e-05,-8.22843321657e-06
1573193771082772434,739,1573193771031230926,,-2.65407761617e-05,-7.28832819732e-05,-0.000135884998599
1573193771135383321,740,1573193771082716941,,-3.01630279864e-05,-6.07671790931e-05,-0.000105594881461
1573193771237679957,741,1573193771135742902,,1.43502275023e-05,1.28473257064e-05,1.65491146618e-05
1573193771291395576,742,1573193771237746953,,-0.00012407968461,1.26905451907e-05,7.49983664718e-05
1573193771344130320,743,1573193771291770935,,0.000107995096187,-7.68965255702e-05,-5.29671015101e-05
1573193771397421994,744,1573193771344248056,,5.26613875991e-05,-1.90770115296e-05,-1.8963135517e-05
1573193771449576461,745,1573193771398394107,,-5.05642929056e-05,5.39201319043e-05,3.48937028321e-05
1573193771501287597,746,1573193771449855089,,3.24366442328e-06,7.38384915167e-05,0.000124641344883
1573193771554505952,747,1573193771500982046,,-5.80921914661e-05,2.44854199991e-05,-1.57222148118e-05
1573193771608664323,748,1573193771555031061,,3.50307345798e-05,4.09927160945e-05,2.62042522081e-05
1573193771662518149,749,1573193771608603000,,0.000101080178865,-6.6228567448e-06,-3.98344745918e-05
1573193771765587364,750,1573193771663161993,,-5.71309901716e-05,-6.07311922067e-05,-8.07617179817e-05
1573193771818106209,751,1573193771766205072,,-1.21338061945e-05,3.19664213748e-05,5.080763367e-05
1573193771871257346,752,1573193771817759990,,-2.33256596402e-05,-4.6883324103e-06,-1.11050967462e-05
1573193771924182419,753,1573193771871689081,,1.0916474821e-05,5.01615468238e-05,5.30311444891e-05
1573193771977520813,754,1573193771923795938,,-3.81426434615e-05,1.8079297206e-06,-4.38964489149e-05
1573193772031487452,755,1573193771978015899,,7.39381448511e-06,3.06725487462e-05,1.54024164658e-05
1573193772085497960,756,1573193772032207965,,3.709405064e-05,-3.13300079142e-05,-9.73792703007e-05
1573193772139021498,757,1573193772085448026,,2.96475573123e-05,3.41896047757e-05,6.53534007142e-05
1573193772242779030,758,1573193772140237092,,-0.000935490301345,-0.000166102021467,1.07657870103e-05
1573193772295441501,759,1573193772242909908,,-1.43322840813e-05,9.08935908228e-06,-2.96951875498e-05
1573193772348803471,760,1573193772295805931,,-5.57534076506e-05,-6.53926981613e-05,-7.45941288187e-05
1573193772401413079,761,1573193772349695920,,-7.13115805411e-05,2.61744444288e-05,5.85818706895e-05
1573193772453527352,762,1573193772401428937,,4.60633455077e-05,3.14880235237e-05,4.04292004532e-05
