%time,field.header.seq,field.header.stamp,field.header.frame_id,field.speed,field.vx,field.vy,field.vz
1573193726419984188,219,1573193726365777969,,0.0,2.99999992421e-05,1.99999994948e-05,-1.99999994948e-05
1573193726475292001,220,1573193726419922113,,0.0,-1.99999994948e-05,9.99999974738e-06,9.99999974738e-06
1573193726528503472,221,1573193726474467039,,0.0,9.99999974738e-06,0.0,-9.99999974738e-06
1573193726582553216,222,1573193726528672933,,0.0,9.99999974738e-06,-1.99999994948e-05,-9.99999974738e-06
1573193726686488051,223,1573193726582515954,,0.0,-9.99999974738e-06,9.99999974738e-06,9.99999974738e-06
1573193726739270696,224,1573193726685760974,,0.0,-0.0,9.99999974738e-06,0.0
1573193726793912215,225,1573193726739018917,,0.0,-9.99999974738e-06,3.99999989895e-05,9.99999974738e-06
1573193726898889094,226,1573193726794033050,,0.0,0.0,1.99999994948e-05,0.0
1573193726951906704,227,1573193726897954940,,0.0,-0.0,2.99999992421e-05,0.0
1573193727006199138,228,1573193726951946020,,0.0,9.99999974738e-06,9.99999974738e-06,-0.0
1573193727059054664,229,1573193727005247116,,0.0,-1.99999994948e-05,1.99999994948e-05,1.99999994948e-05
1573193727113069885,230,1573193727059274911,,0.0,1.99999994948e-05,-1.99999994948e-05,-9.99999974738e-06
1573193727168155061,231,1573193727113249063,,0.0,-9.99999974738e-06,-1.99999994948e-05,9.99999974738e-06
1573193727220354591,232,1573193727167556047,,0.0,-9.99999974738e-06,-0.0,0.0
1573193727274577217,233,1573193727220423936,,0.0,1.99999994948e-05,-1.99999994948e-05,-9.99999974738e-06
1573193727327835628,234,1573193727274714946,,0.0,-9.99999974738e-06,0.0,9.99999974738e-06
1573193727381108671,235,1573193727328098058,,0.0,-0.0,-1.99999994948e-05,0.0
1573193727435299526,236,1573193727380542993,,0.0,0.0,1.99999994948e-05,-9.99999974738e-06
1573193727487257034,237,1573193727434597969,,0.0,9.99999974738e-06,-3.99999989895e-05,-9.99999974738e-06
1573193727541181668,238,1573193727486795902,,0.0,-1.99999994948e-05,9.99999974738e-06,9.99999974738e-06
1573193727593522522,239,1573193727540081977,,0.0,9.99999974738e-06,-9.99999974738e-06,-9.99999974738e-06
1573193727647321175,240,1573193727593379974,,0.0,-9.99999974738e-06,-9.99999974738e-06,9.99999974738e-06
1573193727751916334,241,1573193727647492885,,0.0,0.0,9.99999974738e-06,-9.99999974738e-06
1573193727805899000,242,1573193727751416921,,0.0,9.99999974738e-06,-9.99999974738e-06,0.0
1573193727858982912,243,1573193727804950952,,0.0,-1.99999994948e-05,1.99999994948e-05,9.99999974738e-06
1573193727914496990,244,1573193727858711004,,0.0,9.99999974738e-06,0.0,-9.99999974738e-06
1573193727969588739,245,1573193727913583993,,0.0,0.0,1.99999994948e-05,-9.99999974738e-06
1573193728024276042,246,1573193727969535112,,0.0,0.0,-1.99999994948e-05,0.0
1573193728079170285,247,1573193728023588895,,0.0,-9.99999974738e-06,1.99999994948e-05,9.99999974738e-06
1573193728134342862,248,1573193728078569889,,0.0,9.99999974738e-06,-9.99999974738e-06,-0.0
1573193728238901714,249,1573193728134287118,,0.0,0.0,-9.99999974738e-06,0.0
1573193728292398429,250,1573193728238061904,,0.0,9.99999974738e-06,3.99999989895e-05,-9.99999974738e-06
1573193728346526343,251,1573193728292510032,,0.0,-0.0,9.99999974738e-06,0.0
1573193728400419846,252,1573193728346709966,,0.0,-9.99999974738e-06,-0.0,9.99999974738e-06
1573193728454237493,253,1573193728399992942,,0.0,-0.0,0.0,0.0
1573193728510679929,254,1573193728456320047,,0.0,-0.0,9.99999974738e-06,-0.0
1573193728564631940,255,1573193728510013103,,0.0,0.0,-9.99999974738e-06,0.0
1573193728619435522,256,1573193728564758062,,0.0,9.99999974738e-06,-9.99999974738e-06,-0.0
1573193728673525003,257,1573193728618797063,,0.0,-9.99999974738e-06,0.0,0.0
1573193728725429134,258,1573193728672836065,,0.0,-9.99999974738e-06,-9.99999974738e-06,9.99999974738e-06
1573193728779761619,259,1573193728725770950,,0.0,0.0,9.99999974738e-06,-0.0
1573193728834384001,260,1573193728779881000,,0.0,-9.99999974738e-06,-1.99999994948e-05,9.99999974738e-06
1573193728886295998,261,1573193728833702087,,0.0,-0.0,-9.99999974738e-06,-0.0
1573193728989961380,262,1573193728886015892,,0.0,-0.0,9.99999974738e-06,-0.0
1573193729043487520,263,1573193728989295959,,0.0,9.99999974738e-06,-9.99999974738e-06,-9.99999974738e-06
1573193729097751603,264,1573193729043459892,,0.0,-9.99999974738e-06,-0.0,9.99999974738e-06
1573193729151753338,265,1573193729097111940,,0.0,-0.0,-0.0,-0.0
1573193729506064709,266,1573193729151782989,,0.0,9.99999974738e-06,0.0,-0.0
1573193729559986484,267,1573193729505578041,,0.0,9.99999974738e-06,-9.99999974738e-06,-9.99999974738e-06
1573193729612469936,268,1573193729559544086,,0.0,-0.0,-9.99999974738e-06,0.0
1573193729665934317,269,1573193729612119913,,0.0,-0.0,-3.99999989895e-05,0.0
1573193729719885472,270,1573193729666071891,,0.0,9.99999974738e-06,-2.99999992421e-05,-0.0
1573193729773191183,271,1573193729719599962,,0.000199999994948,-0.000169999999343,-0.000140000003739,4.99999987369e-05
1573193729825444044,272,1573193729772638082,,0.00380000006407,-0.000669999979436,-0.00368999992497,0.0
1573193729880869450,273,1573193729825495958,,0.0104999998584,-0.00185000000056,-0.0103000001982,-3.99999989895e-05
1573193729933849559,274,1573193729880311965,,0.0142999999225,-0.00164999999106,-0.0142000000924,-0.000239999993937
1573193729986216562,275,1573193729933151960,,0.0141000002623,0.000169999999343,-0.0141399996355,-9.00000013644e-05
1573193730040289461,276,1573193729986223936,,0.0136000001803,0.00319000007585,-0.013209999539,-1.99999994948e-05
1573193730094721807,277,1573193730040291070,,0.0212999992073,0.0100299995393,-0.0188100002706,-9.99999974738e-06
1573193730197466834,278,1573193730094214916,,0.0225000008941,0.0147299999371,-0.0170000009239,-1.99999994948e-05
1573193730250518968,279,1573193730196815967,,0.0254999995232,0.0225900001824,-0.01176999975,-1.99999994948e-05
1573193730304914322,280,1573193730250623941,,0.0287999995053,0.0270899999887,-0.00965999998152,-1.99999994948e-05
1573193730358492965,281,1573193730304301023,,0.0329999998212,0.0323100015521,-0.0068100001663,-0.000110000000859
1573193730413628198,282,1573193730357999086,,0.0375000014901,0.0374399982393,0.00112999998964,1.99999994948e-05
1573193730465967441,283,1573193730413134098,,0.0436000004411,0.0419499985874,0.0118800001219,-0.000140000003739
1573193730519982223,284,1573193730466583013,,0.048900000751,0.0448600016534,0.0195599999279,0.000360000005458
1573193730574210574,285,1573193730519468069,,0.0531000010669,0.0476699993014,0.0232900008559,9.99999974738e-05
1573193730627910936,286,1573193730573419094,,0.0546000003815,0.0482299998403,0.0256200004369,-2.99999992421e-05
1573193730681851733,287,1573193730628010988,,0.056099999696,0.048670001328,0.0278399996459,-2.99999992421e-05
1573193730784777070,288,1573193730682066917,,0.0577999986708,0.0493699982762,0.0300999991596,-0.0
1573193730838635950,289,1573193730784666061,,0.0606999993324,0.0500699989498,0.0343299992383,-9.99999974738e-06
1573193730892766952,290,1573193730838138103,,0.0628999993205,0.0509499981999,0.0368000008166,-9.99999974738e-06
1573193730946869933,291,1573193730892733097,,0.0617999993265,0.0493800006807,0.0371299982071,9.00000013644e-05
1573193731050369612,292,1573193730946904897,,0.061400000006,0.0485600009561,0.037610001862,-0.000190000006114
1573193731104051475,293,1573193731049859046,,0.0663999989629,0.0511900000274,0.0423000007868,4.99999987369e-05
1573193731157471837,294,1573193731103449106,,0.0696000009775,0.05325999856,0.0448900014162,-0.000250000011874
1573193731212396546,295,1573193731157460927,,0.0706000030041,0.0534199997783,0.0461699999869,-0.000260000000708
1573193731267418367,296,1573193731212292909,,0.0715999975801,0.0537599995732,0.0472600013018,-0.000260000000708
1573193731321150215,297,1573193731266772031,,0.0723000019789,0.0538499988616,0.0482099987566,-0.000250000011874
1573193731374813385,298,1573193731320447921,,0.0733999982476,0.0543100014329,0.0493299998343,-0.000250000011874
1573193731428720383,299,1573193731374239921,,0.0740000009537,0.0542900003493,0.0502599999309,-0.000190000006114
1573193731482892462,300,1573193731428189039,,0.0744000002742,0.0544200018048,0.0507000014186,-9.99999974738e-05
1573193731536494094,301,1573193731482028961,,0.0771000012755,0.0560499988496,0.052919998765,-2.99999992421e-05
1573193731591004431,302,1573193731536411046,,0.0769999995828,0.05496000126,0.0538900010288,0.000209999998333
1573193731643264014,303,1573193731590356111,,0.0693000033498,0.0496600009501,0.0483600012958,0.000119999996969
1573193731696780867,304,1573193731643313884,,0.0615000016987,0.043940000236,0.043069999665,0.000239999993937
1573193731751498320,305,1573193731696068048,,0.0531999990344,0.0378100015223,0.0374099984765,0.000310000003083
1573193731804645625,306,1573193731750895023,,0.0452000014484,0.0319200009108,0.0319800004363,0.000339999998687
1573193731859212737,307,1573193731804817914,,0.0373999997973,0.0262800008059,0.0266399998218,0.000319999991916
1573193731962877832,308,1573193731858721017,,0.0293000005186,0.020300000906,0.021080000326,0.000300000014249
1573193732015168171,309,1573193731963031053,,0.0196000002325,0.0132999997586,0.0144400000572,0.000190000006114
1573193732069653684,310,1573193732015223026,,0.0122999995947,0.00782999955118,0.00944000016898,0.000110000000859
1573193732123464934,311,1573193732069039106,,0.00510000018403,0.00280999997631,0.00423000007868,-5.99999984843e-05
1573193732177648815,312,1573193732122726917,,0.000300000014249,0.000230000005104,0.000140000003739,-5.99999984843e-05
1573193732230975873,313,1573193732176995992,,0.000199999994948,-0.000159999995958,-9.99999974738e-05,9.99999974738e-06
1573193732285681070,314,1573193732231086015,,9.99999974738e-05,-7.9999997979e-05,-3.99999989895e-05,-9.99999974738e-06
1573193732337522102,315,1573193732284929990,,0.00430000014603,0.000920000020415,0.0041899997741,3.99999989895e-05
1573193732390286509,316,1573193732337039947,,0.0122999995947,0.00219999998808,0.0121499998495,0.0
1573193732444942014,317,1573193732390381097,,0.0208000000566,0.00350000010803,0.0205099992454,2.99999992421e-05
1573193732496727089,318,1573193732444098949,,0.0304000005126,0.00600000005215,0.0297699999064,1.99999994948e-05
1573193732550893676,319,1573193732496311902,,0.0439999997616,0.0103900004178,0.0427299998701,9.99999974738e-06
1573193732602169948,320,1573193732549945116,,0.0544000007212,0.0150899998844,0.0522999987006,-9.99999974738e-06
1573193732656095270,321,1573193732601866960,,0.0644999966025,0.0204499997199,0.0611599981785,-9.99999974738e-06
1573193732709658245,322,1573193732655677080,,0.0747999995947,0.0263299997896,0.0700099989772,9.99999974738e-06
1573193732766551900,323,1573193732709851026,,0.0847999975085,0.0319800004363,0.0785799995065,4.99999987369e-05
1573193732820323591,324,1573193732765748023,,0.0909999981523,0.0351600013673,0.0839599967003,5.99999984843e-05
1573193732873573187,325,1573193732819628000,,0.0922999978065,0.0355199985206,0.085199996829,-2.99999992421e-05
1573193732927950471,326,1573193732873466968,,0.0921000018716,0.0351600013673,0.0851600021124,-5.99999984843e-05
1573193732981866675,327,1573193732927352905,,0.0913999974728,0.0344600006938,0.0846199989319,-7.9999997979e-05
1573193733034752600,328,1573193732981178045,,0.0892999991775,0.0324999988079,0.0832000002265,-7.00000018696e-05
1573193733089064581,329,1573193733035263061,,0.0869999974966,0.029489999637,0.0818400010467,-2.99999992421e-05
1573193733143363484,330,1573193733089273929,,0.0847999975085,0.0255999993533,0.0808300003409,-0.0
1573193733198092807,331,1573193733143500089,,0.0834999978542,0.0209899991751,0.0808100029826,1.99999994948e-05
1573193733253121002,332,1573193733197520017,,0.0773999989033,0.0154699999839,0.0758600011468,-0.0
1573193733307783364,333,1573193733253154993,,0.0680999979377,0.00994000025094,0.0674099996686,-3.99999989895e-05
1573193733360002691,334,1573193733307159900,,0.0623999983072,0.00661000004038,0.0620400011539,-1.99999994948e-05
1573193733414169671,335,1573193733360052108,,0.0564999990165,0.00522000016645,0.0562999993563,9.99999974738e-06
1573193733519209101,336,1573193733414132118,,0.0476000010967,0.00411000009626,0.0474499985576,7.00000018696e-05
1573193733572869976,337,1573193733518488883,,0.0357000008225,0.00307999993674,0.0355600006878,5.99999984843e-05
1573193733626774974,338,1573193733572832107,,0.0277999993414,0.0024300001096,0.0276500005275,3.99999989895e-05
1573193733680549633,339,1573193733626682043,,0.0196000002325,0.00161999999546,0.0195700004697,2.99999992421e-05
1573193733786452541,340,1573193733680553913,,0.0116999996826,0.00089999998454,0.0116900000721,9.99999974738e-06
1573193733840538678,341,1573193733785685062,,0.00359999993816,-7.00000018696e-05,0.00359000009485,4.99999987369e-05
1573193733894288699,342,1573193733839979887,,0.00329999998212,-0.00271999998949,0.00193999998737,0.000159999995958
1573193733998413971,343,1573193733894393920,,0.00730000017211,-0.0071600000374,0.00139999995008,9.99999974738e-05
1573193734052291028,344,1573193733998564004,,0.0138999996707,-0.0138999996707,0.000790000020061,-2.99999992421e-05
1573193734106777140,345,1573193734052386999,,0.017100000754,-0.0169300008565,0.0024300001096,-3.99999989895e-05
1573193734161434981,346,1573193734106168985,,0.019999999553,-0.0190799999982,0.00608999980614,-2.99999992421e-05
1573193734215350256,347,1573193734160729885,,0.0245999991894,-0.0215799994767,0.0119000002742,-2.99999992421e-05
1573193734268276675,348,1573193734214701890,,0.0276999995112,-0.0218400005251,0.0170399993658,-2.99999992421e-05
1573193734321475682,349,1573193734268688917,,0.0283000003546,-0.0217799991369,0.0179999992251,-2.99999992421e-05
1573193734375781954,350,1573193734321677923,,0.0283000003546,-0.0217799991369,0.0180799998343,-2.99999992421e-05
1573193734427341568,351,1573193734375029087,,0.0303000006825,-0.0233600009233,0.0193300005049,-7.9999997979e-05
1573193734529237112,352,1573193734427440881,,0.0273000001907,-0.0207499992102,0.0177100002766,-0.000199999994948
1573193734584843521,353,1573193734529172897,,0.0236000008881,-0.0145300002769,0.0186299998313,-0.000140000003739
1573193734639765232,354,1573193734585081100,,0.0285000000149,-0.00772000011057,0.0274700000882,9.99999974738e-05
1573193734695263947,355,1573193734640214920,,0.0274000000209,-0.00771000003442,0.0263400003314,0.000150000007125
1573193734750596116,356,1573193734695676088,,0.0201999992132,-0.0107100000605,0.0171700008214,-3.99999989895e-05
1573193734804934193,357,1573193734749592065,,0.0164999999106,-0.0153799997643,0.00596999982372,-0.000140000003739
1573193734859411241,358,1573193734804972887,,0.0215000007302,-0.020850000903,-0.00505999987945,-0.000239999993937
1573193734913091913,359,1573193734858825922,,0.0288999993354,-0.026590000838,-0.0113800000399,-0.000280000007479
1573193734966730135,360,1573193734912863969,,0.0362999998033,-0.0322699993849,-0.0166999995708,-0.000300000014249
1573193735072080082,361,1573193734966815948,,0.0439999997616,-0.0380799993873,-0.0219999998808,-0.000250000011874
1573193735125927544,362,1573193735071480989,,0.054200001061,-0.0452699996531,-0.0297500006855,-7.9999997979e-05
1573193735179353880,363,1573193735125222921,,0.0675000026822,-0.0548500008881,-0.039319999516,1.99999994948e-05
1573193735232304584,364,1573193735179452896,,0.0793000012636,-0.0601200014353,-0.0517399981618,-7.9999997979e-05
1573193735285767153,365,1573193735231731891,,0.0852999985218,-0.0622199997306,-0.058410000056,-9.00000013644e-05
1573193735340906863,366,1573193735285461902,,0.0866999998689,-0.0625599995255,-0.0600499995053,0.000110000000859
1573193735394587739,367,1573193735340361118,,0.0870999991894,-0.0621300004423,-0.0610000006855,0.000209999998333
1573193735449209684,368,1573193735394112110,,0.0878000035882,-0.0619000010192,-0.0622900016606,0.000280000007479
1573193735502136685,369,1573193735448308944,,0.089500002563,-0.0620599985123,-0.0644199997187,0.000319999991916
1573193735559453506,370,1573193735502350091,,0.0908000022173,-0.0619499981403,-0.0664300024509,0.000339999998687
1573193735612005778,371,1573193735558938026,,0.0920000001788,-0.0615999996662,-0.0683400034904,0.000310000003083
1573193735666106388,372,1573193735612118005,,0.0939000025392,-0.0610200017691,-0.0713300034404,0.000119999996969
1573193735720557714,373,1573193735666143894,,0.095600001514,-0.0605800002813,-0.0739199966192,3.99999989895e-05
1573193735823586636,374,1573193735720758914,,0.0974000021815,-0.06018999964,-0.0765400007367,1.99999994948e-05
1573193735879367351,375,1573193735823708057,,0.0998999997973,-0.0594599992037,-0.0803299993277,-0.0
1573193735932572126,376,1573193735878576993,,0.101099997759,-0.0586199983954,-0.0823400020599,-1.99999994948e-05
1573193735984677157,377,1573193735932415008,,0.102799996734,-0.0583099983633,-0.0847200006247,-9.99999974738e-06
1573193736087605128,378,1573193735984359025,,0.103900000453,-0.0576599985361,-0.0864500030875,2.99999992421e-05
1573193736191903438,379,1573193736087105989,,0.105499997735,-0.0565599985421,-0.089019998908,-9.99999974738e-06
1573193736245439474,380,1573193736191266059,,0.106499999762,-0.0553499981761,-0.0909600034356,2.99999992421e-05
1573193736299481635,381,1573193736245393037,,0.107299998403,-0.0542499981821,-0.0925400033593,-3.99999989895e-05
1573193736403804643,382,1573193736299608945,,0.108599998057,-0.0534100010991,-0.0946099981666,-3.99999989895e-05
1573193736457268389,383,1573193736403295040,,0.107000000775,-0.0496100001037,-0.0948399975896,-5.99999984843e-05
1573193736511180683,384,1573193736456823110,,0.100199997425,-0.0457499995828,-0.0891800001264,1.99999994948e-05
1573193736564145120,385,1573193736510341882,,0.0913999974728,-0.0405899994075,-0.0819299966097,1.99999994948e-05
1573193736617313465,386,1573193736564193010,,0.0832000002265,-0.0363800004125,-0.0747999995947,1.99999994948e-05
1573193736721436713,387,1573193736617206096,,0.0746000036597,-0.0320799984038,-0.0674000009894,9.99999974738e-06
1573193736775701981,388,1573193736720949888,,0.0619999989867,-0.0261700004339,-0.0562000013888,-0.0
1573193736829097506,389,1573193736774996042,,0.0494999997318,-0.0199200008065,-0.0452999994159,2.99999992421e-05
1573193736934075640,390,1573193736829206943,,0.0355000011623,-0.0131700001657,-0.0329499989748,-0.0
1573193736985948617,391,1573193736933264970,,0.0243999995291,-0.0085199996829,-0.022840000689,2.99999992421e-05
1573193737039844218,392,1573193736986243009,,0.0159000009298,-0.00502000004053,-0.0150699997321,0.000140000003739
1573193737095772573,393,1573193737040052890,,0.00789999961853,-0.000929999980144,-0.00786000024527,-3.99999989895e-05
1573193737149601297,394,1573193737095077991,,0.0140000004321,-0.000920000020415,-0.0139499995857,-7.9999997979e-05
1573193737202533836,395,1573193737148991107,,0.0212999992073,-0.00115000002552,-0.0212999992073,-7.00000018696e-05
1573193737256831326,396,1573193737202516078,,0.027499999851,-0.000869999988936,-0.02748000063,-0.000110000000859
1573193737310734068,397,1573193737256937980,,0.0326000005007,0.000369999994291,-0.0325700007379,-0.000169999999343
1573193737363880190,398,1573193737310770988,,0.0379000008106,0.00221000006422,-0.0378400012851,-7.9999997979e-05
1573193737467850329,399,1573193737363369941,,0.0384000018239,0.00448000011966,-0.0381000004709,-0.000250000011874
1573193737572312166,400,1573193737467122077,,0.0357000008225,0.0107899997383,-0.0340799987316,-5.99999984843e-05
1573193737625726552,401,1573193737571593999,,0.03579999879,0.0164899993688,-0.0315699987113,-0.00368000008166
1573193737680282624,402,1573193737626044034,,0.0337999984622,0.0204499997199,-0.0265699997544,-0.00387999997474
1573193737735124228,403,1573193737680378913,,0.0296999998391,0.0252199992537,-0.0152700003237,-0.00370000000112
1573193737790242299,404,1573193737734499931,,0.0309999994934,0.030589999631,-0.00326999998651,-0.00380999990739
1573193737842840720,405,1573193737790080070,,0.0368999987841,0.0355999991298,0.00906999967992,-0.00386000005528
1573193737897410831,406,1573193737842911958,,0.0452999994159,0.0403200015426,0.0202300008386,-0.00387999997474
1573193737950781633,407,1573193737896303892,,0.0529999993742,0.0435799993575,0.0298500005156,-0.00380999990739
1573193738055539947,408,1573193737950361967,,0.0599000006914,0.0468700006604,0.0371100008488,-0.00387999997474
1573193738108327321,409,1573193738054894924,,0.0658999979496,0.0498699992895,0.0429099984467,-0.00332999997772
1573193738161246040,410,1573193738107815027,,0.0720999985933,0.0519200004637,0.0499100014567,-0.00365999992937
1573193738217171961,411,1573193738161428928,,0.0790000036359,0.0551300011575,0.0565599985421,0.000150000007125
1573193738270109608,412,1573193738216418027,,0.07689999789,0.0538000017405,0.0548500008881,0.00221000006422
1573193738376194404,413,1573193738270245075,,0.0675999969244,0.0478800013661,0.047499999404,0.00408999994397
1573193738429060754,414,1573193738375355958,,0.054200001061,0.0387299992144,0.0377000011504,0.00390999997035
1573193738483514807,415,1573193738428729057,,0.0454000011086,0.0324500016868,0.0314199998975,0.00408999994397
1573193738536724645,416,1573193738482917070,,0.0337999984622,0.0238099992275,0.0237000007182,0.00396999996156
1573193738592033279,417,1573193738536742925,,0.0225000008941,0.0147799998522,0.0164999999106,0.00394999980927
1573193738644353173,418,1573193738591357946,,0.0121999997646,0.00614000018686,0.00985999964178,0.00380000006407
1573193738698976959,419,1573193738644294977,,0.00639999983832,-0.00486999982968,0.000190000006114,0.00412999978289
1573193738750985204,420,1573193738698316097,,0.0119000002742,-0.0100600002334,-0.00494999997318,0.00401999987662
1573193738804479993,421,1573193738750618934,,0.0185000002384,-0.0150399999693,-0.0100100003183,0.00383999990299
1573193738859301815,422,1573193738804075956,,0.022199999541,-0.0178100001067,-0.0130599997938,0.00190999999177
1573193738912370665,423,1573193738858542919,,0.019999999553,-0.0167299993336,-0.0109400004148,3.99999989895e-05
1573193738964457274,424,1573193738912430047,,0.0208000000566,-0.0177999995649,-0.0108399996534,-4.99999987369e-05
1573193739018163474,425,1573193738964598894,,0.019999999553,-0.0175100006163,-0.00966999959201,-5.99999984843e-05
1573193739071085948,426,1573193739018450975,,0.019200000912,-0.0173000004143,-0.00827000010759,-0.000140000003739
1573193739126781704,427,1573193739070554018,,0.0181000009179,-0.0166699998081,-0.00711000012234,-0.000130000000354
1573193739179854710,428,1573193739125735044,,0.0189999993891,-0.0175000000745,-0.00740000000224,3.99999989895e-05
1573193739233139223,429,1573193739179949998,,0.0227000005543,-0.0208400003612,-0.00891999993473,-7.00000018696e-05
1573193739287221866,430,1573193739232856035,,0.0281000006944,-0.0258600004017,-0.011040000245,-5.99999984843e-05
1573193739341640290,431,1573193739286514043,,0.0310999993235,-0.0291399993002,-0.0107599999756,-0.000239999993937
1573193739395086928,432,1573193739340917110,,0.0304000005126,-0.0301799997687,-0.00375999999233,-0.000199999994948
1573193739448405577,433,1573193739394898891,,0.0306000001729,-0.0302099995315,0.0049200002104,-0.000119999996969
1573193739502341269,434,1573193739447885036,,0.0328000001609,-0.0299900006503,0.0133100003004,-3.99999989895e-05
1573193739556683814,435,1573193739502485990,,0.0359000004828,-0.0279099997133,0.0226399991661,-0.000140000003739
1573193739609645631,436,1573193739556799888,,0.0373000018299,-0.023390000686,0.0289999991655,0.000190000006114
1573193739661747677,437,1573193739609524965,,0.0362000018358,-0.0183499995619,0.03125,0.000140000003739
1573193739715452629,438,1573193739661566019,,0.0362999998033,-0.0131999999285,0.0337699986994,0.000110000000859
1573193739768595155,439,1573193739715450048,,0.0368999987841,-0.00805999990553,0.0359899997711,9.00000013644e-05
1573193739822535703,440,1573193739768088102,,0.0383000001311,-0.00300000002608,0.0381500013173,4.99999987369e-05
1573193739925531999,441,1573193739821582078,,0.0379000008106,0.000369999994291,0.0379399992526,0.000230000005104
1573193739981477391,442,1573193739925703048,,0.0283000003546,0.00132999999914,0.0282700005919,0.000159999995958
1573193740035731216,443,1573193739980691909,,0.020300000906,0.00132999999914,0.0202799998224,9.99999974738e-05
1573193740090629501,444,1573193740035737037,,0.0126000000164,0.00107999995816,0.0125900004059,1.99999994948e-05
1573193740144106671,445,1573193740089919090,,0.00449999980628,0.000669999979436,0.00443999981508,-9.99999974738e-06
1573193740200133541,446,1573193740144104957,,0.000399999989895,0.000280000007479,0.000220000001718,-7.00000018696e-05
1573193740252700198,447,1573193740199369907,,9.99999974738e-05,3.99999989895e-05,2.99999992421e-05,-1.99999994948e-05
1573193740305138205,448,1573193740252243041,,0.0,9.99999974738e-06,-1.99999994948e-05,-9.99999974738e-06
1573193740359463210,449,1573193740305293083,,0.0,-0.0,-9.99999974738e-06,-9.99999974738e-06
1573193740464131967,450,1573193740359422922,,0.0,-1.99999994948e-05,9.99999974738e-06,-9.99999974738e-06
1573193740518706993,451,1573193740463624954,,0.0,9.99999974738e-06,-1.99999994948e-05,-1.99999994948e-05
1573193740570872409,452,1573193740517740011,,0.0,-9.99999974738e-06,-9.99999974738e-06,0.0
1573193740624665374,453,1573193740570810079,,0.0,0.0,-1.99999994948e-05,-9.99999974738e-06
1573193740679026211,454,1573193740624731063,,0.000600000028498,0.000429999985499,0.000360000005458,-0.000140000003739
1573193740783737789,455,1573193740678962945,,0.0077999997884,0.00316000008024,0.00712000019848,-4.99999987369e-05
1573193740835657747,456,1573193740782671928,,0.0220999997109,0.0114500001073,0.0188599992543,1.99999994948e-05
1573193740890381852,457,1573193740835946083,,0.0307999998331,0.0159399993718,0.0263500008732,9.00000013644e-05
1573193740944073416,458,1573193740889475107,,0.0388000011444,0.0189100001007,0.0339299999177,5.99999984843e-05
1573193740999591254,459,1573193740943536996,,0.0412000007927,0.0200500003994,0.0360100008547,-9.99999974738e-06
1573193741053988068,460,1573193740999677896,,0.0412000007927,0.019999999553,0.0359600000083,0.0
1573193741108033927,461,1573193741053400039,,0.0447000004351,0.0216799993068,0.039050001651,1.99999994948e-05
1573193741161620554,462,1573193741107403039,,0.0447000004351,0.0217199996114,0.0390600003302,-9.99999974738e-06
1573193741214934141,463,1573193741161181926,,0.0445999987423,0.0216600000858,0.0390000008047,9.99999974738e-06
1573193741269528657,464,1573193741214979887,,0.0441000014544,0.0212600007653,0.0386199988425,0.000119999996969
1573193741322791108,465,1573193741268948078,,0.0368999987841,0.0185100007802,0.0318799987435,4.99999987369e-05
1573193741376807277,466,1573193741322875022,,0.0227000005543,0.0101199997589,0.0202900003642,-1.99999994948e-05
1573193741481497172,467,1573193741376794099,,0.0148000000045,0.00646999990568,0.0132799996063,-0.000319999991916
1573193741534537927,468,1573193741480577945,,0.0219999998808,0.0110600003973,0.0190099999309,-5.99999984843e-05
1573193741588245364,469,1573193741534761905,,0.0296999998391,0.0152899995446,0.0254599992186,2.99999992421e-05
1573193741641047257,470,1573193741587810993,,0.0392000004649,0.0206000003964,0.0333099998534,1.99999994948e-05
1573193741695386698,471,1573193741640574932,,0.0483000017703,0.0259499996901,0.0407200008631,9.99999974738e-06
1573193741747602074,472,1573193741694514989,,0.0560000017285,0.0304300002754,0.0469999983907,0.000169999999343
1573193741852610220,473,1573193741747643947,,0.0584000013769,0.0323100015521,0.0487000010908,-2.99999992421e-05
1573193741907652194,474,1573193741852027893,,0.0538999997079,0.0297899991274,0.0448900014162,-1.99999994948e-05
1573193741960948013,475,1573193741907176971,,0.0538000017405,0.0297400001436,0.044810000807,-3.99999989895e-05
1573193742065284409,476,1573193741961020946,,0.0538000017405,0.0297299996018,0.0448199994862,-1.99999994948e-05
1573193742118423278,477,1573193742064683914,,0.0480000004172,0.0263199992478,0.0401600003242,0.000140000003739
1573193742172519684,478,1573193742118700981,,0.0359000004828,0.0206099990755,0.0293400008231,-2.99999992421e-05
1573193742226499121,479,1573193742172452926,,0.0263000000268,0.0155300004408,0.0212399996817,-4.99999987369e-05
1573193742280479608,480,1573193742226344108,,0.0175999999046,0.0106399999931,0.0140199996531,-2.99999992421e-05
1573193742334856321,481,1573193742280543088,,0.00920000020415,0.00572999985889,0.00720999995247,-1.99999994948e-05
1573193742387477997,482,1573193742335244894,,0.00219999998808,0.00161000003573,0.00147999997716,-0.000169999999343
1573193742439668869,483,1573193742387511968,,9.99999974738e-05,-9.00000013644e-05,-2.99999992421e-05,1.99999994948e-05
1573193742494247507,484,1573193742439776897,,0.000199999994948,-0.000159999995958,-9.00000013644e-05,2.99999992421e-05
1573193742598059240,485,1573193742493603944,,0.000199999994948,-0.000159999995958,-7.9999997979e-05,3.99999989895e-05
1573193742651463392,486,1573193742597330093,,0.000199999994948,-0.000140000003739,-7.9999997979e-05,2.99999992421e-05
1573193742705639734,487,1573193742651055097,,0.000199999994948,-0.000159999995958,-4.99999987369e-05,3.99999989895e-05
1573193742759168306,488,1573193742704931020,,0.00109999999404,0.000939999998081,0.000530000019353,-0.000169999999343
1573193742813061525,489,1573193742758686065,,0.0077999997884,0.00445999996737,0.00639999983832,0.000169999999343
1573193742868196223,490,1573193742813112020,,0.0163000002503,0.00705000013113,0.0146899996325,0.000269999989541
1573193742922751937,491,1573193742867646932,,0.0181000009179,0.00503000011668,0.0173599999398,0.000280000007479
1573193742976349904,492,1573193742922095060,,0.0136000001803,0.00110999995377,0.0135099999607,2.99999992421e-05
1573193743029599820,493,1573193742976031064,,0.0114000001922,-0.000669999979436,0.0114000001922,0.0
1573193743083735426,494,1573193743029908895,,0.0111999996006,-0.000839999993332,0.0111199999228,1.99999994948e-05
1573193743139414488,495,1573193743084233999,,0.0109999999404,-0.000859999970999,0.0109999999404,9.99999974738e-06
1573193743192710635,496,1573193743139256000,,0.0113000003621,-0.00199000001885,0.0111699998379,0.000140000003739
1573193743245360495,497,1573193743192293882,,0.00810000021011,-0.00569000001997,0.00582000007853,-1.99999994948e-05
1573193743299612546,498,1573193743245249032,,0.0133999995887,-0.0130099998787,-0.00306000001729,0.000250000011874
1573193743353557097,499,1573193743298902988,,0.0282000005245,-0.0222399998456,-0.017330000177,-0.000159999995958
1573193743406654677,500,1573193743352883100,,0.0474000014365,-0.0311200004071,-0.0357900001109,-0.000289999996312
1573193743461169505,501,1573193743406689882,,0.0590000003576,-0.0345700010657,-0.0478500016034,-0.000280000007479
1573193743514251199,502,1573193743460505962,,0.0635000020266,-0.0356100015342,-0.05257999897,0.0
1573193743568326828,503,1573193743514177083,,0.0675999969244,-0.0369700007141,-0.0565599985421,-0.000110000000859
1573193743671161498,504,1573193743568288087,,0.0681999996305,-0.0376200005412,-0.0569100007415,5.99999984843e-05
1573193743775176484,505,1573193743671505928,,0.0625,-0.0344900004566,-0.0520699992776,7.00000018696e-05
1573193743829005805,506,1573193743775222063,,0.0631000027061,-0.0352899990976,-0.0523299984634,-0.000319999991916
1573193743883294948,507,1573193743829138040,,0.0588999986649,-0.0333999991417,-0.0485699996352,3.99999989895e-05
1573193743937703605,508,1573193743883529901,,0.0500999987125,-0.028030000627,-0.0414999984205,-2.99999992421e-05
1573193743990801605,509,1573193743937282085,,0.0419999994338,-0.0234900005162,-0.0347799994051,1.99999994948e-05
1573193744044128168,510,1573193743990271091,,0.0324999988079,-0.0183600001037,-0.0268300008029,1.99999994948e-05
1573193744098832218,511,1573193744044404983,,0.0234999991953,-0.013580000028,-0.0191200003028,0.0
1573193744152467966,512,1573193744099107980,,0.0148000000045,-0.00911999959499,-0.0116100003943,-0.0
1573193744206912045,513,1573193744152703046,,0.00899999961257,-0.00632000016049,-0.00634999992326,9.99999974738e-05
1573193744260173785,514,1573193744206268072,,0.00810000021011,-0.00559000018984,-0.00581000000238,-5.99999984843e-05
1573193744315046988,515,1573193744260274887,,0.00870000012219,-0.00602999981493,-0.00626999977976,-5.99999984843e-05
1573193744366863621,516,1573193744314244985,,0.00179999996908,-0.0014600000577,-0.00101000000723,0.000250000011874
1573193744420474067,517,1573193744366784095,,9.99999974738e-05,9.00000013644e-05,3.99999989895e-05,-9.99999974738e-06
1573193744473563188,518,1573193744420671939,,9.99999974738e-05,0.0,7.00000018696e-05,1.99999994948e-05
1573193744528159833,519,1573193744473627090,,9.99999974738e-05,4.99999987369e-05,4.99999987369e-05,-9.99999974738e-06
1573193744579419621,520,1573193744527153015,,9.99999974738e-05,3.99999989895e-05,4.99999987369e-05,-0.0
1573193744633358209,521,1573193744579499006,,9.99999974738e-05,4.99999987369e-05,4.99999987369e-05,-9.99999974738e-06
1573193744685429283,522,1573193744633244991,,9.99999974738e-05,5.99999984843e-05,4.99999987369e-05,-1.99999994948e-05
1573193744739210693,523,1573193744685241937,,9.99999974738e-05,3.99999989895e-05,3.99999989895e-05,0.0
1573193744791562323,524,1573193744739332914,,9.99999974738e-05,2.99999992421e-05,4.99999987369e-05,9.99999974738e-06
1573193744843267910,525,1573193744791281938,,0.0,3.99999989895e-05,1.99999994948e-05,-9.99999974738e-06
1573193744896678350,526,1573193744843337059,,9.99999974738e-05,4.99999987369e-05,2.99999992421e-05,-1.99999994948e-05
1573193744949142034,527,1573193744896122932,,0.0,2.99999992421e-05,9.99999974738e-06,-0.0
1573193745001982999,528,1573193744949232101,,9.99999974738e-05,-0.000119999996969,-2.99999992421e-05,2.99999992421e-05
1573193745056549780,529,1573193745002068042,,0.00439999997616,-0.00248000002466,-0.00362999993376,4.99999987369e-05
1573193745158323013,530,1573193745056140899,,0.0155999995768,-0.00656000012532,-0.0141899995506,-3.99999989895e-05
1573193745212645117,531,1573193745158152103,,0.0333000011742,-0.0146599998698,-0.0298800002784,-3.99999989895e-05
1573193745266186611,532,1573193745211916923,,0.0434999987483,-0.0189399998635,-0.0391900017858,-9.99999974738e-05
1573193745319057687,533,1573193745265422105,,0.0522999987006,-0.0210200008005,-0.0479299984872,-9.00000013644e-05
1573193745422562055,534,1573193745319509029,,0.0601000003517,-0.0218700002879,-0.0560000017285,9.99999974738e-06
1573193745475176081,535,1573193745422473907,,0.0681999996305,-0.0207700002939,-0.0649999976158,9.99999974738e-06
1573193745529512735,536,1573193745475336074,,0.0702999979258,-0.020870000124,-0.0671700015664,1.99999994948e-05
1573193745583433196,537,1573193745529427051,,0.0712999999523,-0.020870000124,-0.0681999996305,1.99999994948e-05
1573193745636122003,538,1573193745583595991,,0.0768000036478,-0.0205899998546,-0.0739500001073,-3.99999989895e-05
1573193745691157601,539,1573193745636251926,,0.0799999982119,-0.018449999392,-0.0778499990702,-7.9999997979e-05
1573193745744007287,540,1573193745690849065,,0.0747999995947,-0.0142799997702,-0.0734099969268,-3.99999989895e-05
1573193745796151004,541,1573193745743974924,,0.0636000037193,-0.00651000021026,-0.0632800012827,-4.99999987369e-05
1573193745850795740,542,1573193745796113967,,0.0542999990284,-0.00228999997489,-0.0542099997401,4.99999987369e-05
1573193745904866919,543,1573193745850146055,,0.0452999994159,-0.000190000006114,-0.0453500002623,5.99999984843e-05
1573193746008040465,544,1573193745904158115,,0.0373000018299,0.00147000001743,-0.0372800007463,-0.000159999995958
1573193746062655198,545,1573193746007924079,,0.0225000008941,0.00954999960959,-0.0203799996525,-0.000140000003739
1573193746114764980,546,1573193746061589956,,0.0216000005603,0.0145800001919,-0.0159699991345,-0.000119999996969
1573193746219397340,547,1573193746114886999,,0.0230000000447,0.0190699994564,-0.0128399999812,-0.000119999996969
1573193746271809562,548,1573193746218676090,,0.0259000007063,0.0258099995553,-0.00246999994852,-7.9999997979e-05
1573193746325046983,549,1573193746271526098,,0.0303000006825,0.0296800006181,0.00612000003457,9.99999974738e-06
1573193746379119786,550,1573193746325218915,,0.0337999984622,0.0316400006413,0.0119099998847,9.99999974738e-05
1573193746433093832,551,1573193746379300117,,0.0370999984443,0.0343899987638,0.0140500003472,2.99999992421e-05
1573193746537354045,552,1573193746433351039,,0.0395999997854,0.0365200005472,0.0152099998668,9.99999974738e-05
1573193746591105640,553,1573193746537681102,,0.0370000004768,0.0340900011361,0.0142599996179,1.99999994948e-05
1573193746644623423,554,1573193746591239929,,0.0362999998033,0.0333900004625,0.0142099997029,0.000140000003739
1573193746698397158,555,1573193746644136905,,0.0320999994874,0.0292799994349,0.0132699999958,0.000130000000354
1573193746802649229,556,1573193746697972059,,0.0273000001907,0.0247499998659,0.0114399995655,9.00000013644e-05
1573193746856194845,557,1573193746802283048,,0.021099999547,0.0191600006074,0.00896000023931,7.00000018696e-05
1573193746910421076,558,1573193746856482028,,0.0137999998406,0.012319999747,0.00622999994084,7.9999997979e-05
1573193746965585875,559,1573193746910500049,,0.00960000045598,0.00850000046194,0.00455999979749,-3.99999989895e-05
1573193747068853715,560,1573193746964631080,,0.00930000003427,0.00810000021011,0.0044900001958,-0.000110000000859
1573193747121535272,561,1573193747068957090,,0.0163000002503,0.0126200001687,0.0102899996564,7.9999997979e-05
1573193747175089884,562,1573193747121124982,,0.0219999998808,0.0145100001246,0.0164800006896,1.99999994948e-05
1573193747278753723,563,1573193747174300909,,0.0322000011802,0.0188900008798,0.026079999283,9.99999974738e-06
1573193747331937371,564,1573193747278790950,,0.0458999983966,0.0231699999422,0.0396099984646,-4.99999987369e-05
1573193747386022912,565,1573193747331912994,,0.0544999986887,0.0261799991131,0.0477499999106,-3.99999989895e-05
1573193747440400261,566,1573193747385274887,,0.0593000017107,0.027820000425,0.0523400008678,3.99999989895e-05
1573193747494451760,567,1573193747439713001,,0.0644000023603,0.0302900001407,0.0567900016904,-0.0
1573193747548872778,568,1573193747493432044,,0.0644000023603,0.0303099993616,0.0568200014532,-9.99999974738e-06
1573193747602461991,569,1573193747549004077,,0.064099997282,0.0299999993294,0.0566200017929,5.99999984843e-05
1573193747655682977,570,1573193747602036952,,0.0619999989867,0.0277600008994,0.0554200001061,7.00000018696e-05
1573193747709465909,571,1573193747655678033,,0.0551000013947,0.0207199994475,0.0510899983346,-3.99999989895e-05
1573193747815191125,572,1573193747709490060,,0.0454000011086,0.0160499997437,0.042429998517,-7.00000018696e-05
1573193747868491166,573,1573193747815380096,,0.0324999988079,0.0113000003621,0.0304899998009,-2.99999992421e-05
1573193747922727822,574,1573193747868565082,,0.0161000005901,0.00567999994382,0.0151100000367,1.99999994948e-05
1573193747976295982,575,1573193747922178030,,0.00600000005215,0.00216999999247,0.00560999987647,9.99999974738e-06
1573193748029090952,576,1573193747975981950,,0.000600000028498,0.00044999999227,0.000390000001062,-9.99999974738e-05
1573193748083393212,577,1573193748029032945,,0.00439999997616,0.00208000000566,0.00389000005089,-7.9999997979e-05
1573193748135525988,578,1573193748082690000,,0.0140000004321,0.00661000004038,0.012369999662,3.99999989895e-05
1573193748189245410,579,1573193748135015964,,0.0230000000447,0.012140000239,0.0195199996233,5.99999984843e-05
1573193748242538419,580,1573193748189440011,,0.030700000003,0.0174000002444,0.0252500008792,0.0
1573193748300124253,581,1573193748242238998,,0.0379999987781,0.0229299999774,0.0303099993616,-9.99999974738e-06
1573193748352200476,582,1573193748299292087,,0.043299999088,0.0281000006944,0.0329700000584,1.99999994948e-05
1573193748406066896,583,1573193748352251052,,0.0498000010848,0.033900000155,0.0364300012589,0.000110000000859
1573193748460491420,584,1573193748406294107,,0.0502000004053,0.0345200002193,0.0364000014961,2.99999992421e-05
1573193748566827789,585,1573193748460627079,,0.0500000007451,0.034469999373,0.0362499989569,3.99999989895e-05
1573193748618102112,586,1573193748564867019,,0.0458000004292,0.0325599983335,0.0322399996221,-1.99999994948e-05
1573193748671909618,587,1573193748617607116,,0.0412999987602,0.0328699983656,0.024940000847,0.000150000007125
1573193748726404706,588,1573193748671880960,,0.0328000001609,0.0301399994642,0.0128499995917,5.99999984843e-05
1573193748779107752,589,1573193748725709915,,0.0259000007063,0.0254500005394,0.00481999991462,-2.99999992421e-05
1573193748883164497,590,1573193748778616905,,0.020300000906,0.020320000127,-0.000939999998081,-9.99999974738e-06
1573193748935893498,591,1573193748882503032,,0.0147000001743,0.0136500000954,-0.00545000005513,9.99999974738e-06
1573193748989138882,592,1573193748935316085,,0.0120000001043,0.0088400002569,-0.0081200003624,-1.99999994948e-05
1573193749043477161,593,1573193748989181995,,0.0104000000283,0.00627999985591,-0.0082499999553,-9.00000013644e-05
1573193749098718325,594,1573193749043531894,,0.0100999996066,0.00570000009611,-0.00829000025988,-1.99999994948e-05
1573193749152799841,595,1573193749098046064,,0.00999999977648,0.00570000009611,-0.00819000042975,-2.99999992421e-05
1573193749206944247,596,1573193749152884006,,0.00949999969453,0.00493999989703,-0.00805999990553,7.00000018696e-05
1573193749259305162,597,1573193749206756114,,0.00529999984428,0.00270000007004,-0.00460000010207,-5.99999984843e-05
1573193749313460231,598,1573193749259363889,,0.00130000000354,0.000859999970999,-0.0010000000475,-9.00000013644e-05
1573193749365928923,599,1573193749312246084,,0.000300000014249,0.000289999996312,-1.99999994948e-05,-7.9999997979e-05
1573193749421226616,600,1573193749366120100,,0.00279999990016,0.00273000006564,-0.000820000015665,-4.99999987369e-05
1573193749475644911,601,1573193749420555114,,0.00749999983236,0.00745999999344,-0.000239999993937,1.99999994948e-05
1573193749529434889,602,1573193749474987983,,0.0110999997705,0.0105900000781,0.00190000003204,-0.00285000004806
1573193749582598436,603,1573193749528790950,,0.0164000000805,0.0129500003532,0.00920000020415,-0.00416000001132
1573193749688719755,604,1573193749582828044,,0.0256999991834,0.016550000757,0.0192300006747,-0.00429000006989
1573193749741277072,605,1573193749687829017,,0.0392999984324,0.0204900000244,0.03348999843,-0.00246999994852
1573193749795356072,606,1573193749741612911,,0.0390999987721,0.0194499995559,0.033900000155,0.000209999998333
1573193749898981225,607,1573193749795388936,,0.0328000001609,0.0165599994361,0.0283499993384,0.000130000000354
1573193749952615008,608,1573193749899183034,,0.0131999999285,0.00596000021324,0.0118100000545,-9.99999974738e-05
1573193750005273311,609,1573193749952090024,,0.00480000022799,0.0010000000475,0.00468999985605,-2.99999992421e-05
1573193750059099951,610,1573193750004921913,,0.00669999979436,-0.00632000016049,-0.00212999992073,-2.99999992421e-05
1573193750113052931,611,1573193750059062004,,0.0148999998346,-0.0129100000486,-0.0073699997738,-0.000150000007125
1573193750216063416,612,1573193750113446950,,0.0193000007421,-0.0164700001478,-0.00978999957442,0.00243999995291
1573193750269301951,613,1573193750216242074,,0.0229000002146,-0.0171300005168,-0.0148299997672,0.00331000005826
1573193750323111056,614,1573193750268904924,,0.0304000005126,-0.0199500005692,-0.0227300003171,0.00340000004508
1573193750424680205,615,1573193750322643995,,0.047499999404,-0.0265399999917,-0.0393299981952,0.00233999988995
1573193750480289368,616,1573193750424392938,,0.0438000001013,-0.0237199999392,-0.036850001663,-0.000150000007125
1573193750536148442,617,1573193750480267047,,0.0388000011444,-0.0217099990696,-0.0322000011802,3.99999989895e-05
1573193750589596236,618,1573193750535571098,,0.0297999996692,-0.0170399993658,-0.0244100000709,4.99999987369e-05
1573193750643812577,619,1573193750589646100,,0.0284000001848,-0.0170499999076,-0.0226700007915,-1.99999994948e-05
1573193750746135994,620,1573193750643830060,,0.0218000002205,-0.0154400002211,-0.0154400002211,4.99999987369e-05
1573193750799041599,621,1573193750746215105,,0.0162000004202,-0.0132799996063,-0.00932999979705,0.000140000003739
1573193750852940360,622,1573193750799079895,,0.0152000002563,-0.012480000034,-0.00868999958038,-2.99999992421e-05
1573193750907214595,623,1573193750853140115,,0.0164000000805,-0.0134600000456,-0.00930000003427,-2.99999992421e-05
1573193750962813938,624,1573193750906708955,,0.0163000002503,-0.0134800001979,-0.00925000011921,-9.99999974738e-06
1573193751015950165,625,1573193750961832046,,0.0163000002503,-0.0134300002828,-0.0092399995774,-2.99999992421e-05
1573193751069328698,626,1573193751015963077,,0.0175999999046,-0.0145399998873,-0.0100100003183,-1.99999994948e-05
1573193751124088304,627,1573193751068834066,,0.0170000009239,-0.0139600001276,-0.00975999981165,-0.000150000007125
1573193751225423534,628,1573193751123267889,,0.0120000001043,-0.010719999671,-0.00533000007272,7.00000018696e-05
1573193751278735745,629,1573193751225080966,,0.00510000018403,-0.00509000010788,0.000539999979082,0.000110000000859
1573193751332054968,630,1573193751279011964,,0.00190000003204,-0.00161999999546,0.000939999998081,1.99999994948e-05
1573193751384915295,631,1573193751332174062,,0.000199999994948,1.99999994948e-05,0.000230000005104,-0.0
1573193751437657678,632,1573193751384514093,,9.99999974738e-05,3.99999989895e-05,0.000130000000354,-9.99999974738e-06
1573193751490274662,633,1573193751437103033,,9.99999974738e-05,3.99999989895e-05,9.99999974738e-05,0.0
1573193751544557538,634,1573193751490076065,,9.99999974738e-05,7.00000018696e-05,3.99999989895e-05,-1.99999994948e-05
1573193751599489005,635,1573193751544162034,,9.99999974738e-05,4.99999987369e-05,2.99999992421e-05,-9.99999974738e-06
1573193751654722173,636,1573193751599540948,,9.99999974738e-05,4.99999987369e-05,3.99999989895e-05,-9.99999974738e-06
1573193751708350132,637,1573193751654858112,,9.99999974738e-05,3.99999989895e-05,3.99999989895e-05,9.99999974738e-06
1573193751760621321,638,1573193751707922935,,9.99999974738e-05,4.99999987369e-05,1.99999994948e-05,-9.99999974738e-06
1573193751815128595,639,1573193751760760068,,0.0,3.99999989895e-05,9.99999974738e-06,-9.99999974738e-06
1573193751868991526,640,1573193751814496040,,0.0,2.99999992421e-05,-0.0,0.0
1573193751970489910,641,1573193751868295907,,0.0,2.99999992421e-05,9.99999974738e-06,0.0
1573193752024182318,642,1573193751970612049,,0.0,1.99999994948e-05,1.99999994948e-05,0.0
1573193752078308652,643,1573193752024133920,,0.000500000023749,-0.000520000001416,-0.000130000000354,0.000119999996969
1573193752132261319,644,1573193752077699899,,0.00439999997616,-0.00383999990299,-0.00212000007741,-3.99999989895e-05
1573193752185407789,645,1573193752131706953,,0.0124000003561,-0.00865000020713,-0.00894999969751,-7.00000018696e-05
1573193752239453707,646,1573193752185456991,,0.0219999998808,-0.0119500001892,-0.0184199996293,-0.000119999996969
1573193752294670281,647,1573193752239643096,,0.0282000005245,-0.0121600003913,-0.0254500005394,-0.000159999995958
1573193752347387885,648,1573193752293284893,,0.0305000003427,-0.0106499996036,-0.028599999845,-2.99999992421e-05
1573193752401497360,649,1573193752347649097,,0.0302000008523,-0.00978999957442,-0.0285299997777,-7.00000018696e-05
1573193752455492100,650,1573193752401531934,,0.0300999991596,-0.00977000035346,-0.0284800007939,-1.99999994948e-05
1573193752558770432,651,1573193752455526113,,0.0300999991596,-0.00973000004888,-0.0284499991685,-9.99999974738e-06
1573193752612159756,652,1573193752558460950,,0.0299999993294,-0.00972000043839,-0.0283799991012,2.99999992421e-05
1573193752666102766,653,1573193752611835002,,0.0296999998391,-0.00913999974728,-0.0282700005919,-0.000110000000859
1573193752718553432,654,1573193752665891885,,0.0267999991775,-0.00582000007853,-0.0262000001967,5.99999984843e-05
1573193752773216526,655,1573193752718225955,,0.0195000004023,-0.00101999996696,-0.0194400008768,0.000110000000859
1573193752824461481,656,1573193752772370100,,0.0103000001982,0.00227000005543,-0.00999999977648,0.000140000003739
1573193752879968804,657,1573193752824537038,,0.00400000018999,0.00255000009201,-0.00306000001729,0.000140000003739
1573193752932689749,658,1573193752879441022,,0.00310000008903,0.00300000002608,0.000939999998081,-0.000159999995958
1573193752987543344,659,1573193752932734012,,0.00839999970049,0.00646999990568,0.00534000014886,7.9999997979e-05
1573193753091318080,660,1573193752986953020,,0.0175000000745,0.0106499996036,0.0138800004497,9.00000013644e-05
1573193753144461595,661,1573193753090651988,,0.0232999995351,0.0120299998671,0.0199599992484,-1.99999994948e-05
1573193753199720636,662,1573193753144480943,,0.0252999998629,0.0130500001833,0.0216300003231,-4.99999987369e-05
1573193753253994461,663,1573193753199053049,,0.0252000000328,0.0129800001159,0.0216199997813,-3.99999989895e-05
1573193753307857087,664,1573193753253278970,,0.0252000000328,0.0129899997264,0.0215600002557,-3.99999989895e-05
1573193753360687126,665,1573193753307683944,,0.0251000002027,0.0129000004381,0.0215199999511,-2.99999992421e-05
1573193753414630000,666,1573193753360738039,,0.0251000002027,0.0129000004381,0.0215399991721,-1.99999994948e-05
1573193753469621908,667,1573193753414716005,,0.0250000003725,0.0127800004557,0.0214699991047,1.99999994948e-05
1573193753523509273,668,1573193753468949079,,0.0233999993652,0.0108500001952,0.0206899996847,0.000180000002729
1573193753579210904,669,1573193753523166894,,0.0175999999046,0.00657999981195,0.0163000002503,-2.99999992421e-05
1573193753632888243,670,1573193753578660964,,0.00820000004023,0.00240000011399,0.0077999997884,-9.00000013644e-05
1573193753687916165,671,1573193753633776903,,0.00279999990016,-0.000399999989895,0.00280999997631,2.99999992421e-05
1573193753741217265,672,1573193753687621116,,0.00650000013411,-0.000730000028852,0.00596999982372,-0.0024300001096
1573193753794693343,673,1573193753740587949,,0.0108000002801,-0.00170999998227,0.00987999979407,-0.0039800000377
1573193753848025357,674,1573193753794153928,,0.0165999997407,-0.00304999994114,0.0157999992371,-0.00416000001132
1573193753902927961,675,1573193753848212003,,0.0226000007242,-0.00459000002593,0.0217199996114,-0.00423000007868
1573193753957078826,676,1573193753902930974,,0.0284000001848,-0.00610999995843,0.0274500008672,-0.00424000015482
1573193754011260166,677,1573193753957025051,,0.0342999994755,-0.00755999982357,0.0331900008023,-0.00429000006989
1573193754064498609,678,1573193754010901927,,0.0406999997795,-0.00925999972969,0.0393799990416,-0.00427999999374
1573193754117987820,679,1573193754064841032,,0.0465999990702,-0.0108300000429,0.045079998672,-0.00425000023097
1573193754171464538,680,1573193754117214918,,0.0529999993742,-0.0124700004235,0.0513099990785,-0.00430000014603
1573193754224248238,681,1573193754170970916,,0.0566999986768,-0.0137700000778,0.0548399984837,-0.00431999983266
1573193754276440847,682,1573193754223681926,,0.0593000017107,-0.0150399999693,0.0573300011456,-0.00181000004523
1573193754330319922,683,1573193754276689052,,0.061400000006,-0.0157699994743,0.0593600012362,-0.000220000001718
1573193754386546753,684,1573193754330542087,,0.061400000006,-0.0160499997437,0.0592299997807,0.0
1573193754439964431,685,1573193754385994911,,0.0617999993265,-0.0162899997085,0.0595999993384,0.000110000000859
1573193754495361991,686,1573193754439829111,,0.0610000006855,-0.0154200000688,0.0590200014412,0.000330000009853
1573193754549194430,687,1573193754494966030,,0.0566999986768,-0.0143999997526,0.0546800009906,0.00394999980927
1573193754604182323,688,1573193754549442052,,0.0513999983668,-0.00775999994949,0.0506200008094,0.00427999999374
1573193754657180854,689,1573193754603456974,,0.0478999987245,-0.000679999997374,0.0476800017059,0.00431999983266
1573193754712264342,690,1573193754657288074,,0.0436999984086,0.00520000001416,0.043180000037,0.00449999980628
1573193754767256762,691,1573193754711746931,,0.0373999997973,0.00862000044435,0.0361200012267,0.00429000006989
1573193754820087261,692,1573193754767545938,,0.0322000011802,0.0101899998263,0.0302600003779,0.00423000007868
1573193754923651075,693,1573193754819715976,,0.0274000000209,0.0119099998847,0.0242899991572,0.0041899997741
1573193754978698760,694,1573193754924012899,,0.0212999992073,0.0123800002038,0.0168699994683,0.00380000006407
1573193755032718526,695,1573193754978118896,,0.0183000005782,0.0140899997205,0.0109799997881,0.00374999991618
1573193755137398321,696,1573193755031538009,,0.0164000000805,0.0146800000221,0.0063000000082,0.00359000009485
1573193755191264477,697,1573193755137214899,,0.0146000003442,0.0139399999753,0.00447000004351,0.000300000014249
1573193755245677642,698,1573193755191328048,,0.0100999996066,0.00980000011623,0.00264000007883,1.99999994948e-05
1573193755300220072,699,1573193755245696067,,0.00520000001416,0.00516999978572,0.000310000003083,-2.99999992421e-05
1573193755354943359,700,1573193755299503087,,0.00190000003204,0.00156000000425,-0.00106000003871,-0.000169999999343
1573193755408352858,701,1573193755353682994,,0.000300000014249,5.99999984843e-05,-0.000310000003083,-1.99999994948e-05
1573193755462862926,702,1573193755407759904,,0.000399999989895,-0.0,-0.000399999989895,-0.0
1573193755516896155,703,1573193755462229967,,0.00350000010803,0.000869999988936,-0.00335999997333,-7.9999997979e-05
1573193755570458602,704,1573193755516165018,,0.00760000012815,0.00335999997333,-0.00685000000522,1.99999994948e-05
1573193755673852311,705,1573193755569941997,,0.0109000001103,0.00748000014573,-0.00789000000805,-3.99999989895e-05
1573193755729279878,706,1573193755674011945,,0.0159000009298,0.015180000104,0.00484000006691,2.99999992421e-05
1573193755785399966,707,1573193755729465007,,0.0226000007242,0.019319999963,0.0117399999872,7.9999997979e-05
1573193755889776490,708,1573193755784902095,,0.023199999705,0.0198100004345,0.0121600003913,-9.99999974738e-06
1573193755943296764,709,1573193755889743089,,0.0215000007302,0.0182300005108,0.0113099999726,-0.0
1573193755997778524,710,1573193755943489074,,0.0215000007302,0.01823999919,0.0113399997354,0.0
1573193756052130258,711,1573193755997416973,,0.0215000007302,0.01823999919,0.0113500002772,0.0
1573193756105503389,712,1573193756051249980,,0.0216000005603,0.0182499997318,0.0115499999374,-0.0
1573193756162045495,713,1573193756105545043,,0.0227000005543,0.0173599999398,0.0145500004292,7.00000018696e-05
1573193756215682180,714,1573193756161457061,,0.0230999998748,0.0150899998844,0.0175400003791,-1.99999994948e-05
1573193756268889838,715,1573193756215364933,,0.0217000003904,0.0112800002098,0.018540000543,4.99999987369e-05
1573193756321472213,716,1573193756268130064,,0.0077999997884,0.00331999990158,0.00702999997884,-3.99999989895e-05
1573193756423296638,717,1573193756321016073,,0.00079999997979,0.000469999999041,0.000590000010561,-9.00000013644e-05
1573193756528411433,718,1573193756423409938,,0.000199999994948,-9.00000013644e-05,0.000130000000354,1.99999994948e-05
1573193756582561242,719,1573193756527743101,,0.0,-4.99999987369e-05,-0.0,-0.0
1573193756635712206,720,1573193756582035064,,9.99999974738e-05,-7.00000018696e-05,-0.0,1.99999994948e-05
1573193756740532898,721,1573193756635221004,,0.0,-3.99999989895e-05,-9.99999974738e-06,-0.0
1573193756794899636,722,1573193756740634918,,9.99999974738e-05,-7.00000018696e-05,-1.99999994948e-05,9.99999974738e-06
1573193756849359237,723,1573193756794751882,,9.99999974738e-05,-4.99999987369e-05,2.99999992421e-05,9.99999974738e-06
1573193756903771194,724,1573193756848680973,,0.000600000028498,0.000460000010207,0.00034999998752,-9.99999974738e-05
1573193756958084645,725,1573193756903017044,,0.00600000005215,0.00325999991037,0.00506999995559,-3.99999989895e-05
1573193757062497553,726,1573193756958075046,,0.0120999999344,0.00791000016034,0.0091099999845,3.99999989895e-05
1573193757115537485,727,1573193757061897993,,0.0115000000224,0.0108399996534,0.00372999999672,0.000130000000354
1573193757169948211,728,1573193757115753889,,0.0111999996006,0.01070000045,-0.00328999990597,0.000209999998333
1573193757223579324,729,1573193757169857025,,0.0132999997586,0.0101100001484,-0.00865999981761,2.99999992421e-05
1573193757327321234,730,1573193757223542928,,0.0131999999285,0.00954999960959,-0.00913999974728,7.00000018696e-05
1573193757382146082,731,1573193757327647924,,0.0122999995947,0.00889000017196,-0.008550000377,1.99999994948e-05
1573193757434191112,732,1573193757381443023,,0.0132999997586,0.00963999982923,-0.00920000020415,0.0
1573193757488049100,733,1573193757433691978,,0.0133999995887,0.00965999998152,-0.00925999972969,0.0
1573193757541450887,734,1573193757487489938,,0.0132999997586,0.00913000013679,-0.00963000021875,0.000119999996969
1573193757595788064,735,1573193757541589975,,0.0159000009298,0.00612000003457,-0.0147200003266,4.99999987369e-05
1573193757649583808,736,1573193757596009969,,0.0190999992192,0.00109000003431,-0.019109999761,-3.99999989895e-05
1573193757705923559,737,1573193757649686098,,0.0151000004262,-0.00319999991916,-0.0147599996999,-0.000159999995958
1573193757811435801,738,1573193757704814910,,0.00659999996424,-0.0023199999705,-0.00622999994084,-0.000199999994948
1573193757864548703,739,1573193757811383962,,0.0118000004441,-0.00841999985278,-0.00829999987036,-4.99999987369e-05
1573193757918948638,740,1573193757864589929,,0.0143999997526,-0.011250000447,-0.00901000015438,-0.000209999998333
1573193757972804029,741,1573193757918262004,,0.0142999999225,-0.0136799998581,-0.00419999985024,-7.00000018696e-05
1573193758026118823,742,1573193757972182989,,0.0143999997526,-0.0141000002623,0.00301000010222,-4.99999987369e-05
1573193758031176260,743,1573193758025599002,,0.0168999992311,-0.0144400000572,0.00872999988496,-4.99999987369e-05
1573193758086110842,744,1573193758031307935,,0.0185000002384,-0.0157600007951,0.00965999998152,-4.99999987369e-05
1573193758139916407,745,1573193758085582971,,0.0188999995589,-0.0159799996763,0.0101399999112,-0.0
1573193758192240154,746,1573193758139442920,,0.0189999993891,-0.01600000076,0.0101600000635,-0.0
1573193758296233725,747,1573193758192214965,,0.0189999993891,-0.0160399992019,0.0102000003681,9.99999974738e-06
1573193758348271523,748,1573193758295937061,,0.0173000004143,-0.0144999995828,0.00942999962717,-3.99999989895e-05
1573193758402841410,749,1573193758348397970,,0.0207000002265,-0.00675999978557,0.0196000002325,5.99999984843e-05
1573193758454876792,750,1573193758401946067,,0.0211999993771,-0.00268999999389,0.0209999997169,0.000169999999343
1573193758508541291,751,1573193758454972982,,0.0149999996647,-0.00112999998964,0.014969999902,7.9999997979e-05
1573193758562709718,752,1573193758507992029,,0.00710000004619,-0.000679999997374,0.00704000005499,5.99999984843e-05
1573193758617066927,753,1573193758562336921,,0.00079999997979,-0.000280000007479,0.000730000028852,7.00000018696e-05
1573193758670801054,754,1573193758616230964,,0.000600000028498,-0.000220000001718,0.000520000001416,5.99999984843e-05
1573193758724778689,755,1573193758670139074,,9.99999974738e-05,0.0,5.99999984843e-05,9.99999974738e-06
1573193758828125214,756,1573193758724133014,,9.99999974738e-05,-9.99999974738e-06,4.99999987369e-05,9.99999974738e-06
1573193758883619895,757,1573193758828108072,,0.00449999980628,-0.00325999991037,0.0031500000041,1.99999994948e-05
1573193758937924972,758,1573193758882817983,,0.00860000029206,-0.00779000017792,0.00374000007287,2.99999992421e-05
1573193758991304716,759,1573193758936899900,,0.0131000000983,-0.0127100003883,-0.0031799999997,-9.00000013644e-05
1573193759044163121,760,1573193758991123914,,0.0186000000685,-0.0159399993718,-0.00946999993175,-0.00147000001743
1573193759097131632,761,1573193759044182062,,0.022199999541,-0.018449999392,-0.0118800001219,-0.00365000008605
1573193759149107474,762,1573193759097058057,,0.0293000005186,-0.0235900003463,-0.0169799998403,-0.00378999998793
1573193759202401182,763,1573193759148890018,,0.0366000011563,-0.0288100000471,-0.022199999541,-0.00380000006407
1573193759255333067,764,1573193759201890945,,0.042199999094,-0.0327100008726,-0.0264400001615,-0.00394000019878
1573193759358948443,765,1573193759255518913,,0.0436000004411,-0.0339399985969,-0.0271199997514,-0.00370000000112
1573193759411701566,766,1573193759358266115,,0.0399999991059,-0.0303399991244,-0.0261300001293,-0.000150000007125
1573193759465877685,767,1573193759411142110,,0.0434000007808,-0.0263299997896,-0.0345299988985,-0.0
1573193759517549408,768,1573193759464958906,,0.0419999994338,-0.0189399998635,-0.0374399982393,-4.99999987369e-05
1573193759621194239,769,1573193759517462015,,0.035000000149,-0.0108500001952,-0.0333099998534,7.00000018696e-05
1573193759674436159,770,1573193759621401071,,0.0286999996752,-0.000869999988936,-0.0286400001496,0.00133999995887
1573193759729161668,771,1573193759674628019,,0.0272000003606,0.00533000007272,-0.0264999996871,0.00337999989279
1573193759781775184,772,1573193759728466987,,0.0250000003725,0.0126799996942,-0.0212799999863,0.00359999993816
1573193759833657789,773,1573193759781271934,,0.0245999991894,0.0180699992925,-0.0163400005549,0.00347000011243
1573193759939378429,774,1573193759833399057,,0.0252000000328,0.0216600000858,-0.0124199995771,0.00359999993816
1573193759991807882,775,1573193759939043045,,0.0238000005484,0.0210100002587,-0.010769999586,0.00313999992795
1573193760044559270,776,1573193759991424083,,0.0241000000387,0.0217000003904,-0.0105499997735,0.000110000000859
1573193760098028663,777,1573193760044235944,,0.0204000007361,0.0188100002706,-0.00800999999046,-3.99999989895e-05
1573193760152629388,778,1573193760098221063,,0.0168999992311,0.015909999609,-0.00570000009611,-9.99999974738e-06
1573193760207194551,779,1573193760151746988,,0.0133999995887,0.0130099998787,-0.00313999992795,-1.99999994948e-05
1573193760259713907,780,1573193760206780910,,0.00870000012219,0.00856999959797,0.00112999998964,-0.000159999995958
1573193760313266858,781,1573193760259689092,,0.00920000020415,0.00841000024229,0.00381999998353,7.00000018696e-05
1573193760368661273,782,1573193760313416957,,0.0133999995887,0.0109099997208,0.00773000018671,-1.99999994948e-05
1573193760470562323,783,1573193760367724895,,0.0205000005662,0.0158500000834,0.0129300002009,7.00000018696e-05
1573193760525270474,784,1573193760470740079,,0.0322000011802,0.0232599992305,0.0222100000829,0.000140000003739
1573193760579419247,785,1573193760525383949,,0.0377999991179,0.026930000633,0.0265200007707,1.99999994948e-05
1573193760634537746,786,1573193760579430103,,0.0377000011504,0.0267999991775,0.0264699999243,4.99999987369e-05
1573193760739420684,787,1573193760633857011,,0.0375999994576,0.0268099997193,0.026380000636,9.99999974738e-06
1573193760792284909,788,1573193760738400936,,0.0346000008285,0.0246799997985,0.0242899991572,9.99999974738e-06
1573193760844814250,789,1573193760792478084,,0.0346000008285,0.0246699992567,0.0242199990898,9.99999974738e-06
1573193760898362944,790,1573193760844455957,,0.0337999984622,0.0238300003111,0.0240000002086,0.000159999995958
1573193761001467173,791,1573193760898345947,,0.0295000001788,0.0201099999249,0.0215900000185,-2.99999992421e-05
1573193761054591864,792,1573193761000941991,,0.0216000005603,0.0142099997029,0.0163100007921,-4.99999987369e-05
1573193761108534692,793,1573193761054059982,,0.0149999996647,0.00937000010163,0.0117399999872,-1.99999994948e-05
1573193761162502654,794,1573193761107876062,,0.00270000007004,0.00142999994569,0.0023199999705,-0.000110000000859
1573193761266985343,795,1573193761161658048,,0.00150000001304,-0.000360000005458,0.00150000001304,4.99999987369e-05
1573193761320054021,796,1573193761266098022,,0.00480000022799,-0.00362000009045,0.00165999995079,-0.00263000000268
1573193761373919334,797,1573193761320076942,,0.00800000037998,-0.0070199999027,-0.00182999996468,-0.00343999988399
1573193761428090910,798,1573193761374255895,,0.0151000004262,-0.0125599997118,-0.00742000015453,-0.00400999980047
1573193761482958111,799,1573193761428359031,,0.022199999541,-0.0175999999046,-0.0128499995917,-0.00422000000253
1573193761537269810,800,1573193761483319044,,0.0294000003487,-0.0224799998105,-0.0183400008827,-0.00447000004351
1573193761591165103,801,1573193761537394046,,0.0362000018358,-0.0272000003606,-0.0233999993652,-0.00467999977991
1573193761694193746,802,1573193761591474056,,0.0467000007629,-0.0345799997449,-0.0308999996632,-0.0052100000903
1573193761747983751,803,1573193761694248914,,0.0573000013828,-0.0415600016713,-0.0390800014138,-0.00505999987945
1573193761800247760,804,1573193761748121023,,0.0644000023603,-0.0463900007308,-0.0443399995565,-0.0051299999468
1573193761852745484,805,1573193761799942016,,0.0731000006199,-0.0514400005341,-0.0517200008035,-0.00526000000536
1573193761905522675,806,1573193761852741956,,0.0844999998808,-0.0571400001645,-0.0621300004423,-0.00261999992654
1573193761959595299,807,1573193761905148983,,0.0868000015616,-0.0586099997163,-0.0640200003982,-0.00165999995079
1573193762011537903,808,1573193761958848953,,0.0866999998689,-0.0584900006652,-0.0640200003982,-0.00132000003941
1573193762066000699,809,1573193762011333942,,0.0873000025749,-0.0588699989021,-0.0644999966025,-0.00101000000723
1573193762117309977,810,1573193762065399885,,0.0873999968171,-0.0588899999857,-0.0645499974489,-0.000639999983832
1573193762171908370,811,1573193762117496013,,0.0878999978304,-0.0591199994087,-0.0649899989367,-0.000280000007479
1573193762225931984,812,1573193762171196937,,0.0890000015497,-0.0597800016403,-0.0659200027585,4.99999987369e-05
1573193762279519902,813,1573193762225339889,,0.0883999988437,-0.0593300014734,-0.0655699968338,0.000530000019353
1573193762332650155,814,1573193762278855085,,0.0892999991775,-0.0597800016403,-0.0663700029254,0.000880000006873
1573193762386807465,815,1573193762332914113,,0.0891999974847,-0.0595999993384,-0.0662899985909,0.00127000000793
1573193762441584924,816,1573193762386713027,,0.0894000008702,-0.0596400015056,-0.0665400028229,0.00158999999985
1573193762546914341,817,1573193762440833091,,0.0899000018835,-0.0597900003195,-0.0671399980783,0.00187000003643
1573193762600876830,818,1573193762546824932,,0.0769999995828,-0.0513999983668,-0.0570000000298,0.00559000018984
1573193762653892254,819,1573193762600306987,,0.0671999976039,-0.044920001179,-0.0496799983084,0.00559000018984
1573193762707458542,820,1573193762653414011,,0.0592000000179,-0.0395999997854,-0.0436300002038,0.00553000019863
1573193762761886421,821,1573193762707070112,,0.0511999987066,-0.0342999994755,-0.0376299992204,0.00537999998778
1573193762815494439,822,1573193762761126995,,0.042500000447,-0.0284800007939,-0.0310500003397,0.0052100000903
1573193762870150146,823,1573193762815213918,,0.034699998796,-0.0232900008559,-0.0252599995583,0.00504000019282
1573193762924243558,824,1573193762869440078,,0.0263000000268,-0.0176400002092,-0.0188599992543,0.00480000022799
1573193763028435461,825,1573193762923528909,,0.0177999995649,-0.0119099998847,-0.0124500002712,0.00450999988243
1573193763082327795,826,1573193763028533935,,0.00949999969453,-0.00619000010192,-0.00608999980614,0.00389000005089
1573193763135589119,827,1573193763081643104,,0.00380000006407,-0.00109999999404,-0.000130000000354,0.00365000008605
1573193763189957448,828,1573193763135673999,,0.00179999996908,0.000989999971353,0.00153999996837,5.99999984843e-05
1573193763244146726,829,1573193763189954996,,0.000600000028498,0.000230000005104,0.000509999983478,-1.99999994948e-05
1573193763297911585,830,1573193763243756055,,0.000399999989895,0.000180000002729,0.000330000009853,-4.99999987369e-05
1573193763351635771,831,1573193763297966957,,0.000199999994948,0.000140000003739,0.000180000002729,-3.99999989895e-05
1573193763406692772,832,1573193763351778984,,9.99999974738e-05,9.99999974738e-05,7.9999997979e-05,-2.99999992421e-05
1573193763511623741,833,1573193763405708074,,9.99999974738e-05,7.00000018696e-05,2.99999992421e-05,-2.99999992421e-05
1573193763563909935,834,1573193763509489059,,9.99999974738e-05,4.99999987369e-05,3.99999989895e-05,-2.99999992421e-05
1573193763618096504,835,1573193763564054965,,0.0,3.99999989895e-05,0.0,-9.99999974738e-06
1573193763671045247,836,1573193763617955923,,0.0,9.99999974738e-06,1.99999994948e-05,-9.99999974738e-06
1573193763725939525,837,1573193763670789957,,0.0,9.99999974738e-06,-0.0,-9.99999974738e-06
1573193763830673649,838,1573193763724931955,,0.000199999994948,0.000180000002729,9.99999974738e-05,-4.99999987369e-05
1573193763884686350,839,1573193763830009937,,0.00820000004023,-0.000440000003437,0.00813999958336,0.000220000001718
1573193763938274180,840,1573193763884162902,,0.00639999983832,-0.00419999985024,0.00487999990582,7.00000018696e-05
1573193763992306526,841,1573193763938208103,,0.00570000009611,-0.00520000001416,-0.00230000005104,-0.000169999999343
1573193764046452009,842,1573193763991986036,,0.00650000013411,-0.00467999977991,-0.00455999979749,-9.99999974738e-05
1573193764099876231,843,1573193764045720100,,0.00639999983832,-0.00449999980628,-0.00460000010207,-0.000110000000859
1573193764153736554,844,1573193764100116014,,0.00700000021607,-0.00491000013426,-0.00504000019282,-7.00000018696e-05
1573193764207201074,845,1573193764154100894,,0.00710000004619,-0.00494999997318,-0.00505999987945,-3.99999989895e-05
1573193764260168720,846,1573193764207029104,,0.00710000004619,-0.00497000012547,-0.00509000010788,-1.99999994948e-05
1573193764312656943,847,1573193764259732961,,0.00710000004619,-0.00499999988824,-0.00504000019282,0.0
1573193764367352542,848,1573193764312299966,,0.00740000000224,-0.00522000016645,-0.00520000001416,7.00000018696e-05
1573193764420606169,849,1573193764367000102,,0.0161000005901,-0.00496000004932,-0.0152799999341,-0.000260000000708
1573193764472843109,850,1573193764420142889,,0.0115000000224,-0.000469999999041,-0.0114399995655,-7.9999997979e-05
1573193764527282617,851,1573193764472892999,,0.00300000002608,0.000720000010915,-0.00285999989137,0.000199999994948
1573193764582519780,852,1573193764526757001,,0.000199999994948,9.99999974738e-05,-0.000140000003739,0.000130000000354
1573193764636877516,853,1573193764583161115,,0.00150000001304,0.00138999999035,0.000440000003437,-9.99999974738e-06
1573193764690913822,854,1573193764637006044,,0.00279999990016,0.00267000007443,-0.000859999970999,0.000260000000708
1573193764745500411,855,1573193764690510988,,0.00839999970049,0.00341999996454,-0.00767999980599,0.000220000001718
1573193764801475907,856,1573193764745574951,,0.0157999992371,0.00377999991179,-0.0153099996969,9.99999974738e-05
1573193764855359005,857,1573193764801613092,,0.0240000002086,0.00394000019878,-0.0236600004137,1.99999994948e-05
1573193764908921070,858,1573193764855562925,,0.0320999994874,0.00279999990016,-0.0320000015199,0.000150000007125
1573193764962142394,859,1573193764908299922,,0.0373999997973,-0.000300000014249,-0.0373799987137,-0.000209999998333
1573193765067350042,860,1573193764962168931,,0.0373999997973,-0.00276000006124,-0.0373199991882,-7.9999997979e-05
1573193765122176213,861,1573193765066586971,,0.0284000001848,-0.00193000002764,-0.0283100008965,-0.000130000000354
1573193765176846240,862,1573193765122067928,,0.0278999991715,-0.00178000004962,-0.0278799999505,-9.99999974738e-05
1573193765230056523,863,1573193765177362918,,0.0285000000149,-0.00320999999531,-0.0283000003546,9.99999974738e-05
1573193765285265200,864,1573193765229701995,,0.027499999851,-0.00436000013724,-0.0271499995142,-0.000169999999343
1573193765338314077,865,1573193765284440994,,0.0214000009,-0.0049899998121,-0.0208599995822,-0.000159999995958
1573193765392980715,866,1573193765338383913,,0.0148999998346,-0.00533000007272,-0.0139600001276,-5.99999984843e-05
1573193765446933772,867,1573193765392234086,,0.00829999987036,-0.0054999999702,-0.00624000001699,-0.0
1573193765500034366,868,1573193765445969104,,0.0046999999322,-0.00443999981508,0.00150000001304,-0.000130000000354
1573193765553562131,869,1573193765500124931,,0.00650000013411,-0.00158999999985,0.0063000000082,0.000199999994948
1573193765607300930,870,1573193765553410053,,0.00639999983832,0.000639999983832,0.0063599999994,9.00000013644e-05
1573193765660497320,871,1573193765607362031,,0.000600000028498,7.9999997979e-05,0.000590000010561,0.000140000003739
1573193765713690092,872,1573193765660099983,,0.000199999994948,-7.9999997979e-05,0.000209999998333,0.000110000000859
1573193765769227787,873,1573193765714132070,,0.00089999998454,0.000739999988582,0.000539999979082,-0.000180000002729
1573193765822380872,874,1573193765768362998,,0.00839999970049,0.00375999999233,0.00747000006959,7.9999997979e-05
1573193765874971941,875,1573193765822552919,,0.0115000000224,0.00618000002578,0.00972000043839,2.99999992421e-05
1573193765928333835,876,1573193765874635934,,0.0119000002742,0.00647999998182,0.00999999977648,-3.99999989895e-05
1573193766032398196,877,1573193765927864074,,0.0119000002742,0.00651999982074,0.00997999962419,-3.99999989895e-05
1573193766085315078,878,1573193766032380104,,0.0109000001103,0.00591999990866,0.00913999974728,-2.99999992421e-05
1573193766137703821,879,1573193766085503101,,0.0109000001103,0.00590000022203,0.00915000028908,-1.99999994948e-05
1573193766190128051,880,1573193766137712955,,0.0109000001103,0.0059299999848,0.00913000013679,-2.99999992421e-05
1573193766244130127,881,1573193766189738035,,0.0111999996006,0.0063000000082,0.00922999996692,-9.99999974738e-05
1573193766297935417,882,1573193766243597030,,0.00989999994636,0.0070199999027,0.00700999982655,9.00000013644e-05
1573193766352294436,883,1573193766297916889,,0.00870000012219,0.00677999993786,0.0054999999702,0.000220000001718
1573193766406338143,884,1573193766351871013,,0.00400000018999,0.00374000007287,-0.00153999996837,4.99999987369e-05
1573193766460267758,885,1573193766405594110,,0.00639999983832,0.00112000002991,-0.00632000016049,7.9999997979e-05
1573193766564244440,886,1573193766459371089,,0.00760000012815,0.000230000005104,-0.00760000012815,0.000199999994948
1573193766619372191,887,1573193766564325094,,0.00930000003427,-0.000419999996666,-0.0092700002715,3.99999989895e-05
1573193766673503106,888,1573193766618591070,,0.0100999996066,-0.000460000010207,-0.0100999996066,2.99999992421e-05
1573193766726950547,889,1573193766673017978,,0.0100999996066,-0.000429999985499,-0.0100800003856,9.99999974738e-06
1573193766780045127,890,1573193766726861000,,0.00999999977648,-0.000429999985499,-0.0100400000811,9.99999974738e-06
1573193766884456117,891,1573193766779633998,,0.0100999996066,-0.00079999997979,-0.0100800003856,9.00000013644e-05
1573193766937906708,892,1573193766883614063,,0.00740000000224,-0.00139999995008,-0.00726999994367,-9.00000013644e-05
1573193766991114730,893,1573193766938024044,,0.00650000013411,-0.00182999996468,-0.00626000016928,-1.99999994948e-05
1573193767045740025,894,1573193766990860939,,0.00590000022203,-0.00158999999985,-0.00571999978274,-9.99999974738e-05
1573193767099819928,895,1573193767045116901,,0.00350000010803,-0.0012300000526,-0.00325999991037,-9.99999974738e-05
1573193767152579564,896,1573193767099364995,,0.00240000011399,-0.000630000024103,-0.00227999989875,-0.000159999995958
1573193767206444931,897,1573193767151967048,,0.0,-3.99999989895e-05,-9.99999974738e-06,-1.99999994948e-05
1573193767258045841,898,1573193767205332994,,0.0,-9.99999974738e-06,2.99999992421e-05,-0.0
1573193767362515650,899,1573193767257704973,,9.99999974738e-05,-0.0,4.99999987369e-05,0.0
1573193767415992436,900,1573193767362689018,,0.0,-9.99999974738e-06,1.99999994948e-05,0.0
1573193767469855960,901,1573193767416006088,,0.0,-9.99999974738e-06,2.99999992421e-05,9.99999974738e-06
1573193767522574054,902,1573193767469232082,,0.0,9.99999974738e-06,9.99999974738e-06,-0.0
1573193767625180809,903,1573193767522748947,,0.0,0.0,-0.0,0.0
1573193767679118758,904,1573193767624577045,,0.0,9.99999974738e-06,1.99999994948e-05,-0.0
1573193767732938436,905,1573193767678370952,,0.0,0.0,1.99999994948e-05,-0.0
1573193767786996213,906,1573193767732300043,,0.0,-9.99999974738e-06,1.99999994948e-05,0.0
1573193767840463473,907,1573193767786303997,,0.0,-0.0,1.99999994948e-05,0.0
1573193767894648273,908,1573193767840544939,,0.0,9.99999974738e-06,9.99999974738e-06,-0.0
1573193767948810784,909,1573193767894612073,,0.0,-9.99999974738e-06,-9.99999974738e-06,0.0
1573193768002133496,910,1573193767948894023,,0.0,0.0,1.99999994948e-05,-0.0
1573193768056667733,911,1573193768001714944,,0.0,-9.99999974738e-06,-9.99999974738e-06,9.99999974738e-06
1573193768159661960,912,1573193768056040048,,0.0,-0.0,1.99999994948e-05,0.0
1573193768212759394,913,1573193768159807920,,0.0,0.0,-0.0,-0.0
1573193768266525945,914,1573193768212245941,,0.0,0.0,-0.0,-0.0
1573193768319406680,915,1573193768266571044,,0.0,-0.0,0.0,0.0
1573193768373246039,916,1573193768319565057,,0.0,-0.0,0.0,0.0
1573193768427282523,917,1573193768372926950,,0.0,9.99999974738e-06,-0.0,-9.99999974738e-06
1573193768481230377,918,1573193768426620960,,0.0,-0.0,-0.0,0.0
1573193768534979814,919,1573193768480559110,,0.0,9.99999974738e-06,-0.0,-9.99999974738e-06
1573193768588370633,920,1573193768534097909,,0.0,-0.0,9.99999974738e-06,-0.0
1573193768691655577,921,1573193768587553024,,0.0,1.99999994948e-05,1.99999994948e-05,-9.99999974738e-06
1573193768745051512,922,1573193768691715002,,0.0,-0.0,9.99999974738e-06,0.0
1573193768798434026,923,1573193768744558095,,0.0,-0.0,1.99999994948e-05,0.0
1573193768853403616,924,1573193768798542022,,0.0,-9.99999974738e-06,-9.99999974738e-06,0.0
1573193768906177842,925,1573193768852318048,,0.0,9.99999974738e-06,-2.99999992421e-05,-9.99999974738e-06
1573193768960410390,926,1573193768906497955,,0.0,0.0,-1.99999994948e-05,-0.0
1573193769014947774,927,1573193768960665941,,0.0,0.0,-9.99999974738e-06,0.0
1573193769119398511,928,1573193769014622926,,0.0,-0.0,1.99999994948e-05,-0.0
1573193769173886508,929,1573193769119345903,,0.0,-9.99999974738e-06,-0.0,9.99999974738e-06
1573193769228068679,930,1573193769173962116,,0.0,9.99999974738e-06,-3.99999989895e-05,-0.0
1573193769282453919,931,1573193769228122949,,0.0,0.0,-9.99999974738e-06,0.0
1573193769337434555,932,1573193769282449007,,0.0,9.99999974738e-06,-9.99999974738e-06,-9.99999974738e-06
1573193769390832143,933,1573193769336828947,,0.0,9.99999974738e-06,-9.99999974738e-06,-0.0
1573193769442675501,934,1573193769390826940,,0.0,0.0,9.99999974738e-06,-0.0
1573193769494199720,935,1573193769442698001,,0.0,-0.0,9.99999974738e-06,0.0
1573193769548810964,936,1573193769494049072,,0.0,9.99999974738e-06,-0.0,-0.0
1573193769654249599,937,1573193769547990083,,0.0,-9.99999974738e-06,-0.0,0.0
1573193769706169684,938,1573193769653235912,,0.0,-0.0,-0.0,0.0
1573193769760521734,939,1573193769706188917,,0.0,-0.0,0.0,-0.0
1573193769815212848,940,1573193769760432004,,0.0,-0.0,1.99999994948e-05,0.0
1573193769868752233,941,1573193769814404010,,0.0,-9.99999974738e-06,0.0,0.0
1573193769922978694,942,1573193769868673086,,0.0,-0.0,-9.99999974738e-06,0.0
1573193770228191243,943,1573193769922667980,,0.0,-9.99999974738e-06,-9.99999974738e-06,0.0
1573193770281265424,944,1573193770227500915,,0.0,-3.99999989895e-05,1.99999994948e-05,1.99999994948e-05
1573193770334553130,945,1573193770281177997,,0.0,-1.99999994948e-05,9.99999974738e-06,9.99999974738e-06
1573193770389350078,946,1573193770334372043,,0.0,-2.99999992421e-05,1.99999994948e-05,9.99999974738e-06
1573193770443620830,947,1573193770388827085,,0.0,-2.99999992421e-05,1.99999994948e-05,9.99999974738e-06
1573193770498314955,948,1573193770442929983,,0.0,-2.99999992421e-05,9.99999974738e-06,9.99999974738e-06
1573193770552315627,949,1573193770497423887,,0.0,-2.99999992421e-05,1.99999994948e-05,9.99999974738e-06
1573193770605890072,950,1573193770552377939,,0.0,-2.99999992421e-05,1.99999994948e-05,9.99999974738e-06
1573193770711353383,951,1573193770605343103,,0.0,-2.99999992421e-05,0.0,9.99999974738e-06
1573193770765697123,952,1573193770711066007,,9.99999974738e-05,-3.99999989895e-05,2.99999992421e-05,1.99999994948e-05
1573193770819673975,953,1573193770765321016,,0.0,-2.99999992421e-05,1.99999994948e-05,9.99999974738e-06
1573193770873611608,954,1573193770819915056,,0.0,1.99999994948e-05,0.0,-9.99999974738e-06
1573193770976422041,955,1573193770873697996,,0.0,-9.99999974738e-06,1.99999994948e-05,9.99999974738e-06
1573193771032151133,956,1573193770976572036,,0.0,-9.99999974738e-06,9.99999974738e-06,9.99999974738e-06
1573193771082646905,957,1573193771031230926,,0.0,0.0,9.99999974738e-06,-0.0
1573193771135604929,958,1573193771082716941,,0.0,9.99999974738e-06,-9.99999974738e-06,-9.99999974738e-06
1573193771238148921,959,1573193771135742902,,0.0,-0.0,-9.99999974738e-06,9.99999974738e-06
1573193771292185115,960,1573193771237746953,,0.0,0.0,-0.0,-0.0
1573193771344520444,961,1573193771291770935,,0.0,-0.0,9.99999974738e-06,-0.0
1573193771398882864,962,1573193771344248056,,0.0,9.99999974738e-06,-9.99999974738e-06,-9.99999974738e-06
1573193771449890575,963,1573193771398394107,,0.0,0.0,0.0,-0.0
1573193771501342113,964,1573193771449855089,,0.0,-2.99999992421e-05,9.99999974738e-06,1.99999994948e-05
1573193771555755270,965,1573193771500982046,,0.0,-9.99999974738e-06,1.99999994948e-05,9.99999974738e-06
1573193771609567255,966,1573193771555031061,,0.0,-9.99999974738e-06,9.99999974738e-06,9.99999974738e-06
1573193771663305494,967,1573193771608603000,,0.0,-9.99999974738e-06,0.0,9.99999974738e-06
1573193771766126280,968,1573193771663161993,,0.0,0.0,-9.99999974738e-06,0.0
1573193771818158746,969,1573193771766205072,,0.0,0.0,1.99999994948e-05,-0.0
1573193771871615546,970,1573193771817759990,,0.0,-9.99999974738e-06,1.99999994948e-05,9.99999974738e-06
1573193771924198154,971,1573193771871689081,,0.0,-0.0,9.99999974738e-06,0.0
1573193771977863053,972,1573193771923795938,,0.0,9.99999974738e-06,9.99999974738e-06,-0.0
1573193772032204737,973,1573193771978015899,,0.0,-0.0,9.99999974738e-06,-0.0
1573193772086003484,974,1573193772032207965,,0.0,1.99999994948e-05,9.99999974738e-06,-1.99999994948e-05
1573193772139849384,975,1573193772085448026,,0.0,0.0,-0.0,-0.0
1573193772243470238,976,1573193772140237092,,0.0,9.99999974738e-06,-0.0,-0.0
1573193772296378103,977,1573193772242909908,,0.0,0.0,-9.99999974738e-06,-9.99999974738e-06
1573193772349770581,978,1573193772295805931,,0.0,0.0,2.99999992421e-05,-9.99999974738e-06
1573193772401885983,979,1573193772349695920,,0.0,9.99999974738e-06,-0.0,-0.0
