-0.00156072
-0.00158168
-0.00101371
-0.000918657
-0.000946412
-0.00089788
-0.000916465
-0.00093515
-0.000906533
-0.00139604
-0.00134831
-0.00146277
-0.000962221
-0.00143237
-0.00144288
-0.00100525
-0.0014427
-0.00145657
-0.000921861
-0.000947739
-0.00105662
-0.000987264
-0.0010611
-0.000988332
-0.0010687
-0.000999234
-0.000784232
-0.000834945
-0.000801384
-0.000748955
-0.000841199
-0.000921379
-0.000925818
-0.000938618
-0.00097542
-0.00072383
-0.000713962
-0.000902676
-0.000812684
-0.000813522
-0.000705464
-0.000747846
-0.000819499
-0.000814628
-0.000733606
-0.00108081
-0.0011082
-0.00104499
-0.000814626
-0.00076234
-0.000768662
-0.000834106
-0.00074762
-0.000825587
-0.000765906
-0.00112354
-0.00117394
-0.000743511
-0.00117515
-0.001301
-0.000801052
-0.00120546
-0.00131193
-0.000865492
-0.00122922
-0.000886659
-0.000783685
-0.00118541
-0.00124588
-0.000810005
-0.000743821
-0.00121849
-0.00131135
-0.000844309
-0.000780567
-0.00124069
-0.000807225
-0.000774117
-0.00119773
-0.00119295
-0.0007745
-0.000831751
-0.000817132
-0.000815189
-0.000872996
-0.000784589
-0.000797657
-0.000843857
-0.000761005
-0.000787472
-0.000808075
-0.000820568
-0.000889988
-0.000854863
-0.00092384
-0.000860274
-0.000928797
-0.000823663
-0.000908608
-0.00086483
-0.000864069
-0.000987238
-0.000994997
-0.00112502
-0.00116743
-0.00109896
-0.00110111
-0.000570455
-0.000566613
-0.000592582
-0.000632532
-0.000669279
-0.000733185
-0.000632454
-0.000670834
-0.000628919
-0.000585334
-0.000693902
-0.000748474
-0.000850016
-0.000673628
-0.000620886
-0.000594092
-0.000557387
-0.00068918
-0.000740319
-0.000757937
-0.000793942
-0.000576542
-0.000513842
-0.000533048
-0.000723918
-0.000563953
-0.000545775
-0.00081239
-0.00078499
-0.000807141
-0.000855778
-0.000531708
-0.000532446
-0.000795005
-0.000663836
-0.000541622
-0.000644866
-0.000579653
-0.000546197
-0.000602553
-0.000546755
-0.000818149
-0.00091821
-0.000958393
-0.000974568
-0.000541752
-0.000878927
-0.000886225
-0.00092002
-0.000655053
-0.000663884
-0.000580829
-0.000607251
-0.000522513
-0.000923664
-0.00107212
-0.000676981
-0.0005725
-0.000894323
-0.00100172
-0.000688552
-0.00060118
-0.000525218
-0.000936324
-0.00100905
-0.000703587
-0.000599798
-0.000540678
-0.000996578
-0.000632897
-0.000941453
-0.00103858
-0.00109766
-0.000687525
-0.000557185
-0.000968312
-0.00104862
-0.00113439
-0.000647881
-0.00100311
-0.0010519
-0.000678127
-0.000596846
-0.00105784
-0.00111755
-0.000651956
-0.000648498
-0.00058366
-0.00103102
-0.0010865
-0.000645369
-0.000547769
-0.00103908
-0.000731973
-0.000603281
-0.00100098
-0.000686885
-0.000628557
-0.000719235
-0.000626305
-0.000707333
-0.000599536
-0.00065915
-0.000582572
-0.000650434
-0.000721489
-0.000612967
-0.000666331
-0.000662159
-0.000679956
-0.000763901
-0.000638043
-0.000733922
-0.000600827
-0.000714592
-0.000747667
-0.000699781
-0.000733106
-0.000643063
-0.000756641
-0.000647356
-0.000723285
-0.000656448
-0.000721859
-0.000665337
-0.00065408
-0.00121962
-0.00118942
-0.00119464
-0.00119073
-0.000807503
-0.000894583
-0.000909213
-0.000873002
-0.000846389
-0.00094906
-0.00081516
-0.000980609
-0.000862842
-0.000854964
-0.000952171
-0.000887937
-0.00100296
-0.000907187
-0.000924554
-0.000854536
-0.00093805
-0.000874295
-0.00100864
-0.000915879
-0.000991007
-0.000934032
-0.00103985
-0.000987502
-0.000945341
-0.000940695
-0.000960278
-0.000969093
-0.000501825
-0.00051234
-0.000509209
-0.000556195
-0.000546872
-0.0005283
-0.000387589
-0.000448833
-0.000425337
-0.000424005
-0.00042264
-0.000388778
-0.000418831
-0.000446081
-0.00045072
-0.000452919
-0.000447229
-0.000516285
-0.000542854
-0.000607515
-0.0004429
-0.000445343
-0.000508591
-0.000436448
-0.000427298
-0.000430793
-0.00037665
-0.000553241
-0.000548569
-0.00056937
-0.000620575
-0.000401939
-0.000388691
-0.00034806
-0.000328015
-0.00052658
-0.000562236
-0.00058732
-0.00063826
-0.000473348
-0.000441315
-0.000489811
-0.000535598
-0.000721979
-0.000718949
-0.000469374
-0.000411637
-0.000374849
-0.000342747
-0.000610377
-0.000613479
-0.000616978
-0.000658374
-0.000375303
-0.000330159
-0.000578473
-0.00041973
-0.000464722
-0.000434052
-0.000360747
-0.000448804
-0.000411218
-0.000335061
-0.000605219
-0.00067865
-0.000794055
-0.000480305
-0.000412249
-0.00036538
-0.000317275
-0.000664348
-0.000685955
-0.000765323
-0.000775593
-0.000408804
-0.000325294
-0.000657038
-0.000705194
-0.000740324
-0.000474059
-0.00033763
-0.000674025
-0.000416204
-0.000741804
-0.000457759
-0.000363121
-0.000690456
-0.000783349
-0.000850883
-0.000401092
-0.000324759
-0.000796538
-0.000496681
-0.000430129
-0.000362652
-0.000767536
-0.000878988
-0.000458669
-0.000367872
-0.000715554
-0.00082333
-0.000437542
-0.00034292
-0.000803594
-0.00089987
-0.000436121
-0.000779911
-0.000831317
-0.000895241
-0.000523647
-0.000407884
-0.000752277
-0.000852048
-0.000906282
-0.000497484
-0.000459262
-0.000380281
-0.000804076
-0.000842194
-0.00091432
-0.000526152
-0.000459859
-0.000400447
-0.000377277
-0.000784897
-0.000852118
-0.00089539
-0.000455754
-0.000388942
-0.000351246
-0.000867433
-0.000442924
-0.000833702
-0.00052376
-0.000389098
-0.000514894
-0.000464075
-0.000475206
-0.000402339
-0.000557586
-0.000428025
-0.000513895
-0.000419336
-0.000936139
-0.00049407
-0.000388134
-0.000921585
-0.000960608
-0.000571725
-0.000456788
-0.000922181
-0.000480678
-0.000918736
-0.000561668
-0.000468132
-0.000530727
-0.000454459
-0.000505769
-0.000417635
-0.000599197
-0.000465452
-0.00057591
-0.000469903
-0.000560522
-0.000440267
-0.000523675
-0.000568523
-0.000457649
-0.00111173
-0.00048137
-0.00110211
-0.00113876
-0.000573988
-0.00108609
-0.00108851
-0.000466426
-0.00110035
-0.0011645
-0.000494924
-0.00108061
-0.00113321
-0.000473233
-0.00105606
-0.00110142
-0.00106766
-0.00104968
-0.000479429
-0.000508959
-0.000539532
-0.000678169
-0.00064008
-0.000666988
-0.000622617
-0.000691636
-0.000737568
-0.000649843
-0.000672478
-0.000604643
-0.000738783
-0.00063771
-0.000781964
-0.000676087
-0.000727818
-0.000773404
-0.000679228
-0.000655574
-0.000820877
-0.000733288
-0.0006767
-0.000784204
-0.00068672
-0.000773218
-0.000817934
-0.000692772
-0.000771926
-0.000874551
-0.000743971
-0.000811212
-0.000769636
-0.000907776
-0.000822962
-0.000732127
-0.000884726
-0.000785554
-0.000849315
-0.000753937
-0.000913458
-0.000807296
-0.00080249
-0.000775708
-0.00088587
-0.000860789
-0.000907904
-0.000886582
-0.000895504
-0.000918917
-0.000953042
-0.000921836
-0.000986477
-0.000918008
-0.000312762
-0.00028992
-0.000270144
-0.000285574
-0.000268671
-0.000292406
-0.000310468
-0.000320984
-0.000325031
-0.000312143
-0.000404513
-0.000239186
-0.000272591
-0.000216964
-0.000200056
-0.000183958
-0.000211702
-0.000182338
-0.000206926
-0.000210313
-0.000211472
-0.000237783
-0.000285658
-0.000313833
-0.000329546
-0.000352457
-0.000286548
-0.000188863
-0.000175189
-0.000227818
-0.000248163
-0.000270689
-0.000345936
-0.000426731
-0.000308553
-0.000282719
-0.000253984
-0.000227005
-0.00017738
-0.000332659
-0.000336535
-0.000366514
-0.000423977
-0.000475757
-0.000234739
-0.000212425
-0.000202172
-0.000168222
-0.0001607
-0.000328607
-0.000359092
-0.000389408
-0.000434599
-0.000299749
-0.000262222
-0.000139362
-0.000334539
-0.000484843
-0.0005132
-0.000308295
-0.000243894
-0.00021842
-0.000184056
-0.000448334
-0.000418619
-0.000440225
-0.000467464
-0.000520161
-0.000271273
-0.000171844
-0.000371126
-0.000376806
-0.000370633
-0.000423809
-0.000179538
-0.000261647
-0.000217681
-0.000459763
-0.000534827
-0.000269068
-0.000235922
-0.000179805
-0.000144358
-0.000416714
-0.00043919
-0.0005459
-0.000609011
-0.000262717
-0.000184584
-0.000159531
-0.000459351
-0.000538911
-0.000562462
-0.000594472
-0.000283632
-0.000167421
-0.000462585
-0.000477551
-0.000504106
-0.000544612
-0.000623702
-0.000215229
-0.0001549
-0.000458442
-0.000485256
-0.000528631
-0.000272022
-0.000149168
-0.000553104
-0.000646407
-0.000294801
-0.000224802
-0.000493218
-0.000596016
-0.000681753
-0.000287648
-0.000223744
-0.00016649
-0.000560888
-0.000649804
-0.000307758
-0.000218119
-0.000162447
-0.000543485
-0.000634529
-0.000330924
-0.000275974
-0.000198107
-0.000596064
-0.000719955
-0.00031802
-0.00024819
-0.000177032
-0.00057631
-0.000677362
-0.000296124
-0.000240474
-0.000177882
-0.000548711
-0.000665996
-0.000722407
-0.000308391
-0.000234957
-0.000169588
-0.000589867
-0.000674205
-0.000721049
-0.000764352
-0.000321071
-0.000315341
-0.000257986
-0.000216675
-0.00020622
-0.000584681
-0.000611535
-0.000657344
-0.00070305
-0.000759271
-0.000322451
-0.000260493
-0.000220367
-0.000190231
-0.00019405
-0.000188245
-0.000591205
-0.000615094
-0.000703445
-0.000773409
-0.000313952
-0.000286338
-0.000196469
-0.000636107
-0.00072586
-0.000247567
-0.000194188
-0.000160374
-0.000645137
-0.000273384
-0.000340971
-0.000212632
-0.000336323
-0.000308079
-0.000202664
-0.000305977
-0.000255734
-0.000299086
-0.000225604
-0.000832035
-0.000376518
-0.000282362
-0.000207927
-0.000828324
-0.000355568
-0.000254682
-0.000753575
-0.000795485
-0.000331437
-0.000228451
-0.000709041
-0.000804163
-0.000328636
-0.000224242
-0.000689611
-0.000781167
-0.00029543
-0.000212324
-0.00069901
-0.000752623
-0.000389021
-0.000304885
-0.000750044
-0.00039158
-0.000293564
-0.000361362
-0.000288373
-0.000396041
-0.000298713
-0.000238081
-0.000357691
-0.000420491
-0.000317986
-0.000347453
-0.000264682
-0.000833039
-0.000301559
-0.000825041
-0.000395319
-0.00027827
-0.000806945
-0.00096189
-0.000394307
-0.000286367
-0.000794678
-0.000941344
-0.000391213
-0.000933669
-0.000977551
-0.000350375
-0.000911733
-0.00094245
-0.000461506
-0.000347123
-0.000890025
-0.000991661
-0.00047737
-0.000354755
-0.000850871
-0.000383209
-0.000373868
-0.000420179
-0.000480827
-0.000332332
-0.00039846
-0.000361754
-0.000460699
-0.000407069
-0.000532463
-0.000445004
-0.000369196
-0.00051411
-0.000434285
-0.000516458
-0.000420015
-0.000489627
-0.0004181
-0.000553743
-0.000478552
-0.000414365
-0.000426992
-0.000416214
-0.000923373
-0.000522941
-0.000454765
-0.000466518
-0.000442434
-0.000946111
-0.000557076
-0.00050048
-0.000509439
-0.000484049
-0.000436972
-0.00092526
-0.00101471
-0.000538098
-0.00052778
-0.000519054
-0.000452199
-0.000965942
-0.00105919
-0.000577013
-0.000535076
-0.000538638
-0.00047115
-0.000971708
-0.00102343
-0.000619541
-0.000600019
-0.000549317
-0.000473284
-0.000991912
-0.000624766
-0.000554963
-0.000480097
-0.000644566
-0.000576238
-0.000489645
-0.000627643
-0.000519275
-0.000671972
-0.000565954
-0.000510029
-0.000969696
-0.000624726
-0.000538559
-0.000940593
-0.0010251
-0.000696134
-0.000593972
-0.000990251
-0.00108756
-0.000681365
-0.000597236
-0.00108822
-0.000642035
-0.000554459
-0.000976589
-0.00103861
-0.000699792
-0.000594159
-0.00103154
-0.00115635
-0.000640547
-0.000611975
-0.00100198
-0.00105105
-0.000714243
-0.000681765
-0.000570526
-0.00104872
-0.000630913
-0.000692355
-0.000629771
-0.000710408
-0.000667507
-0.000778413
-0.000678451
-0.000660115
-0.000803258
-0.000738628
-0.000660103
-0.00071918
-0.000684902
-0.000667681
-0.000788251
-0.000713574
-0.000676423
-0.000796629
-0.000733815
-0.000694178
-0.000828346
-0.000778413
-0.000832155
-0.000787537
-0.00076505
-0.000830114
-0.000858651
-0.000847513
-0.000841157
-0.000897354
-0.000821324
-0.00013474
-0.000121609
-0.00011096
-0.000105631
-0.000102437
-8.89266e-05
-0.000118918
-0.000136003
-0.000117991
-0.00012575
-0.000205278
-0.000141518
-0.000101879
-4.7542e-05
-2.41905e-05
-1.6877e-05
6.15984e-06
2.81681e-05
-1.74688e-05
-3.07168e-05
-4.93544e-05
-5.05531e-05
-5.07532e-05
-0.000116249
-0.000148778
-0.000169309
-0.00017512
-0.000114863
-7.01558e-05
-2.08495e-05
4.22729e-05
-3.29104e-05
-5.70935e-05
-8.07495e-05
-0.000121661
-0.000200216
-0.000236654
-0.000120836
-0.000122653
-0.000111354
-0.000106323
-6.12123e-05
-2.01349e-06
2.95054e-05
-8.25823e-05
-0.000100882
-0.000186085
-0.000208231
-0.00021724
-0.00023668
-8.72616e-05
-5.12787e-05
-3.20995e-05
-3.84853e-05
-2.93075e-05
1.03284e-05
-0.00012831
-0.000123554
-0.000122789
-0.000135964
-0.000188637
-0.000235744
-0.000257495
-0.000110032
1.19927e-05
2.41742e-05
2.37389e-05
2.73974e-05
3.20573e-05
-7.46836e-05
-8.59958e-05
-0.000107556
-0.000134321
-0.000165476
-0.000243073
-0.000231874
-5.04992e-05
-5.15157e-05
-3.23429e-05
-0.000158385
-0.000215015
-0.000300101
-0.000304385
-0.000309033
-0.000313483
-7.84855e-05
-1.72995e-05
-3.55649e-06
2.46536e-05
-0.000184276
-0.00021177
-0.000213742
-0.000228144
-0.000236514
-0.000327135
-3.48223e-05
-4.12371e-07
4.04657e-05
-0.000169448
-0.000181099
-0.000185514
-0.000224716
-9.96522e-05
-2.12932e-05
4.00924e-05
-0.000209034
-0.000383439
-0.000104117
-8.91211e-05
-5.58104e-05
1.73704e-05
-0.00029706
-0.000329759
-0.000383606
-7.39899e-05
-4.72525e-05
-1.42185e-06
3.17023e-05
-0.000229865
-0.000321515
-0.000399258
-0.00042959
-9.81961e-05
-2.46837e-05
7.27356e-06
4.97859e-05
-0.000304688
-0.000354513
-0.00038025
-0.000398972
-0.000406491
-0.000413638
-0.000109686
-4.38017e-05
4.15987e-06
3.51835e-05
-0.000250815
-0.000264857
-0.000279887
-0.00030992
-0.000307373
-0.000334207
-0.000426598
-8.32575e-05
1.74008e-05
3.51762e-05
-0.000289299
-0.000322518
-0.000464511
-1.08898e-05
3.64516e-05
4.92226e-05
-0.000399929
-0.000126235
-9.14876e-05
1.33983e-05
2.62593e-05
-0.000364679
-0.000474412
-0.000114414
-3.54826e-05
3.14665e-05
-0.000325014
-0.00045349
-0.000512156
-0.000137374
-6.46158e-05
1.34712e-05
-0.000388814
-0.000465831
-0.000127938
-6.76225e-05
2.52263e-05
-0.00036306
-0.000470849
-0.000128096
-5.53924e-05
2.03001e-05
-0.000341638
-0.00042967
-0.000141217
-5.594e-05
-0.00041408
-0.000516347
-0.000553206
-0.000134316
-0.000115951
-0.000109332
-9.25787e-06
-0.00037481
-0.000454771
-0.000491019
-0.000545305
-0.00057381
-0.000121522
-0.000108096
-5.75117e-05
-3.47997e-05
-2.21814e-05
-0.000390269
-0.000428363
-0.000433675
-0.00048907
-0.000537706
-0.000582316
-0.000144356
-9.53467e-05
-1.64463e-05
2.80986e-06
1.27138e-05
-0.000386008
-0.000398723
-0.000418972
-0.000460309
-0.000537255
-0.00056435
-0.00014196
-0.000100289
-4.47392e-05
9.58905e-06
2.15249e-05
-0.000415967
-0.000463411
-0.000556377
-0.000102143
-4.58178e-05
-4.44906e-06
-0.000415205
-0.000490686
-9.83065e-05
-1.55036e-05
8.68433e-06
-0.000462086
-0.000101957
-1.72024e-06
-0.000462648
-6.10643e-05
-0.000456101
-0.000613788
-0.000174507
-8.03873e-05
-0.000538202
-0.000194123
-0.000163334
-7.31286e-05
-0.000539388
-0.000181592
-0.000139029
-4.68448e-05
-0.00050174
-0.000683012
-0.000160556
-0.000114105
-0.000680657
-0.000160474
-8.7659e-05
-0.000656005
-0.000198641
-0.00015002
-6.61105e-05
-0.000605486
-0.000678665
-0.000189067
-0.000123727
-6.24268e-05
-0.000557499
-0.000654033
-0.00018358
-9.44853e-05
-4.76396e-05
-0.000539701
-0.000622769
-0.000185087
-0.000143321
-6.14224e-05
-0.000584415
-0.000230608
-0.000138797
-7.3144e-05
-0.000556789
-0.00018357
-8.8916e-05
-5.3704e-05
-0.000203748
-6.86355e-05
-0.000247192
-0.000195225
-9.34599e-05
-0.000241944
-0.000178388
-9.20784e-05
-0.000241248
-0.00017525
-0.000109926
-0.000760651
-0.000230206
-0.000178301
-0.000138545
-0.000118305
-0.000742402
-0.000243908
-0.000204605
-0.000189559
-0.000133013
-0.000738604
-0.000272252
-0.000228279
-0.000219808
-0.000207283
-0.000148102
-0.000705798
-0.000273906
-0.000222822
-0.000184095
-0.000171296
-0.000135622
-0.000713444
-0.000279321
-0.000198198
-0.000135038
-0.000112719
-0.000245454
-0.00016588
-0.000278056
-0.000188937
-0.000299831
-0.00019186
-0.00032012
-0.000237902
-0.000212067
-0.00029703
-0.000209723
-0.000337254
-0.000264664
-0.000175443
-0.000304561
-0.000252356
-0.00019902
-0.000710951
-0.00033197
-0.000266858
-0.00023437
-0.000221216
-0.000686711
-0.000749233
-0.00037094
-0.000331864
-0.000319915
-0.000300182
-0.000257842
-0.000711486
-0.000802789
-0.00039043
-0.000391446
-0.00039306
-0.000268317
-0.000764456
-0.000840367
-0.000346476
-0.000278192
-0.000787425
-0.00088613
-0.000372056
-0.000317198
-0.000803287
-0.000409391
-0.000344868
-0.000733583
-0.000866708
-0.00042888
-0.000365654
-0.000435432
-0.00035746
-0.000264348
-0.000435581
-0.000369653
-0.000745159
-0.00043237
-0.00036587
-0.000296137
-0.000743902
-0.000816364
-0.000445192
-0.000396446
-0.000313527
-0.000804624
-0.000853367
-0.00044474
-0.00034701
-0.0008201
-0.000896672
-0.000459052
-0.000371931
-0.000327189
-0.000780884
-0.000439104
-0.000349984
-0.000757762
-0.000833371
-0.000481229
-0.000395661
-0.000771985
-0.000889843
-0.000461423
-0.000777065
-0.000840253
-0.000497139
-0.00036708
-0.000836608
-0.00091555
-0.000430893
-0.000784614
-0.000907531
-0.000520134
-0.00039955
-0.000864504
-0.000941091
-0.00045619
-0.000396575
-0.000769689
-0.000811078
-0.000954132
-0.000888308
-0.000557949
-0.000472138
-0.00043213
-0.00081178
-0.000911824
-0.000545176
-0.000503014
-0.000452011
-0.000433269
-0.000830217
-0.000867891
-0.000967532
-0.000562742
-0.000581985
-0.000501744
-0.00047408
-0.000475186
-0.000591668
-0.000566744
-0.000534592
-0.000457075
-0.00059084
-0.000502722
-0.000461684
-0.00060147
-0.000556212
-0.000520761
-0.00085027
-0.000621524
-0.000522383
-0.000846153
-0.000620219
-0.000535077
-0.000859114
-0.000908025
-0.000540836
-0.00061397
-0.000609975
-0.000583067
-0.0007305
-0.000683793
-0.000658928
-0.00061307
-0.00058152
-0.000717661
-0.000655156
-0.000636725
-0.000598765
-0.000749316
-0.000678233
-0.000667858
-0.00076549
-0.000660035
-0.000674573
-0.000663772
-0.000668678
-0.000718276
-0.000780798
-0.000754277
-0.000744576
-0.000704982
-0.000800172
-0.000746124
-0.000760476
-0.000831751
5.0335e-05
6.46612e-05
3.75928e-05
5.44448e-05
4.62757e-05
2.13964e-05
3.35394e-05
2.98409e-05
5.80149e-05
9.54876e-05
0.000109395
0.000112377
0.000122768
0.000120526
8.09903e-05
7.92299e-05
0.000114981
9.9655e-05
2.35882e-05
-1.21191e-05
7.68432e-06
-2.94898e-05
4.85229e-05
6.94799e-05
0.000105809
0.000176989
0.000182084
0.000179306
0.000202084
0.000174709
0.000146586
0.000130688
0.000159768
0.000169938
9.04787e-05
5.42415e-05
6.39886e-05
6.66403e-06
0.000105876
0.000131786
0.00019111
0.00020345
0.000218624
0.000174528
0.000174515
0.000137141
0.000125903
0.000114088
7.02456e-05
-1.32448e-05
-5.99195e-05
-7.65976e-05
-8.6208e-05
7.8697e-05
7.09845e-05
6.30092e-05
6.65527e-05
6.13089e-05
0.000148115
0.000190722
0.000215207
0.000136891
0.000131614
0.000110013
2.53283e-05
-4.18187e-05
-9.74397e-06
-3.42292e-05
-4.988e-05
-7.26147e-05
-8.9405e-05
7.91519e-05
0.000108265
0.000107357
0.000101814
9.79803e-05
8.13719e-05
0.000158835
0.000207494
8.82473e-05
1.35488e-05
5.40225e-05
6.0793e-05
1.98776e-05
2.10918e-05
-3.48684e-05
-4.20315e-05
-5.98023e-05
-0.000113423
0.000112312
0.000132919
0.000134283
0.000150449
0.000119879
0.00010492
0.000181943
8.57825e-05
4.91323e-05
9.36207e-05
8.5216e-05
8.06315e-05
4.64925e-05
1.27974e-05
5.20017e-06
-0.000100811
7.92511e-05
0.000157753
0.000174654
0.000182104
0.000182285
0.000173553
0.000151528
0.000192206
9.97391e-05
9.28314e-05
5.17363e-05
2.86305e-05
-8.50232e-05
-0.000114011
-0.000107316
-0.000127296
-0.000149016
7.94975e-05
0.000100392
0.000141938
0.000209887
0.000210861
0.000220262
0.000196163
0.000181483
0.000177997
5.3059e-05
-4.24622e-05
-4.1481e-05
-6.0472e-05
-8.21805e-05
-0.000129037
5.23758e-05
0.000105298
0.0001327
0.000176226
0.000218152
0.000190552
0.000186048
9.04208e-06
7.99627e-06
-6.26641e-06
-2.21957e-05
-8.61378e-05
-0.000150301
-0.000171397
7.97497e-05
9.7667e-05
0.00014043
0.000165569
0.000191118
0.000199032
2.96336e-05
-3.58222e-05
-0.000101547
-0.000215471
7.19395e-05
9.98838e-05
0.000117806
0.000184447
0.000193772
0.000214431
-1.25762e-05
-6.15966e-05
-0.000178808
7.35435e-05
0.000105517
0.000129967
0.00014657
0.000182177
0.000209363
-2.78162e-05
-0.000104458
-0.000194334
-0.000235832
-0.000252346
6.44069e-05
5.68554e-05
8.15313e-05
0.000117038
0.000161232
0.000165133
0.000199147
-4.81591e-05
-0.000128938
-0.000175838
-0.00017615
-0.000205207
-0.000214216
-0.000246028
8.74547e-05
0.000112703
0.000153397
0.00016968
0.000183421
-5.48985e-05
-8.27772e-05
-0.0001171
-7.9754e-05
-0.00012686
-0.000129852
-0.000172435
-0.000247476
7.50636e-05
0.00014097
0.000150897
0.000192076
0.000191472
0.000209043
-8.06651e-05
-7.08245e-05
-8.68779e-05
-0.000128597
-0.000200202
6.20182e-05
0.000106853
0.000168028
0.000190229
0.000208024
0.000201575
-0.000101891
-0.000150627
-0.000296776
9.59763e-05
0.000142678
0.000184797
0.000205322
0.000198276
-0.000115544
-0.000241966
-0.000280768
0.000107577
0.000162601
0.000185337
0.000195942
-0.000175759
-0.000283334
3.72633e-05
0.000126841
0.000168518
0.000190474
0.00019998
-0.000173528
-0.000258935
4.22708e-05
0.000136759
0.000186263
0.000197228
-0.000162628
-0.00023882
-0.000300059
3.62785e-05
9.05825e-05
0.000172443
0.000202361
-0.000146006
-0.0002025
-0.000305817
3.81669e-05
5.62005e-05
6.89364e-05
0.000119566
-0.000207512
-0.000295228
3.52283e-05
6.53718e-05
6.67845e-05
9.97655e-05
8.94602e-05
0.000137592
-0.000180172
-0.000255811
-0.000366927
-0.00036909
-0.000372761
-0.000372318
3.84095e-05
4.98627e-05
0.000102858
0.000145663
0.000159105
0.000146746
0.000164788
-0.000245892
-0.000308289
-0.000284126
-0.00032786
-0.000337717
-0.000394196
2.91448e-05
6.3544e-05
8.42079e-05
0.000146546
0.000178043
0.000185065
0.000183546
-0.000225488
-0.00024645
-0.000244154
-0.000268627
-0.000277092
-0.000355974
4.31537e-05
0.000102954
0.000125208
0.000158467
-0.000213068
-0.000220506
-0.000219086
-0.000255793
-0.000326538
3.13527e-05
8.2995e-05
0.000127933
0.000142171
0.00018148
-0.000240861
-0.000314861
-0.000416036
3.39215e-05
9.38926e-05
0.000158328
0.000167823
-0.000307006
-0.000371068
3.83532e-05
0.000129508
0.00017576
0.000180397
-0.000295022
-0.000383845
5.79762e-05
0.00013374
0.000170973
1.04755e-05
-2.61258e-05
-0.000294303
-0.000340862
7.64769e-05
0.000143799
5.00389e-06
-9.72024e-07
4.13702e-06
-6.7732e-06
-6.02557e-06
-1.80273e-05
-3.51814e-05
-4.07331e-05
-0.000316276
-0.000473704
-9.19814e-06
0.00010506
0.000146246
-1.43603e-06
-2.04959e-05
-2.01799e-05
-3.59442e-05
-3.22237e-05
-1.71155e-05
-2.0744e-05
-3.40743e-05
-4.34673e-05
-5.50563e-05
-4.80058e-05
-0.000318259
-0.000470828
9.41484e-06
0.000101237
0.000137472
1.07007e-05
7.52176e-06
-1.25606e-05
-1.72505e-05
-3.6361e-05
-5.19754e-05
-5.03818e-05
-3.45437e-05
-4.89757e-05
-4.55673e-05
-5.96127e-05
-7.90059e-05
-0.000310119
-0.000449886
1.89905e-05
0.000116304
0.000144636
3.32409e-05
-4.79993e-06
-2.56357e-05
-4.94923e-05
-5.01173e-05
-5.7785e-05
-6.52723e-05
-3.57953e-05
-5.34044e-05
-6.58472e-05
-7.17793e-05
-7.74744e-05
-7.26993e-05
-0.000100684
-0.000412271
-2.02658e-05
5.03372e-05
0.000139452
2.15241e-05
2.18808e-05
1.02345e-06
-3.98908e-05
-8.23776e-05
-5.4601e-05
-8.25164e-05
-7.98111e-05
-7.76806e-05
-6.29635e-05
-8.51508e-05
-8.09214e-05
-8.34003e-05
-7.96217e-05
-8.51211e-05
-0.000390366
-7.24725e-06
5.58916e-05
1.43667e-05
2.62236e-06
1.79617e-06
-2.35099e-05
-2.30988e-05
-3.62477e-05
-0.000105563
-8.61486e-05
-0.000126429
-9.37326e-05
-9.25474e-05
-7.82726e-05
-7.52786e-05
-0.000100424
-8.84621e-05
-0.000106702
-9.07748e-05
-8.90137e-05
-0.000351379
-0.000508453
5.68271e-06
3.87751e-05
0.000103428
1.47867e-05
6.01067e-06
-5.16105e-06
-1.27668e-05
-3.96866e-05
-4.63009e-05
-5.33538e-05
-0.000100976
-8.52736e-05
-0.000127891
-0.000108811
-0.000113383
-9.51821e-05
-9.52858e-05
-0.00011069
-9.83398e-05
-0.000116698
-9.85752e-05
-9.74246e-05
-9.71716e-05
-0.000321338
-0.000488776
-0.000525376
-2.60888e-05
6.83281e-05
0.000120163
-4.00602e-06
-1.16621e-05
-5.95895e-06
-2.88405e-05
-3.77541e-05
-6.85251e-05
-8.14225e-05
-9.10819e-05
-8.1715e-05
-0.000129195
-0.000117555
-0.000126539
-0.000120107
-0.000124468
-0.000132164
-0.00013342
-0.000121998
-0.000131645
-0.000127386
-0.000114676
-0.000438386
-0.00049743
-4.68541e-05
-9.53616e-06
8.36568e-05
-7.78726e-06
-2.07067e-05
-1.72371e-05
-2.52676e-05
-4.47699e-05
-8.3013e-05
-8.18728e-05
-9.63643e-05
-0.000114591
-0.000129119
-0.000144661
-0.000165867
-0.000126541
-0.000141176
-0.000153557
-0.000153445
-0.000152863
-0.000157344
-0.000139858
-0.000131837
-0.000388495
-0.000444002
-3.66052e-05
2.09221e-05
0.00011157
-2.30298e-05
-1.93313e-05
-2.25051e-05
-3.19572e-05
-6.34203e-05
-8.27793e-05
-6.40276e-05
-8.26575e-05
-0.00011647
-0.000137296
-0.000153965
-0.000177912
-0.000131045
-0.000152791
-0.000155231
-0.00015687
-0.000157858
-0.000167836
-0.000158696
-0.000148412
-0.000406404
-3.10157e-05
2.17898e-05
8.34291e-05
0.000118273
-2.92517e-05
-3.77252e-05
-6.3058e-05
-7.44941e-05
-7.21294e-05
-6.69509e-05
-0.000126381
-0.000147317
-0.0001472
-0.000166846
-0.000142519
-0.000150281
-0.000166309
-0.000171689
-0.000170192
-0.000156769
-0.000155513
-0.000139909
-0.000405798
-4.21043e-05
-7.58079e-06
7.85691e-05
0.000106484
-2.62008e-05
-4.62052e-05
-6.71919e-05
-6.99535e-05
-9.84061e-05
-7.94101e-05
-0.000122338
-0.000167988
-0.000146163
-0.000172614
-0.000152035
-0.00016712
-0.000182007
-0.000178825
-0.000177614
-0.000153106
-0.000142918
-0.000144092
-0.000397247
-7.01761e-05
-4.4938e-05
4.77351e-05
0.000106714
-2.92641e-05
-6.61652e-05
-9.38297e-05
-0.000122234
-9.29763e-05
-0.000136846
-0.000161802
-0.000173876
-0.000180966
-0.000183599
-0.000187835
-0.000191362
-0.000171927
-0.000177176
-0.000156218
-0.000156083
-0.00014712
-0.000393413
-6.68181e-05
3.10368e-05
9.14382e-05
-4.11049e-05
-4.60917e-05
-5.68587e-05
-6.28165e-05
-8.9332e-05
-8.89403e-05
-0.000125052
-0.000112839
-0.000168082
-0.000164973
-0.000186543
-0.000199512
-0.0001777
-0.000184235
-0.000186455
-0.000184326
-0.000175133
-0.000150668
-0.000174938
-0.000159237
-0.00038946
-7.19773e-05
5.1625e-06
7.74326e-05
-5.76105e-05
-5.96409e-05
-8.49604e-05
-9.40518e-05
-0.000135869
-0.000127521
-0.000141987
-0.000150748
-0.000187963
-0.000190111
-0.000179516
-0.000165201
-0.000188599
-0.000178916
-0.000173068
-0.000154954
-0.000173767
-0.000167433
-8.45027e-05
1.28946e-05
-5.77109e-05
-6.17278e-05
-9.21183e-05
-0.000101047
-0.000113292
-0.000112412
-0.000162006
-0.000171822
-0.00018751
-0.000192369
-0.00017564
-0.000157803
-0.000185861
-0.00016689
-0.000172718
-0.000156609
-0.00016362
-7.18745e-05
3.20961e-05
-9.70874e-05
-0.000110902
-0.000121913
-0.00016314
-0.000168919
-0.00018551
-0.000192532
-0.000180462
-0.000162123
-0.000179157
-0.0001555
-0.000172431
-0.000156698
-8.76439e-05
-2.07635e-05
-9.13691e-05
-0.000128911
-0.000124411
-0.00016428
-0.00017105
-0.000178812
-0.000189006
-0.00017222
-0.000159088
-0.000167961
-0.000161982
-0.000169969
-0.000165856
-0.000115272
-3.62913e-05
3.01188e-05
-9.29348e-05
-0.000128738
-0.000114438
-0.000137815
-0.000172713
-0.000168559
-0.000180889
-0.00015965
-0.000155452
-0.000170612
-0.000164769
-0.000174179
-0.000523621
-0.000119983
-5.6983e-05
5.69748e-05
-0.000122142
-0.000140408
-0.00014616
-0.000164928
-0.000170757
-0.000158402
-0.000153071
-0.000165361
-0.00016312
-0.00017028
-0.000504124
-3.96306e-05
-0.000140533
-0.000156178
-0.000152482
-0.000163355
-0.000169841
-8.54187e-05
2.27725e-06
-0.000151514
-0.000149682
-0.000459122
-0.000112265
-5.88037e-05
6.7629e-07
-0.000472717
-0.000491322
-0.000115879
-6.14635e-05
-1.54269e-05
8.82803e-06
-0.000483918
-0.000564792
-0.000149142
-8.83108e-05
-5.73978e-05
-3.25732e-05
-0.000550773
-0.000640576
-0.000164387
-0.000156258
-0.00012839
-5.44806e-05
-3.05244e-05
-0.000618184
-0.000137123
-8.87631e-05
-0.000492853
-0.000653238
-0.000135616
-8.13769e-05
-0.000537173
-0.0002036
-0.000107586
-0.000611724
-0.000235815
-0.000128095
-4.9448e-05
-0.000513447
-0.0006795
-0.0001546
-6.78754e-05
-0.000495069
-0.000565434
-0.000194512
-0.000105155
-0.000535342
-0.000626612
-0.000203462
-0.000132396
-0.000549178
-0.000677628
-0.000218938
-0.000135382
-0.000608823
-0.000704842
-0.000228862
-0.000175789
-0.000545159
-0.000648765
-0.000281581
-0.000223813
-0.000577903
-0.000699284
-0.000235768
-0.000135693
-0.000594294
-0.000678807
-0.000272853
-0.000162225
-0.000553575
-0.000606852
-0.000696982
-0.000306982
-0.000192204
-0.000591628
-0.000662318
-0.000238828
-0.000160913
-0.000154626
-0.000629139
-0.000704551
-0.000274812
-0.000250207
-0.000172218
-0.000574851
-0.000662081
-0.000735547
-0.000281082
-0.000224531
-0.000171327
-0.00055571
-0.000619495
-0.000714866
-0.000329513
-0.000283307
-0.000211068
-0.000192696
-0.000595757
-0.000700717
-0.000328748
-0.000271234
-0.000210517
-0.00060004
-0.00068902
-0.000736638
-0.000340921
-0.000295262
-0.000237584
-0.000223622
-0.000218015
-0.000231886
-0.000574516
-0.000653261
-0.000704452
-0.00037261
-0.000330216
-0.000278928
-0.000273441
-0.00026917
-0.000273765
-0.000240735
-0.000596245
-0.000607071
-0.000734077
-0.000382594
-0.000362836
-0.000374439
-0.000352332
-0.000321807
-0.000270528
-0.000697925
-0.0004056
-0.000362654
-0.000294385
-0.000403114
-0.000324651
-0.000279754
-0.000608938
-0.000418854
-0.000376417
-0.000295566
-0.000271556
-0.000597633
-0.000689859
-0.00042068
-0.000383206
-0.000346776
-0.000599589
-0.000762575
-0.000760999
-0.000456188
-0.000425151
-0.000666417
-0.00068949
-0.000364336
-0.000340983
-0.000326432
-0.000635175
-0.00078138
-0.000461311
-0.000431636
-0.000414665
-0.000389437
-0.00037653
-0.000376486
-0.000604644
-0.000708564
-0.000509099
-0.00048605
-0.000490505
-0.000455434
-0.000444701
-0.000376167
-0.000524945
-0.000520604
-0.000433351
-0.00040441
-0.000552895
-0.000534007
-0.000488158
-0.000438582
-0.000432602
-0.000569123
-0.000555723
-0.000497743
-0.000454105
-0.000525673
-0.000445849
-0.000473697
-0.000475918
-0.000473191
-0.000605372
-0.000661622
-0.000540574
-0.000549856
-0.000602783
-0.000575985
-0.000507128
-0.000456542
-0.000589804
-0.000605177
-0.000507112
-0.000538157
-0.000476882
-0.000590603
-0.000628965
-0.000654704
-0.000598302
-0.000552436
-0.000566294
-0.000576858
-0.000545882
-0.000568801
-0.000600998
-0.000597265
-0.000600218
-0.000624045
-0.000671547
-0.000633229
-0.000675451
-0.000670025
-0.000660173
-0.000693767
-0.000661985
-0.000714804
-0.000749412
-0.000740899
0.000231437
0.000228568
0.000211184
0.000208959
0.000234766
0.000231146
0.000254179
0.00025232
0.000251467
0.00023348
0.000214916
0.000215679
0.000222903
0.000198627
0.000156888
0.000152505
0.000242982
0.000256033
0.000285818
0.000299164
0.000292678
0.000286275
0.000250542
0.000255965
0.000272013
0.000256847
0.000251768
0.00017517
0.000170713
0.000155382
0.000266978
0.000297866
0.000312914
0.000324904
0.000335953
0.000296261
0.000274544
0.00029372
0.000325288
0.000305867
0.000266338
0.000214705
0.000210624
0.000167684
0.000232637
0.000287798
0.000315931
0.000334979
0.000352827
0.000345484
0.000310979
0.00030704
0.000342401
0.000342499
0.000286982
0.000275124
0.000223134
0.000158231
0.000129698
0.000133135
0.000127527
0.000106819
0.000102698
0.00022426
0.000236193
0.000298168
0.000338097
0.000358813
0.000354315
0.000348099
0.000345753
0.000342194
0.000352504
0.000322585
0.000288682
0.000272872
0.000177455
0.000137826
0.00018361
0.000190413
0.00018094
0.000157399
0.000132902
9.96177e-05
0.00023384
0.00023196
0.000225532
0.000253877
0.000288799
0.000311149
0.000344232
0.000366664
0.000364294
0.000363414
0.000308587
0.000306589
0.000245492
0.000212174
0.000229581
0.000231755
0.000231668
0.000174459
0.000177145
0.000129528
8.75731e-05
0.000238985
0.000243303
0.000240117
0.000237906
0.00030614
0.000313744
0.000347841
0.000363767
0.000300522
0.000279234
0.000249203
0.000246384
0.000250908
0.000207087
0.000191895
0.000160695
0.000130023
5.37228e-05
4.25734e-05
3.67219e-05
0.000240004
0.000245121
0.000235854
0.000217934
0.00022363
0.000264429
0.000303383
0.000329369
0.000375114
0.000268805
0.000262102
0.000231875
0.000189624
0.000169256
0.000129571
6.91604e-05
7.90057e-05
7.5391e-05
2.50783e-05
0.000240433
0.000263045
0.000253539
0.00027569
0.000258066
0.000269971
0.000286708
0.000343889
0.000353965
0.00025331
0.000247809
0.000199039
0.000185306
0.00016254
0.000134429
0.000152289
0.000116878
0.000115828
4.89657e-05
0.000231465
0.000237387
0.000261377
0.000261432
0.000276285
0.000291186
0.00029574
0.000273895
0.000307278
0.000340495
0.000349193
0.000354531
0.000245021
0.000218051
0.000228473
0.000216316
0.00019748
0.000193723
0.000166846
0.000141101
9.83361e-05
2.60989e-05
-5.08208e-06
0.000241719
0.000233594
0.000288359
0.00027214
0.000292333
0.000284827
0.000302151
0.000308478
0.000306837
0.000344974
0.000226235
0.000192006
0.000162843
0.000130282
8.1701e-05
6.48841e-06
-3.77793e-05
0.000239525
0.000254819
0.000289592
0.000288759
0.00027917
0.000303337
0.000298377
0.000294037
0.000322171
0.000346257
0.000340016
0.000181292
0.000158362
0.000102284
5.19418e-05
-1.9889e-05
0.000224026
0.000248892
0.000262445
0.000267442
0.0003048
0.000321136
0.000307083
0.000301675
0.000307096
0.000321386
0.000335829
0.000141761
0.000122549
7.55003e-05
1.04004e-05
-3.79751e-05
-4.86771e-05
-5.15142e-05
-5.3357e-05
-2.63339e-05
-5.21256e-05
0.00023001
0.000224745
0.000214315
0.000251711
0.000278414
0.00029061
0.000299711
0.000306963
0.000334877
0.000308266
0.000327602
0.000315657
0.000311579
0.000325921
0.000152198
0.000113671
6.3557e-05
3.16594e-05
-1.67413e-06
-1.53415e-07
-1.5503e-05
1.82334e-05
-4.62058e-05
0.000236
0.000233602
0.000231145
0.000255611
0.000274877
0.000310558
0.000313012
0.000330718
0.00031684
0.000334445
0.000321841
0.000336756
0.000313473
0.00033255
0.000122224
0.000112381
9.20138e-05
4.96387e-05
6.1841e-05
5.23171e-05
3.40188e-05
-1.48048e-05
-0.000108693
0.000231878
0.000248514
0.000229533
0.000277227
0.0002731
0.000314172
0.000307169
0.000326924
0.000321203
0.000333565
0.00033312
0.000325147
0.000329412
0.000317058
0.000303505
0.000299003
0.000129185
0.0001133
8.45615e-05
9.98427e-05
8.02475e-05
6.63077e-05
2.28053e-05
-6.62913e-05
0.000209209
0.000219218
0.000247126
0.000244988
0.000298517
0.000272757
0.000300047
0.000309505
0.000335861
0.000308746
0.000326479
0.000324689
0.000308509
0.000305964
0.000293838
0.000279465
0.000291002
0.000254979
9.69629e-05
8.02847e-05
7.23387e-05
3.25273e-05
-5.05993e-05
0.000211935
0.00021113
0.000237046
0.000250492
0.000246755
0.000288553
0.000311392
0.000302859
0.000306707
0.000299209
0.000314412
0.000315852
0.000312175
0.000298489
0.000297334
0.000270231
0.000284371
0.000277001
0.000261447
5.52732e-05
1.38811e-05
-5.87175e-05
0.000210142
0.000227506
0.000241639
0.000280566
0.000244947
0.000274162
0.000299501
0.000279372
0.000287235
0.000300661
0.000304942
0.000305236
0.000301678
0.000291222
0.000264465
0.000268479
0.000267721
0.000262639
0.000262561
0.000247787
0.000247933
0.00024113
0.00023773
2.90904e-05
-2.82752e-05
-0.000124064
-0.000139635
0.000219426
0.000223062
0.000240687
0.000243934
0.000279639
0.00027578
0.000279107
0.00029736
0.000289754
0.000267103
0.000289759
0.000301803
0.000297659
0.000299047
0.000290259
0.000265862
0.000284797
0.000245659
0.000258098
0.000243112
0.000232867
0.00025179
0.000246103
0.000242017
0.00023409
0.000237278
0.00021602
0.000201235
4.28981e-06
-1.57196e-05
-0.000100446
-0.000139066
0.000200594
0.000243955
0.000250864
0.000250113
0.000283765
0.000276032
0.000269091
0.000278691
0.000284217
0.000259306
0.000256951
0.000281071
0.000271866
0.000277421
0.000265109
0.000240037
0.000255971
0.000234512
0.000216022
0.000205818
0.000190984
0.000248679
0.000225031
0.000223624
0.000205588
0.000213334
0.000192118
0.000198319
0.000194301
3.18658e-05
6.54892e-06
-9.55926e-05
-0.000150031
0.000223541
0.000236406
0.000253143
0.000248882
0.000294693
0.000280331
0.000264595
0.000268449
0.000277104
0.000270869
0.000232471
0.000252889
0.000254084
0.000251376
0.000265356
0.000228938
0.000234687
0.000199146
0.000184623
0.000185983
0.000175848
0.000192392
0.000203735
0.000195385
0.00017676
0.000167687
0.000171034
0.00015846
0.000168346
0.000177815
5.09638e-06
-3.1133e-05
-0.000120556
0.000209949
0.000231277
0.000221133
0.000216491
0.000247198
0.000245708
0.000266086
0.000261723
0.000294433
0.000273789
0.000282243
0.000256285
0.000247931
0.000250791
0.000213241
0.000240855
0.000224637
0.000232244
0.000215769
0.000176689
0.00021903
0.000165822
0.000163709
0.000158555
0.000145435
0.000160867
0.000182238
0.000157703
0.000150935
0.000139926
0.000151236
0.000129289
0.000138292
0.000151491
0.000156379
0.000178512
1.3036e-05
-2.90454e-06
-9.21096e-05
-0.00015857
0.000234779
0.000208673
0.000230172
0.000255445
0.000268782
0.000253278
0.000274306
0.000273635
0.000312554
0.000290047
0.000277349
0.000264406
0.000243738
0.00025383
0.000211785
0.000250814
0.000193557
0.000187573
0.000172213
0.000143507
0.000167789
0.000139282
0.000145552
0.00011811
0.000131699
0.000130047
0.000131686
0.000130638
0.000113687
0.000121777
0.00014028
8.47938e-05
0.000126463
0.000126652
0.000146511
0.000157896
-7.34931e-06
-6.17038e-05
-0.000141027
-0.000171857
-0.000199549
-0.000186498
-0.000200247
0.000202484
0.000236973
0.000247894
0.000216467
0.000269386
0.000267716
0.000263184
0.000270925
0.000283989
0.000292094
0.00028987
0.00027474
0.000249276
0.000234096
0.000243759
0.000181942
0.000205784
0.000156736
0.000162437
0.000147422
0.000113474
0.00013792
0.000113807
0.000125556
0.000107971
0.00011291
0.000105652
0.00012071
0.000110127
9.93981e-05
9.40249e-05
0.000105707
8.26347e-05
0.000103303
9.8992e-05
0.000130208
0.000145552
0.000152255
9.26849e-06
-1.87737e-05
-9.32599e-05
-0.000152801
-0.000134448
-0.000159869
-0.000189521
0.000189834
0.00020909
0.000238019
0.000264598
0.000239351
0.000250601
0.000291657
0.000264102
0.000272311
0.000288168
0.000282165
0.000293685
0.000274377
0.000255141
0.000225276
0.00022016
0.000160168
0.000169774
0.000146622
0.000133811
0.000130054
9.75463e-05
0.000121128
8.95664e-05
9.90466e-05
8.07975e-05
8.38291e-05
8.61791e-05
9.16671e-05
9.33632e-05
6.24509e-05
6.4785e-05
6.17097e-05
6.08263e-05
7.1469e-05
8.06876e-05
0.000109041
0.000108177
0.000122441
0.000132643
-4.10563e-05
-7.35204e-05
-8.54957e-05
-0.000139638
-0.000179064
-0.000215452
0.000185124
0.000212966
0.000251825
0.000228847
0.000235781
0.000245795
0.000271173
0.000266031
0.000290775
0.000283275
0.000296195
0.000271636
0.000274959
0.000242042
0.000207547
0.000202982
0.000152009
0.00013545
0.000150948
0.000119352
0.000118996
0.000108922
0.000118028
9.15003e-05
7.2703e-05
4.4755e-05
5.38523e-05
6.96282e-05
8.65833e-05
5.56058e-05
4.37755e-05
3.54139e-05
4.56247e-05
5.53453e-05
2.85447e-05
5.33138e-05
7.94875e-05
8.67279e-05
9.29307e-05
0.000117849
0.000109546
-4.38478e-05
-6.29911e-05
-0.000106323
-0.000154132
-0.000204871
0.000184357
0.000192316
0.000227436
0.000249177
0.000223277
0.000240486
0.000259199
0.000273416
0.000267907
0.000303588
0.000279056
0.000294993
0.000282671
0.000276841
0.00024028
0.000212703
0.000189308
0.000130263
0.000134751
0.000122531
0.000101743
0.000101753
8.05497e-05
8.44574e-05
6.332e-05
5.10149e-05
3.18412e-05
5.55279e-05
3.01097e-05
4.16328e-05
2.32269e-05
6.42409e-06
1.77352e-05
1.00273e-05
1.64407e-05
6.00194e-06
2.12291e-05
5.22996e-05
7.39274e-05
0.000106204
9.88167e-05
9.55042e-05
-3.02283e-05
-4.50424e-05
-8.07715e-05
-0.000128253
-0.000206729
0.000185344
0.000202211
0.000222846
0.00024215
0.000234241
0.000238692
0.000290524
0.000283087
0.00026747
0.000279526
0.000278302
0.000276287
0.000268543
0.00029847
0.000229128
0.000203155
0.000165673
0.000138426
9.96195e-05
9.74973e-05
0.000108186
0.000120384
9.84877e-05
6.95926e-05
5.2912e-05
2.4432e-05
2.23975e-05
2.28565e-05
1.95113e-05
6.08899e-06
-2.23192e-06
-5.3796e-06
-1.45522e-05
-1.54143e-05
-5.7173e-06
4.73296e-06
1.17045e-05
2.60297e-05
5.50543e-05
7.26461e-05
9.21284e-05
7.74563e-05
-9.61685e-05
-0.000113232
-0.000197549
0.000194822
0.000197802
0.000230387
0.000227803
0.000237148
0.000233207
0.000290861
0.000314686
0.000303493
0.000270908
0.00028948
0.000267105
0.000272162
0.000285007
0.000178191
0.000196114
0.000150139
0.000129996
8.1187e-05
7.18894e-05
8.63701e-05
8.37959e-05
6.8237e-05
5.35926e-05
3.10948e-05
1.99582e-05
8.39439e-06
-1.01212e-05
-7.34269e-06
-2.18106e-05
-3.79177e-05
-5.54793e-07
1.2571e-06
4.25516e-06
3.04576e-05
6.71831e-05
8.41291e-05
8.36076e-05
9.50718e-05
-6.85652e-05
-8.09047e-05
-0.000180185
-0.000233899
0.000181042
0.000222937
0.000219622
0.00022491
0.000226999
0.000228829
0.000238197
0.000270829
0.000299383
0.000290385
0.000262612
0.000284636
0.000269453
0.000265106
0.000267494
0.000190456
0.000179281
0.000126097
0.000137629
6.89335e-05
7.21188e-05
6.18219e-05
6.44319e-05
4.17141e-05
2.82437e-05
2.3088e-05
-1.28904e-05
-3.43707e-05
-2.90378e-05
-1.65353e-05
8.26559e-06
4.39906e-05
5.82781e-05
7.22667e-05
8.10142e-05
7.89382e-05
-7.5142e-05
-0.000131082
-0.000203038
0.000168331
0.000219503
0.00025176
0.000260605
0.000247107
0.000256485
0.000261265
0.000247621
0.000272614
0.000274384
0.000280227
0.000259483
0.000251328
0.000252697
0.000191867
0.000154141
0.00010967
0.000128795
6.06179e-05
5.0006e-05
4.69741e-05
3.32824e-05
1.97405e-05
-1.90589e-05
-2.96513e-05
-4.76386e-05
-5.35743e-05
-3.99313e-05
-6.13054e-06
7.80785e-06
3.55726e-05
4.44557e-05
5.58112e-05
7.21221e-05
7.54151e-05
-0.000108065
-0.000202367
-0.00026279
0.000171527
0.000224296
0.000230641
0.000261665
0.000263067
0.000265235
0.000275494
0.000261364
0.000276223
0.000248054
0.000275472
0.000250257
0.000253215
0.000245604
0.000186256
0.000151642
0.000102514
0.000101971
4.1883e-05
4.45064e-05
2.8155e-05
2.36287e-05
1.06066e-05
-7.05281e-05
-4.91811e-05
-3.62729e-05
-1.71474e-05
1.01262e-05
2.6749e-05
3.98242e-05
6.49482e-05
6.05986e-05
-0.000102867
-0.000155543
-0.000242553
0.000163075
0.000232598
0.000239795
0.000246725
0.000269102
0.000288945
0.00028353
0.000280827
0.000274095
0.000274213
0.000244107
0.000263786
0.000270371
0.000225354
0.000246094
0.000217929
0.000153391
0.000105751
8.24317e-05
2.22658e-05
2.95737e-05
1.75147e-05
2.9256e-05
5.00618e-06
-8.08488e-05
-7.19701e-05
-4.33353e-05
-2.85999e-05
-4.5155e-06
1.24911e-05
5.12181e-05
4.69041e-05
4.43394e-05
5.39227e-05
-0.000130492
-0.000227782
0.000149074
0.000198656
0.000242299
0.00026665
0.000279728
0.000303812
0.000290509
0.000291864
0.000289819
0.000288651
0.000274091
0.000258761
0.000252891
0.000240809
0.000244477
0.000226671
0.000182379
0.000148925
0.000122233
8.13283e-05
1.92645e-05
2.43107e-05
-8.76054e-05
-8.45076e-05
-6.18058e-05
-3.77646e-05
-2.3384e-05
-5.32794e-06
2.95686e-05
2.96276e-05
4.44381e-05
-0.000137668
-0.000217369
-0.000312405
0.000156093
0.000195454
0.000230765
0.000238699
0.000278794
0.000304137
0.000306329
0.000286843
0.000241094
0.000226334
0.000243268
0.000226733
0.000155047
0.000124073
0.000116345
7.05119e-05
1.1993e-05
2.09289e-05
1.69847e-05
-9.43524e-05
-8.81084e-05
-5.62925e-05
-6.12602e-05
-3.24908e-05
-8.88466e-06
5.39879e-06
2.95255e-05
2.81553e-05
-0.00013076
-0.000180407
-0.000283773
0.000149634
0.000176776
0.000253188
0.000277963
0.000288485
0.000285171
0.000305851
0.000287122
0.000245507
0.000236304
0.000231537
0.000226447
0.000147402
0.00012783
0.000118879
6.20446e-05
6.22907e-06
-3.39125e-07
-0.000108462
-0.000109199
-9.31942e-05
-8.04673e-05
-4.76423e-05
-1.15614e-05
1.23915e-06
1.6684e-05
2.16966e-05
3.11483e-05
-0.000153434
-0.000241143
0.000157224
0.00016963
0.000254436
0.000303491
0.000305813
0.000306487
0.000303379
0.000240342
0.000220346
0.000234011
0.000227163
0.000146626
0.000123024
0.00012067
7.34393e-05
1.75049e-05
6.23733e-06
-7.82816e-06
-1.2182e-05
-0.000119944
-0.000115466
-8.80199e-05
-7.68722e-05
-4.77852e-05
-2.42746e-05
-1.08103e-05
5.72637e-06
6.15063e-06
2.5243e-05
-0.000206112
-0.000336136
-0.000344025
0.000130461
0.000164645
0.000248493
0.000298313
0.000242977
0.000241108
0.000205235
0.000222442
0.000216192
0.000136828
0.000117397
9.29552e-05
6.05193e-05
-6.01599e-06
6.20482e-06
-1.86158e-05
-2.09575e-05
-0.000117656
-0.000111302
-9.24674e-05
-8.37517e-05
-4.42569e-05
-5.27426e-05
-1.97659e-05
-9.27462e-06
1.61093e-05
-0.000180385
-0.000297814
-0.000330495
0.000172268
0.000252214
0.000234137
0.000206831
0.000216108
0.000217106
0.000113268
0.000122936
7.88135e-05
6.14728e-05
-1.21719e-05
-1.13555e-05
-9.41123e-06
-9.19569e-06
-0.000132231
-0.000118471
-9.72666e-05
-0.000107255
-5.17114e-05
-6.2511e-05
-2.23509e-05
-1.0662e-05
-1.66598e-05
-0.000171643
-0.00024244
-0.00032754
0.000156236
0.000282564
0.000226259
0.000198682
0.000205019
0.000208788
0.000110009
0.000117109
9.15065e-05
6.09542e-05
-1.58935e-06
-1.46256e-05
-1.52931e-05
-2.06671e-05
-0.000141505
-0.000114308
-0.000102757
-0.000100025
-5.05225e-05
-5.4183e-05
-1.96984e-05
-2.28678e-05
-5.38128e-06
-0.000252291
-0.000320262
0.000141877
0.000274082
0.000217183
0.000214487
0.000193824
0.000101044
9.32662e-05
0.000109248
6.51003e-05
-2.95282e-05
-2.15701e-05
-2.48604e-05
-3.90487e-05
-0.000148237
-0.000131855
-0.000116969
-9.44749e-05
-5.53319e-05
-5.0227e-05
-5.96155e-06
-5.16739e-06
-1.10457e-05
-0.000265845
-0.000328656
0.000133081
0.000276637
0.0002074
0.000201147
0.000186665
9.33429e-05
0.000103381
5.4892e-05
-3.09452e-05
-4.16722e-05
-3.28372e-05
-5.35538e-05
-0.000155632
-0.000131811
-0.000118914
-9.12591e-05
-6.68273e-05
-5.59293e-05
-1.09508e-05
-5.06544e-06
-0.000284062
-0.000327538
0.00014053
0.000184888
0.000111609
0.000108936
6.67946e-05
3.7419e-06
-3.43188e-05
-3.63455e-05
-4.70016e-05
-6.8498e-05
-0.000134074
-0.000157954
-0.000113002
-0.000113739
-9.80643e-05
-6.93412e-05
-4.43942e-05
-2.55202e-05
-1.96652e-05
-0.000297595
-0.000337354
0.000117254
0.000189565
0.000188722
0.00011102
0.00011354
8.0039e-05
1.56641e-05
-2.15327e-05
-3.16826e-05
-3.85965e-05
-7.5646e-05
-8.7292e-05
-0.000138879
-0.000149167
-0.000126208
-0.00013421
-0.000102474
-0.000108633
-0.000104889
-6.6443e-05
-4.17444e-05
-2.84449e-05
-1.4409e-05
-0.000299708
-0.000351599
9.55839e-05
0.000175149
0.000246385
0.000117466
9.56025e-05
7.8771e-05
3.13443e-06
-3.01224e-05
-3.17796e-05
-4.32435e-05
-7.37715e-05
-0.000143612
-0.000124654
-0.000129314
-0.000112195
-0.00010094
-8.79747e-05
-5.01404e-05
-3.99831e-05
-2.94036e-05
-0.000292173
-0.000335706
0.000117332
0.000210004
0.000255671
0.000143329
0.000114645
7.22275e-05
9.68538e-06
-2.59236e-05
2.2942e-06
-4.66041e-05
-8.15496e-05
-8.95916e-05
-7.53557e-05
-0.000144667
-0.00013742
-0.000103012
-0.000146505
-9.41465e-05
-8.88406e-05
-6.86825e-05
-3.99122e-05
-3.81786e-05
-2.93419e-05
-0.000237057
-0.000313801
0.000101748
0.000208274
0.000132044
0.000102061
0.000105158
4.22625e-06
-2.26892e-05
1.02296e-06
-4.09284e-05
-6.85089e-05
-8.90397e-05
-7.72729e-05
-0.000125394
-0.000136295
-0.000143899
-0.000145828
-0.000141959
-0.00015734
-0.00014294
-0.000158955
-7.60443e-05
-0.000130575
-7.32164e-05
-6.12857e-05
-6.5794e-05
-3.80336e-05
-3.3197e-05
-0.000245265
-0.000339746
-0.000360084
8.55198e-05
0.000206058
0.000131423
0.000105613
0.000107712
-5.53364e-06
2.03601e-05
-2.48829e-05
-4.94456e-05
-7.04423e-05
-0.000100535
-0.000102665
-0.000105927
-9.78295e-05
-0.000133383
-0.000138801
-0.000143456
-0.000132846
-0.000144097
-0.000128754
-0.000150017
-0.000134665
-0.000155397
-0.00010096
-0.000116479
-8.29244e-05
-7.43498e-05
-6.59717e-05
-0.00028056
-0.000324483
-0.000372679
7.28824e-05
0.000137347
0.000193285
0.000209978
9.00352e-05
9.45773e-05
2.36919e-05
2.73542e-05
-6.07525e-06
-2.21834e-05
-3.60909e-05
-8.79761e-05
-9.30647e-05
-8.54673e-05
-0.000112017
-0.000132066
-0.00013963
-0.000131567
-0.000123937
-0.000130423
-0.000127884
-0.000128155
-0.000116485
-0.000124363
-9.33704e-05
-0.000109583
-6.63143e-05
-7.51839e-05
-4.5972e-05
-0.000247677
-0.000304885
-0.000367096
-0.000411813
5.82798e-05
0.000123666
0.000170771
0.000187557
0.000101095
5.48996e-05
4.21622e-05
2.79219e-05
-5.07699e-06
-2.44915e-05
-5.35881e-05
-4.53529e-05
-9.12941e-05
-0.000108819
-0.000117409
-0.00012503
-0.00012875
-0.000109689
-9.62238e-05
-0.000109593
-0.000126105
-0.000109939
-0.000122511
-8.6477e-05
-0.000100359
-5.53704e-05
-6.46181e-05
-0.000295088
-0.000416341
6.03098e-05
7.26324e-05
0.000120471
0.000151672
0.000170317
0.000166764
0.000171093
0.000100922
7.33609e-05
5.17069e-05
2.81394e-05
2.93734e-05
-3.27319e-05
-3.49745e-05
-3.94732e-05
-4.19093e-05
-9.87356e-05
-9.52773e-05
-0.000114798
-0.000119867
-0.000101435
-6.44893e-05
-9.54365e-05
-0.000120581
-9.83295e-05
-0.000106939
-8.75992e-05
-7.60254e-05
-5.79186e-05
-5.12042e-05
-0.000334378
6.23292e-05
5.83029e-05
9.02044e-05
0.000141565
0.000149591
6.09876e-05
5.13405e-05
3.43504e-05
2.19334e-05
-3.18765e-06
-1.7267e-05
-3.28401e-05
-5.53785e-05
-0.000101593
-7.95574e-05
-0.000100243
-0.000100915
-0.000100565
-8.48355e-05
-0.000107779
-0.000108747
-0.00010838
-9.1025e-05
-8.13695e-05
-7.19696e-05
-6.36601e-05
-4.94748e-05
-0.000402118
9.07362e-06
4.64173e-05
0.000126906
0.000131732
6.04718e-05
4.3472e-05
4.07731e-05
3.31781e-05
9.5278e-06
-5.95014e-07
-1.99447e-05
-3.57715e-05
-7.9735e-05
-7.54308e-05
-8.97992e-05
-8.19357e-05
-7.76113e-05
-8.14558e-05
-9.39281e-05
-9.23099e-05
-8.73058e-05
-9.01312e-05
-7.21545e-05
-6.15979e-05
-6.44759e-05
-4.8896e-05
-0.00045686
1.39305e-05
8.59158e-05
0.000104987
5.97003e-05
5.35854e-05
2.4855e-05
1.08318e-05
1.066e-05
1.10772e-05
-9.80122e-06
-6.01459e-05
-4.03857e-05
-6.14654e-05
-7.44694e-05
-5.36216e-05
-6.13775e-05
-7.86819e-05
-7.82699e-05
-5.8709e-05
-6.21025e-05
-5.48058e-05
-5.57295e-05
2.78533e-05
6.92786e-05
3.7114e-05
2.37265e-05
8.69321e-06
-2.06163e-05
-1.58524e-05
-1.83025e-05
-2.96303e-05
-5.16397e-05
-3.29813e-05
-4.92307e-05
-5.44347e-05
-5.42773e-05
-4.87633e-05
-6.49471e-05
-0.000321548
-3.32896e-05
-5.35943e-06
0.000142208
2.17359e-05
-1.56608e-06
-8.53668e-06
-2.14147e-05
-3.48833e-05
-1.93973e-05
-4.918e-05
-6.59473e-05
-3.93524e-05
-3.96407e-05
-0.000285705
-0.000359396
-4.07978e-05
9.22861e-05
0.000129267
-3.83119e-05
-3.22591e-05
-5.46954e-05
-0.000306265
-0.000385525
-0.000480528
-4.75603e-05
5.46293e-05
0.000120485
-0.000333275
-0.000444354
4.34895e-05
0.000110815
-0.000370025
-0.000462165
-1.15419e-05
7.18719e-05
-0.000314803
-0.000401224
-0.000494432
-1.87237e-05
6.77115e-05
7.08311e-05
-0.00035496
-0.000420685
-3.35995e-05
3.46483e-05
6.92716e-05
-0.000379437
-0.000453398
-5.27905e-05
1.22698e-05
4.53452e-05
-0.000331026
-0.00041706
-0.000465874
-9.73893e-05
-1.34741e-05
2.28545e-05
-0.000358226
-0.000466014
-0.000496016
-6.98566e-05
-9.92223e-06
3.7469e-05
-0.000326539
-0.000394727
-0.000498721
-0.000515204
-0.000110563
-6.85455e-05
5.6366e-06
4.35879e-05
-0.000346408
-0.000416776
-0.000479382
-0.000103085
-5.15597e-05
-7.46703e-06
3.47583e-05
-0.000375432
-0.000457464
-0.000518817
-0.000128521
-9.59863e-05
-6.33064e-05
-8.18554e-06
-2.51698e-06
7.78481e-06
-0.000360674
-0.000434422
-0.000513183
-0.000136255
-9.8627e-05
-6.49395e-05
-2.64236e-05
-1.24424e-05
-1.08668e-05
-7.77087e-06
-0.000371164
-0.00040296
-0.000495572
-0.000161899
-0.000135391
-9.18549e-05
-4.39873e-05
-7.55365e-05
-6.78529e-05
-7.66223e-05
-3.42518e-05
-0.000377424
-0.000459789
-0.000523975
-0.000148664
-0.00010744
-0.000111238
-0.000124464
-0.000121038
-8.23307e-05
-4.60369e-05
-0.000404316
-0.000444734
-0.000513509
-0.000172258
-0.000153617
-0.000169776
-0.000168363
-0.000123481
-6.64658e-05
-0.000377417
-0.000468756
-0.000491479
-0.000550909
-0.000181068
-9.82131e-05
-0.00041443
-0.000547339
-0.000534501
-0.000180118
-0.000113529
-9.49027e-05
-0.000400648
-0.000493032
-0.000221492
-0.000176212
-0.000128797
-0.000411354
-0.000488932
-0.000526318
-0.000218894
-0.000172529
-8.89542e-05
-0.000469002
-0.00024667
-0.000224261
-0.000134284
-0.000105203
-0.000102933
-0.000119286
-0.000121071
-0.000414235
-0.000493468
-0.000191732
-0.000147176
-0.00014181
-0.000149946
-0.000156706
-0.000382781
-0.000490526
-0.000541642
-0.000238476
-0.000213705
-0.000202994
-0.000197046
-0.000185879
-0.000391124
-0.000462854
-0.000281583
-0.000270528
-0.000275247
-0.000279878
-0.00026682
-0.000188228
-0.000168359
-0.000371523
-0.00045915
-0.000536874
-0.000324179
-0.000321442
-0.000261973
-0.000205917
-0.000173272
-0.000440718
-0.000549975
-0.000321504
-0.000273154
-0.000223646
-0.000191197
-0.000334486
-0.000323756
-0.000254494
-0.000216265
-0.000220121
-0.000365111
-0.000330136
-0.000270026
-0.000241005
-0.000254032
-0.000243089
-0.000236764
-0.000360728
-0.000359485
-0.000338409
-0.000340808
-0.000313891
-0.00030662
-0.000283717
-0.000256649
-0.000401831
-0.000463344
-0.000409135
-0.000400918
-0.000393625
-0.000370564
-0.00029468
-0.00026593
-0.000374816
-0.000427929
-0.000491563
-0.000408403
-0.000369563
-0.00033404
-0.000313644
-0.000304812
-0.000319707
-0.000359196
-0.000383669
-0.00042078
-0.000402834
-0.000419474
-0.000374933
-0.000337823
-0.000354749
-0.000367446
-0.000377515
-0.00037242
-0.00036088
-0.000365665
-0.000411616
-0.000426622
-0.000444662
-0.000448346
-0.00045196
-0.000498941
-0.000449582
-0.000453288
-0.000452463
-0.000493716
-0.000485764
-0.000463017
-0.000481155
-0.000474414
-0.000460812
-0.000539806
0.000376211
0.00038248
0.000374167
0.000373131
0.000382168
0.000416917
0.000384794
0.000384704
0.000403066
0.000409958
0.000394083
0.0003276
0.000386606
0.000409041
0.000418428
0.0004165
0.000431705
0.00045967
0.000416351
0.000341169
0.000352853
0.000323717
0.000383543
0.000396481
0.000408886
0.000418692
0.000450714
0.000446973
0.000462894
0.000481648
0.000422969
0.000364885
0.000345353
0.000326922
0.000308766
0.000295536
0.000380059
0.000387119
0.000400055
0.000403808
0.000444848
0.000466981
0.000455736
0.000475485
0.000476935
0.000460265
0.000358774
0.000341463
0.000354632
0.000320778
0.000294798
0.000299279
0.000269705
0.000374662
0.000398173
0.00038938
0.000407694
0.000440562
0.000461901
0.000468009
0.000478318
0.000478569
0.000459908
0.000370482
0.000356586
0.000318113
0.000327328
0.000318398
0.00032305
0.000285518
0.000261834
0.00036863
0.000396602
0.000394557
0.000397922
0.000437843
0.000443693
0.000452687
0.000460957
0.000456727
0.000446174
0.000376244
0.000381016
0.00036233
0.000359168
0.00035336
0.000343012
0.000304061
0.000262642
0.000243308
0.000243015
0.00022249
0.000217646
0.000226247
0.0003729
0.00036113
0.000357113
0.000394363
0.000394625
0.000394501
0.000424213
0.000445544
0.000422207
0.000444629
0.000413551
0.000455108
0.000373799
0.00038772
0.000407494
0.000377264
0.00036323
0.000375985
0.000351548
0.00034291
0.000284272
0.00026443
0.000267703
0.000247588
0.000230767
0.000214745
0.000219696
0.000212439
0.000371124
0.000353985
0.000343963
0.000403592
0.000391519
0.000388398
0.000418928
0.000435896
0.000410905
0.000404266
0.000402172
0.000410393
0.000386343
0.000400502
0.000381089
0.000382824
0.000402902
0.000388589
0.000351952
0.000348551
0.000314917
0.000293297
0.00030633
0.00029571
0.000261424
0.000255575
0.000230913
0.000236734
0.000200929
0.000367584
0.000344911
0.000380456
0.000392402
0.000391664
0.000401128
0.000401709
0.000398851
0.000407998
0.000385363
0.000396105
0.000382906
0.000370819
0.000389679
0.000410067
0.000383137
0.000369431
0.00032009
0.000362756
0.000350541
0.000292711
0.000367359
0.000312284
0.00030651
0.000277828
0.000264868
0.000233926
0.000207802
0.000357931
0.000357269
0.000349635
0.0003468
0.00036537
0.000368736
0.00040604
0.000399805
0.000387435
0.000394332
0.00038068
0.000380805
0.00035608
0.000358615
0.000403348
0.000365604
0.000355512
0.000367966
0.000329631
0.000360959
0.000336759
0.000311883
0.000363994
0.000308855
0.000317768
0.000290723
0.000263446
0.000228951
0.000196496
0.000171481
0.000356868
0.000348076
0.000343428
0.00035039
0.000330183
0.000352118
0.000363376
0.000381899
0.000366134
0.000363008
0.000354601
0.00035849
0.00035168
0.000327582
0.000341838
0.000384961
0.000345134
0.000342574
0.000332485
0.000347835
0.0003484
0.000333195
0.000318955
0.00033858
0.00032556
0.000322321
0.000303313
0.000260301
0.000236966
0.000213864
0.000185468
0.000146564
0.000360479
0.000359261
0.000351796
0.000342784
0.000339675
0.000325296
0.000320571
0.000339628
0.00034966
0.000351669
0.000336259
0.000331131
0.000331856
0.000317564
0.000313058
0.000317471
0.000317733
0.00033583
0.00033935
0.000343434
0.000341134
0.000321963
0.00033179
0.000331101
0.000302007
0.000329963
0.000321838
0.000356661
0.000330113
0.000289084
0.000246089
0.00025671
0.000191183
0.00014616
0.000150533
0.000144608
0.000133762
0.000117326
0.000353908
0.000351703
0.000349049
0.000327895
0.000316122
0.000308043
0.000310524
0.00031733
0.000322264
0.000313213
0.00032809
0.000288587
0.000283352
0.000288151
0.000306016
0.000291335
0.000313964
0.000322538
0.00032162
0.000316222
0.000307187
0.000321548
0.000344208
0.000315905
0.000326162
0.000327548
0.00034649
0.000324516
0.000300068
0.000258137
0.000282282
0.000200584
0.000222302
0.000166738
0.000177748
0.000166382
0.000140954
0.000160501
9.88257e-05
0.000105209
0.000324747
0.000348933
0.000316501
0.000325594
0.000314348
0.000299373
0.000283865
0.000321461
0.000289001
0.000285282
0.000270736
0.000270119
0.000276777
0.00027046
0.000265455
0.000292239
0.000306756
0.00030877
0.000323179
0.000299731
0.000322577
0.000337193
0.000311984
0.000312703
0.000316396
0.000325567
0.000297316
0.000277652
0.000273446
0.000264319
0.000207165
0.000245561
0.00020976
0.000208677
0.00018538
0.000174155
0.000143326
0.000115111
0.000122967
0.000337413
0.000320068
0.000311818
0.000325357
0.000315621
0.000291864
0.000283794
0.000289724
0.000277545
0.000273603
0.000265485
0.000261913
0.000253008
0.000251884
0.0002886
0.000274516
0.000314041
0.000309383
0.000285004
0.000321129
0.000316875
0.000305365
0.000323089
0.000317501
0.000320503
0.000300913
0.000278594
0.000248937
0.000263624
0.000229408
0.000254182
0.000236993
0.000243295
0.000222364
0.000196513
0.000160252
0.00010816
0.000126631
9.17283e-05
0.000330091
0.000274279
0.000265125
0.000256218
0.00025926
0.000243037
0.000243201
0.000235128
0.000266553
0.000254727
0.000276505
0.000310109
0.000282537
0.000297123
0.000297859
0.000297708
0.000320723
0.00030909
0.000312311
0.000304315
0.000270701
0.000266577
0.000261775
0.000220279
0.000271773
0.00025111
0.000258904
0.000244087
0.000244512
0.000201921
0.000121585
0.000140121
0.000106163
0.000347228
0.000256921
0.000232342
0.00025324
0.000262352
0.000326518
0.000269257
0.000279122
0.000272024
0.000275757
0.000296728
0.000298045
0.00030815
0.000295177
0.000276833
0.000276854
0.000261831
0.000238552
0.000242229
0.000240139
0.000268543
0.000243368
0.00025518
0.000233569
0.000167256
0.000161582
0.000104382
8.90083e-05
0.000210659
0.000233695
0.000236508
0.000256902
0.000252608
0.0002597
0.000242858
0.000260728
0.000263996
0.000274491
0.000318979
0.000288584
0.000305479
0.00026833
0.000260202
0.000269505
0.000224419
0.000232351
0.000269431
0.000255585
0.000239281
0.000231423
0.000204897
0.000191792
0.000125461
6.51846e-05
0.000197252
0.000196076
0.000228084
0.000228428
0.000201701
0.000229582
0.000239055
0.000240303
0.00024697
0.000257967
0.000239184
0.000287483
0.000284336
0.00029669
0.000257372
0.000261894
0.000234638
0.000263721
0.000257309
0.000265323
0.000246105
0.000236258
0.0002443
0.000208771
0.00019584
0.000150578
0.000100461
5.55798e-05
0.000175265
0.00019154
0.000206083
0.000178299
0.000217754
0.000221207
0.00022094
0.000221075
0.000239293
0.000229026
0.000275659
0.000264101
0.000267524
0.000265362
0.000243973
0.000240604
0.000276319
0.000257851
0.000244643
0.000243656
0.000229002
0.000209013
0.000210504
0.000192231
0.000108697
7.76836e-05
0.000183959
0.000173074
0.000159727
0.000179
0.000205435
0.000191097
0.000211794
0.000226957
0.000239267
0.000263534
0.000262743
0.000234003
0.000268918
0.000245684
0.000226416
0.000248488
0.000236704
0.000246881
0.00022496
0.000212899
0.000207908
0.000178082
0.000124603
8.4576e-05
3.4249e-05
2.24959e-05
0.000149231
0.000143439
0.000169374
0.000186979
0.000176251
0.000210695
0.000213509
0.000221113
0.000259405
0.000273934
0.000243862
0.00025875
0.000249183
0.000220989
0.000226322
0.00024162
0.000239062
0.000243129
0.000200919
0.000212011
0.00017912
0.000118497
9.15183e-05
6.34236e-05
2.26257e-05
-1.0124e-05
0.000142231
0.000159186
0.000161142
0.000167444
0.000186002
0.000205642
0.000194565
0.000255291
0.00026945
0.000263537
0.000255785
0.00023898
0.000221829
0.00023922
0.000241168
0.000234351
0.000212354
0.000162323
0.0001635
0.000135163
6.31152e-05
5.93341e-05
1.73313e-05
-2.44736e-05
0.000143533
0.000149273
0.0001507
0.000167838
0.000200717
0.000187601
0.000243804
0.000243264
0.000254749
0.000247353
0.000218103
0.000249467
0.000242459
0.000190781
0.00018414
0.000134375
8.20399e-05
9.08831e-05
4.84579e-05
-7.55538e-06
-1.45766e-05
-3.16299e-05
0.000125689
0.000118391
0.000120468
0.000144607
0.000183892
0.000180664
0.00022563
0.000227636
0.000243906
0.000245185
0.000221688
0.000240266
0.000230499
0.000169063
0.000142468
0.000122883
8.77959e-05
3.16771e-05
-1.06662e-05
-1.4127e-05
0.000334445
0.000127913
0.000110433
0.000110648
0.000124409
0.000142027
0.000152824
0.000205166
0.00021802
0.00021739
0.000220207
0.000231178
0.000236907
0.000154314
0.000147845
0.000122231
5.89974e-05
4.33304e-05
-2.81423e-05
-5.67944e-05
0.000314818
0.000306432
0.000108911
9.89832e-05
0.000102237
0.000100157
0.00012288
0.000127275
0.000177631
0.000193139
0.000202875
0.000206262
0.00021536
0.000219675
0.000136796
0.000101831
6.34567e-05
-1.51214e-05
-4.70998e-05
0.000305014
9.35144e-05
0.0001121
0.000119147
0.000174208
0.000173261
0.000225558
0.000222252
0.000205087
0.00020858
0.000107168
5.01002e-05
2.74057e-05
-3.2762e-05
-6.13864e-05
0.000314074
9.37469e-05
9.23576e-05
0.000116376
0.000174344
0.000213703
0.000219466
0.000206188
0.000199803
0.000105484
7.03734e-05
4.75387e-05
2.83858e-05
-5.94861e-05
0.000352262
0.000319461
0.000311315
0.000318682
0.000281378
0.000287181
7.86492e-05
9.58437e-05
0.000168238
0.000220653
0.000186761
0.00020142
0.000201844
9.50159e-05
6.6657e-05
8.18758e-05
2.60713e-05
-5.42944e-05
-8.38307e-05
0.000314754
0.000346554
0.000313235
0.000302245
0.00031659
0.000304787
0.000280751
0.00028771
0.000275496
0.000265581
5.40328e-05
7.10329e-05
7.69882e-05
0.00015249
0.000170757
0.000186181
0.000198536
0.000113627
8.95171e-05
9.79819e-05
3.37831e-05
-4.17622e-05
-8.69385e-05
0.000326391
0.000310356
0.000315283
0.000303962
0.000313486
0.000325541
0.00032615
0.000294077
0.000289908
0.000265163
4.9307e-05
6.43034e-05
6.3819e-05
0.000139127
0.000174271
0.000175432
0.000181065
0.00019877
0.000101406
8.31475e-05
2.92719e-06
-9.29075e-05
0.000313456
0.000313996
0.000324963
0.000305518
0.000307159
0.000326194
0.000321528
0.000277326
0.000273197
0.000256927
0.000247872
4.30797e-05
6.40004e-05
6.49722e-05
0.000135749
0.000126435
0.000178719
0.000184611
9.76499e-05
7.55459e-05
2.09498e-05
-5.34262e-05
-0.000110348
0.000315394
0.000323201
0.000306768
0.000308048
0.000317798
0.000307479
0.000298176
0.000303544
0.000303222
0.000272383
0.000263665
0.000239939
0.000239683
3.96296e-05
3.74262e-05
7.20335e-05
0.000113683
0.000110907
0.00017045
0.000173116
7.43334e-05
2.26605e-05
-1.67142e-05
-9.77621e-05
0.000318449
0.000333256
0.000332602
0.000325888
0.000313431
0.000320368
0.000317846
0.000313157
0.000300907
0.000281396
0.000268159
0.000259725
0.00024031
0.000233054
4.35396e-05
3.33855e-05
5.26781e-05
0.000103287
0.000101452
0.000154532
0.000178532
2.47325e-05
-2.34004e-05
-0.000115435
0.000327094
0.000355233
0.000349353
0.000356209
0.000337743
0.000320592
0.000337881
0.00034201
0.000326436
0.000283957
0.000289164
0.000255537
0.000229721
0.000234242
2.04788e-05
5.55071e-05
4.04864e-05
9.72914e-05
0.000103313
0.000140158
0.000168529
4.29356e-05
-1.59696e-05
-0.000106348
0.000352558
0.000385422
0.000370809
0.000358923
0.00031726
0.000345265
0.000335383
0.000331016
0.00033015
0.00035505
0.000300259
0.000270077
0.000247514
0.000235425
0.000227548
0.000218112
2.74732e-05
1.94019e-05
5.4394e-05
5.73295e-05
0.000112525
0.000109536
0.000144728
0.000160642
-7.77117e-06
-8.21095e-05
-0.000151378
0.000363301
0.00036696
0.000391356
0.000391034
0.00033788
0.000386983
0.000332442
0.000330763
0.000295665
0.000356357
0.000304188
0.000273147
0.000245493
0.000236112
0.000230198
0.000206816
2.70886e-05
1.70646e-05
3.70296e-05
5.51833e-05
0.000128384
0.000112105
0.000149929
3.74314e-05
1.04866e-05
-6.24967e-05
-0.000153207
0.000288701
0.000376724
0.000389482
0.00040612
0.000392869
0.000343314
0.000370689
0.000332151
0.00034043
0.000308044
0.000330168
0.000291411
0.000277419
0.000241014
0.000233204
0.000228675
0.000203719
1.4994e-06
1.04444e-05
5.07627e-05
5.92131e-05
0.000112479
0.000116669
0.000148135
5.51069e-06
-4.76123e-05
-0.000147302
0.000298832
0.000386168
0.000404551
0.000427595
0.000393983
0.000349413
0.000351987
0.000344701
0.000345422
0.000315148
0.000323041
0.000288255
0.000270768
0.00023634
0.000221089
0.000217836
0.000195801
5.07613e-06
8.79974e-06
4.16916e-05
6.22483e-05
0.000116722
0.000110548
0.000150551
1.59285e-05
-3.42199e-05
-0.000154782
0.000334352
0.000366025
0.000402013
0.000432183
0.000382707
0.000376736
0.000336827
0.000344349
0.000342752
0.000329531
0.000341687
0.000296191
0.000267344
0.000235537
0.000202933
0.000206632
0.000215317
-2.66135e-06
1.49032e-05
1.73722e-05
3.9938e-05
6.20595e-05
0.000131115
0.000108059
-2.22313e-06
-2.95099e-05
-0.000154278
0.000301166
0.000355309
0.000410432
0.000416075
0.000420881
0.000374218
0.00036527
0.000340587
0.000335378
0.000346306
0.000325425
0.000342581
0.000318462
0.000275906
0.000256842
0.000216494
0.000223452
0.000201604
-4.98175e-06
9.17686e-06
7.17689e-06
3.67929e-05
5.79759e-05
0.000130684
0.000140774
1.02715e-05
-3.38624e-05
-0.000170488
0.000267103
0.000303378
0.000355966
0.000405294
0.000421055
0.000422592
0.000388402
0.000326165
0.000329761
0.000329163
0.000312964
0.000345843
0.000331914
0.000280333
0.000264814
0.000238138
0.000250907
0.00019563
0.000157278
1.22145e-05
1.49836e-05
3.0802e-05
4.20032e-05
6.72253e-05
0.00013038
0.000127863
-0.000164972
-0.00021107
0.000268052
0.0002878
0.000348687
0.000392467
0.000399833
0.000403907
0.000367512
0.000329307
0.000331404
0.000329022
0.000333605
0.00037817
0.000311589
0.000266331
0.000286611
0.000234421
0.000241252
0.000214379
0.000156265
-2.00214e-05
-2.48987e-05
-2.62037e-06
2.7849e-05
2.5024e-05
6.57753e-05
6.62655e-05
6.36503e-05
0.000127449
-8.91611e-05
0.000276967
0.000326985
0.000362965
0.00037417
0.000365054
0.000337172
0.000318264
0.000333001
0.000345113
0.000341412
0.000342947
0.000297766
0.000284511
0.000286456
0.000240289
0.000239077
0.000212167
0.000148369
0.000136717
-2.0449e-05
-2.50822e-05
7.43444e-06
3.31791e-05
2.37476e-05
6.99493e-05
7.59818e-05
7.32393e-05
0.000126309
-3.06361e-05
-4.26036e-05
-0.00015989
0.000247734
0.000280096
0.000302431
0.000321293
0.000327803
0.000300681
0.000265837
0.000275202
0.000309903
0.00031749
0.000318756
0.000323775
0.000303708
0.00030185
0.000275404
0.000227458
0.00024224
0.000215624
0.000224698
0.000150484
0.000153591
0.000114736
-2.8214e-05
-1.89257e-05
8.42761e-06
2.99709e-05
3.61759e-05
6.67369e-05
8.28791e-05
8.15557e-05
-3.71094e-05
-9.56356e-05
0.000248595
0.000261876
0.000249942
0.000237837
0.000239816
0.000240978
0.000287576
0.000304495
0.000304515
0.000345105
0.000274441
0.000284033
0.000266675
0.000236193
0.00025149
0.000223651
0.000233686
0.00015391
0.000152132
0.000131784
0.000107942
-2.90783e-05
8.57183e-08
-2.13095e-05
8.78593e-06
3.26275e-05
6.14711e-05
7.86529e-05
9.53768e-05
0.000105215
-6.18507e-05
-0.000136403
0.00023584
0.000209665
0.000210285
0.000234884
0.000261019
0.000280043
0.000284424
0.000314208
0.000288765
0.000251459
0.000279405
0.000249292
0.000242617
0.000229074
0.000246302
0.000156813
0.000152719
0.000128029
9.6473e-05
-3.0592e-05
-2.65322e-05
3.88296e-05
1.01568e-08
1.73283e-05
3.43569e-05
5.35722e-05
8.25481e-05
0.00011596
0.000117501
-8.56842e-05
-0.000187446
0.000231403
0.000249027
0.000270864
0.000308216
0.000325173
0.000298368
0.000275133
0.000247007
0.000259905
0.000265127
0.000239997
0.000240487
0.000169054
0.000160955
0.000142108
8.12921e-05
6.98165e-05
-3.04992e-05
-3.94837e-05
6.49184e-06
1.54372e-05
2.84719e-05
3.81523e-05
6.94748e-05
9.46339e-05
-8.8875e-05
-0.000216413
0.000214557
0.000253102
0.000275466
0.000289336
0.000313629
0.000307993
0.000264648
0.000252432
0.000271551
0.000250843
0.000250213
0.000236878
0.000184022
0.000171135
0.00014522
9.23646e-05
8.44887e-05
-2.07699e-05
-2.23018e-05
2.34088e-06
1.94032e-05
4.58459e-05
5.0835e-05
8.59895e-05
9.51098e-05
-7.69254e-05
-0.000160319
0.000199006
0.000246126
0.000256495
0.000271655
0.000287859
0.000295816
0.000278586
0.000247288
0.000244665
0.00023684
0.000234773
0.000230898
0.000199812
0.000192643
0.000159509
9.61859e-05
7.70094e-05
6.91431e-05
3.51057e-05
-2.32751e-05
-3.36771e-05
-1.29462e-05
-4.08688e-06
1.02805e-05
3.31314e-05
6.79289e-05
8.95076e-05
8.93878e-05
-7.84239e-05
-0.000151552
0.000188885
0.000222774
0.000250174
0.000265514
0.000276103
0.000293714
0.000256044
0.000240984
0.000247001
0.000245852
0.00021259
0.000238844
0.000198837
0.000171662
0.000167004
0.000154232
9.07707e-05
9.05218e-05
7.31658e-05
7.20928e-05
4.98228e-05
4.10413e-05
1.84843e-05
3.17228e-05
-1.29234e-05
-5.79988e-06
-1.73264e-05
-2.27567e-05
-4.08893e-06
-1.87313e-05
-6.18474e-06
1.75148e-05
3.39162e-05
5.9101e-05
7.84539e-05
0.000101148
9.3268e-05
-0.000159639
-0.000217152
0.000182447
0.000209684
0.00022807
0.00025634
0.000257778
0.000276214
0.000262307
0.000275503
0.000246329
0.000244716
0.000205849
0.000221679
0.000187717
0.000172585
0.000195346
0.000146262
0.000111797
9.30103e-05
8.51019e-05
7.61597e-05
4.90268e-05
4.97389e-05
5.09441e-05
3.14073e-05
2.7053e-05
1.17182e-05
8.75804e-06
-1.26783e-05
-5.40194e-06
-1.13629e-05
-2.0497e-05
-1.72114e-05
5.79151e-06
1.66561e-05
2.98759e-05
5.10809e-05
6.49118e-05
8.57508e-05
9.15788e-05
-9.54727e-05
-0.000114899
-0.000163995
0.000180724
0.00020261
0.000253252
0.000250397
0.000263385
0.000256603
0.000259018
0.000230034
0.000212013
0.000214952
0.000196906
0.000223376
0.000195105
0.000203427
0.000195179
0.000132909
0.000110388
0.000100176
6.78451e-05
6.12741e-05
5.0953e-05
7.59379e-05
4.40699e-05
2.05672e-05
1.90918e-05
7.0774e-06
-6.7636e-06
4.24592e-06
-2.96515e-06
-1.44692e-05
-1.46248e-06
8.29483e-06
1.72884e-06
1.9742e-05
5.29409e-05
5.35401e-05
7.25973e-05
8.85574e-05
-0.000118545
-0.000196453
-0.00023884
0.000152948
0.000191278
0.000229734
0.000229162
0.00025426
0.000235121
0.000225624
0.000207812
0.000206312
0.000215422
0.000212523
0.000200661
0.000200763
0.000187687
0.000130118
0.000115071
0.000102563
0.000111528
7.62026e-05
7.69186e-05
0.000115686
5.26048e-05
7.20427e-05
4.1763e-05
3.2763e-05
4.39753e-06
3.45805e-05
4.32446e-05
9.83158e-07
1.15807e-05
1.81166e-05
2.03587e-05
6.75367e-05
7.66442e-05
9.70281e-05
-6.87919e-05
-0.000127345
-0.000226301
-0.00025959
0.000158005
0.000193112
0.000212765
0.00023366
0.000236498
0.000208394
0.000199523
0.000196503
0.000205882
0.00024107
0.000209071
0.00022643
0.000193265
0.000168852
0.000128314
0.000131941
0.000104929
7.40695e-05
0.000116904
0.000116939
8.29617e-05
0.000109053
5.11382e-05
7.48132e-05
1.26363e-05
7.62857e-05
5.28189e-05
2.34452e-05
3.61392e-05
4.29556e-05
5.6778e-05
9.15077e-05
8.79191e-05
9.59018e-05
-8.79027e-05
-0.000151568
-0.000248082
-0.000282673
0.000128081
0.00016729
0.000195957
0.0002263
0.00020898
0.000194071
0.000190856
0.000204395
0.000205441
0.000236319
0.000220777
0.000228325
0.000214229
0.000168024
0.000141773
0.000149045
0.000114681
0.000112158
0.0001227
0.000139435
0.000124668
0.000113281
7.22741e-05
8.79382e-05
6.03179e-05
9.36696e-05
7.56127e-05
7.41736e-05
6.24581e-05
7.62499e-05
9.23703e-05
9.58175e-05
-0.000123672
-0.000185895
-0.000265428
0.000121284
0.000157295
0.000181131
0.000230415
0.000201241
0.000189685
0.000164063
0.000190099
0.000208153
0.000213886
0.00021342
0.000219663
0.000208173
0.000196978
0.000161327
0.000162323
0.000148213
0.0001532
0.00013416
0.000156859
0.000148314
0.000124548
9.90823e-05
0.000123518
8.93438e-05
0.000103479
9.70902e-05
9.68546e-05
0.000100828
0.00011114
0.000114053
-9.11389e-05
-0.000148267
-0.000212964
-0.000288987
0.000106574
0.000146631
0.000168255
0.000212903
0.00020645
0.000184335
0.00016842
0.000176869
0.000199698
0.00021483
0.000223026
0.000216901
0.000202783
0.000181559
0.000184607
0.00018394
0.000158105
0.000165193
0.000167503
0.000145865
0.000137162
0.000115489
0.000129916
0.000114998
0.00013022
0.000117575
0.000103446
0.000103395
-0.000114063
-0.000179201
-0.000256333
0.000104401
0.000125411
0.000163714
0.000193715
0.000179045
0.000157856
0.000177205
0.000185626
0.000196897
0.000222349
0.000217621
0.000215329
0.000172135
0.000143759
0.000135096
0.000129331
0.000123037
-0.000132496
-0.000213447
-0.0002849
0.000114401
0.000101119
0.000124075
0.000157741
0.000157604
0.000150271
0.000168448
0.000183132
0.000192047
0.000214545
0.000139119
-0.000112737
-0.000134691
-0.000218715
-0.000292255
7.63576e-05
0.000105696
0.00012375
0.000138861
0.000142499
0.00013199
0.000152225
0.000147197
0.000176879
0.000212481
-0.000121897
-0.000179942
-0.000272895
7.02633e-05
0.000102562
0.000109935
0.000113892
0.000115715
0.000112622
0.000129137
0.000171506
-0.000121243
-0.000162973
-0.000226429
-0.000299193
5.74398e-05
8.03632e-05
9.20104e-05
7.72653e-05
8.06508e-05
0.000122516
0.000144001
-0.000162566
-0.000224792
-0.00027818
-0.000322121
5.28071e-05
3.98112e-05
4.3549e-05
3.42028e-05
7.48158e-05
0.000105204
0.000185263
-0.000196575
-0.000274891
-0.000321926
3.36094e-05
2.71532e-05
2.89622e-05
7.60457e-05
0.000173483
0.000174756
-0.000183272
-0.000254118
-0.000293567
3.75415e-06
4.58033e-05
0.000155148
-0.000143795
-0.000147641
-0.000207018
-0.000296525
-0.00030141
1.80461e-05
0.000147956
-0.000152681
-0.000214839
-0.000287128
-0.000336824
-7.2098e-06
0.000121425
0.000145571
0.000136045
-0.000154116
-0.000195897
-0.000270253
-2.96802e-05
7.8415e-05
0.000107626
0.00011055
0.00011123
0.000102194
-0.000155003
-0.000243827
-0.000298896
1.35684e-05
5.49808e-05
6.81323e-05
6.20168e-05
6.35748e-05
8.18612e-05
-0.000178027
-0.000194042
-0.000303136
-0.000345277
-1.60619e-05
3.23625e-05
2.35756e-05
1.26052e-05
6.53872e-05
9.38305e-05
-0.0002409
-0.000245765
-0.000322066
-5.47087e-05
-2.29529e-05
-2.47735e-05
-3.06914e-05
-7.97884e-06
4.62452e-05
8.09992e-05
-0.000182066
-0.000305876
-0.00033638
-6.27471e-05
-7.2434e-05
-9.27437e-05
-6.79742e-05
-1.38558e-05
5.3843e-05
-0.000167477
-0.000237067
-0.00034648
-0.000109476
-6.6643e-05
1.12173e-05
2.88534e-05
-0.000202594
-0.000266118
-0.000316018
-0.000106724
-5.8927e-05
-2.7238e-05
1.27401e-05
-0.000156035
-0.000286033
-0.00033944
-0.00011622
-0.000103365
-1.82447e-05
2.05251e-05
1.44312e-05
9.25701e-06
4.95325e-06
-0.000296035
-0.000144406
-0.00013803
-9.36288e-05
-4.93507e-05
-3.83615e-05
-2.61829e-05
-3.62464e-05
-4.48645e-05
-2.56944e-05
-0.000174972
-0.000147093
-0.000115498
-8.77791e-05
-8.43049e-05
-0.000112427
-0.000127662
-0.000109806
-9.0129e-05
-0.000207314
-0.000161919
-0.000160673
-0.00014394
-0.000157425
-0.000180534
-0.000177191
-9.46375e-05
-4.61412e-05
-0.000184849
-0.000215094
-0.000260746
-0.000206222
-0.000211863
-0.000209461
-0.000154807
-8.42882e-05
-6.90581e-05
-0.000141742
-0.000164359
-0.000188136
-0.000233871
-0.000306072
-0.00019825
-0.000161582
-0.000121783
-8.42391e-05
-8.63409e-05
-6.54447e-05
-9.22027e-05
-0.000105992
-9.66433e-05
-0.000155952
-0.000195159
-0.000197251
-0.000280098
-0.000324529
-0.000341235
-0.00021227
-0.000196996
-0.000165615
-0.000145883
-0.000115874
-0.000119572
-0.000147527
-0.00014645
-0.000140979
-0.000145383
-0.000141451
-0.000157607
-0.000178324
-0.000197916
-0.000228858
-0.000299301
-0.000238086
-0.000227718
-0.00021685
-0.000204695
-0.000240028
-0.000246299
-0.000223113
-0.000250801
-0.000218913
-0.000233366
-0.000238831
-0.000261168
-0.000300086
-0.000328553
-0.000255056
-0.000290131
-0.000304514
-0.000313721
-0.000319425
0.000373978
0.000369171
0.000358101
0.000344006
0.000317186
0.000333911
0.000286795
0.000280177
0.000275442
0.00025836
0.000279052
0.000262292
0.000265209
0.000257352
0.000242955
0.000295693
0.000251867
0.000252538
0.000264152
0.000238053
0.00022401
0.000284518
0.000249141
0.00029892
0.000259841
0.000261568
0.000278105
0.000235366
0.000274805
0.00025872
0.000271406
0.000278321
0.000278523
0.000255293
0.000250632
0.000225304
0.000199095
0.000273293
0.000255971
0.000242039
0.000253281
0.000284984
0.000266847
0.000311496
0.000277038
0.000259136
0.000244023
0.000227129
0.000183981
0.000259062
0.000257136
0.000259644
0.000263883
0.000295914
0.000270381
0.000284274
0.000267084
0.000235709
0.00024675
0.000248114
0.000194974
0.000181367
0.000183897
0.000246995
0.000248459
0.000234083
0.000250419
0.000301818
0.000272618
0.000279301
0.000264794
0.000236845
0.000255617
0.000254225
0.000204576
0.000182307
0.000198475
0.000190971
0.000248604
0.000244066
0.000231128
0.000227937
0.000257707
0.00023959
0.000271645
0.00027952
0.000272213
0.000278223
0.000249176
0.000245788
0.000239589
0.000259602
0.000177198
0.000217053
0.000199746
0.000251156
0.00023772
0.000227163
0.000252621
0.00023849
0.000270823
0.000270732
0.000276272
0.000281668
0.000257812
0.000261014
0.000258559
0.000241765
0.000196798
0.000206602
0.000191638
0.000228759
0.000236999
0.000274394
0.000256271
0.000298243
0.000264289
0.000258586
0.000260768
0.000243176
0.000226914
0.000209379
0.000201806
0.000170983
0.000139001
0.000122463
0.000207661
0.000215075
0.000232303
0.000227512
0.000268461
0.000257815
0.000304337
0.000275195
0.000262431
0.000257019
0.000261737
0.000231166
0.000233008
0.000191653
0.000178345
0.000140087
0.000128398
0.000118457
0.00010798
0.000202228
0.000200329
0.000215481
0.000245834
0.000264853
0.000260094
0.000291214
0.000274215
0.000276463
0.000274036
0.000278932
0.000242132
0.000230564
0.000198228
0.0002109
0.000160772
0.000125606
0.000124256
0.000118314
0.000200142
0.000204715
0.000262739
0.000262958
0.000292754
0.000272352
0.000276885
0.00027429
0.000273125
0.000278441
0.000269922
0.000209835
0.000217662
0.000189004
0.000149807
0.000139171
0.000131822
0.000188323
0.000185885
0.000221448
0.000225985
0.000273184
0.00026548
0.000296988
0.000302419
0.000288926
0.000280352
0.000268796
0.000296044
0.00023666
0.00025487
0.000230909
0.0002089
0.000161241
0.000142467
0.00011286
8.36629e-05
0.000186425
0.000188316
0.000224677
0.000233544
0.000257139
0.000284459
0.000304184
0.000296399
0.000316321
0.000302249
0.000299397
0.000283014
0.000294582
0.000231561
0.000252043
0.000248499
0.000217778
0.000178173
0.000146304
0.000104872
7.5237e-05
0.000174203
0.000214031
0.000233392
0.000251669
0.000271442
0.000292391
0.00027888
0.000318023
0.000316406
0.000306083
0.000279989
0.000297534
0.000232756
0.000253241
0.000263249
0.000233821
0.000185229
0.000142305
0.000105696
8.85134e-05
0.000177857
0.000208674
0.000237652
0.000252241
0.000264169
0.000312347
0.000303839
0.000284094
0.000305839
0.00028718
0.00027447
0.000269793
0.000281771
0.000273486
0.000227502
0.000191568
0.000184079
0.000122493
0.000111078
0.000165408
0.000169096
0.000194608
0.00020778
0.000243038
0.000276372
0.00029618
0.000308336
0.000297061
0.000289824
0.000289687
0.000273512
0.000271558
0.00025812
0.000192816
0.000188336
0.000127035
0.000126452
0.000166985
0.000182874
0.000188961
0.000219871
0.000258398
0.000285173
0.00027857
0.000298267
0.000282198
0.000291862
0.000286631
0.000275573
0.000265817
0.000213863
0.000188634
0.000149693
0.000117497
3.83811e-05
0.0001564
0.000199477
0.000209756
0.000224918
0.000245032
0.000248256
0.000262771
0.000267952
0.000293623
0.000290314
0.000235675
0.0002049
0.000167754
0.000100241
3.09072e-05
0.000459673
0.000156842
0.000195872
0.000205123
0.000205368
0.000244856
0.000267836
0.000260803
0.000267211
0.000285004
0.000289306
0.000282709
0.000233314
0.000200724
0.000162168
0.000105634
2.93715e-05
0.000455902
0.000157242
0.000169558
0.000197512
0.000209176
0.000212986
0.000224348
0.000245691
0.000281419
0.000269616
0.000194894
0.000144591
8.73506e-05
3.6877e-05
0.000439625
0.000157673
0.000156728
0.000198707
0.00021294
0.000217239
0.00021938
0.000242193
0.000292345
0.000280521
0.000226
0.000192461
0.00012405
7.94743e-05
4.24959e-05
7.34362e-05
0.000442348
0.000166071
0.000169472
0.000191804
0.000214477
0.000223453
0.000232162
0.000271539
0.000275146
0.000208037
0.000171602
0.000108628
7.23557e-05
2.57998e-05
4.82568e-05
0.000138285
0.00015374
0.000165349
0.000196401
0.00020818
0.000227035
0.000226053
0.00026577
0.000272879
0.000198694
0.000186704
0.000169455
0.000140734
8.52828e-05
9.08243e-06
0.000153958
0.000152805
0.000188688
0.000191462
0.000206225
0.000203496
0.000239589
0.000256897
0.000266567
0.000194269
0.000166779
0.000139213
0.000103895
5.10617e-05
-2.41216e-06
0.000122211
0.000152496
0.000165548
0.000200929
0.000203544
0.000210144
0.000220449
0.000242191
0.000255324
0.000147623
9.42622e-05
4.60548e-05
2.32587e-05
0.000127733
0.000121419
0.000190755
0.000161325
0.000189435
0.000215001
0.000225366
0.000232388
0.000242082
0.000133224
0.000101674
5.69299e-05
6.24655e-06
0.000129562
0.000129096
0.000125673
0.000182438
0.000174533
0.000201688
0.000221817
0.000234518
0.000230257
0.000247991
0.000186122
0.000179697
0.000126725
8.45788e-05
5.94845e-05
2.23207e-05
-1.67649e-05
0.00011801
0.000122936
0.000128384
0.000136891
0.000175892
0.000177388
0.000223627
0.000250517
0.00024492
0.000253427
0.00017032
0.000173823
0.000119943
7.25923e-05
4.88274e-05
4.54455e-05
2.73762e-06
0.000136945
0.000132408
0.00013688
0.000153872
0.000182124
0.000208046
0.000226184
0.000251294
0.000237762
0.000184052
0.000171896
0.000157033
0.000116368
5.33358e-05
9.02721e-06
1.45997e-05
-1.44573e-05
-3.32023e-05
0.000107938
0.000139582
0.000140935
0.00016752
0.000151078
0.000193929
0.000222003
0.00023379
0.000253204
0.000241242
0.000170552
0.000163509
0.000138561
8.83021e-05
1.90605e-05
-9.40711e-06
-1.95541e-05
-4.38909e-05
0.000112741
0.00012628
0.000120799
0.000167826
0.000160091
0.0001797
0.000165667
0.000226752
0.000240442
0.000251436
0.000155725
0.000132354
6.36976e-05
-7.08703e-06
-4.96953e-05
-5.49458e-05
0.000118269
0.000134692
0.000158808
0.000176782
0.000172703
0.000199864
0.000213464
0.000243071
0.000154916
0.00011139
4.14556e-05
-3.22248e-05
0.000115628
0.000145237
0.000169001
0.000177357
0.000196717
0.000199713
0.000223069
0.000216313
0.0001538
0.000150232
9.31401e-05
2.15686e-05
-5.45352e-05
0.000119726
0.000121999
0.00013746
0.000150398
0.000185921
0.000207357
0.000224022
0.000224154
0.000233182
0.000231222
0.000147799
0.000124152
0.000134307
7.20998e-05
1.77965e-05
-4.32249e-05
0.000333223
0.000313342
0.000275953
0.000116935
0.000129853
0.000129235
0.000145861
0.000183642
0.000196597
0.000228093
0.000240637
0.000238059
0.000244947
0.000248255
0.000138111
0.000121333
0.000133201
4.29108e-05
-3.54555e-05
-7.74805e-05
0.000237326
0.000253119
0.00026337
0.000211353
0.00012737
0.00012955
0.000133633
0.000140041
0.000163055
0.000177219
0.000193524
0.000222937
0.000251537
0.000252926
9.87859e-05
0.000114579
9.52823e-06
-5.94151e-05
0.000230746
0.000258008
0.000250317
0.000238772
0.000229399
0.000232706
0.000209434
0.000208337
0.000177999
0.000160933
0.000142248
0.000154021
0.000128421
0.000149268
0.000172
0.000171155
0.000166135
0.000199114
0.000197357
0.000225863
0.000225221
0.000125986
7.88735e-05
6.55768e-05
-3.92995e-06
-6.61784e-05
0.000232135
0.000242345
0.000237689
0.000230975
0.000237018
0.00023623
0.000215809
0.000219652
0.00018409
0.000221668
0.000193123
0.000169505
0.000190907
0.00015642
0.000167779
0.000145789
0.000163929
0.000160036
0.000132115
0.000137142
0.000157021
0.000187712
0.000197312
0.000196255
0.0002044
0.000208434
0.000219414
0.000247504
0.000237158
0.000116702
8.22418e-05
8.12409e-06
2.822e-06
-4.06255e-05
-8.82256e-05
0.00023751
0.000257973
0.000234103
0.000246929
0.000232875
0.000216407
0.000229347
0.000221893
0.000199681
0.000262716
0.000215927
0.000196508
0.000217965
0.000173235
0.000206291
0.000171014
0.000181484
0.000189385
0.000165302
0.000182376
0.000168241
0.000198465
0.000229415
0.000215798
0.000231914
0.000241624
0.000230005
0.000249072
0.000110548
5.63533e-05
-2.25481e-05
-3.92343e-05
-7.92947e-05
-0.000100517
0.000231504
0.000256719
0.000242039
0.000240432
0.00022693
0.000221512
0.000236464
0.000234222
0.000225877
0.000235818
0.000235299
0.000229897
0.000252336
0.000219036
0.000227122
0.000203596
0.000202677
0.000208206
0.000201373
0.000206744
0.000204368
0.00021853
0.00025914
0.000225876
0.000250863
0.000248567
0.00024292
8.2973e-05
8.33713e-06
-6.45568e-05
-8.28376e-05
0.000215309
0.000267746
0.000252638
0.000244706
0.000247999
0.000224512
0.000231948
0.000236959
0.000240167
0.000225644
0.000249304
0.000273712
0.000255372
0.000232611
0.000265001
0.000222763
0.000230889
0.000240342
0.000223322
0.000220664
0.000239415
0.000243184
0.000230239
9.86766e-05
7.44798e-05
-1.69573e-05
-9.52616e-05
0.000215212
0.00023455
0.000250413
0.000250972
0.000244077
0.000204403
0.000242737
0.00024603
0.000239027
0.000265401
0.000244324
0.000278998
0.000271318
0.000271992
0.000250664
0.000250097
0.000230413
0.000253808
0.000242069
0.00024751
0.000250922
0.000262692
0.000241043
8.87903e-05
4.33116e-05
-3.11734e-05
0.000204068
0.000229014
0.000272645
0.000247639
0.000228348
0.000213661
0.000238837
0.000257488
0.000244742
0.000267259
0.000239817
0.000299624
0.000294849
0.000267738
0.000259592
0.000253148
0.000249034
0.000248809
0.000250615
0.000268426
0.000265873
9.154e-05
7.12011e-05
1.84566e-06
-9.03069e-05
0.000194417
0.000240588
0.000229787
0.000224546
0.000210315
0.000230441
0.000244971
0.000259731
0.000280185
0.000258098
0.000283748
0.000292646
0.000259043
0.000259248
0.000263673
0.000288131
0.000256813
0.000264138
6.62849e-05
5.81865e-05
-3.03894e-05
-7.71294e-05
0.000175969
0.000199617
0.00019816
0.000231788
0.00019725
0.000216324
0.000226378
0.000237646
0.000303224
0.000260501
0.000286304
0.000281532
0.000269342
0.000270858
0.000268987
9.20637e-05
7.27873e-06
-1.29838e-05
-8.49445e-05
0.000185722
0.000180941
0.000202477
0.000185966
0.000205173
0.000222059
0.00021707
0.000268576
0.000248488
0.000269091
0.000277028
0.000272029
0.000262816
0.000266228
7.12624e-05
5.34301e-05
-2.2675e-05
-5.22384e-05
-0.000121188
0.000159191
0.000161561
0.000162202
0.000163158
0.000166699
0.000174752
0.000197103
0.000194143
0.000228876
0.00026376
0.00028469
0.000260119
0.000259819
8.01078e-05
4.6294e-05
2.17836e-05
-6.68199e-05
-8.21086e-05
0.000132955
0.000150349
0.000172066
0.000157932
0.000195031
0.000213697
0.00022406
0.000276514
0.000250317
0.000268241
0.00025209
0.000250168
6.80032e-05
1.72926e-05
-1.78874e-05
-0.000118897
-0.000113899
0.000121515
0.000142357
0.000178314
0.00019977
0.000200869
0.000238196
0.000209632
0.000241037
0.000250199
0.000239883
7.77907e-05
6.89361e-05
4.00464e-05
-2.53134e-06
-5.73848e-05
0.000118365
0.000163083
0.000176206
0.000181581
0.000200887
0.000220559
0.000203528
0.000205811
0.000221119
7.37027e-05
2.93326e-05
3.89784e-05
-1.40719e-05
-6.04909e-05
-0.000111438
0.000108664
0.000135869
0.000137244
0.000174304
0.000174496
0.000166878
0.000170997
0.000199898
0.000223846
1.125e-05
-1.80236e-05
-1.45937e-05
-4.4355e-05
-0.000102759
-0.000133066
9.38465e-05
0.000100512
0.000111933
0.000134255
0.000138866
0.000136232
0.000145909
0.000155479
0.000185277
6.30155e-05
-3.0796e-05
-3.62907e-05
-5.08015e-05
-8.77613e-05
-0.000122891
7.03531e-05
6.92527e-05
0.000103604
0.000111188
0.000100715
9.59787e-05
0.000115809
0.000151918
0.000205066
4.61265e-05
-5.24204e-05
-0.000125932
-8.71679e-05
-0.000120059
5.3071e-05
0.00010295
6.83231e-05
8.21769e-05
4.62332e-05
6.42066e-05
0.000128502
0.000171782
0.000189532
6.07517e-05
2.71767e-05
-6.0636e-05
-0.000141144
-0.000105061
6.28366e-05
5.56907e-05
3.87404e-05
3.15928e-05
3.26901e-05
8.15282e-05
0.000123377
0.000163905
0.000188308
0.00013814
0.000148385
5.26372e-05
3.60261e-05
-2.78816e-06
-8.22206e-05
1.65294e-05
1.77345e-05
6.82603e-05
0.000100435
0.00015204
0.000149123
0.000170033
9.24032e-05
9.32134e-05
0.000105397
8.46722e-05
7.17346e-05
3.88767e-05
3.30722e-05
-2.86107e-06
-5.39327e-05
-0.000133658
9.08527e-06
4.82908e-05
8.89549e-05
0.000123728
0.000146852
0.000141987
7.95212e-05
5.93876e-05
9.6439e-05
0.00011476
7.89238e-05
4.56666e-05
1.66108e-05
4.96034e-05
3.70935e-05
-2.0912e-05
-1.60167e-05
-6.4886e-05
-0.000125585
2.61184e-06
3.50181e-05
6.82416e-05
9.65669e-05
9.55682e-05
8.37291e-05
1.57978e-05
3.58473e-05
9.47719e-05
7.75565e-05
5.3633e-05
8.98428e-06
-7.27443e-05
-6.90286e-06
-2.30731e-05
-9.05558e-05
-9.69179e-05
-0.000115849
-0.000134332
-1.92906e-05
-6.24951e-07
2.7169e-05
4.47745e-05
-4.39923e-06
-1.49634e-05
2.97001e-05
4.67926e-05
8.45686e-05
5.8714e-05
5.75257e-05
3.68782e-05
-4.02005e-06
-3.38479e-05
-8.27676e-05
-0.00010192
-0.000152986
-0.000149032
-4.74783e-05
-3.07694e-05
-3.48419e-05
-4.60906e-05
-6.26059e-05
-5.95858e-05
-2.12821e-05
9.43381e-06
-1.00721e-05
-7.78496e-06
-2.37941e-05
-6.23924e-05
-9.06961e-05
-7.02674e-05
-9.03017e-05
-8.52263e-05
-8.89268e-05
-7.04534e-05
-7.6351e-05
-8.10656e-05
-0.000104721
0.000350839
0.000330761
0.00034013
0.000337559
0.000342618
0.000315199
0.000312559
0.000306032
0.000299491
0.000290115
0.000280873
0.000331255
0.000317787
0.00030781
0.000318139
0.000308532
0.000323717
0.000294084
0.000276269
0.000289375
0.000315318
0.000319058
0.000318697
0.000296519
0.000295488
0.000277785
0.000279699
0.0003048
0.000306038
0.00032197
0.000320838
0.000301738
0.000300741
0.000287045
0.000292153
0.000277768
0.000300154
0.000309558
0.000294784
0.00029994
0.000316905
0.000317327
0.000308611
0.000309613
0.000286276
0.000272605
0.000246765
0.000316159
0.000320526
0.000307629
0.000290377
0.000315211
0.00030708
0.000311857
0.000280901
0.000295719
0.000249904
0.000251609
0.00030558
0.000312801
0.000310522
0.00028303
0.000327015
0.000310785
0.000312848
0.000307015
0.000291162
0.000279105
0.000257138
0.000240706
0.000310545
0.000307135
0.000291636
0.000282162
0.000319223
0.000309313
0.000279415
0.000295256
0.000291735
0.000283413
0.0002621
0.00023553
0.000280776
0.000305359
0.000313305
0.000276391
0.000320164
0.000306446
0.000315317
0.00028377
0.000280545
0.000272357
0.000242491
0.000273125
0.000291992
0.000302291
0.000281607
0.000313323
0.000301611
0.000308656
0.000291044
0.000279593
0.000260044
0.000240674
0.000268804
0.000284859
0.000270729
0.000278405
0.000290228
0.000273163
0.000305309
0.000300324
0.000292834
0.000296594
0.000249555
0.000244391
0.000238309
0.000275128
0.000294453
0.000288296
0.000281451
0.000281952
0.000275641
0.000294934
0.000303965
0.000294028
0.000263642
0.000261455
0.000237855
0.00021243
0.000271546
0.000295729
0.00028912
0.000295222
0.000285353
0.000297063
0.00028629
0.000306112
0.000282087
0.000250739
0.0002478
0.000246246
0.00022072
0.000194678
0.000269532
0.000262881
0.000261575
0.00028728
0.00028484
0.000309967
0.000296633
0.000295239
0.000284921
0.000270433
0.000260985
0.000223924
0.000218583
0.000225826
0.000277302
0.000271127
0.000260449
0.00028376
0.00030012
0.000296652
0.000295793
0.000304266
0.000300181
0.000272081
0.000258557
0.000211076
0.000188096
0.000193213
0.00029116
0.000269217
0.000280864
0.000273883
0.000272922
0.000302997
0.000288822
0.000298368
0.000301403
0.000310641
0.000285345
0.000270406
0.000214959
0.000181648
0.000177031
0.000263518
0.000266918
0.000302797
0.000271678
0.000305555
0.000289008
0.000296923
0.0003206
0.000295724
0.000311298
0.000291377
0.00030071
0.000278739
0.000263686
0.000210784
0.000196871
0.00016186
0.000265152
0.000274158
0.00030615
0.000314038
0.000296972
0.000323493
0.000284163
0.00029449
0.000317333
0.000317215
0.000300168
0.000302116
0.000304854
0.000275692
0.000240353
0.000200317
0.000171723
0.000279724
0.000282245
0.000335206
0.000319032
0.000326845
0.000337623
0.000306498
0.000303693
0.000327087
0.000297167
0.000302165
0.000312614
0.000295709
0.000252497
0.000257452
0.000185728
0.00016478
0.000151135
0.000257834
0.000290877
0.000333104
0.00034042
0.000342057
0.000350371
0.000325475
0.000313957
0.000346394
0.000317483
0.000310803
0.000292253
0.000286079
0.000262911
0.000233389
0.000171914
0.000272485
0.000275317
0.000262314
0.000297667
0.000325547
0.000344683
0.000347645
0.000352268
0.000322646
0.000309807
0.0003566
0.000327725
0.000304118
0.000300257
0.000254837
0.000249498
0.000224557
0.00013813
0.000270313
0.000294443
0.000284347
0.000294724
0.000270545
0.000311682
0.00034152
0.000355
0.000358861
0.000354021
0.000314067
0.000364233
0.000308546
0.000314893
0.000286193
0.000245232
0.00024528
0.000206091
0.000147546
0.000272231
0.000268178
0.000288352
0.000281239
0.000303599
0.000285444
0.000330499
0.000358242
0.000366588
0.000360053
0.00036494
0.000340093
0.000311238
0.000311085
0.0002763
0.000236258
0.000217687
0.000184067
0.000270928
0.000281314
0.000301235
0.000284294
0.00032459
0.000311248
0.000330613
0.000329021
0.000358039
0.000358651
0.000356904
0.000365193
0.000351086
0.000328855
0.000309949
0.000298931
0.000273369
0.000208627
0.000184927
0.000159506
0.000278706
0.000296409
0.000319529
0.000299589
0.000317594
0.000322883
0.000346158
0.00033557
0.000352584
0.00035786
0.000350702
0.000366076
0.000321516
0.000299422
0.000293153
0.000254372
0.000242178
0.000192006
0.000181702
0.000152839
0.000275175
0.000268455
0.000270002
0.000260595
0.000255923
0.000269381
0.000282376
0.000324591
0.000333473
0.000298776
0.000329219
0.000318363
0.000360583
0.000344201
0.000347591
0.000361863
0.000344651
0.000327083
0.000317
0.000301659
0.000288306
0.000237911
0.000215773
0.000169368
0.000158415
0.000125365
0.000297224
0.000264365
0.000282544
0.000277564
0.000266223
0.000293072
0.000308639
0.000335345
0.00033334
0.000326965
0.00032973
0.000328128
0.000366535
0.000346379
0.000358294
0.000359231
0.000334818
0.000290098
0.000304246
0.000268692
0.000256998
0.000225606
0.000198551
0.000150452
0.00015034
0.000122979
0.000292008
0.00029653
0.000299098
0.000266981
0.000285001
0.000290481
0.000303294
0.000309023
0.000339584
0.000351585
0.000337887
0.000344374
0.000344022
0.000340328
0.000362184
0.000356033
0.000363506
0.000355603
0.000338993
0.0002876
0.00025849
0.000242084
0.000232415
0.000197749
0.000180159
0.000131676
0.000128695
0.000292888
0.000282099
0.00031379
0.000290601
0.000289315
0.000308045
0.000312984
0.000301808
0.000335347
0.000327258
0.000379393
0.000359667
0.000345349
0.000351244
0.00035237
0.000368641
0.00035451
0.000352172
0.000323842
0.000261152
0.000234944
0.000242119
0.000192743
0.000175343
0.000152394
0.000120769
0.00011476
0.00032152
0.000298722
0.00030013
0.000283096
0.00028409
0.000295283
0.000295402
0.000338051
0.000311212
0.00030367
0.000321547
0.000308344
0.000319825
0.000358136
0.000338947
0.000372409
0.000369848
0.000359785
0.000362864
0.000357848
0.00034878
0.000338583
0.000283198
0.000238034
0.000215898
0.000213883
0.000180822
0.000149064
0.000135132
0.000301027
0.000294674
0.000301265
0.000300607
0.000313018
0.000325304
0.000341724
0.000326128
0.000298673
0.000325902
0.000327624
0.000332069
0.000335765
0.000350858
0.000387591
0.000383146
0.000373321
0.000368767
0.000367606
0.000339554
0.000330805
0.000326367
0.000299636
0.000232957
0.000201668
0.000190208
0.000152904
0.000123956
0.000108845
0.000316235
0.000299443
0.000296897
0.000298211
0.000301556
0.000312812
0.000298569
0.000324186
0.000334386
0.00035151
0.000354486
0.00032132
0.000350549
0.000326268
0.000342994
0.000350716
0.00036807
0.000367923
0.000360223
0.000328541
0.000316897
0.000298845
0.000279395
0.000202311
0.000167339
0.000177322
0.000117939
0.000109518
0.000321613
0.000296664
0.000306582
0.000286846
0.000278907
0.000304758
0.000318989
0.00030456
0.000319893
0.000347863
0.000369584
0.000370484
0.000335189
0.000387779
0.00036236
0.000353545
0.000363626
0.000373009
0.000358672
0.000303065
0.000305309
0.000277602
0.000229986
0.000186407
0.000126674
0.000137285
0.000100328
0.000319046
0.000276945
0.000270019
0.00028993
0.000300734
0.000312967
0.000321739
0.000348808
0.000373013
0.000357622
0.00035537
0.000369997
0.000363172
0.000365184
0.000372244
0.000370432
0.000289081
0.000295491
0.000250861
0.00022953
0.000156778
0.000106421
0.0001244
0.000268578
0.000284749
0.000297434
0.000307983
0.00031829
0.000363067
0.000362243
0.000357436
0.000347745
0.000366725
0.00035458
0.000371084
0.000365714
0.000364623
0.000346913
0.000331318
0.000297639
0.000284386
0.000218539
0.000178767
0.000108058
9.11297e-05
0.000270879
0.00029638
0.000303996
0.000308927
0.00032621
0.000353121
0.000339642
0.000352604
0.000364357
0.000344377
0.000364251
0.000365932
0.000356141
0.000340476
0.000324203
0.000321766
0.000267371
0.000255743
0.00018965
0.000139409
9.25154e-05
0.000248981
0.000280103
0.000276736
0.000301464
0.000305451
0.000338059
0.000317714
0.000353406
0.000355842
0.000348573
0.000342657
0.000353433
0.000348685
0.00033272
0.000317567
0.00031505
0.000294369
0.000307869
0.000301068
0.000250834
0.000249375
0.000178137
0.000114472
0.000244455
0.000260379
0.000283897
0.000292857
0.000315663
0.000313982
0.000324606
0.000324131
0.000328251
0.000334168
0.000324095
0.000345224
0.000325962
0.000333625
0.000320305
0.000315371
0.000296855
0.000290393
0.000236572
0.000277938
0.000271873
0.00022183
0.00021629
0.000153588
9.32025e-05
0.000230559
0.000248725
0.000268414
0.00029285
0.000277681
0.000305678
0.000290466
0.000307014
0.000303282
0.000308939
0.000315612
0.000308844
0.000318223
0.000301277
0.000281035
0.000257313
0.00022078
0.000228062
0.000256032
0.000257275
0.00018313
0.000170911
0.000123242
0.000214665
0.000225094
0.000238437
0.000260521
0.000257759
0.00026686
0.000233355
0.000256532
0.000256553
0.000290685
0.000290516
0.000278807
0.000302285
0.000272664
0.000254104
0.000197828
0.000189072
0.000186687
0.000222733
0.00021735
0.000137763
0.000138199
9.16446e-05
0.000205708
0.000219137
0.000223305
0.000221409
0.000185416
0.000179603
0.000207318
0.000247264
0.000278451
0.000252607
0.000265742
0.000246808
0.000221794
0.000158376
0.000148586
0.000122238
0.000167262
0.000163695
9.54059e-05
8.92539e-05
0.000195579
0.000196772
0.000204502
0.000167882
0.000175489
0.000222135
0.000219886
0.000218904
0.000206286
0.000182952
0.000145624
0.000134063
0.000107069
0.000105436
0.000114955
0.000178066
0.00017723
0.000147869
0.000175937
0.000176528
0.000174535
0.00017127
0.000146843
0.00010123
7.57552e-05
0.000140158
0.000131915
0.000130591
0.000119273
0.000106847
0.000133658
0.000105843
0.000391681
0.00038217
0.00038478
0.000369956
0.00039196
0.000378136
0.000390494
0.000385085
0.000370244
0.000364323
0.000357329
0.000389178
0.000383311
0.00037121
0.000404617
0.000388889
0.000380543
0.000359989
0.000358315
0.000344188
0.000399663
0.000399468
0.000390189
0.000377756
0.000379666
0.000388762
0.00036162
0.000358414
0.000358491
0.000344944
0.00039853
0.000403572
0.000416977
0.000387787
0.000367663
0.000386482
0.000361529
0.000350641
0.000350249
0.000385317
0.000406218
0.000439304
0.000421281
0.000392809
0.000376131
0.000386857
0.000348687
0.000340512
0.000337782
0.000401192
0.000429687
0.000420421
0.000398811
0.000390426
0.000387199
0.000367948
0.000353179
0.000384969
0.000401977
0.000403331
0.000391128
0.000387063
0.000370143
0.000354399
0.000346327
0.000367739
0.000392258
0.000385614
0.000372084
0.000358597
0.000346403
0.000330879
0.000331862
0.000358875
0.000388559
0.000371085
0.000362548
0.000323054
0.000316908
0.000374717
0.000350142
0.000351482
0.000344862
0.000338187
0.000358987
