%time,field.header.seq,field.header.stamp,field.header.frame_id,field.pixels
1637084748748637025,1431,0,,690
1637084748864030246,1432,0,,652
1637084748981362876,1433,0,,640
1637084749104065843,1434,0,,622
1637084749209412443,1435,0,,567
1637084749296660692,1436,0,,514
1637084749398272030,1437,0,,465
1637084749496219799,1438,0,,419
1637084749591278807,1439,0,,382
1637084749691090205,1440,0,,329
1637084749831144235,1441,0,,262
1637084749932373337,1442,0,,217
1637084750029070862,1443,0,,178
1637084750127863315,1444,0,,161
1637084750228533135,1445,0,,148
1637084750332557173,1446,0,,141
1637084750438087552,1447,0,,128
1637084750541249027,1448,0,,118
1637084750642686134,1449,0,,109
1637084750740839479,1450,0,,100
1637084750816845766,1451,0,,91
1637084750911725494,1452,0,,85
1637084751049922475,1453,0,,77
1637084751153278395,1454,0,,67
1637084751250694631,1455,0,,57
1637084751407874553,1456,0,,40
1637084751505939480,1457,0,,26
1637084751627884249,1458,0,,7
1637084751727521833,1459,0,,0
1637084751845095507,1460,0,,0
1637084751938775496,1461,0,,0
1637084752095644654,1462,0,,0
1637084752187612280,1463,0,,0
1637084752332984919,1464,0,,0
1637084752441666380,1465,0,,0
1637084752556436981,1466,0,,0
1637084752682344258,1467,0,,183
1637084752789708583,1468,0,,277
1637084752898277677,1469,0,,415
1637084752993944646,1470,0,,518
1637084753124521285,1471,0,,718
1637084753239083672,1472,0,,907
1637084753322550130,1473,0,,1023
1637084753436880994,1474,0,,1144
1637084753535704374,1475,0,,1234
1637084753699461160,1476,0,,1383
1637084753806658270,1477,0,,1480
1637084753903643665,1478,0,,1561
1637084754009179252,1479,0,,1639
1637084754127012689,1480,0,,1696
1637084754231394440,1481,0,,1764
1637084754340057684,1482,0,,1817
1637084754442847201,1483,0,,1861
1637084754558780482,1484,0,,1923
1637084754670047229,1485,0,,1955
1637084754773633621,1486,0,,1961
1637084754882786817,1487,0,,1957
1637084754975267111,1488,0,,1938
1637084755077569071,1489,0,,1897
1637084755180536936,1490,0,,1844
1637084755285048155,1491,0,,1779
1637084755387927321,1492,0,,1713
1637084755540876229,1493,0,,1474
1637084755643304688,1494,0,,1228
1637084755741488787,1495,0,,1020
1637084755857457305,1496,0,,836
1637084755944961481,1497,0,,715
1637084756035403377,1498,0,,643
1637084756143210821,1499,0,,584
1637084756245820507,1500,0,,585
1637084756340488922,1501,0,,634
1637084756432208901,1502,0,,677
1637084756519398898,1503,0,,717
1637084756609561268,1504,0,,765
1637084756722392677,1505,0,,845
1637084756847908970,1506,0,,932
1637084756954045429,1507,0,,1012
1637084757039609542,1508,0,,1087
1637084757178476542,1509,0,,1170
1637084757281745149,1510,0,,1248
1637084757399957349,1511,0,,1307
1637084757488035551,1512,0,,1334
1637084757626263767,1513,0,,1401
1637084757739127783,1514,0,,1456
1637084757834823078,1515,0,,1491
1637084757929052527,1516,0,,1516
1637084758029503244,1517,0,,1570
1637084758170260838,1518,0,,1608
1637084758262785568,1519,0,,1628
1637084758319987957,1520,0,,1641
1637084758441645139,1521,0,,1629
1637084758534715251,1522,0,,1666
1637084758658337218,1523,0,,1676
1637084758765725571,1524,0,,1595
1637084758870564048,1525,0,,1579
1637084758961201062,1526,0,,1547
1637084759100107065,1527,0,,1516
1637084759178445404,1528,0,,1538
1637084759291060648,1529,0,,1530
1637084759387292306,1530,0,,1483
1637084759539767211,1531,0,,1526
1637084759645888165,1532,0,,1578
1637084759759953664,1533,0,,1657
1637084759905581735,1534,0,,1716
1637084760016870695,1535,0,,1768
1637084760104736612,1536,0,,1826
1637084760200814359,1537,0,,1919
1637084760328919223,1538,0,,2030
1637084760438192927,1539,0,,2107
1637084760559035270,1540,0,,2162
1637084760662828291,1541,0,,2233
1637084760763359994,1542,0,,2317
1637084760867425748,1543,0,,2402
1637084761011416007,1544,0,,2505
1637084761104584300,1545,0,,2546
1637084761167391700,1546,0,,2578
1637084761291940933,1547,0,,2629
1637084761422225569,1548,0,,2681
1637084761537990524,1549,0,,2713
1637084761674924211,1550,0,,2729
1637084761775856768,1551,0,,2688
1637084761888768031,1552,0,,2631
1637084761986163267,1553,0,,2551
1637084762088668380,1554,0,,2455
1637084762176726116,1555,0,,2387
1637084762284112982,1556,0,,2250
1637084762390093361,1557,0,,2150
1637084762480737594,1558,0,,2103
1637084762598579991,1559,0,,2044
1637084762695685271,1560,0,,1980
1637084762793159537,1561,0,,1949
1637084762889961641,1562,0,,1921
1637084762988796951,1563,0,,1852
1637084763084169197,1564,0,,1795
1637084763190504261,1565,0,,1759
1637084763260968044,1566,0,,1757
1637084763390777202,1567,0,,1724
1637084763491788875,1568,0,,1707
1637084763644983436,1569,0,,1673
1637084763759741324,1570,0,,1638
1637084763859308594,1571,0,,1633
1637084763944481773,1572,0,,1609
1637084764037695151,1573,0,,1598
1637084764152069410,1574,0,,1604
1637084764241334481,1575,0,,1621
1637084764328175919,1576,0,,1653
1637084764452022354,1577,0,,1683
1637084764537624476,1578,0,,1713
1637084764680832994,1579,0,,1727
1637084764782698454,1580,0,,1696
1637084764883751365,1581,0,,1736
1637084764963133126,1582,0,,1817
1637084765053844255,1583,0,,1888
1637084765148343780,1584,0,,1928
1637084765247339846,1585,0,,1943
1637084765332157601,1586,0,,1984
1637084765418614782,1587,0,,1976
1637084765544226400,1588,0,,2037
1637084765638149546,1589,0,,2000
1637084765743514421,1590,0,,1979
1637084765846718308,1591,0,,2016
1637084765940314132,1592,0,,2067
1637084766053836488,1593,0,,2116
1637084766147677834,1594,0,,2121
1637084766243200214,1595,0,,2101
1637084766351217428,1596,0,,2074
1637084766447539693,1597,0,,2113
1637084766543729730,1598,0,,2139
1637084766638417364,1599,0,,2189
1637084766715550324,1600,0,,2217
1637084766813307481,1601,0,,2267
1637084766910479196,1602,0,,2307
1637084767016878900,1603,0,,2336
1637084767131333602,1604,0,,2374
1637084767213120134,1605,0,,2390
1637084767360494959,1606,0,,2371
1637084767474783158,1607,0,,2316
1637084767618232959,1608,0,,2278
1637084767733607676,1609,0,,2274
1637084767819504827,1610,0,,2242
1637084767963218574,1611,0,,2226
1637084768077481836,1612,0,,2192
1637084768185314421,1613,0,,2137
1637084768297906018,1614,0,,2092
1637084768395695839,1615,0,,2040
1637084768494488593,1616,0,,2011
1637084768569109014,1617,0,,2017
1637084768681436354,1618,0,,2005
1637084768776005358,1619,0,,1982
1637084768910253671,1620,0,,1962
1637084769010191535,1621,0,,1952
1637084769101740119,1622,0,,1934
1637084769231388492,1623,0,,1898
1637084769307864532,1624,0,,1864
1637084769443047709,1625,0,,1794
1637084769586317714,1626,0,,1683
1637084769709366811,1627,0,,1579
1637084769829327421,1628,0,,1486
1637084769924426669,1629,0,,1418
1637084770025175583,1630,0,,1324
1637084770133642553,1631,0,,1258
1637084770290379902,1632,0,,1238
1637084770379643198,1633,0,,1232
1637084770476592034,1634,0,,1199
1637084770599520678,1635,0,,1185
1637084770805059290,1636,0,,1165
1637084770894194550,1637,0,,1208
1637084771017774087,1638,0,,1232
1637084771159003358,1639,0,,1217
1637084771221506453,1640,0,,1209
1637084771328763899,1641,0,,1222
1637084771423102877,1642,0,,1226
1637084771559354949,1643,0,,1267
1637084771649475440,1644,0,,1315
1637084771765078601,1645,0,,1397
1637084771862250195,1646,0,,1480
1637084771961899833,1647,0,,1520
1637084772071488487,1648,0,,1588
1637084772183072194,1649,0,,1737
1637084772343264447,1650,0,,1941
1637084772465910350,1651,0,,2010
1637084772562914669,1652,0,,2033
1637084772609503147,1653,0,,2050
1637084772725504144,1654,0,,2100
1637084772847370773,1655,0,,2132
1637084772946106590,1656,0,,2154
1637084773054694360,1657,0,,2153
1637084773208260283,1658,0,,2106
1637084773333257459,1659,0,,2086
1637084773480446257,1660,0,,2031
1637084773576233760,1661,0,,1987
1637084773736459071,1662,0,,1952
1637084773808690018,1663,0,,1952
1637084773868651659,1664,0,,1952
1637084773929863841,1665,0,,1952
1637084773998829825,1666,0,,1952
1637084774063441054,1667,0,,1952
1637084774115517197,1668,0,,1952
1637084774211642184,1669,0,,1951
1637084774314454087,1670,0,,1955
1637084774430330826,1671,0,,1967
1637084774526363524,1672,0,,1920
1637084774640655123,1673,0,,1842
1637084774723351779,1674,0,,1810
1637084774807284255,1675,0,,1765
1637084774886487356,1676,0,,1753
1637084775005737096,1677,0,,1768
1637084775089426650,1678,0,,1752
1637084775219025079,1679,0,,1735
1637084775319871764,1680,0,,1751
1637084775413272148,1681,0,,1754
1637084775515630867,1682,0,,1773
1637084775638320405,1683,0,,1720
1637084775730749251,1684,0,,1703
1637084775859590076,1685,0,,1630
1637084775958577034,1686,0,,1571
1637084776141395517,1687,0,,1443
1637084776240927016,1688,0,,1405
1637084776326781209,1689,0,,1357
1637084776423201677,1690,0,,1320
1637084776531741257,1691,0,,1262
1637084776619291751,1692,0,,1201
1637084776715085224,1693,0,,1145
1637084776791371933,1694,0,,1083
1637084776886763851,1695,0,,1044
1637084777018894113,1696,0,,984
1637084777174741567,1697,0,,947
1637084777296109841,1698,0,,964
1637084777440697013,1699,0,,1006
1637084777535826494,1700,0,,965
1637084777626064512,1701,0,,961
1637084777723503253,1702,0,,963
1637084777837155206,1703,0,,962
1637084777943394763,1704,0,,183
1637084778087981780,1705,0,,218
1637084778190815753,1706,0,,279
1637084778290797631,1707,0,,334
1637084778387275863,1708,0,,405
1637084778476242768,1709,0,,473
1637084778583547604,1710,0,,548
1637084778738553354,1711,0,,637
1637084778845584111,1712,0,,672
1637084778950549829,1713,0,,699
1637084779035060644,1714,0,,712
1637084779129779227,1715,0,,719
1637084779273641744,1716,0,,696
1637084779358317827,1717,0,,664
1637084779465375347,1718,0,,617
1637084779593526472,1719,0,,534
1637084779699288474,1720,0,,491
1637084779810509871,1721,0,,427
1637084779946352822,1722,0,,359
1637084780048408599,1723,0,,274
1637084780147690111,1724,0,,206
1637084780235315379,1725,0,,179
1637084780346975912,1726,0,,186
1637084780451053682,1727,0,,198
1637084780543298227,1728,0,,194
1637084780655913715,1729,0,,181
1637084780741852482,1730,0,,192
1637084780838694519,1731,0,,173
1637084780967873790,1732,0,,107
1637084781057047223,1733,0,,57
1637084781165613742,1734,0,,18
1637084781293091967,1735,0,,17
1637084781394523205,1736,0,,40
1637084781497296823,1737,0,,56
1637084781632025921,1738,0,,63
1637084781739947448,1739,0,,66
1637084781877302328,1740,0,,29
1637084781997312466,1741,0,,29
1637084782100113850,1742,0,,44
1637084782203788558,1743,0,,78
1637084782327760898,1744,0,,110
1637084782444913164,1745,0,,151
1637084782529655109,1746,0,,151
1637084782651007539,1747,0,,139
1637084782763393095,1748,0,,117
1637084782851650280,1749,0,,121
1637084782973927123,1750,0,,116
1637084783088977961,1751,0,,109
1637084783218378424,1752,0,,126
1637084783345691120,1753,0,,133
1637084783444828244,1754,0,,129
1637084783548441540,1755,0,,122
1637084783636607224,1756,0,,139
1637084783791576238,1757,0,,167
1637084783941268035,1758,0,,203
1637084784045045874,1759,0,,215
1637084784171639240,1760,0,,212
1637084784311215057,1761,0,,205
1637084784402264218,1762,0,,211
1637084784501613413,1763,0,,203
1637084784607833898,1764,0,,192
1637084784715080384,1765,0,,191
1637084784812049397,1766,0,,199
1637084784917878274,1767,0,,203
1637084785026986749,1768,0,,201
1637084785126478914,1769,0,,216
1637084785226925735,1770,0,,225
1637084785328746899,1771,0,,248
1637084785431195059,1772,0,,273
1637084785551798206,1773,0,,286
1637084785703300660,1774,0,,292
1637084785803821968,1775,0,,293
1637084785926856532,1776,0,,295
1637084786018423444,1777,0,,446
1637084786183671052,1778,0,,426
1637084786275528117,1779,0,,426
1637084786457739991,1780,0,,419
1637084786557577930,1781,0,,412
1637084786695931748,1782,0,,433
1637084786775702614,1783,0,,441
1637084786906679922,1784,0,,460
1637084787017324794,1785,0,,484
1637084787112490421,1786,0,,496
1637084787201535192,1787,0,,500
1637084787329597727,1788,0,,497
1637084787437465593,1789,0,,494
1637084787568817962,1790,0,,508
1637084787691669483,1791,0,,505
1637084787803453883,1792,0,,507
1637084787925441787,1793,0,,510
1637084788043951659,1794,0,,504
1637084788136679651,1795,0,,509
1637084788247771525,1796,0,,527
1637084788350730442,1797,0,,538
1637084788470372731,1798,0,,563
1637084788586436166,1799,0,,594
1637084788688275614,1800,0,,599
1637084788788447461,1801,0,,612
1637084788913048013,1802,0,,612
1637084789073881359,1803,0,,614
1637084789197553768,1804,0,,614
1637084789310460891,1805,0,,617
1637084789404939508,1806,0,,619
1637084789563600255,1807,0,,614
1637084789666456949,1808,0,,620
1637084789764601153,1809,0,,632
1637084789870541512,1810,0,,654
1637084789973444064,1811,0,,668
1637084790083086758,1812,0,,686
1637084790223201699,1813,0,,710
1637084790383975401,1814,0,,716
1637084790488129687,1815,0,,716
1637084790637497381,1816,0,,724
1637084790750732500,1817,0,,723
1637084790865215097,1818,0,,722
1637084790966721747,1819,0,,721
1637084791063293302,1820,0,,725
1637084791107302208,1821,0,,719
1637084791223696296,1822,0,,725
1637084791345112190,1823,0,,735
1637084791445403458,1824,0,,753
1637084791539396890,1825,0,,774
1637084791643846001,1826,0,,787
1637084791734685933,1827,0,,807
1637084791852784022,1828,0,,816
1637084791997130464,1829,0,,817
1637084792143517917,1830,0,,823
1637084792263118697,1831,0,,828
1637084792399794702,1832,0,,830
1637084792508893996,1833,0,,833
1637084792629950519,1834,0,,839
1637084792733565693,1835,0,,834
1637084792840740540,1836,0,,840
1637084792957305379,1837,0,,863
1637084793139079876,1838,0,,891
1637084793267412231,1839,0,,915
1637084793422186511,1840,0,,925
1637084793550482277,1841,0,,933
1637084793639804678,1842,0,,938
1637084793743510049,1843,0,,940
1637084793853695337,1844,0,,939
1637084793954122191,1845,0,,939
1637084794071372445,1846,0,,939
1637084794235065903,1847,0,,942
1637084794360692704,1848,0,,938
1637084794456744234,1849,0,,954
1637084794552734937,1850,0,,965
1637084794713478053,1851,0,,998
1637084794788751863,1852,0,,1006
1637084794881962428,1853,0,,1017
1637084794953256666,1854,0,,1024
1637084795069337694,1855,0,,1039
1637084795155986944,1856,0,,1040
1637084795240866278,1857,0,,1040
1637084795377411017,1858,0,,1048
1637084795469544276,1859,0,,1046
1637084795574858815,1860,0,,1050
1637084795665036407,1861,0,,1051
1637084795761494694,1862,0,,1051
1637084795895099352,1863,0,,1054
1637084795981434146,1864,0,,1050
1637084796084295964,1865,0,,1075
1637084796177130837,1866,0,,1086
1637084796326902612,1867,0,,1121
1637084796415093733,1868,0,,1139
1637084796488357514,1869,0,,1148
1637084796552374333,1870,0,,1153
1637084796621958285,1871,0,,1155
1637084796718784078,1872,0,,1154
1637084796819156128,1873,0,,1158
1637084796907636013,1874,0,,1163
1637084796959736084,1875,0,,1162
1637084797102814645,1876,0,,1164
1637084797195557569,1877,0,,1163
1637084797287499209,1878,0,,1165
1637084797376880796,1879,0,,1160
1637084797488987173,1880,0,,1162
1637084797584847155,1881,0,,1173
1637084797678805074,1882,0,,1184
1637084797773866941,1883,0,,1198
1637084797908602632,1884,0,,1220
1637084798018665381,1885,0,,1237
1637084798099282577,1886,0,,1249
1637084798191497519,1887,0,,1249
1637084798272673147,1888,0,,1249
1637084798379791777,1889,0,,1250
1637084798467311515,1890,0,,1263
1637084798567637799,1891,0,,1263
1637084798657496392,1892,0,,1263
1637084798742449707,1893,0,,1267
1637084798841590961,1894,0,,1267
1637084798940890153,1895,0,,1257
1637084799047999015,1896,0,,1259
1637084799210754174,1897,0,,1278
1637084799304144869,1898,0,,1285
1637084799395158886,1899,0,,1304
1637084799491854168,1900,0,,1331
1637084799598466894,1901,0,,1344
1637084799745135139,1902,0,,1348
1637084799827301134,1903,0,,1347
1637084799947022970,1904,0,,1345
1637084800047336358,1905,0,,1353
1637084800150470490,1906,0,,1352
1637084800257862611,1907,0,,1362
1637084800292855357,1908,0,,1361
1637084800417503049,1909,0,,1363
1637084800527529549,1910,0,,1343
1637084800653391429,1911,0,,1341
1637084800738711431,1912,0,,1354
1637084800862929681,1913,0,,1366
1637084800962630902,1914,0,,1404
1637084801055857145,1915,0,,1415
1637084801173766827,1916,0,,1426
1637084801262886188,1917,0,,1437
1637084801341071429,1918,0,,1439
1637084801431277568,1919,0,,1436
1637084801520438112,1920,0,,1434
1637084801609898342,1921,0,,1445
1637084801721362767,1922,0,,1441
1637084801858282752,1923,0,,1440
1637084801962236079,1924,0,,1437
1637084802054809142,1925,0,,1423
1637084802145525090,1926,0,,1422
1637084802247585067,1927,0,,1415
1637084802331044667,1928,0,,1439
1637084802415269923,1929,0,,1454
1637084802506512281,1930,0,,1469
1637084802582621570,1931,0,,1479
1637084802666752791,1932,0,,1493
1637084802756317961,1933,0,,1501
1637084802846604136,1934,0,,1505
1637084802937602334,1935,0,,1508
1637084803024813553,1936,0,,1508
1637084803103973121,1937,0,,1512
1637084803200311181,1938,0,,1508
1637084803278791548,1939,0,,1498
1637084803415911164,1940,0,,1496
1637084803509050756,1941,0,,1490
1637084803623203224,1942,0,,1480
1637084803675153210,1943,0,,1478
1637084803787768796,1944,0,,1462
1637084803857489606,1945,0,,1474
1637084803945809755,1946,0,,1484
1637084804036385033,1947,0,,1500
1637084804123597558,1948,0,,1515
1637084804215429639,1949,0,,1530
1637084804332860003,1950,0,,1558
1637084804398489980,1951,0,,1556
1637084804477209229,1952,0,,1548
1637084804546190335,1953,0,,1546
1637084804657107798,1954,0,,1542
1637084804732618141,1955,0,,1543
1637084804828876600,1956,0,,1539
1637084804920668728,1957,0,,1540
1637084804999151634,1958,0,,1526
1637084805094640743,1959,0,,1519
1637084805212992032,1960,0,,1496
1637084805300778175,1961,0,,1494
1637084805393209874,1962,0,,1506
1637084805493009080,1963,0,,1506
1637084805571367162,1964,0,,1518
1637084805663447429,1965,0,,1533
1637084805758316282,1966,0,,1546
1637084805854446671,1967,0,,1560
1637084805978843823,1968,0,,1564
1637084806075220962,1969,0,,1555
1637084806171725906,1970,0,,1549
1637084806271645035,1971,0,,1547
1637084806364525857,1972,0,,1538
1637084806456306729,1973,0,,1544
1637084806567142655,1974,0,,1528
1637084806699983958,1975,0,,1517
1637084806802462888,1976,0,,1494
1637084806915738765,1977,0,,1481
1637084807010106438,1978,0,,1504
1637084807102243385,1979,0,,1515
1637084807154770627,1980,0,,1522
1637084807252551905,1981,0,,1538
1637084807353242402,1982,0,,1554
1637084807431680703,1983,0,,1560
1637084807528258963,1984,0,,1554
1637084807619674837,1985,0,,1551
1637084807713070536,1986,0,,1547
1637084807808270180,1987,0,,1536
1637084807883783862,1988,0,,1531
1637084807977154517,1989,0,,1523
1637084808072399408,1990,0,,1518
1637084808174323044,1991,0,,1507
1637084808249084512,1992,0,,1500
1637084808338043540,1993,0,,1494
1637084808431716058,1994,0,,1484
1637084808526294225,1995,0,,1491
1637084808616603538,1996,0,,1501
1637084808711836018,1997,0,,1508
1637084808835791954,1998,0,,1525
1637084808928322453,1999,0,,1532
1637084809022034436,2000,0,,1543
1637084809121846365,2001,0,,1548
1637084809246566239,2002,0,,1539
1637084809338683209,2003,0,,1543
1637084809432230155,2004,0,,1542
1637084809471490574,2005,0,,1541
1637084809607870123,2006,0,,1527
1637084809757488756,2007,0,,1509
1637084809919604733,2008,0,,1499
1637084810018853422,2009,0,,1486
1637084810127717471,2010,0,,1508
1637084810237532057,2011,0,,1518
1637084810394568634,2012,0,,1522
1637084810483227750,2013,0,,1535
1637084810577658463,2014,0,,1553
1637084810681293883,2015,0,,1552
1637084810759196315,2016,0,,1549
1637084810845215990,2017,0,,1549
1637084810967912289,2018,0,,1540
1637084811055640640,2019,0,,1530
1637084811151886145,2020,0,,1524
1637084811226548367,2021,0,,1522
1637084811303055062,2022,0,,1515
1637084811388051859,2023,0,,1508
1637084811479319358,2024,0,,1498
1637084811568768051,2025,0,,1483
1637084811671935454,2026,0,,1492
1637084811764187983,2027,0,,1507
1637084811858715486,2028,0,,1509
1637084811935075847,2029,0,,1519
1637084812021852042,2030,0,,1533
1637084812063643797,2031,0,,1538
1637084812183922589,2032,0,,1546
1637084812273571633,2033,0,,1539
1637084812363595826,2034,0,,1535
1637084812403039336,2035,0,,1526
1637084812519437889,2036,0,,1517
1637084812606945107,2037,0,,1502
1637084812684883586,2038,0,,1492
1637084812771536864,2039,0,,1488
1637084812862540627,2040,0,,1489
1637084812944858205,2041,0,,1481
1637084813018175721,2042,0,,1467
1637084813115937350,2043,0,,1462
1637084813188420789,2044,0,,1472
1637084813284335157,2045,0,,1487
1637084813390300027,2046,0,,1495
1637084813475648897,2047,0,,1493
1637084813561980282,2048,0,,1503
1637084813740981616,2049,0,,1525
1637084813895198342,2050,0,,1514
1637084813972099604,2051,0,,1511
1637084814071483545,2052,0,,1499
1637084814144435569,2053,0,,1494
1637084814255206020,2054,0,,1487
1637084814439163574,2055,0,,1456
1637084814571397318,2056,0,,1449
1637084814711708455,2057,0,,1443
1637084814803364281,2058,0,,1462
1637084814901305109,2059,0,,1474
1637084814992757057,2060,0,,1487
1637084815084545560,2061,0,,1493
1637084815212213034,2062,0,,1509
1637084815301936787,2063,0,,1519
1637084815398253077,2064,0,,1516
1637084815488560544,2065,0,,1511
1637084815572999996,2066,0,,1503
1637084815668816118,2067,0,,1488
1637084815723377304,2068,0,,1492
1637084815843398229,2069,0,,1481
1637084815926187648,2070,0,,1468
1637084816018574301,2071,0,,1468
1637084816104418275,2072,0,,1446
1637084816175643316,2073,0,,1436
1637084816268121192,2074,0,,1415
1637084816337894719,2075,0,,1434
1637084816429638843,2076,0,,1454
1637084816520204805,2077,0,,1445
1637084816607742984,2078,0,,1457
1637084816686960180,2079,0,,1469
1637084816782380962,2080,0,,1476
1637084816842470985,2081,0,,1476
1637084816949089287,2082,0,,1474
1637084817037805604,2083,0,,1465
1637084817139546021,2084,0,,1460
1637084817282515080,2085,0,,1452
1637084817414063906,2086,0,,1428
1637084817563625767,2087,0,,1412
1637084817649743322,2088,0,,1408
1637084817693023015,2089,0,,1398
1637084817811800073,2090,0,,1370
1637084817903041985,2091,0,,1390
1637084818001381057,2092,0,,1401
1637084818079374295,2093,0,,1407
1637084818170742811,2094,0,,1410
1637084818261147181,2095,0,,1416
1637084818343689103,2096,0,,1421
1637084818431354577,2097,0,,1408
1637084818532884389,2098,0,,1395
1637084818622195521,2099,0,,1389
1637084818714188201,2100,0,,1382
1637084818810022353,2101,0,,1375
1637084818899469721,2102,0,,1358
1637084818989857617,2103,0,,1337
1637084819063495872,2104,0,,1339
1637084819164605433,2105,0,,1321
1637084819259781117,2106,0,,1315
1637084819301387451,2107,0,,1316
1637084819420703233,2108,0,,1321
1637084819510895983,2109,0,,1321
1637084819600955138,2110,0,,1331
1637084819691002202,2111,0,,1332
1637084819762614242,2112,0,,1335
1637084819850448514,2113,0,,1336
1637084819943209273,2114,0,,1331
1637084820014825155,2115,0,,1336
1637084820111609603,2116,0,,1326
1637084820198244234,2117,0,,1312
1637084820284618604,2118,0,,1319
1637084820355376791,2119,0,,1317
1637084820450574903,2120,0,,1303
1637084820527873524,2121,0,,1289
1637084820623145846,2122,0,,1275
1637084820668594516,2123,0,,1266
1637084820783503452,2124,0,,1246
1637084820870655731,2125,0,,1231
1637084820957423333,2126,0,,1216
1637084821044522651,2127,0,,1215
1637084821137225931,2128,0,,1208
1637084821227552584,2129,0,,1185
1637084821316950645,2130,0,,1178
1637084821410169563,2131,0,,1172
1637084821538931595,2132,0,,1153
1637084821701678829,2133,0,,1104
1637084821820288149,2134,0,,1053
1637084821899901571,2135,0,,966
1637084822026336496,2136,0,,914
1637084822096268685,2137,0,,854
1637084822224040998,2138,0,,741
1637084822299387835,2139,0,,660
1637084822391583551,2140,0,,602
1637084822483293767,2141,0,,549
1637084822581647682,2142,0,,531
1637084822667491217,2143,0,,518
1637084822766315457,2144,0,,459
1637084822859895881,2145,0,,445
1637084822963994755,2146,0,,440
1637084823060133301,2147,0,,414
1637084823137535371,2148,0,,390
1637084823302927745,2149,0,,342
1637084823393854846,2150,0,,308
1637084823561830567,2151,0,,220
1637084823638523544,2152,0,,206
1637084823731917745,2153,0,,184
1637084823835270208,2154,0,,160
1637084823921040863,2155,0,,151
1637084824004295830,2156,0,,144
1637084824089688356,2157,0,,184
1637084824184034803,2158,0,,185
1637084824275146810,2159,0,,177
1637084824371058856,2160,0,,187
1637084824465182541,2161,0,,248
1637084824536614147,2162,0,,277
1637084824634878109,2163,0,,246
1637084824724755591,2164,0,,198
1637084824803533044,2165,0,,135
1637084824902836955,2166,0,,167
1637084824991091848,2167,0,,191
1637084825114989444,2168,0,,201
1637084825214099970,2169,0,,290
1637084825303465036,2170,0,,377
1637084825432819825,2171,0,,389
1637084825518673195,2172,0,,404
1637084825653799787,2173,0,,393
1637084825749864205,2174,0,,376
1637084825837796060,2175,0,,338
1637084825931541064,2176,0,,367
1637084826024977432,2177,0,,404
1637084826119575206,2178,0,,435
1637084826210930116,2179,0,,443
1637084826305405506,2180,0,,433
1637084826444499637,2181,0,,421
1637084826536876314,2182,0,,411
1637084826618743235,2183,0,,392
1637084826747608989,2184,0,,427
1637084826833677265,2185,0,,458
1637084826926232110,2186,0,,462
1637084827023105874,2187,0,,459
1637084827093222861,2188,0,,453
1637084827182567897,2189,0,,448
1637084827276277037,2190,0,,438
1637084827392329483,2191,0,,456
1637084827485886326,2192,0,,485
1637084827570837529,2193,0,,508
1637084827753127466,2194,0,,526
1637084827899732413,2195,0,,524
1637084827981952260,2196,0,,528
1637084828074383064,2197,0,,541
1637084828174373817,2198,0,,523
1637084828254525981,2199,0,,520
1637084828343804197,2200,0,,527
1637084828436432961,2201,0,,522
1637084828529334055,2202,0,,525
1637084828671141810,2203,0,,530
1637084828711309676,2204,0,,527
1637084828844419611,2205,0,,552
1637084828932941142,2206,0,,558
1637084829037432565,2207,0,,594
1637084829129802693,2208,0,,609
1637084829220098234,2209,0,,632
1637084829298235985,2210,0,,651
1637084829387506495,2211,0,,653
1637084829480420611,2212,0,,653
1637084829603833281,2213,0,,668
1637084829720586137,2214,0,,667
1637084829817548613,2215,0,,664
1637084829902734463,2216,0,,665
1637084829959185322,2217,0,,668
1637084830051387728,2218,0,,664
1637084830127147205,2219,0,,666
1637084830237949964,2220,0,,672
1637084830329582769,2221,0,,685
1637084830418298385,2222,0,,697
1637084830540085242,2223,0,,723
1637084830633377639,2224,0,,746
1637084830724576082,2225,0,,761
1637084830859997526,2226,0,,778
1637084830964513259,2227,0,,777
1637084831071469455,2228,0,,781
1637084831161048872,2229,0,,785
1637084831255150050,2230,0,,805
1637084831340878449,2231,0,,799
1637084831467356096,2232,0,,789
1637084831537090074,2233,0,,786
1637084831623085155,2234,0,,784
1637084831709363330,2235,0,,784
1637084831752524634,2236,0,,783
1637084831866011534,2237,0,,794
1637084831958195091,2238,0,,800
1637084832012235779,2239,0,,808
1637084832123922203,2240,0,,846
1637084832197121411,2241,0,,853
1637084832288126497,2242,0,,873
1637084832383580546,2243,0,,884
1637084832478746383,2244,0,,890
1637084832553059345,2245,0,,883
1637084832701493976,2246,0,,893
1637084832799425592,2247,0,,892
1637084832885287509,2248,0,,890
1637084832979403123,2249,0,,894
1637084833061151195,2250,0,,893
1637084833225264524,2251,0,,886
1637084833311991497,2252,0,,889
1637084833468415802,2253,0,,913
1637084833582460437,2254,0,,928
1637084833675842597,2255,0,,940
1637084833772206314,2256,0,,967
1637084833868487342,2257,0,,981
1637084833959853347,2258,0,,981
1637084834043949954,2259,0,,977
1637084834123584847,2260,0,,982
1637084834216143280,2261,0,,974
1637084834304006811,2262,0,,987
1637084834387394347,2263,0,,988
1637084834425097171,2264,0,,988
1637084834499096936,2265,0,,988
1637084834562912097,2266,0,,988
1637084834622134082,2267,0,,988
1637084834677569888,2268,0,,988
1637084834789709966,2269,0,,975
1637084834876749271,2270,0,,983
1637084834970652417,2271,0,,988
1637084835063497820,2272,0,,1001
1637084835138620199,2273,0,,1007
1637084835225542925,2274,0,,1029
1637084835320376183,2275,0,,1043
1637084835405990916,2276,0,,1054
1637084835487924849,2277,0,,1065
1637084835572990374,2278,0,,1061
1637084835665044079,2279,0,,1060
1637084835734855999,2280,0,,1053
1637084835822628502,2281,0,,1055
1637084835895813521,2282,0,,1058
1637084835986235860,2283,0,,1061
1637084836083294333,2284,0,,1063
1637084836175462060,2285,0,,1057
1637084836301421787,2286,0,,1054
1637084836455628853,2287,0,,1057
1637084836542571927,2288,0,,1070
1637084836625421446,2289,0,,1073
1637084836714041992,2290,0,,1088
1637084836803674522,2291,0,,1105
1637084836845880064,2292,0,,1110
1637084836943157391,2293,0,,1124
1637084837021994264,2294,0,,1131
1637084837119394452,2295,0,,1140
1637084837213162210,2296,0,,1130
1637084837308159578,2297,0,,1128
1637084837394063949,2298,0,,1134
1637084837436841713,2299,0,,1128
1637084837611501054,2300,0,,1131
1637084837694659313,2301,0,,1124
1637084837773537372,2302,0,,1128
1637084837847545368,2303,0,,1125
1637084837943436599,2304,0,,1129
1637084838035489831,2305,0,,1124
1637084838126091343,2306,0,,1139
1637084838199627591,2307,0,,1142
1637084838286188227,2308,0,,1152
1637084838380646260,2309,0,,1167
1637084838478803283,2310,0,,1187
1637084838584321861,2311,0,,1205
1637084838674794025,2312,0,,1208
1637084838712853865,2313,0,,1207
1637084838819866379,2314,0,,1213
1637084838895749174,2315,0,,1221
1637084838976236224,2316,0,,1220
1637084839065891434,2317,0,,1206
1637084839158783396,2318,0,,1210
1637084839241180978,2319,0,,1203
1637084839326911635,2320,0,,1201
1637084839413566636,2321,0,,1194
1637084839552201811,2322,0,,1196
1637084839643135846,2323,0,,1194
1637084839775472805,2324,0,,1213
1637084839883123727,2325,0,,1234
1637084839970887670,2326,0,,1249
1637084840065841299,2327,0,,1266
1637084840163721812,2328,0,,1280
1637084840298735273,2329,0,,1282
1637084840375353091,2330,0,,1288
1637084840476023618,2331,0,,1289
1637084840561742363,2332,0,,1280
1637084840654583009,2333,0,,1275
1637084840773910689,2334,0,,1268
1637084840854890384,2335,0,,1274
1637084840940817757,2336,0,,1272
1637084841024301798,2337,0,,1263
1637084841110732848,2338,0,,1266
1637084841267700930,2339,0,,1271
1637084841355616209,2340,0,,1274
1637084841464827144,2341,0,,1294
1637084841553262376,2342,0,,1305
1637084841648364181,2343,0,,1327
1637084841732629570,2344,0,,1333
1637084841807250924,2345,0,,1330
1637084841920981387,2346,0,,1332
1637084841974104378,2347,0,,1335
1637084842083638591,2348,0,,1334
1637084842208116448,2349,0,,1307
1637084842280717426,2350,0,,1307
1637084842368051909,2351,0,,1304
1637084842455324812,2352,0,,1301
1637084842499062068,2353,0,,1299
1637084842600117985,2354,0,,1296
1637084842697634007,2355,0,,1293
1637084842738780847,2356,0,,1293
1637084842852041629,2357,0,,1302
1637084842928623653,2358,0,,1309
1637084843022079322,2359,0,,1328
1637084843119770564,2360,0,,1342
1637084843163558209,2361,0,,1351
1637084843284642220,2362,0,,1366
1637084843384709247,2363,0,,1367
1637084843487677501,2364,0,,1369
1637084843589620445,2365,0,,1370
1637084843674775273,2366,0,,1374
1637084843763103161,2367,0,,1349
1637084843871383744,2368,0,,1346
1637084843947642474,2369,0,,1346
1637084844025481845,2370,0,,1339
1637084844113665322,2371,0,,1335
1637084844209481292,2372,0,,1336
1637084844323310834,2373,0,,1333
1637084844515206135,2374,0,,1351
1637084844626437031,2375,0,,1367
1637084844788586037,2376,0,,1401
1637084844890315508,2377,0,,1409
1637084844940091495,2378,0,,1409
1637084845055902768,2379,0,,1412
1637084845161854982,2380,0,,1410
1637084845257034475,2381,0,,1406
1637084845387692023,2382,0,,1390
1637084845465891788,2383,0,,1396
1637084845559969066,2384,0,,1394
1637084845644973014,2385,0,,1389
1637084845732631489,2386,0,,1380
1637084845854223300,2387,0,,1379
1637084845919575463,2388,0,,1384
1637084846017244745,2389,0,,1391
1637084846166894745,2390,0,,1411
1637084846251050452,2391,0,,1428
1637084846348115287,2392,0,,1438
1637084846422508963,2393,0,,1448
1637084846521368562,2394,0,,1442
1637084846610098828,2395,0,,1441
1637084846680338600,2396,0,,1436
1637084846766407448,2397,0,,1438
1637084846857535891,2398,0,,1411
1637084846935281693,2399,0,,1404
1637084847057404479,2400,0,,1406
1637084847114523834,2401,0,,1409
1637084847229090970,2402,0,,1397
1637084847317977479,2403,0,,1396
1637084847405363804,2404,0,,1398
1637084847482808640,2405,0,,1410
1637084847577085111,2406,0,,1419
1637084847665601461,2407,0,,1428
1637084847758371569,2408,0,,1439
1637084847898048268,2409,0,,1460
1637084847972988305,2410,0,,1463
1637084848063406267,2411,0,,1456
1637084848154571740,2412,0,,1458
1637084848237611655,2413,0,,1446
1637084848370900516,2414,0,,1443
1637084848461274942,2415,0,,1428
1637084848559402647,2416,0,,1421
1637084848718066317,2417,0,,1415
1637084848816896704,2418,0,,1405
1637084848886268714,2419,0,,1402
1637084848996878847,2420,0,,1402
1637084849089092784,2421,0,,1413
1637084849235401226,2422,0,,1437
1637084849385640921,2423,0,,1455
1637084849519457075,2424,0,,1469
1637084849647670899,2425,0,,1464
1637084849728970168,2426,0,,1462
1637084849806988506,2427,0,,1443
1637084849900358501,2428,0,,1454
1637084849990819287,2429,0,,1435
1637084850082905604,2430,0,,1422
1637084850199524817,2431,0,,1421
1637084850286393142,2432,0,,1417
1637084850361774011,2433,0,,1404
1637084850455979227,2434,0,,1398
1637084850540952817,2435,0,,1399
1637084850620968521,2436,0,,1406
