%time,field.header.seq,field.header.stamp,field.header.frame_id,field.linear_x,field.linear_y,field.linear_z
1573193813065580823,1,1573193813012566089,,7.02599936631e-05,3.39127545885e-05,5.57940766157e-05
1573193813118806466,2,1573193813065030097,,-1.5166607227e-05,3.66079234482e-06,8.72029613674e-06
1573193813172807387,3,1573193813119190931,,-5.03713781654e-05,5.07330114488e-05,9.31950198719e-05
1573193813225973291,4,1573193813173532962,,5.94811608607e-05,5.07731192556e-06,1.1881543287e-05
1573193813277449031,5,1573193813225523948,,-2.83457138721e-05,3.14421922667e-05,2.76202081295e-05
1573193813331860325,6,1573193813277686119,,2.28245226026e-05,2.1812173145e-05,2.68259209406e-05
1573193813384294080,7,1573193813332412958,,2.37203057623e-05,-1.12435400297e-05,2.42712176259e-05
1573193813487942992,8,1573193813384552955,,-3.68532382709e-05,-5.46116025362e-05,-0.00011308871035
1573193813542600057,9,1573193813488554954,,-4.40694238932e-05,4.04490092478e-05,4.45745499746e-05
1573193813596847955,10,1573193813543212890,,-1.07062023744e-05,-1.86104007298e-05,5.40162764082e-05
1573193813650550824,11,1573193813596975088,,-4.4035652536e-05,1.84181840268e-06,-3.3961077861e-05
1573193813752881192,12,1573193813650957107,,2.56721773439e-06,4.08420964959e-06,2.77082071989e-05
1573193813806546259,13,1573193813753067016,,-4.10530810768e-05,-4.64875338366e-05,-9.21141108847e-05
1573193813861527601,14,1573193813806890964,,-4.61875133624e-05,6.58107237541e-05,7.93860526755e-05
1573193813916270436,15,1573193813861879110,,2.66163970082e-05,4.11788059864e-05,6.16060206085e-05
1573193814023126829,16,1573193813917331933,,-1.03662569018e-05,-5.51603261556e-05,-0.000108623229607
1573193814076439834,17,1573193814023302078,,9.65534054558e-05,-2.36491578107e-05,-2.5428891604e-05
1573193814130889360,18,1573193814076878070,,2.71230237558e-05,8.05818763183e-06,-3.60351514246e-05
1573193814185599978,19,1573193814131511926,,-4.81196366309e-05,2.8169948564e-05,1.95069842448e-05
1573193814239898517,20,1573193814184691905,,-1.46098427649e-05,-3.99462442147e-05,3.21510415233e-05
1573193814295094853,21,1573193814240238904,,-8.45456816023e-06,-2.74341346085e-05,-0.000119479096611
1573193814349646237,22,1573193814295577049,,5.53037862119e-05,4.91044083901e-05,7.865641237e-05
1573193814402064631,23,1573193814348910093,,9.27507244342e-06,-1.98954294319e-05,7.99141434982e-06
1573193814503460452,24,1573193814401534080,,1.43256684169e-05,2.30566984101e-05,-3.19067657983e-05
1573193814555345919,25,1573193814503751993,,7.13065492164e-06,-6.18351914454e-05,-9.36665746849e-05
1573193814609057504,26,1573193814555557012,,-7.19562958693e-05,-1.8550457753e-05,-2.54765268437e-06
1573193814663954647,27,1573193814609431982,,5.40835062566e-05,7.88168981671e-05,7.86091331975e-05
1573193814716644403,28,1573193814663146972,,3.99739546992e-05,-3.51503549609e-05,-0.000105424798676
1573193814823691805,29,1573193814717544078,,-6.91215682309e-05,4.60007177026e-05,0.000116351628094
1573193814876600960,30,1573193814822864055,,7.7212585893e-05,-4.20872274844e-05,-8.80183870322e-05
1573193814930936190,31,1573193814876993894,,-1.08746562546e-05,0.000118976429803,0.00022745624301
1573193814984570315,32,1573193814931421041,,4.5875836804e-05,-1.53042456077e-05,-1.4758998077e-05
1573193815088208252,33,1573193814985066890,,2.08756373468e-05,-1.19581636682e-05,-5.29950284545e-07
1573193815142011803,34,1573193815088905096,,-4.61212912342e-05,-9.00973464013e-05,-9.41838661674e-05
1573193815195570268,35,1573193815143112897,,2.96568960039e-05,5.77533464821e-05,0.000152960317791
1573193815248577429,36,1573193815195990085,,-2.98691011267e-05,2.79012856481e-05,4.08091946156e-05
1573193815302196102,37,1573193815248603105,,-1.75748846232e-05,-0.000105031642306,-0.00016412664263
1573193815705695251,38,1573193815302390098,,-7.19478748579e-06,0.000110377965029,0.000110721230158
1573193815759660265,39,1573193815706130027,,0.000128877349198,7.68419558881e-05,0.000135766138555
1573193815813955345,40,1573193815759975910,,-2.03277486435e-05,-2.26670999837e-05,-1.00912448033e-05
1573193815867923383,41,1573193815814465999,,2.72548568319e-05,5.08624652866e-05,0.000167737860465
1573193815921284995,42,1573193815868616104,,2.29783327086e-05,3.99513082812e-05,7.42555203033e-05
1573193815975029817,43,1573193815921565055,,2.91181750072e-05,9.32051771088e-05,0.000166002224432
1573193816027406516,44,1573193815975445032,,2.93893281196e-05,6.30406520941e-06,-5.9971985138e-06
1573193816081127557,45,1573193816027467012,,1.1864895896e-05,-0.00182390050031,0.001784952241
1573193816135832932,46,1573193816082490921,,-0.0130593264475,-0.0658647045493,-0.0172182582319
1573193816189731966,47,1573193816136351108,,-0.0113845868036,-0.0969657152891,-0.0206474326551
1573193816243918115,48,1573193816190164089,,0.0303453784436,-0.0578436031938,0.022666040808
1573193816298402921,49,1573193816244915008,,0.0803790614009,-0.0214432459325,0.061044652015
1573193816352247476,50,1573193816298901081,,0.100011341274,-0.00959067698568,0.0754257142544
1573193816405914156,51,1573193816352586030,,0.106323860586,-0.0065690940246,0.0783660933375
1573193816460401032,52,1573193816406699895,,0.103360675275,-0.000420208350988,0.0744981169701
1573193816564656398,53,1573193816460989952,,0.0361213423312,0.000883471861016,0.0297535769641
1573193816619424676,54,1573193816565231084,,-0.000593767443206,0.000483429117594,-3.47973546013e-05
1573193816673601117,55,1573193816620045900,,0.000185743687325,-0.000203502175282,0.0008658299339
1573193816728001419,56,1573193816674433946,,0.00164614478126,-0.000200863156351,0.00193004368339
1573193816781297350,57,1573193816728162050,,0.0211638156325,0.00151773472317,0.0166869889945
1573193816835602053,58,1573193816781707048,,0.0698384344578,0.0080407327041,0.0507785975933
1573193816888803717,59,1573193816836010932,,0.118117086589,0.0222450252622,0.0885211378336
1573193816942323528,60,1573193816889194011,,0.116611100733,0.0280008688569,0.0875743106008
1573193816995960464,61,1573193816943005084,,0.117508664727,0.0326478481293,0.0873195827007
1573193817050241591,62,1573193816996691942,,0.120269708335,0.0373136363924,0.0890942811966
1573193817104686777,63,1573193817050657987,,0.104052364826,0.0436822511256,0.0784832686186
1573193817158185333,64,1573193817105161905,,0.0702547580004,0.0314264334738,0.0532327033579
1573193817212934216,65,1573193817158983945,,0.0244614761323,0.0107108494267,0.0194756872952
1573193817266708260,66,1573193817213227033,,7.99444605946e-05,0.000166858706507,0.00108812423423
1573193817320277166,67,1573193817267246007,,0.000328112917487,4.30777690781e-05,0.000182211020729
1573193817373891593,68,1573193817320553064,,-0.000334385840688,-0.000100940858829,-0.000226649353863
1573193817428247584,69,1573193817374430894,,0.00695659173653,0.00195578206331,0.00447045220062
1573193817481486162,70,1573193817427814006,,0.0367631651461,0.0173425432295,0.0271011572331
1573193817535993106,71,1573193817482135057,,0.0877495855093,0.0437841899693,0.0660046115518
1573193817639620029,72,1573193817536323070,,0.118722811341,0.0581601187587,0.0887621194124
1573193817693556783,73,1573193817639926910,,0.12387290597,0.0607620365918,0.0905352607369
1573193817748836745,74,1573193817694215059,,0.114436998963,0.0676549524069,0.0821862593293
1573193817801880442,75,1573193817749313116,,0.0821377038956,0.0932502448559,0.073139064014
1573193817854561674,76,1573193817802160024,,0.0280880220234,0.085606791079,0.0350564494729
1573193817908000632,77,1573193817855071067,,-0.00286835804582,0.00492461863905,-0.0038735428825
1573193817961852321,78,1573193817908379077,,0.000177373032784,9.46602231124e-05,0.000852159224451
1573193818016266906,79,1573193817962712049,,-0.000235980449361,0.000540802488104,-0.000750110251829
1573193818070453953,80,1573193818016964912,,-0.0005441896501,0.000244720402407,-0.000722102588043
1573193818173081639,81,1573193818071154117,,-0.000233610990108,2.03095387405e-05,-0.000306764006382
1573193818226466829,82,1573193818173213958,,-0.00029937340878,-9.21073478821e-06,-0.000160575014888
1573193818279173449,83,1573193818226980924,,-2.35166298808e-05,-1.46358443089e-05,4.19319221692e-05
1573193818332898919,84,1573193818279275894,,0.00012132494885,-4.85102827952e-05,-3.84450722777e-05
1573193818436879542,85,1573193818332964897,,4.75273773191e-05,-4.39617579104e-05,2.82333567156e-05
1573193818490586255,86,1573193818437500000,,-6.43723615212e-05,1.29536601889e-05,-7.92234288838e-07
1573193818545009239,87,1573193818491101026,,-1.72194868355e-05,-3.10301425088e-06,5.20467710885e-06
1573193818597428566,88,1573193818545378923,,-0.00244034687057,0.0117220496759,-0.00368502084166
1573193818651002124,89,1573193818597770929,,0.00432508299127,0.0631489530206,0.0150079652667
1573193818707012429,90,1573193818651915073,,0.0305648352951,0.114872954786,0.040406037122
1573193818759771374,91,1573193818707772016,,0.0554757192731,0.11619926244,0.0557801425457
1573193818813073918,92,1573193818759938955,,0.0724390521646,0.104996599257,0.0641593262553
1573193818867105473,93,1573193818813973903,,0.0817593559623,0.100505106151,0.0684500411153
1573193818921521974,94,1573193818867760896,,0.0669900178909,0.106248371303,0.0599189586937
1573193818974951667,95,1573193818921202898,,0.00494443578646,0.112295217812,0.0234332289547
1573193819031005656,96,1573193818975450992,,-0.014781974256,0.113921679556,0.0103467507288
1573193819083243834,97,1573193819030284881,,-0.0146794561297,0.11322466284,0.0111395958811
1573193819135929659,98,1573193819082719087,,-0.0138298440725,0.105917826295,0.00967481080443
1573193819191040645,99,1573193819136224985,,-0.0125846080482,0.0734323188663,0.00517736328766
1573193819243493521,100,1573193819191276073,,-0.0111361369491,0.0339333191514,-0.00320282112807
1573193819297183594,101,1573193819243906021,,-0.00921426061541,0.0124524589628,-0.00491515733302
1573193819351402944,102,1573193819297780036,,-0.0107872150838,0.00620667543262,-0.0070670270361
1573193819455675348,103,1573193819351814985,,-0.0147966826335,0.00194952287711,-0.0092400489375
1573193819509589524,104,1573193819456362962,,-0.0149884270504,-0.000558702566195,-0.00910844095051
1573193819563771131,105,1573193819510464906,,-0.0152603145689,-0.000658252101857,-0.00933962035924
1573193819618166429,106,1573193819564337015,,-0.0149577921256,-0.00056437641615,-0.00950848776847
1573193819722081006,107,1573193819618256092,,-0.0146830864251,-0.000562512374017,-0.0095162447542
1573193819776260952,108,1573193819722486972,,-0.0139394411817,-0.000466137542389,-0.00936177186668
1573193819829241091,109,1573193819776273965,,-0.0148542076349,-0.000476406537928,-0.00976350624114
1573193819882319622,110,1573193819830394983,,-0.0152417309582,-0.00047147195437,-0.0101509941742
1573193819985905518,111,1573193819882631063,,-0.0141053665429,-0.000408916414017,-0.00937120243907
1573193820040238562,112,1573193819986705064,,-0.0143622886389,0.000167358739418,-0.00987072102726
1573193820093984780,113,1573193820040643930,,-0.0144097618759,0.00094591092784,-0.00984615087509
1573193820147815977,114,1573193820094671010,,-0.013907766901,0.00168298382778,-0.00911036226898
1573193820200970533,115,1573193820148555994,,-0.0141581278294,0.00242065778002,-0.00909069739282
1573193820254193059,116,1573193820201181888,,-0.0139545844868,0.00309736654162,-0.00875620543957
1573193820307119203,117,1573193820253515958,,-0.0126795368269,0.00405064877123,-0.00805421266705
1573193820359958299,118,1573193820307389974,,-0.0146263008937,0.00469982158393,-0.0102532021701
1573193820413438241,119,1573193820360239982,,-0.0219957567751,0.0109392311424,-0.0138153871521
1573193820517263707,120,1573193820414134025,,-0.0423847585917,0.050982747227,-0.018911421299
1573193820571565346,121,1573193820517699956,,-0.0222352463752,0.0859484672546,0.00477526243776
1573193820624258155,122,1573193820571891069,,-0.0104086305946,0.0521115213633,0.000764957338106
1573193820677504002,123,1573193820624280929,,-0.0017702896148,0.0117250224575,-0.00228013843298
1573193820731561379,124,1573193820678155899,,0.000398563977797,0.000653736235108,-6.17590444563e-07
1573193820785117478,125,1573193820732178926,,-0.00115677912254,0.00159145088401,-0.00290005467832
1573193820842040835,126,1573193820788269996,,-0.0551977492869,0.0105158649385,-0.0318079143763
1573193820895754272,127,1573193820842361927,,-0.103431306779,-0.0365679711103,-0.0752880424261
1573193820950220842,128,1573193820896069049,,-0.116319462657,-0.0551568567753,-0.0903475806117
1573193821052792442,129,1573193820949433088,,-0.123516567051,-0.0725004225969,-0.0995519533753
1573193821106952843,130,1573193821053410053,,-0.116918422282,-0.069046638906,-0.0935573279858
1573193821160813513,131,1573193821107755899,,-0.117175541818,-0.0693737715483,-0.0952070951462
1573193821215690736,132,1573193821161335945,,-0.098596483469,-0.0599243454635,-0.0808557569981
1573193821320718215,133,1573193821216665983,,-0.0154804429039,-0.00881133507937,-0.0118511356413
1573193821372589987,134,1573193821320317029,,-0.000355677068001,0.000177890222403,-0.000544116424862
1573193821426125604,135,1573193821373184919,,-0.000103275669971,2.65605394816e-05,2.70125656243e-06
1573193821479712048,136,1573193821426628112,,-6.33333111182e-05,8.50542055559e-05,1.96094679268e-05
1573193821532943219,137,1573193821480447053,,-0.015663407743,-0.00843057222664,-0.0109715508297
1573193821589197979,138,1573193821533349037,,-0.0857601091266,-0.0609082952142,-0.0721087306738
1573193821641737536,139,1573193821588274002,,-0.111799359322,-0.081433057785,-0.0942425429821
1573193821695848158,140,1573193821642391920,,-0.110800810158,-0.085746333003,-0.0947246700525
1573193821749460483,141,1573193821695939064,,-0.110311731696,-0.0895472317934,-0.0952049046755
1573193821853742668,142,1573193821750579118,,-0.106118626893,-0.0962731614709,-0.0913496240973
1573193821908016935,143,1573193821854440927,,-0.0825860872865,-0.0841058939695,-0.0733362138271
1573193821961931988,144,1573193821908607006,,-0.0347579196095,-0.0378209799528,-0.0304751619697
1573193822065476884,145,1573193821962491989,,-0.000941252103075,-0.00130845152307,-0.000616891193204
1573193822119873262,146,1573193822066145896,,3.18915990647e-05,-4.89889207529e-05,0.000274671998341
1573193822173252431,147,1573193822119859933,,-5.91193274886e-05,7.3250674177e-05,9.19496596907e-05
1573193822228403408,148,1573193822173716068,,-3.56674127033e-06,-1.88719968719e-05,0.000119801545225
1573193822279020404,149,1573193822227602958,,-0.015084285289,-0.0152379525825,-0.011006697081
1573193822381126755,150,1573193822279128074,,-0.0914189442992,-0.103585347533,-0.0834921821952
1573193822434352221,151,1573193822381259918,,-0.0956797674298,-0.115056335926,-0.085235401988
1573193822487876539,152,1573193822435182094,,-0.0938135460019,-0.11423214525,-0.0836501270533
1573193822591866257,153,1573193822488179922,,-0.088208809495,-0.124500915408,-0.0778021067381
1573193822646172268,154,1573193822592279911,,-0.0378435403109,-0.0829901918769,-0.0369322933257
1573193822700679874,155,1573193822646599054,,-0.00960188359022,-0.0295467674732,-0.00666946126148
1573193822753617805,156,1573193822701169013,,-3.36921366397e-05,-0.00272574881092,0.00073037808761
1573193822806467627,157,1573193822753884077,,-0.000200508191483,-1.02214089566e-05,-0.000386335450457
1573193822860408805,158,1573193822806958913,,0.000307500071358,-0.000517470412888,0.00100289902184
1573193822914311732,159,1573193822861054897,,-0.000274824473308,0.000438943592599,-0.000613918062299
1573193822968361876,160,1573193822914711952,,4.39550276496e-05,0.000238445121795,-0.00013401581964
1573193823021671770,161,1573193822969014883,,5.39711145393e-05,6.0481293076e-06,0.00012707557471
1573193823125060422,162,1573193823022022962,,-5.89513074374e-05,5.25623254362e-05,-0.000145337544382
1573193823228923972,163,1573193823125557899,,-1.81673785846e-05,0.000134290312417,-1.92150146177e-05
1573193823281750004,164,1573193823229429006,,-0.00215371372178,-0.0298940725625,-0.00175975926686
1573193823335982215,165,1573193823282454967,,-0.00434335740283,-0.0495022907853,-0.00758854812011
1573193823390474757,166,1573193823336946964,,-0.00262411125004,-0.0919236466289,-0.0112572135404
1573193823493651096,167,1573193823390631914,,0.0138719957322,-0.0945218577981,0.00465519959107
1573193823548063165,168,1573193823494683027,,0.0484719909728,-0.0563297644258,0.0367198884487
1573193823603052749,169,1573193823548578023,,0.0687494128942,-0.0330965407193,0.0525167137384
1573193823656751195,170,1573193823603190898,,0.07083003968,-0.0197980124503,0.0514339990914
1573193823711071803,171,1573193823657309055,,0.0535050369799,-0.00941432081163,0.0422800332308
1573193823765248382,172,1573193823711759090,,0.0172942709178,0.00340340845287,0.0378424599767
1573193823818827082,173,1573193823765726089,,0.0522993169725,0.0218322016299,0.0500535331666
1573193823872875832,174,1573193823819479942,,0.0803091898561,0.0334814973176,0.0660994872451
1573193823925929996,175,1573193823873368024,,0.0907049253583,0.0379513092339,0.0741917192936
1573193823979630322,176,1573193823926157951,,0.0886213555932,0.0374581851065,0.071043305099
1573193824034011434,177,1573193823980015993,,0.0897902399302,0.0379042476416,0.0712636038661
1573193824088131944,178,1573193824034840106,,0.0748516768217,0.0312794856727,0.0591676160693
1573193824141298303,179,1573193824088680982,,0.0411870293319,0.0171848330647,0.0323401801288
1573193824245638766,180,1573193824141360998,,0.0145503683016,0.00595377292484,0.0113498782739
1573193824298378030,181,1573193824244805097,,0.0136786755174,0.0059434142895,0.0110794538632
1573193824351854799,182,1573193824298909902,,0.0145502723753,0.00627318164334,0.0116546042264
1573193824405497998,183,1573193824352269887,,0.0149202393368,0.00639310711995,0.0115855578333
1573193824508882342,184,1573193824406312942,,0.014860438183,0.00628714170307,0.0115199098364
1573193824561737840,185,1573193824509349107,,0.0148852560669,0.00628378428519,0.0115361334756
1573193824615717080,186,1573193824562211990,,0.0147232497111,0.00612910743803,0.0113304136321
1573193824668084619,187,1573193824616004943,,0.0145575860515,0.00620563607663,0.0112492926419
1573193824721465759,188,1573193824668189048,,0.0144686670974,0.0061947228387,0.0112500414252
1573193824774770315,189,1573193824722100019,,0.0150042409077,0.0063627329655,0.0116418041289
1573193824829380028,190,1573193824774943113,,0.0151890423149,0.00631305389106,0.0117804734036
1573193824882238059,191,1573193824829727888,,0.0146274063736,0.00613647373393,0.0112628443167
1573193824936145052,192,1573193824882396936,,0.0151082007214,0.00631393492222,0.0116686858237
1573193825039992870,193,1573193824936600923,,0.0150793325156,0.00634343363345,0.0116380890831
1573193825094697831,194,1573193825040263891,,0.0155270174146,0.00650617061183,0.0118676191196
1573193825147925173,195,1573193825095223903,,0.01588948071,0.00663474947214,0.0121242823079
1573193825201434890,196,1573193825148207902,,0.0148362312466,0.00633923150599,0.0115447053686
1573193825305125657,197,1573193825202013015,,0.0153968520463,0.00655733095482,0.0118623292074
1573193825358725854,198,1573193825305869102,,0.011833508499,0.0057842778042,0.00669776415452
1573193825411219601,199,1573193825358822107,,0.00708768237382,0.00404778216034,-0.0027935418766
1573193825465028903,200,1573193825411833047,,0.00324870995246,0.00108938897029,-0.0118657508865
1573193825519083257,201,1573193825465655088,,-0.00167021830566,-0.00451223505661,-0.0157495848835
1573193825624492472,202,1573193825519624948,,-0.0131973521784,-0.0133401434869,-0.0128619931638
1573193825677758114,203,1573193825623768091,,-0.0145145058632,-0.00875380635262,-0.0114159146324
1573193825731933005,204,1573193825678587913,,-0.0142936911434,-0.0053654932417,-0.00976108480245
1573193825785727200,205,1573193825732482910,,-0.0146267805248,-0.00338131468743,-0.00983962509781
1573193825839738635,206,1573193825786792993,,-0.0150642562658,-0.00211012479849,-0.0107856960967
1573193825893139810,207,1573193825840336084,,-0.0163354668766,-0.00205300166272,-0.0118337096646
1573193825946451806,208,1573193825893049001,,-0.0214134249836,-0.00261397263967,-0.0156639479101
1573193826000323307,209,1573193825947007894,,-0.0290238689631,-0.00319953821599,-0.0224778093398
1573193826053964801,210,1573193826000730991,,-0.0307522155344,-0.00272201700136,-0.0243064947426
1573193826157827559,211,1573193826054400920,,-0.0270504169166,-9.76606752374e-05,-0.0194721631706
1573193826210792629,212,1573193826157150983,,-0.0266286749393,0.00080534897279,-0.0196125134826
1573193826264445185,213,1573193826211172103,,-0.0275041945279,0.000589336268604,-0.0203751046211
1573193826318855426,214,1573193826265247106,,-0.0283843502402,0.000596994534135,-0.0214563570917
1573193826372868412,215,1573193826319503068,,-0.0274199806154,0.000885355169885,-0.020835345611
1573193826426570442,216,1573193826373074054,,-0.0268829483539,0.000834986334667,-0.020364202559
1573193826478591573,217,1573193826426631927,,-0.0270007513463,0.00084725645138,-0.0206343010068
1573193826532286217,218,1573193826478743076,,-0.0282915718853,0.000898458820302,-0.0215521063656
1573193826585425902,219,1573193826532623052,,-0.0301385354251,0.00102085527033,-0.0228685513139
1573193826687004480,220,1573193826585618972,,-0.0317371152341,0.00106031342875,-0.0241637565196
1573193826741673190,221,1573193826687201023,,-0.031928870827,0.00128180743195,-0.0243486054242
1573193826795436453,222,1573193826742151975,,-0.0316349193454,0.00124710192904,-0.0243112109601
1573193826849686752,223,1573193826796122074,,-0.0315829180181,0.00163456401788,-0.0246932692826
1573193826903615457,224,1573193826850265026,,-0.0294818710536,0.0049073942937,-0.0242020059377
1573193826957215667,225,1573193826903836965,,-0.00904286839068,0.00826775375754,-0.00635446514934
1573193827011705696,226,1573193826957741975,,-0.00224595260806,0.00343357771635,-0.00198828568682
1573193827064816562,227,1573193827011768102,,-0.000217088818317,0.00134362920653,0.000120275952213
1573193827169659875,228,1573193827065057039,,8.92322495929e-05,0.00027710350696,0.000198880137759
1573193827223855906,229,1573193827170232057,,-0.00358871161006,0.0189058221877,0.000374375726096
1573193827277985582,230,1573193827224327087,,-0.00528158061206,0.0421424284577,0.0024938469287
1573193827332155846,231,1573193827278640985,,-0.00490464735776,0.0554131902754,0.00144350633491
1573193827386250262,232,1573193827332204103,,-0.00358981592581,0.0580920763314,0.00068369822111
1573193827488991178,233,1573193827386538982,,-0.00197335612029,0.0596693828702,0.00396047951654
1573193827542569498,234,1573193827489366054,,0.00200198660605,0.0594332292676,0.00709284329787
1573193827596800422,235,1573193827543211936,,0.0113202184439,0.0529300272465,0.013194792904
1573193827650211121,236,1573193827597460031,,0.0110158519819,0.0297555569559,0.00897393934429
1573193827704503676,237,1573193827650408029,,0.00239050830714,0.00472690165043,0.000687276478857
1573193827759626102,238,1573193827705785989,,-0.000170838757185,7.72098865127e-05,-3.73989496438e-05
1573193827814292423,239,1573193827759979009,,-9.43329578149e-05,3.5495377233e-05,-0.000256348750554
1573193827867910186,240,1573193827814707994,,-5.74402874918e-05,-3.45497392118e-05,2.1580439352e-05
1573193827972204512,241,1573193827868699073,,-9.73994519882e-06,-5.29829630977e-05,-6.3571438659e-05
1573193828026039083,242,1573193827972426891,,-3.9369402657e-05,-8.4310386228e-06,2.82067212538e-05
1573193828080437144,243,1573193828026758909,,-0.000416525406763,-7.05326892785e-05,3.57566277671e-05
1573193828134383560,244,1573193828080900907,,3.9950991777e-05,-4.07640509366e-05,-1.93019131984e-05
1573193828188381975,245,1573193828134814023,,-2.9924667615e-05,-4.64409677079e-05,-4.13626476075e-05
1573193828240453170,246,1573193828188777923,,0.0001825819636,-1.03132215372e-05,4.28899584222e-05
1573193828293682242,247,1573193828240621089,,7.85562660894e-05,-2.4227087124e-05,7.11533721187e-05
1573193828346492573,248,1573193828294466972,,-7.51844754632e-06,-0.000138060742756,0.000101091878605
1573193828399935126,249,1573193828346693992,,3.43308238371e-05,-2.39204855461e-05,0.000135378548293
1573193828453322048,250,1573193828400681018,,-0.000105441387859,2.25187523029e-05,-2.94066157949e-05
1573193828506763071,251,1573193828453078985,,0.00972459372133,0.00936599075794,0.00686897104606
1573193828560012946,252,1573193828507421016,,0.0427746102214,0.0381248928607,0.041125908494
1573193828613741805,253,1573193828560249090,,0.0772318094969,0.0646224021912,0.0649435594678
1573193828668732523,254,1573193828614243030,,0.0845694243908,0.0820533633232,0.0714904144406
1573193828723166899,255,1573193828668936014,,0.0722000747919,0.0963676944375,0.067841924727
1573193828776003808,256,1573193828723536014,,0.0788764730096,0.0899921432137,0.0676273778081
1573193828830295293,257,1573193828776446104,,0.0885640010238,0.0947582423687,0.0775741711259
1573193828883982375,258,1573193828830462932,,0.0899668186903,0.0898794308305,0.0782294794917
1573193828987991261,259,1573193828884772062,,0.0333125665784,0.0311647690833,0.0268976353109
1573193829042920099,260,1573193828988607883,,-0.000553537742235,-0.000151131884195,-0.000310239207465
1573193829096938527,261,1573193829042445898,,0.000204172130907,0.000147073951666,-0.000258753745584
1573193829150750020,262,1573193829097106933,,-0.000199206609977,-0.000121766352095,-0.000100254568679
1573193829204819884,263,1573193829151158094,,3.72581271222e-05,-0.000120603399409,-2.27898965477e-07
1573193829258323529,264,1573193829204938888,,-3.19988503179e-05,-7.25023201085e-05,-7.20403259038e-05
1573193829311611164,265,1573193829258934020,,8.58424900798e-05,-1.89575184777e-05,7.25468999008e-05
1573193829365150195,266,1573193829311784029,,-7.47278172639e-05,-1.2713668184e-05,1.02957064883e-05
1573193829417981158,267,1573193829365670919,,7.28679078748e-05,-0.000108773638203,-0.000104333528725
1573193829521641194,268,1573193829418426036,,2.62390531134e-05,-5.12686929142e-05,-1.94761596504e-05
1573193829577124860,269,1573193829523607969,,-7.33318738639e-05,-9.65691288002e-05,-6.5265026933e-05
1573193829630263024,270,1573193829577652931,,2.08272158488e-05,-7.07305589458e-05,-6.88164072926e-05
1573193829683555605,271,1573193829630609989,,8.39617860038e-05,-6.57040209262e-06,-3.13407435897e-05
1573193829737039919,272,1573193829684376955,,5.10549107275e-05,-6.46361786494e-06,4.08314263041e-05
1573193829789564616,273,1573193829736993074,,-7.22276890883e-05,-3.39846192219e-05,6.62389211357e-05
1573193829843340025,274,1573193829789778947,,0.000199563059141,2.89046238322e-05,3.21935222019e-05
1573193829897152685,275,1573193829843705892,,1.66172321769e-05,2.02935389098e-05,8.6396408733e-05
1573193829950230159,276,1573193829897515058,,4.67442441732e-05,-6.32649389445e-05,-1.6095036699e-05
1573193830054110626,277,1573193829950474023,,-7.61708652135e-05,1.05387971416e-05,7.49986647861e-05
1573193830109589743,278,1573193830054672956,,0.037973806262,0.0278488621116,0.0320794433355
1573193830163987363,279,1573193830110192060,,0.0705571770668,0.0628569126129,0.0594019256532
1573193830218103888,280,1573193830164805889,,0.0524198636413,0.0840029790998,0.0522791408002
1573193830324261753,281,1573193830218585968,,-0.0527617521584,0.0189028941095,-0.0337390303612
1573193830376320415,282,1573193830322058916,,-0.0928158462048,-0.0731378123164,-0.0792729482055
1573193830430392005,283,1573193830376872062,,-0.0860586687922,-0.07737390697,-0.0771798565984
1573193830483253451,284,1573193830430666923,,-0.0640172585845,-0.0604404099286,-0.0573163703084
1573193830537562262,285,1573193830483690977,,-0.0244810078293,-0.0258928835392,-0.0200395006686
1573193830591310472,286,1573193830537838935,,-0.000372741778847,-0.000188665042515,-0.000416985480115
1573193830645071490,287,1573193830591691017,,-3.44674226653e-05,-0.000236901745666,0.000106456165668
1573193830699081917,288,1573193830645683050,,7.53115673433e-05,-4.34836692875e-05,0.000188628517208
1573193830803151981,289,1573193830699532032,,-0.00829833559692,-0.0081809554249,-0.00667629716918
1573193830906492844,290,1573193830803141117,,-0.0432442910969,-0.0465653426945,-0.0385305322707
1573193830960165292,291,1573193830907027006,,-0.0426932759583,-0.0479742661119,-0.0379507951438
1573193831012824969,292,1573193830959570884,,-0.0448049642146,-0.0426162593067,-0.0393570140004
1573193831066753688,293,1573193831013509988,,-0.0461306907237,-0.0311217512935,-0.0357090756297
1573193831121201599,294,1573193831067276954,,-0.0425209328532,-0.0249357149005,-0.0331604480743
1573193831174986260,295,1573193831121511936,,-0.0276955161244,-0.0245727598667,-0.0249142106622
1573193831227919050,296,1573193831175251960,,-0.0180443041027,-0.0232819989324,-0.0162069555372
1573193831281452541,297,1573193831228140115,,-0.0123339928687,-0.0227585639805,-0.0136999860406
1573193831384542265,298,1573193831281739950,,-0.00188168231398,-0.00393841043115,-0.000873488024808
1573193831438112196,299,1573193831384805917,,-7.33407841835e-06,-0.000125537015265,8.85193730937e-05
1573193831491627295,300,1573193831438344001,,-4.03755911975e-05,-1.69097747857e-05,8.30360004329e-05
1573193831545140241,301,1573193831492351055,,-0.000896278186701,-9.41386097111e-05,5.50443292013e-05
1573193831598736734,302,1573193831544744014,,3.77675132768e-05,5.43562418898e-05,6.91074001224e-06
1573193831651193687,303,1573193831598216056,,4.52576277894e-05,4.81746064906e-05,5.85508059885e-05
1573193831706443124,304,1573193831652314901,,8.59395368025e-05,8.88095601113e-05,0.000122003046272
1573193831758945419,305,1573193831705876111,,0.000148118939251,2.6842159059e-05,4.74600601592e-05
1573193831812313771,306,1573193831759422063,,-0.0025927554816,-0.00950063858181,-0.000661872036289
1573193831864933847,307,1573193831812482118,,-0.0225731134415,-0.041548922658,-0.0222918633372
1573193831919491711,308,1573193831865262031,,-0.0450545400381,-0.0624332726002,-0.0421223118901
1573193832024251288,309,1573193831919747114,,-0.0465845763683,-0.0697258040309,-0.0434941649437
1573193832077655991,310,1573193832024384975,,-0.00925325136632,-0.0762169957161,-0.0127259958535
1573193832131768775,311,1573193832078406095,,0.000186979217688,-0.0758621990681,-0.00528935994953
1573193832186186669,312,1573193832132494926,,0.00167088583112,-0.0745059400797,-0.0038353044074
1573193832241765157,313,1573193832186429023,,0.00152064184658,-0.0664326399565,-0.00683842878789
1573193832295904339,314,1573193832242592096,,0.0051665911451,-0.0580738000572,0.00148426869418
1573193832348832470,315,1573193832296087980,,0.008589791134,-0.0826213136315,-0.000652864517178
1573193832402682524,316,1573193832348892927,,0.00883693434298,-0.0831184312701,-0.0056012487039
1573193832455496166,317,1573193832403119087,,0.0083359181881,-0.0431567057967,0.00555929681286
1573193832508163500,318,1573193832455741882,,-0.000196531909751,0.000474740838399,-0.000861548702233
1573193832561123396,319,1573193832508479118,,0.000731564883608,-0.00116244901437,0.00201144791208
1573193832615129565,320,1573193832561508893,,0.000398493924877,-0.000160685682204,0.000690825516358
1573193832718209762,321,1573193832615135908,,0.0269571039826,-0.0125824743882,0.0193938910961
1573193832822481999,322,1573193832719029903,,0.0848546475172,-0.00599285587668,0.0627088099718
1573193832876809044,323,1573193832823180913,,0.0873325690627,-0.00413823220879,0.0651536732912
1573193832930395745,324,1573193832877125978,,0.0900520533323,-0.00395771954209,0.0674890205264
1573193832984279261,325,1573193832930953979,,0.0896248593926,-0.00152556761168,0.0671650767326
1573193833038228355,326,1573193832984793901,,0.0883992239833,0.00291097862646,0.0667223036289
1573193833090775873,327,1573193833037507057,,0.0684775859118,0.00754288770258,0.0514702387154
1573193833144424518,328,1573193833091057062,,0.0512865111232,0.0168809294701,0.0392475314438
1573193833198533936,329,1573193833144993066,,0.0433042049408,0.024227116257,0.0348590128124
1573193833302920828,330,1573193833198739051,,0.0100804725662,0.00601035961881,0.00848309230059
1573193833358173310,331,1573193833305418014,,-0.000355486408807,-0.000158694427228,-5.46038681932e-05
1573193833411750809,332,1573193833358484029,,-0.000144209916471,-8.89053626452e-05,-2.08931382417e-07
1573193833467068117,333,1573193833412050008,,-0.000394479371607,-0.000150151347043,-0.000224501665798
1573193833519950161,334,1573193833467329978,,-0.000166826182976,-0.000199553949642,-0.000216311775148
1573193833572777799,335,1573193833520302057,,-1.86135275726e-05,1.57705726451e-05,4.4702199375e-05
1573193833626164999,336,1573193833572937965,,-0.000186569042853,-0.000123585152323,-6.52784801787e-05
1573193833680242660,337,1573193833626668930,,-8.20558707346e-05,-4.65920456918e-05,-6.31715156487e-05
1573193833732610626,338,1573193833680547952,,0.00015557948791,9.28974404815e-05,0.000126723549329
1573193833836149327,339,1573193833733026981,,-9.54222632572e-05,-6.9413377787e-05,-0.000189241589396
1573193833889261856,340,1573193833836725950,,-5.05775133206e-05,1.8004071535e-05,6.06825324212e-06
1573193833942147416,341,1573193833889698982,,-6.78473370499e-05,1.31759734359e-05,-0.000121343604405
1573193833995910788,342,1573193833942339897,,-3.09573333652e-05,5.8231260482e-05,-1.6111862351e-05
1573193834050056434,343,1573193833996687889,,-2.20493438974e-05,2.26589600061e-05,-6.0753980506e-05
1573193834106220875,344,1573193834051354885,,-2.96168473142e-05,-1.78422378667e-05,-0.000147310856846
1573193834160696286,345,1573193834106668949,,-3.05802564071e-06,-7.58668147682e-06,-0.000128304789541
1573193834215081727,346,1573193834161391019,,-4.70622435387e-05,3.79509147024e-05,-0.000185839904589
1573193834268542306,347,1573193834215430021,,0.000603733526077,0.000554880127311,-0.000127545819851
1573193834374045258,348,1573193834269378900,,0.0424630045891,0.0632398799062,0.0382005833089
1573193834430033681,349,1573193834375607967,,0.0500768497586,0.120380558074,0.0503721162677
1573193834485311292,350,1573193834430943965,,0.0505208224058,0.117032259703,0.0508784204721
1573193834540023530,351,1573193834486430883,,0.0533191561699,0.113103210926,0.0527416989207
1573193834643074444,352,1573193834540679931,,0.0855992138386,0.0804980769753,0.0699005126953
1573193834696946692,353,1573193834643563985,,0.0752714425325,0.0460669621825,0.0565827004611
1573193834750792958,354,1573193834697323083,,0.0318888053298,0.0162073075771,0.0229763016105
1573193834803559406,355,1573193834751250028,,0.0126452641562,0.00390771171078,0.0102186398581
1573193834857504263,356,1573193834804230928,,0.0146972844377,0.00370124937035,0.0111203389242
1573193834911409123,357,1573193834858330965,,0.0141165358946,0.00223529688083,0.0107263932005
1573193834965930033,358,1573193834912467002,,0.0134160593152,0.00150325905997,0.0102612217888
1573193835020490755,359,1573193834967039108,,0.0121381534263,0.000975706381723,0.00939909368753
1573193835074116941,360,1573193835020725011,,0.010082764551,-0.000157854432473,0.00757325813174
1573193835129268469,361,1573193835074717044,,0.0122075630352,-0.000821404566523,0.0083943195641
1573193835182947951,362,1573193835129606962,,0.0134059228003,-0.00340893352404,0.0090518174693
1573193835236266370,363,1573193835183826923,,0.0121532240883,-0.0043607451953,0.0077687818557
1573193835291109374,364,1573193835236748933,,0.0125340875238,-0.00473586702719,0.00794653780758
1573193835393553210,365,1573193835290211915,,0.017678681761,-0.0100517207757,0.0126255480573
1573193835446444744,366,1573193835394032001,,0.0356963910162,-0.0405322723091,0.0141571173444
1573193835500360939,367,1573193835446748018,,0.0239633359015,-0.0277036428452,0.0128796445206
1573193835554791247,368,1573193835500796079,,0.0186961796135,-0.0143999243155,0.0126569010317
1573193835608515072,369,1573193835555212974,,0.0320783816278,-0.0163581110537,0.0170224905014
1573193835662682321,370,1573193835608949899,,0.0357007980347,-0.012785481289,0.0214349906892
1573193835716341968,371,1573193835662935972,,0.00557024404407,-0.000486649369122,0.0044135497883
1573193835770114679,372,1573193835716979980,,2.16791759158e-05,0.00029268025537,-0.000212634826312
1573193835824830617,373,1573193835771097898,,0.000314016622724,-0.000449364248198,0.00104218162596
1573193835928404254,374,1573193835825315952,,-0.000137651586556,0.000205877309781,-0.000216207001358
1573193835981786925,375,1573193835929260015,,-0.000114771086373,7.47438098188e-05,0.000127236184198
1573193836035432861,376,1573193835982023954,,-0.000105072671431,0.000117948555271,0.000188121033716
1573193836089229676,377,1573193836035778999,,-0.000131178137963,4.46351396022e-06,7.02896431903e-05
1573193836142664655,378,1573193836089584112,,-0.000166834724951,4.29633337262e-06,-0.000117265000881
1573193836196719525,379,1573193836142966032,,-7.63948992244e-05,-2.31644867199e-06,-8.40478423925e-06
1573193836250943531,380,1573193836196969032,,0.00163156352937,8.90158116817e-05,0.00153655034956
1573193836304849644,381,1573193836251063108,,0.0166177898645,0.00198398227803,0.0110511882231
1573193836357558880,382,1573193836304902076,,0.0347063466907,0.00740538118407,0.0335990525782
1573193836411187843,383,1573193836357901096,,0.0285742450505,0.0306869279593,0.0443256534636
1573193836465626327,384,1573193836411530971,,0.0229216944426,0.0652705579996,0.0401593521237
1573193836519624990,385,1573193836466098070,,0.0322469882667,0.0961627960205,0.0368110165
1573193836572289683,386,1573193836519633054,,0.0269080493599,0.0798144564033,0.0270870402455
1573193836625644891,387,1573193836572385072,,0.00656891055405,0.0309685356915,-0.0121752070263
1573193836678248034,388,1573193836625994920,,-0.027260709554,-0.0231161862612,-0.0417032875121
1573193836731583928,389,1573193836678241968,,-0.0494035929441,-0.0491326190531,-0.043159853667
1573193836785721116,390,1573193836732268095,,-0.0358558632433,-0.0375568754971,-0.0299199484289
1573193836838925047,391,1573193836786412954,,-0.0301774311811,-0.0332254320383,-0.0243903659284
1573193836891880659,392,1573193836839358091,,-0.0280271358788,-0.0309973116964,-0.023469440639
1573193836946680716,393,1573193836892185926,,-0.0296905431896,-0.0321529656649,-0.0250622555614
1573193837049037832,394,1573193836945733070,,-0.0281814355403,-0.0313892886043,-0.0234499797225
1573193837103060473,395,1573193837049493074,,-0.0286250710487,-0.0307801645249,-0.0243533011526
1573193837156351810,396,1573193837103399991,,-0.0255944859236,-0.0284354444593,-0.0230810176581
1573193837210414199,397,1573193837156605958,,-0.0222309920937,-0.0233304668218,-0.0194417610765
1573193837315619487,398,1573193837211042881,,-0.00157668557949,-0.00182339700405,-0.000686800747644
1573193837369609214,399,1573193837316328048,,0.000191248138435,-3.80657656933e-05,0.000190673861653
1573193837423048936,400,1573193837370394945,,-1.89373458852e-05,3.06479996652e-05,0.000106803592644
1573193837476038126,401,1573193837423402070,,8.47356277518e-05,4.70159684482e-05,4.08847299695e-05
1573193837529929421,402,1573193837476447105,,-0.00436802860349,-0.00271530402824,-0.00281279906631
1573193837585202706,403,1573193837530395030,,-0.023749679327,-0.0170080699027,-0.0185231249779
1573193837639622756,404,1573193837586039066,,-0.0306603722274,-0.0220465380698,-0.0238362308592
1573193837693225209,405,1573193837639898061,,-0.0325173921883,-0.0235867574811,-0.0251816734672
1573193837746765430,406,1573193837693597078,,-0.0312702283263,-0.0213177260011,-0.0251277461648
1573193837850146324,407,1573193837747112989,,-0.0274713467807,0.0062100039795,-0.0188248753548
1573193837903717275,408,1573193837850666999,,-0.0190458875149,0.0111844111234,-0.0115192430094
1573193837956879690,409,1573193837903918027,,-0.00772433914244,0.00427727540955,-0.00464817322791
1573193838010930674,410,1573193837957546949,,-0.00146600021981,0.000970456574578,-0.00094172480749
1573193838064917310,411,1573193838011615037,,-0.000156050533406,0.00037679716479,0.00016390629753
1573193838118405971,412,1573193838065521001,,-0.0150011237711,-0.000666015956085,-0.00920645426959
1573193838171735187,413,1573193838118535041,,-0.0221726335585,-0.00187866576016,-0.013178541325
1573193838224633076,414,1573193838172365903,,-0.0299483481795,-0.00773491151631,-0.0201641693711
1573193838278663779,415,1573193838225594043,,-0.0318379662931,-0.0192374382168,-0.0263975467533
1573193838332177153,416,1573193838278785943,,-0.0301618892699,-0.0271663609892,-0.0261962618679
1573193838386737005,417,1573193838332971096,,-0.0108394464478,-0.0147656714544,-0.00988682731986
1573193838441518151,418,1573193838387177944,,-0.00119507976342,-0.0032473676838,-0.000162223659572
1573193838493682875,419,1573193838440808057,,6.22122679488e-05,-0.000443197030108,4.22802186222e-05
1573193838547351909,420,1573193838493787050,,0.000204453288461,-0.000114395152195,-3.80214805773e-05
1573193838600715390,421,1573193838547719955,,5.4112795624e-05,-0.000161080199177,-1.70229236574e-06
1573193838655110584,422,1573193838601592063,,0.000111293949885,2.94312008009e-06,0.00010641074914
1573193838708766408,423,1573193838655541896,,3.28997302859e-05,4.83270996483e-05,0.000122254423331
1573193838762982446,424,1573193838709623098,,0.00150110549293,9.46115906117e-05,-3.67129655388e-06
1573193838866523839,425,1573193838763150930,,8.13304868643e-05,-1.53577930178e-05,0.000155949019245
1573193838920155763,426,1573193838867450952,,-2.7429754482e-05,-1.0969518371e-05,4.19252910433e-06
1573193838974591643,427,1573193838920461893,,9.06646164367e-05,-4.0552153223e-05,0.000165267774719
1573193839027208015,428,1573193838973747968,,-1.89869533642e-05,6.56289876133e-06,-1.6746484107e-05
1573193839080666066,429,1573193839027220010,,3.02834214381e-05,-2.22046242015e-06,-5.42269808648e-05
1573193839133742413,430,1573193839081094026,,4.8145877372e-05,-1.8241475118e-05,7.00441014487e-05
1573193839187254370,431,1573193839133939027,,-0.00881723035127,-0.0224534068257,-0.0102010956034
1573193839240392066,432,1573193839187540054,,-0.0107025606558,-0.0377929918468,-0.012976356782
1573193839295211216,433,1573193839240618944,,0.00104405044112,-0.0520847849548,-0.00592653360218
1573193839399430899,434,1573193839295679092,,0.0319102331996,-0.0466821230948,0.0151635417715
1573193839452837370,435,1573193839399574041,,0.0168501213193,-0.00280479621142,0.01216502022
1573193839507711473,436,1573193839453912019,,0.00203950470313,3.05543362629e-05,0.0014909816673
1573193839560954720,437,1573193839507905006,,0.000552453566343,-6.45336840535e-05,0.000748709368054
1573193839615330136,438,1573193839561779022,,0.000389696593629,0.000128359446535,0.000346961838659
1573193839718795193,439,1573193839615653038,,0.000106057181256,0.000124485726701,7.98283581389e-05
1573193839773175034,440,1573193839719549894,,-6.62064630887e-05,7.3889757914e-05,2.75050060736e-05
1573193839826944316,441,1573193839773456096,,6.42186496407e-05,0.000118805524835,0.000139670213684
1573193839880716786,442,1573193839827692031,,3.76643947675e-05,0.000130842934595,0.000187430719961
1573193839933085580,443,1573193839880268096,,-6.00004204898e-05,8.54473546497e-05,0.000104178747279
1573193839987687326,444,1573193839932982921,,0.000102350488305,7.8718556324e-05,8.29014243209e-05
1573193840040619161,445,1573193839988060951,,-1.27289067677e-05,9.73096302914e-06,-2.86056892946e-05
1573193840092819280,446,1573193840040585041,,3.91520552512e-06,-1.7183872842e-05,-6.29516071058e-05
1573193840146083397,447,1573193840093539953,,3.0127052014e-05,0.000105702485598,2.4883342121e-05
1573193840199340315,448,1573193840146325111,,-8.37402403704e-05,2.53107937169e-05,-5.02501861774e-05
1573193840254176107,449,1573193840199950933,,0.0430433489382,0.0282753724605,0.0306631848216
1573193840307739971,450,1573193840254637956,,0.0518175847828,0.0459626354277,0.0405103936791
1573193840362013544,451,1573193840308453083,,0.0478600040078,0.075294084847,0.045786164701
1573193840415802863,452,1573193840362325906,,0.0208036657423,0.0822726264596,0.0308974161744
1573193840519105017,453,1573193840416019916,,-0.0243574064225,0.0373729765415,0.00619800249115
1573193840573232460,454,1573193840519846916,,-0.0333736613393,0.0642159432173,-0.0143411001191
1573193840626049119,455,1573193840573543071,,-0.0358184874058,0.0661454498768,-0.0168868061155
1573193840678784181,456,1573193840626353025,,-0.0357215031981,0.0663024932146,-0.0170476157218
1573193840732285355,457,1573193840679197072,,-0.0394408218563,0.073596611619,-0.0182246342301
1573193840786781824,458,1573193840732403993,,-0.0437937676907,0.0843283161521,-0.0190766807646
1573193840839298707,459,1573193840786210060,,-0.0446230135858,0.0861643999815,-0.0210533868521
1573193840893317273,460,1573193840839389085,,-0.0446410179138,0.0867809429765,-0.0210871994495
1573193840945879867,461,1573193840892647027,,-0.0439268685877,0.0859875828028,-0.0201296545565
1573193841000337275,462,1573193840946841001,,-0.043773766607,0.0863411277533,-0.0206869412214
1573193841054358813,463,1573193841000904083,,-0.0348337031901,0.068690687418,-0.0231716651469
1573193841108778687,464,1573193841055277109,,0.00398926297203,0.0302795041353,-0.0146814109758
1573193841162626458,465,1573193841109267950,,0.0544240139425,0.0123859634623,0.0225364211947
1573193841216302979,466,1573193841162650108,,0.0813232883811,0.0112032713369,0.0578161552548
1573193841270131511,467,1573193841216603994,,0.0740179568529,0.00733980722725,0.0520582199097
1573193841324361498,468,1573193841270957946,,0.0051443730481,-0.00230302195996,0.00567863648757
1573193841378565754,469,1573193841324542045,,-0.000286373135168,-8.24877206469e-05,-0.00105201022234
1573193841431351410,470,1573193841378642082,,0.000678879965562,-0.000824321759865,0.000907116685994
1573193841484896616,471,1573193841431586980,,0.00786183588207,-0.014334612526,0.00801166985184
1573193841538617870,472,1573193841485429048,,0.0304711777717,-0.04521792382,0.0136479148641
1573193841593896064,473,1573193841540466070,,0.0372857451439,-0.0353673025966,0.0204739589244
1573193841647415011,474,1573193841594471931,,0.013396772556,-0.00865037739277,0.0102904643863
1573193841701482831,475,1573193841648161888,,0.00101925176568,-0.000739724724554,0.00135567400139
1573193841755552235,476,1573193841702039003,,0.000466292025521,-0.000677180825733,0.000860075058881
1573193841810731818,477,1573193841755979061,,-0.000283725006739,0.000124850979773,-0.000380184821552
1573193841863543835,478,1573193841811405897,,-0.000157824935741,6.45989784971e-05,-0.000289857183816
1573193841919843802,479,1573193841863652944,,7.33900378691e-05,-0.000178030037205,0.000324056920363
1573193842022113362,480,1573193841918576955,,1.28110432343e-05,5.39182183275e-05,2.21015798161e-05
1573193842076297202,481,1573193842022774934,,-0.000118656040286,-5.47364470549e-05,-0.000139894298627
1573193842128626819,482,1573193842076612949,,6.65895786369e-05,7.0039768616e-06,1.61884399859e-05
1573193842182720189,483,1573193842128833055,,6.27888948657e-05,-3.0300763683e-05,0.00011896018259
1573193842237640779,484,1573193842183763980,,-4.34309868069e-06,-3.14149983751e-05,4.90375132358e-05
1573193842340867326,485,1573193842237665891,,-6.80944649503e-05,-2.43943613896e-05,-1.23915397126e-05
1573193842394317312,486,1573193842341248989,,-7.9918805568e-05,-4.69730148325e-05,-6.70955341775e-05
1573193842448406189,487,1573193842395178079,,-6.36498225504e-05,-1.17474928629e-06,-2.25389176194e-05
1573193842502966542,488,1573193842449131965,,9.3010812634e-06,-4.32563792856e-05,-3.88265216316e-05
1573193842557782201,489,1573193842502897977,,-2.50044959103e-05,-8.75498371897e-05,-6.2032493588e-05
1573193842611994451,490,1573193842558305025,,-4.57233036286e-05,3.41594932252e-05,5.37688429176e-05
1573193842665308560,491,1573193842612210035,,-5.8998404711e-05,2.43837112066e-05,7.56064764573e-05
1573193842768771769,492,1573193842666230916,,1.19136370813e-06,4.73691725347e-05,8.39513595565e-05
1573193842873894766,493,1573193842769148111,,0.0321534872055,0.00772442854941,0.0194943267852
1573193842927040533,494,1573193842874310970,,0.0803569927812,0.0927952006459,0.0748609676957
1573193842980651632,495,1573193842927205085,,0.0840603858232,0.101860873401,0.0784862041473
1573193843083416835,496,1573193842980906963,,0.076581813395,0.0256114676595,0.0533215515316
1573193843137008180,497,1573193843083689928,,0.00741180684417,-0.00431254785508,0.00484833447263
1573193843192109430,498,1573193843137631893,,-0.00069998728577,-0.000868328323122,-0.00150981475599
1573193843245617859,499,1573193843192653894,,0.000539578788448,-0.000911622832064,0.00090188725153
1573193843299686022,500,1573193843246237039,,-0.000364677805919,-0.000282764027361,-0.000531221157871
1573193843352632714,501,1573193843300044059,,-0.000169982173247,-7.30272658984e-05,-0.000380825338652
1573193843407535927,502,1573193843352956056,,-0.000128099723952,-0.000217143344344,-0.000176965884748
1573193843460367235,503,1573193843407001018,,-9.31588074309e-05,-0.000187292316696,-0.000225183408475
1573193843514532778,504,1573193843460941076,,-2.60360284301e-05,-8.78478094819e-05,-1.84465097846e-05
1573193843568231417,505,1573193843514966011,,-5.90450508753e-05,-5.07198310515e-05,6.96175411576e-05
1573193843622639945,506,1573193843569138050,,-6.59657016513e-05,-8.1720550952e-05,-7.82991410233e-05
1573193843677122988,507,1573193843623424053,,3.03201559291e-05,4.84539850731e-06,3.61347483704e-05
1573193843729881191,508,1573193843677310943,,5.50956610823e-06,6.05700915912e-05,0.000155225687195
1573193843782915135,509,1573193843730215072,,0.00494746258482,-0.00623552547768,0.00648456066847
1573193843836081924,510,1573193843783289909,,0.00841698143631,-0.025382515043,-0.000122502518934
1573193843890486259,511,1573193843836357116,,0.00528135243803,-0.0312073435634,-0.000795361236669
1573193843943528556,512,1573193843890976905,,0.000597475387622,-0.0280507151037,-0.00555481528863
1573193843996525701,513,1573193843943818092,,-0.000584131339565,-0.0284882001579,-0.00427734944969
1573193844049979685,514,1573193843996659994,,-0.00475234212354,-0.029632691294,-0.00739874551073
1573193844103958924,515,1573193844050538063,,-0.0117625687271,-0.0282129198313,-0.0122472951189
1573193844158780226,516,1573193844104502916,,-0.0233319029212,-0.0182864125818,-0.0177485328168
1573193844214032459,517,1573193844159575939,,-0.0237305182964,-0.0163666587323,-0.0174181107432
1573193844268082265,518,1573193844214761018,,-0.0250154919922,-0.0150830335915,-0.0184451919049
1573193844373605133,519,1573193844268548011,,-0.04253038764,-0.0236838888377,-0.0333589725196
1573193844427952402,520,1573193844374397039,,-0.00225906865671,-0.000862757267896,-0.00290235481225
1573193844482452251,521,1573193844428266048,,0.000291692384053,0.000308240763843,-0.000261366192717
1573193844535740330,522,1573193844482146024,,-0.000199712390895,0.000102040110505,-0.000117355360999
1573193844588548099,523,1573193844535124063,,-4.31860498793e-05,0.00018856942188,9.61124169407e-06
1573193844642008066,524,1573193844588670015,,3.99370619562e-05,0.00024713986204,0.000199455564143
1573193844694684247,525,1573193844642414093,,3.06538931909e-05,6.57197233522e-05,-4.80527196487e-05
1573193844749442088,526,1573193844695367097,,-5.2630846767e-05,0.00011555342644,-1.12750767585e-05
1573193844802778746,527,1573193844749413013,,-4.45449040853e-06,6.73377944622e-05,-2.74217945844e-05
1573193844859121714,528,1573193844803237915,,5.90442868997e-05,1.08143531179e-05,-0.000136013462907
1573193844913974781,529,1573193844860527992,,-0.0300587899983,0.0358588136733,-0.0164975486696
1573193844968228464,530,1573193844914397001,,-0.037280254066,0.0904555469751,-0.0092795342207
1573193845021919839,531,1573193844968466043,,-0.0414520055056,0.105289712548,-0.00754031864926
1573193845124657001,532,1573193845021258115,,-0.0600593462586,0.0501435995102,-0.0339544080198
1573193845178631640,533,1573193845125257015,,-0.00538703752682,0.00237098685466,-0.00636627618223
1573193845231838927,534,1573193845179188013,,0.000360320351319,-0.000139772382681,0.000497006403748
1573193845285388683,535,1573193845231887102,,-0.000899888051208,0.000257860956481,-0.00120377028361
1573193845339138847,536,1573193845285662889,,-0.018141547218,-0.014079593122,-0.0114558394998
1573193845391129164,537,1573193845339303970,,-0.0519755072892,-0.0555498786271,-0.0491112060845
1573193845494224190,538,1573193845391223907,,-0.011583997868,-0.0166809093207,-0.00682411622256
1573193845548572670,539,1573193845495026111,,0.000265716487775,-0.000578029255848,0.000254715821939
1573193845602659204,540,1573193845548856973,,0.000251159799518,-0.000434580229921,0.000169665829162
1573193845707130489,541,1573193845603108882,,-7.37296504667e-05,0.000124277081341,-0.000472860177979
1573193845760670594,542,1573193845707293033,,0.000250069395406,-3.09992856273e-06,0.000336298631737
1573193845814384960,543,1573193845760874032,,0.00559920305386,0.000134179368615,0.00488844886422
1573193845868518603,544,1573193845815049886,,-0.0155047746375,-0.00638903677464,0.00829499121755
1573193845922530632,545,1573193845869007110,,-0.0553165748715,-0.0289398860186,-0.021778870374
1573193845978409085,546,1573193845923067092,,-0.0907938033342,-0.0521297492087,-0.0695273652673
1573193846031307120,547,1573193845977394104,,-0.0394199937582,-0.0341404825449,-0.0521820411086
1573193846086603192,548,1573193846031785011,,0.029177589342,-0.0300226844847,-0.00288584735245
1573193846139289262,549,1573193846087012052,,0.0655279681087,-0.0542626827955,0.0359024628997
1573193846193577067,550,1573193846140023946,,0.0840040966868,-0.0627804771066,0.0504062771797
1573193846247734614,551,1573193846194339036,,0.0320797897875,-0.0213644318283,0.0209914632142
1573193846301702376,552,1573193846248200893,,0.00719920732081,-0.00344608281739,0.00706426380202
1573193846355506999,553,1573193846302099943,,0.000406538980315,-6.90237211529e-05,0.000213914448977
1573193846459508864,554,1573193846355968952,,0.000221348120249,-0.000103011901956,0.000427806022344
1573193846513542329,555,1573193846459985971,,-0.00020971869526,-5.22203663422e-05,-0.000222376736929
1573193846568028853,556,1573193846514106988,,6.68997381581e-05,-3.77110482077e-05,5.32564445166e-06
1573193846621847149,557,1573193846568535089,,9.47251464822e-05,5.69208532397e-05,0.000283297587885
1573193846675902827,558,1573193846622414112,,-3.96236246161e-05,0.000135553840664,2.27404925681e-05
1573193846778991980,559,1573193846676554918,,-9.44094608712e-06,-1.38347531902e-05,6.59350553178e-05
1573193846833567083,560,1573193846780287981,,9.67124742601e-06,3.20247345371e-05,9.22046240248e-07
1573193846887744878,561,1573193846834048986,,-0.000161689327797,1.56539390446e-05,-9.93639914668e-05
1573193846941325325,562,1573193846888093948,,-6.81121018715e-05,4.59709508505e-06,-5.21278197994e-05
1573193846995168986,563,1573193846941749095,,2.14110696106e-05,1.06383622551e-05,4.70898958156e-05
1573193847049904700,564,1573193846996021032,,-3.41726081388e-05,-9.75332932285e-06,-5.46760793441e-06
1573193847104324101,565,1573193847050950050,,-1.65789151652e-05,5.97864470819e-07,0.000101264056866
1573193847157583839,566,1573193847105154037,,0.000103986931208,5.62280547456e-05,3.47482164216e-05
1573193847210874893,567,1573193847158010005,,9.7970423667e-06,1.19891510622e-05,-7.23864577594e-05
1573193847264611344,568,1573193847211232900,,-0.00010067589028,7.03893363152e-07,-2.49219592661e-05
1573193847318637814,569,1573193847265367984,,0.0446573272347,-0.00805304758251,0.0299179144204
1573193847373662852,570,1573193847319140911,,0.087089151144,-0.00319199566729,0.0571118146181
1573193847425423907,571,1573193847372950077,,0.114339701831,0.0239328220487,0.0822702795267
1573193847528184946,572,1573193847424968004,,0.113655552268,0.0646014437079,0.0866297632456
1573193847582298058,573,1573193847528414011,,0.0327958725393,0.0545904263854,0.034133400768
1573193847635149971,574,1573193847582361936,,0.00198909617029,0.0164385754615,0.00188995560165
1573193847688511878,575,1573193847634756088,,-0.00102077459451,0.000657847849652,-0.00118283252232
1573193847742060927,576,1573193847688678026,,-0.0121557787061,0.00426879525185,-0.00751541415229
1573193847795848765,577,1573193847742435932,,-0.0260784886777,0.00382203282788,-0.0163340754807
1573193847848804645,578,1573193847796340942,,-0.0163536723703,-0.00209622480907,-0.0118668274954
1573193847901505671,579,1573193847848995923,,-0.00195070705377,-0.000661086058244,-0.00221864692867
1573193847954984611,580,1573193847901920080,,-0.000656765187159,-0.000258253741777,-0.00138980383053
1573193848007898317,581,1573193847955290079,,0.00343410274945,-0.000327925168676,0.00244438881055
1573193848062051971,582,1573193848008337020,,-0.0145346987993,-0.00549554778263,0.00807567220181
1573193848116509338,583,1573193848062740087,,-0.0839105173945,-0.0502451993525,-0.0529882609844
1573193848171063632,584,1573193848117494106,,-0.119251392782,-0.0711142793298,-0.0909002944827
1573193848223806301,585,1573193848171345949,,-0.12004096806,-0.0711186081171,-0.0928510650992
1573193848327422720,586,1573193848224154949,,-0.121416598558,-0.0721943974495,-0.0952420309186
1573193848381279441,587,1573193848327691078,,-0.119094617665,-0.0706948786974,-0.0947459042072
1573193848434034292,588,1573193848381597995,,-0.113562569022,-0.0669758319855,-0.0909939929843
1573193848487559001,589,1573193848434330940,,-0.108722902834,-0.0646054446697,-0.0884989574552
1573193848540927649,590,1573193848487876892,,-0.0902841389179,-0.0536202564836,-0.0740172415972
1573193848593670515,591,1573193848541250944,,-0.0727797597647,-0.0423316843808,-0.0594883449376
1573193848647530898,592,1573193848593915939,,-0.0653102323413,-0.0390187613666,-0.0542830750346
1573193848701425844,593,1573193848647783994,,-0.0664242133498,-0.0393529236317,-0.0556610189378
1573193848755458336,594,1573193848701657056,,-0.0643918439746,-0.0379523560405,-0.0540107786655
1573193848860066311,595,1573193848755959033,,-0.0644327327609,-0.0382195226848,-0.0546758919954
1573193848914081944,596,1573193848860842943,,-0.0633153393865,-0.0375925041735,-0.0544716492295
1573193848967778134,597,1573193848914383888,,-0.0651692152023,-0.0387199185789,-0.0563232004642
1573193849021896213,598,1573193848968456029,,-0.0617079138756,-0.0363644585013,-0.0537794679403
1573193849075604295,599,1573193849022332906,,-0.0356373563409,-0.0219385102391,-0.0465556830168
1573193849129479247,600,1573193849076025009,,-0.00265964725986,0.00107371469494,-0.024466322735
1573193849183899121,601,1573193849129913091,,0.0050901225768,0.00773775530979,0.0012627345277
1573193849236922952,602,1573193849184103965,,0.00180044828448,0.00273898011073,0.00147961650509
1573193849289998030,603,1573193849237076997,,0.000443279306637,0.0011240367312,0.00109275314026
1573193849343215745,604,1573193849290571928,,0.00050678208936,0.000685584789608,0.000875031750184
1573193849446922044,605,1573193849343487024,,0.000249592034379,0.000268978677923,0.000353203591658
1573193849549867671,606,1573193849447313070,,8.76242411323e-05,0.000107928382931,0.000205218544579
1573193849602739250,607,1573193849549705982,,0.000165385790751,6.98915318935e-05,2.35610223172e-05
1573193849655522363,608,1573193849602443933,,8.79055442056e-05,5.31053410668e-05,1.48716844706e-06
1573193849709658563,609,1573193849656169891,,2.27032960538e-05,7.41192416172e-05,5.23720664205e-05
1573193849762285087,610,1573193849710273981,,8.82809472387e-05,8.62118122313e-06,9.22373874346e-05
1573193849815124445,611,1573193849762352943,,-5.2191739087e-05,-7.24660858396e-05,-4.21411350544e-05
1573193849868767907,612,1573193849815177917,,7.41114308767e-06,-4.73204854643e-05,9.34502168093e-05
1573193849923478032,613,1573193849869199991,,-3.25964974763e-05,-2.55954219028e-05,-5.3189603932e-05
1573193849976095683,614,1573193849922576904,,-3.23617423419e-05,5.25676114194e-05,0.000125466496684
1573193850082678783,615,1573193849976763010,,-4.79247391922e-05,-4.94083033118e-05,-8.32990845083e-05
1573193850135174281,616,1573193850081760883,,-1.926009827e-05,-4.96320244565e-05,-6.78517026245e-05
1573193850189063994,617,1573193850135813951,,7.57331727073e-05,1.04041801023e-05,-0.000157299058628
1573193850242682801,618,1573193850189277887,,0.00291726109572,0.0059626987204,-0.00109575642273
1573193850297339202,619,1573193850242820024,,0.000671139219776,0.0406069643795,0.00647109979764
1573193850351299425,620,1573193850297907114,,-0.0424956567585,0.00337897380814,-0.0296003744006
1573193850405695016,621,1573193850351753950,,-0.0401432476938,-0.0526610463858,-0.0421561300755
1573193850460291179,622,1573193850406094074,,-0.00740230316296,-0.0337928421795,-0.00948803219944
1573193850513920075,623,1573193850460465908,,0.00336166610941,-0.00579949887469,0.00479959929362
1573193850617700293,624,1573193850514395952,,0.0002874697675,-0.00128423981369,0.00123072601855
1573193850669898472,625,1573193850617748022,,0.00269213109277,-0.0016326289624,0.00338786118664
1573193850723704664,626,1573193850670021057,,0.0160229802132,-0.00585170136765,0.0105169666931
1573193850825849605,627,1573193850723874092,,0.0265386961401,-0.0619686953723,0.0141604002565
1573193850879405815,628,1573193850826098918,,0.0109656518325,-0.105334967375,-0.000634492083918
1573193850933039987,629,1573193850879859924,,0.00697634462267,-0.0722582787275,0.000403622922022
1573193850986377793,630,1573193850933742046,,0.00261543411762,-0.0257776025683,0.0034547818359
1573193851039510112,631,1573193850986864089,,0.000957061245572,-0.00363757624291,0.00335013656877
1573193851093140068,632,1573193851039643049,,-0.000123835605336,-9.57685988396e-05,-0.000243857823079
1573193851146374044,633,1573193851093753099,,-0.000114189708256,0.000107799598482,-0.000111576300696
1573193851199799552,634,1573193851146493911,,-0.000117614486953,0.000132508852403,-0.000114797221613
1573193851253360597,635,1573193851200292110,,8.97550671652e-06,2.4426213713e-05,0.000214828905882
1573193851308289636,636,1573193851254468917,,-9.73758214968e-05,0.000187706580618,-0.000334612996085
1573193851361600798,637,1573193851309143066,,0.000835535232909,9.07889698283e-05,3.92745096178e-05
1573193851415339658,638,1573193851362025976,,-9.20706734178e-05,7.70176193328e-05,-9.78524112725e-05
1573193851469545362,639,1573193851416223049,,-2.15497930185e-05,0.000116526338388,8.97290519788e-05
1573193851523503838,640,1573193851470283985,,-0.000593805045355,-5.20693974977e-05,3.98828269681e-05
1573193851628347431,641,1573193851523909091,,6.13089941908e-05,-5.1049000831e-06,6.67380227242e-05
1573193851681489302,642,1573193851628912925,,-4.31000553363e-05,7.71165650804e-05,7.87252065493e-05
1573193851735197583,643,1573193851681760072,,6.63209129925e-06,4.28464918514e-05,2.45112914854e-05
1573193851788741945,644,1573193851735367059,,1.3368632608e-05,8.2416809164e-05,0.000116447474284
1573193851893521325,645,1573193851788974046,,5.01481599713e-06,-5.72336321056e-05,-0.000149142681039
1573193851949244010,646,1573193851894783020,,1.84463951882e-05,2.14793954001e-06,2.32843140111e-05
1573193852000452343,647,1573193851948472023,,-8.97093195817e-05,5.34129867447e-05,7.94867737568e-05
1573193852053363683,648,1573193852000494003,,3.13417731377e-05,6.23552332399e-05,1.76374906005e-05
1573193852158839279,649,1573193852054315090,,-7.15480273357e-05,1.26325426208e-06,-3.48887551809e-05
1573193852211767492,650,1573193852158233880,,-1.97527460841e-05,4.77119356219e-05,1.20415024867e-05
1573193852265738767,651,1573193852212259054,,3.08321177727e-05,9.20457023312e-05,5.80386149522e-05
1573193852319599285,652,1573193852266194105,,-3.04372551909e-05,1.12192710731e-05,-8.13024307718e-05
1573193852372894193,653,1573193852320307016,,3.6887209717e-05,-4.57183814433e-05,-0.000148959079525
1573193852426131231,654,1573193852373136997,,3.31645933329e-05,6.82752070134e-05,4.83974945382e-05
1573193852480255190,655,1573193852426317930,,-2.13131647797e-06,1.91127764992e-05,-2.01513357752e-05
1573193852534286498,656,1573193852480901002,,-2.31781359616e-05,5.12181532031e-06,-4.66888413939e-05
1573193852588623569,657,1573193852534980058,,-8.4479645011e-05,2.00229146685e-06,-7.13203189662e-05
1573193852642146016,658,1573193852588776111,,1.96453456738e-05,-1.08115009425e-05,-5.38222120667e-05
1573193852695311458,659,1573193852642867088,,7.9713841842e-05,-8.82210588316e-06,-3.1330739148e-05
1573193852748107911,660,1573193852695647001,,-0.00363322091289,-0.00304417870939,-0.000384071667213
1573193852801544696,661,1573193852748363971,,-0.01350116916,-0.00917905941606,-0.0124591523781
1573193852905979451,662,1573193852802483081,,-0.0174458120018,0.0411048382521,-0.00630887923762
1573193852959782821,663,1573193852906121969,,0.0475100576878,0.00807678047568,0.0324697420001
1573193853013415432,664,1573193852960135936,,0.0122147537768,-0.0442187823355,0.00339068286121
1573193853067144697,665,1573193853013755083,,-0.00693589495495,-0.0300184488297,-0.00599756464362
1573193853120897041,666,1573193853067542076,,-0.00134919036645,-0.00422641215846,-0.00134406948928
1573193853175707198,667,1573193853121262073,,-0.000118588162877,-0.00103580881841,0.000592793221585
1573193853229623179,668,1573193853175993919,,-0.000288727955194,-0.000629639835097,7.5813717558e-05
1573193853284055553,669,1573193853230067014,,1.97357421712e-05,7.28406885173e-05,-0.000346138956957
1573193853338313446,670,1573193853284470081,,-3.00454066746e-05,-0.000226891672355,-8.53121164255e-05
1573193853391146958,671,1573193853338675975,,-5.58504916626e-06,-1.17062882055e-05,-4.57060996268e-05
1573193853444201734,672,1573193853391299009,,0.000111548506538,-1.00303395811e-05,0.000145535144839
1573193853498010524,673,1573193853444566011,,-1.32246332214e-05,-2.77833642031e-05,4.65237826575e-05
1573193853601963231,674,1573193853498492002,,4.24332829425e-05,5.40746123079e-06,-7.98575911176e-06
1573193853655410429,675,1573193853602174997,,0.000401087745558,9.2914175184e-05,1.73647476913e-05
1573193853710105056,676,1573193853655739068,,6.28036214039e-05,3.86268329748e-05,9.51817492023e-05
1573193853762751734,677,1573193853709291934,,-2.49203603744e-05,-3.23362364725e-05,-7.67564997659e-05
1573193853816451037,678,1573193853763017892,,-3.11411895382e-05,-5.24125607626e-05,-0.000138132891152
1573193853870389036,679,1573193853816929101,,2.35420702666e-05,-4.30728459833e-06,-9.18338901101e-06
1573193853924594430,680,1573193853872216939,,-4.91066857649e-05,1.55325415108e-05,7.0190661063e-05
1573193853978266127,681,1573193853924814939,,9.7798081697e-05,2.62214198301e-05,9.50823086896e-05
1573193854031842104,682,1573193853978349924,,-2.36854630202e-05,6.14159080214e-06,4.6848472266e-05
1573193854135015913,683,1573193854032232999,,-4.92806466355e-05,-6.37677585473e-05,-0.000127012201119
1573193854189389764,684,1573193854136317014,,0.000101421879663,4.76488021377e-05,6.83055332047e-05
1573193854243031748,685,1573193854189879894,,-6.32563533145e-05,2.88271512545e-05,3.66234417015e-05
1573193854296896666,686,1573193854243815898,,-1.53576893354e-05,-1.36445705721e-05,-2.34330818785e-05
1573193854351263096,687,1573193854297418117,,1.0689886949e-05,-3.97105759475e-05,-3.94179041905e-05
1573193854404855653,688,1573193854351783990,,5.99314153078e-05,-3.37766432494e-05,1.28483425215e-05
1573193854458510347,689,1573193854405386924,,1.23985528262e-05,1.97920289793e-05,1.83517968253e-05
1573193854512375416,690,1573193854459352970,,-7.46942168917e-06,4.39701980213e-05,3.71533533325e-05
1573193854616568458,691,1573193854512984991,,6.14020473222e-06,4.573096885e-05,9.01135135791e-05
1573193854670266358,692,1573193854617017984,,-5.07464537804e-05,5.18857923453e-05,6.27209374215e-05
1573193854724445798,693,1573193854670847892,,-3.22767700709e-05,4.36390146206e-05,6.01985375397e-05
1573193854778422433,694,1573193854725047111,,7.91059107996e-07,-4.76538116345e-05,-5.22932277818e-05
1573193854881646243,695,1573193854779006958,,-8.59467490955e-06,-7.77109671617e-05,-0.000105083461676
1573193854935496771,696,1573193854881896972,,3.65953201253e-05,2.46343806793e-05,3.30188777298e-06
1573193854989528637,697,1573193854935983896,,6.25513666819e-06,-3.55054544343e-05,5.20842058904e-06
1573193855041688564,698,1573193854989623069,,-7.70079568611e-05,-1.24527423395e-05,-1.5441186406e-05
1573193855093860774,699,1573193855041629076,,-0.000253884645645,-1.23664412968e-05,1.95797238121e-05
1573193855145955651,700,1573193855094084024,,1.37355445986e-05,-2.05460455618e-05,-3.61626553058e-05
1573193855199803863,701,1573193855146337032,,-2.74082867691e-05,-7.20103525964e-06,2.71948374575e-05
1573193855254699755,702,1573193855200170040,,-0.000114234440844,-2.33487626247e-05,-0.000111840206955
1573193855307272133,703,1573193855253974914,,-6.76810595905e-05,9.66015250015e-06,5.05218667968e-05
1573193855359533325,704,1573193855307653903,,6.59693398575e-07,-1.1425014236e-05,3.1529257285e-06
1573193855463178892,705,1573193855359806060,,-0.00302989385091,-0.000429613341112,3.41084523825e-05
1573193855518239865,706,1573193855463481903,,4.60944684164e-05,1.12856832857e-05,3.19834471156e-05
1573193855573597711,707,1573193855518857955,,-9.39783058129e-05,-4.02262194257e-05,-6.41903316136e-05
1573193855627513980,708,1573193855574100971,,-0.000100989913335,4.8382422392e-05,8.40101201902e-05
1573193855682610833,709,1573193855628007888,,7.79969195719e-06,-1.762109423e-05,-5.06472970301e-05
1573193855737140670,710,1573193855683214902,,-2.72312481684e-05,4.61190429633e-05,8.46754846862e-05
1573193855789891434,711,1573193855737257003,,-5.75273552386e-05,-7.96235617599e-05,-0.00017439480871
1573193855842643599,712,1573193855790157079,,2.23925235332e-06,-6.4382526034e-05,-6.36068289168e-05
1573193855946499351,713,1573193855842981100,,4.74972102893e-06,-4.48944456366e-06,-4.17066476075e-05
1573193856000558988,714,1573193855946628093,,2.48844389716e-05,2.87346047116e-05,8.90824012458e-05
1573193856052980571,715,1573193856000624895,,9.61730984272e-05,2.2731925128e-05,1.71471983776e-05
1573193856107756924,716,1573193856053874969,,-5.23539347341e-05,6.85759514454e-05,8.78017453942e-05
1573193856211986687,717,1573193856108278036,,7.10236345185e-05,-8.81279993337e-05,-0.000103447062429
1573193856265406844,718,1573193856212419986,,-4.45082441729e-05,3.63621875294e-05,5.95178171352e-05
1573193856320406882,719,1573193856266331911,,-3.9924219891e-05,-3.28021487803e-05,-0.000114788039355
1573193856373542629,720,1573193856320430994,,7.84017684055e-05,-3.92266047129e-05,-2.92469685519e-05
1573193856427491462,721,1573193856374309062,,2.91676224151e-05,2.46363542828e-05,9.51723850449e-05
1573193856479966637,722,1573193856427975893,,-7.83115974627e-05,-3.09684546664e-05,-4.36709306086e-05
1573193856534914097,723,1573193856480046987,,0.000115163966257,0.000114124064567,0.00012751702161
1573193856589304119,724,1573193856535567998,,1.37986362461e-05,1.99410314963e-05,4.81034985569e-05
1573193856644850327,725,1573193856589875936,,-9.47715234361e-05,-6.17453988525e-05,-6.59325523884e-05
1573193856698480980,726,1573193856645289897,,0.000108151260065,7.13085246389e-05,0.000119781085232
1573193856751090974,727,1573193856698982000,,-4.0827322664e-05,2.89478566629e-06,3.20169942825e-06
1573193856803457194,728,1573193856751130104,,-4.81067872897e-05,6.71859743306e-05,9.99192561721e-05
1573193856856414778,729,1573193856803006887,,-2.2764543246e-05,-5.3425290389e-05,-7.60092007113e-05
1573193856908383378,730,1573193856855946063,,3.34188854367e-07,-3.550585825e-05,2.49895419984e-05
1573193856960715469,731,1573193856908482074,,-7.38288363209e-05,-7.26518337615e-05,-0.000187750876648
1573193857014475565,732,1573193856960922956,,2.11347141885e-05,5.60345397389e-05,6.80493976688e-05
1573193857068953744,733,1573193857015497922,,-6.22955042218e-07,7.3300441727e-05,0.000114762900921
1573193857121922619,734,1573193857069267988,,1.32205123009e-05,-2.72401266557e-05,-6.46939442959e-05
1573193857174704421,735,1573193857121454954,,8.554616943e-05,-5.65461050428e-05,-9.83602076303e-05
1573193857226874833,736,1573193857175374031,,-1.10255268737e-05,5.02350412717e-05,0.000110551554826
1573193857280189590,737,1573193857226938009,,-3.95615970774e-05,-3.21707448165e-05,-5.31348268851e-05
1573193857332675480,738,1573193857280664920,,0.000121444776596,-5.55004444323e-05,-8.46184993861e-05
1573193857384672741,739,1573193857332820892,,-1.76449830178e-05,3.8739752199e-05,8.39916974655e-05
1573193857437646406,740,1573193857384756088,,-0.000110592569399,-2.89157433144e-05,-6.04447413934e-05
1573193857491841506,741,1573193857438493967,,2.05028954952e-05,2.19155299419e-05,3.4650118323e-05
1573193857546096054,742,1573193857492645025,,-2.23889037443e-05,-4.26541628258e-05,-5.99815939495e-05
1573193857599584588,743,1573193857546092033,,8.51626391523e-05,2.93147386401e-05,7.6618976891e-05
1573193857652955654,744,1573193857599651098,,-1.33449912028e-05,1.16915989565e-05,-1.50319692693e-05
1573193857956436011,745,1573193857653110027,,-5.72887292947e-05,-1.16073460958e-05,-1.76738139999e-05
1573193858010458897,746,1573193857957155942,,-7.81796188676e-05,3.08488997689e-05,8.33856829558e-05
1573193858064063184,747,1573193858011486053,,0.00720421504229,0.000994673464447,-5.59048021387e-05
