%time,field.header.seq,field.header.stamp,field.header.frame_id,field.speed,field.vx,field.vy,field.vz
1573193813065463335,175,1573193813012566089,,0.0,-9.99999974738e-06,-0.0,9.99999974738e-06
1573193813119731834,176,1573193813065030097,,0.0,9.99999974738e-06,-0.0,-9.99999974738e-06
1573193813173220739,177,1573193813119190931,,0.0,-9.99999974738e-06,2.99999992421e-05,9.99999974738e-06
1573193813225963995,178,1573193813173532962,,0.0,-0.0,-1.99999994948e-05,9.99999974738e-06
1573193813278009585,179,1573193813225523948,,0.0,-9.99999974738e-06,-9.99999974738e-06,0.0
1573193813332483729,180,1573193813277686119,,0.0,1.99999994948e-05,-1.99999994948e-05,-9.99999974738e-06
1573193813384590107,181,1573193813332412958,,0.0,-0.0,-0.0,0.0
1573193813488443562,182,1573193813384552955,,0.0,1.99999994948e-05,-1.99999994948e-05,-9.99999974738e-06
1573193813543002918,183,1573193813488554954,,0.0,9.99999974738e-06,-1.99999994948e-05,-0.0
1573193813597537179,184,1573193813543212890,,0.0,1.99999994948e-05,-2.99999992421e-05,-9.99999974738e-06
1573193813651413146,185,1573193813596975088,,0.0,9.99999974738e-06,9.99999974738e-06,-9.99999974738e-06
1573193813753528751,186,1573193813650957107,,0.0,-9.99999974738e-06,0.0,9.99999974738e-06
1573193813806988817,187,1573193813753067016,,0.0,9.99999974738e-06,-1.99999994948e-05,-9.99999974738e-06
1573193813862783169,188,1573193813806890964,,0.0,-9.99999974738e-06,3.99999989895e-05,-0.0
1573193813917194914,189,1573193813861879110,,0.0,-0.0,9.99999974738e-06,0.0
1573193814023857983,190,1573193813917331933,,0.0,-9.99999974738e-06,-9.99999974738e-06,9.99999974738e-06
1573193814077681787,191,1573193814023302078,,0.0,0.0,-9.99999974738e-06,-0.0
1573193814132348108,192,1573193814076878070,,0.0,-1.99999994948e-05,1.99999994948e-05,9.99999974738e-06
1573193814185569756,193,1573193814131511926,,0.0,-0.0,0.0,0.0
1573193814240220634,194,1573193814184691905,,0.0,-9.99999974738e-06,2.99999992421e-05,0.0
1573193814295545910,195,1573193814240238904,,0.0,-9.99999974738e-06,0.0,9.99999974738e-06
1573193814349614152,196,1573193814295577049,,0.0,9.99999974738e-06,-9.99999974738e-06,-9.99999974738e-06
1573193814402087812,197,1573193814348910093,,0.0,-0.0,-1.99999994948e-05,0.0
1573193814503972596,198,1573193814401534080,,0.0,0.0,-9.99999974738e-06,0.0
1573193814555441278,199,1573193814503751993,,0.0,0.0,-9.99999974738e-06,-0.0
1573193814610076762,200,1573193814555557012,,0.0,-0.0,2.99999992421e-05,0.0
1573193814664034434,201,1573193814609431982,,0.0,0.0,0.0,-0.0
1573193814718216678,202,1573193814663146972,,0.0,9.99999974738e-06,-1.99999994948e-05,0.0
1573193814823053349,203,1573193814717544078,,0.0,-0.0,9.99999974738e-06,-0.0
1573193814876840683,204,1573193814822864055,,0.0,-0.0,-9.99999974738e-06,0.0
1573193814931373355,205,1573193814876993894,,0.0,1.99999994948e-05,-1.99999994948e-05,-9.99999974738e-06
1573193814985312445,206,1573193814931421041,,0.0,-9.99999974738e-06,9.99999974738e-06,9.99999974738e-06
1573193815088930331,207,1573193814985066890,,0.0,9.99999974738e-06,9.99999974738e-06,-9.99999974738e-06
1573193815143342973,208,1573193815088905096,,0.0,0.0,-0.0,-0.0
1573193815196434124,209,1573193815143112897,,0.0,-0.0,9.99999974738e-06,-0.0
1573193815249197980,210,1573193815195990085,,0.0,9.99999974738e-06,-1.99999994948e-05,-0.0
1573193815303409862,211,1573193815248603105,,0.0,-9.99999974738e-06,-1.99999994948e-05,9.99999974738e-06
1573193815705977815,212,1573193815302390098,,0.0,9.99999974738e-06,1.99999994948e-05,-9.99999974738e-06
1573193815760417583,213,1573193815706130027,,0.0,9.99999974738e-06,-1.99999994948e-05,-0.0
1573193815814947925,214,1573193815759975910,,0.0,9.99999974738e-06,-1.99999994948e-05,0.0
1573193815868553439,215,1573193815814465999,,0.0,0.0,-9.99999974738e-06,-0.0
1573193815922152724,216,1573193815868616104,,0.0,1.99999994948e-05,-1.99999994948e-05,-9.99999974738e-06
1573193815975994410,217,1573193815921565055,,0.0,9.99999974738e-06,-9.99999974738e-06,-0.0
1573193816028022976,218,1573193815975445032,,0.0,9.99999974738e-06,-9.99999974738e-06,-0.0
1573193816082815588,219,1573193816027467012,,9.99999974738e-05,-5.99999984843e-05,-5.99999984843e-05,1.99999994948e-05
1573193816137026581,220,1573193816082490921,,0.00430000014603,-0.000929999980144,-0.00414999993518,5.99999984843e-05
1573193816190993557,221,1573193816136351108,,0.0119000002742,-0.00164000003133,-0.0117600001395,-0.000190000006114
1573193816244839388,222,1573193816190164089,,0.0132999997586,5.99999984843e-05,-0.0133100003004,-0.000209999998333
1573193816299587376,223,1573193816244915008,,0.0209999997169,0.00712999980897,-0.0197299998254,-0.000110000000859
1573193816352679490,224,1573193816298901081,,0.0226000007242,0.0152700003237,-0.0166500005871,-2.99999992421e-05
1573193816406445010,225,1573193816352586030,,0.0261000003666,0.0221500005573,-0.0138900000602,1.99999994948e-05
1573193816460805195,226,1573193816406699895,,0.0322999991477,0.0307199992239,-0.00985999964178,7.00000018696e-05
1573193816565538996,227,1573193816460989952,,0.0361000001431,0.0353900007904,-0.00731999985874,5.99999984843e-05
1573193816620028186,228,1573193816565231084,,0.0333999991417,0.0328200012445,-0.0062199998647,-2.99999992421e-05
1573193816675282916,229,1573193816620045900,,0.0333000011742,0.0327700003982,-0.00609999988228,-7.00000018696e-05
1573193816728612158,230,1573193816674433946,,0.0340999998152,0.0340900011361,3.99999989895e-05,-0.000119999996969
1573193816782615002,231,1573193816728162050,,0.0392000004649,0.0372099988163,0.0124599998817,-1.99999994948e-05
1573193816836427117,232,1573193816781707048,,0.0441000014544,0.0401800014079,0.0182499997318,0.000310000003083
1573193816889651899,233,1573193816836010932,,0.0469999983907,0.0416899994016,0.0217700004578,0.000110000000859
1573193816943545587,234,1573193816889194011,,0.0491000004113,0.0422799997032,0.0249799992889,9.99999974738e-06
1573193816997052648,235,1573193816943005084,,0.0527999997139,0.0442299991846,0.0288100000471,-1.99999994948e-05
1573193817051319222,236,1573193816996691942,,0.0551000013947,0.044849999249,0.0320199988782,-9.00000013644e-05
1573193817105754257,237,1573193817050657987,,0.061400000006,0.0489500015974,0.0370399989188,-9.99999974738e-05
1573193817159411173,238,1573193817105161905,,0.0749000012875,0.0589599981904,0.0462299995124,0.000260000000708
1573193817213994642,239,1573193817158983945,,0.077500000596,0.0610800012946,0.0476999990642,-1.99999994948e-05
1573193817267114999,240,1573193817213227033,,0.0773999989033,0.0609299987555,0.0476600006223,1.99999994948e-05
1573193817320268153,241,1573193817267246007,,0.0749000012875,0.0586900003254,0.046590000391,0.000319999991916
1573193817374229932,242,1573193817320553064,,0.0678000003099,0.0526299998164,0.0427500009537,-9.99999974738e-06
1573193817428285091,243,1573193817374430894,,0.0577999986708,0.0444700010121,0.0369400009513,-0.000130000000354
1573193817482026737,244,1573193817427814006,,0.0524999983609,0.0399300009012,0.0340499989688,-0.000269999989541
1573193817536429566,245,1573193817482135057,,0.0538000017405,0.0399900004268,0.0359600000083,-0.000269999989541
1573193817640447478,246,1573193817536323070,,0.0535999983549,0.039319999516,0.0364499986172,-0.000289999996312
1573193817693761307,247,1573193817639926910,,0.061400000006,0.0448199994862,0.0420299991965,-0.000199999994948
1573193817749697849,248,1573193817694215059,,0.0646999999881,0.0475800000131,0.0438899993896,-0.000260000000708
1573193817802528425,249,1573193817749313116,,0.0750999972224,0.0516100004315,0.0546099990606,0.000239999993937
1573193817855121953,250,1573193817802160024,,0.0821999981999,0.0538699999452,0.0620799995959,0.0
1573193817908898652,251,1573193817855071067,,0.0826999992132,0.0539800003171,0.0627000033855,0.0
1573193817962888961,252,1573193817908379077,,0.0829000025988,0.054090000689,0.0627899989486,0.0
1573193818016630971,253,1573193817962712049,,0.0824000015855,0.0535999983549,0.0625599995255,0.000110000000859
1573193818071061510,254,1573193818016964912,,0.0772000029683,0.0496699996293,0.0591400004923,0.000260000000708
1573193818173553582,255,1573193818071154117,,0.0656000003219,0.0413599982858,0.0509600006044,0.000239999993937
1573193818227025536,256,1573193818173213958,,0.0509000010788,0.0309699997306,0.0403300002217,0.000250000011874
1573193818279684194,257,1573193818226980924,,0.0320999994874,0.0162899997085,0.027710000053,0.000230000005104
1573193818333782734,258,1573193818279275894,,0.0217000003904,0.00807000044733,0.0200900007039,2.99999992421e-05
1573193818437408544,259,1573193818332964897,,0.00820000004023,0.00200000009499,0.00793999992311,-0.000180000002729
1573193818492166849,260,1573193818437500000,,0.000500000023749,1.99999994948e-05,0.000509999983478,0.0
1573193818545252777,261,1573193818491101026,,0.0,-4.99999987369e-05,9.99999974738e-06,-0.0
1573193818598177368,262,1573193818545378923,,0.000600000028498,9.00000013644e-05,0.000569999974687,-3.99999989895e-05
1573193818652347758,263,1573193818597770929,,0.00810000021011,0.00133999995887,0.0079600000754,-9.00000013644e-05
1573193818708405598,264,1573193818651915073,,0.019999999553,0.00466000009328,0.0195000004023,-3.99999989895e-05
1573193818760357067,265,1573193818707772016,,0.0320000015199,0.00946999993175,0.0305799990892,-9.99999974738e-06
1573193818813767373,266,1573193818759938955,,0.0471000000834,0.0167900007218,0.0439499989152,-1.99999994948e-05
1573193818868303867,267,1573193818813973903,,0.0601000003517,0.0241599995643,0.0550099983811,1.99999994948e-05
1573193818922170497,268,1573193818867760896,,0.0712999999523,0.0291000008583,0.0650999993086,0.000150000007125
1573193818975295458,269,1573193818921202898,,0.0826999992132,0.0317399986088,0.0763799995184,-2.99999992421e-05
1573193819031045566,270,1573193818975450992,,0.102300003171,0.03579999879,0.0958399996161,-4.99999987369e-05
1573193819083276676,271,1573193819030284881,,0.113499999046,0.0368800014257,0.107299998403,-5.99999984843e-05
1573193819136597768,272,1573193819082719087,,0.123599998653,0.0377800017595,0.117640003562,0.0
1573193819191816770,273,1573193819136224985,,0.124799996614,0.0370500013232,0.119199998677,0.000119999996969
1573193819243602230,274,1573193819191276073,,0.114299997687,0.033100001514,0.109430000186,5.99999984843e-05
1573193819297573368,275,1573193819243906021,,0.101499997079,0.0272499993443,0.0977500006557,5.99999984843e-05
1573193819352317732,276,1573193819297780036,,0.0885000005364,0.019339999184,0.086390003562,0.000159999995958
1573193819456220185,277,1573193819351814985,,0.0751999989152,0.0104700000957,0.0744900032878,7.00000018696e-05
1573193819510374310,278,1573193819456362962,,0.0577999986708,0.00265999999829,0.0577099993825,-9.99999974738e-05
1573193819564263533,279,1573193819510464906,,0.0461999997497,-0.000920000020415,0.0462299995124,4.99999987369e-05
1573193819618789462,280,1573193819564337015,,0.035000000149,-0.00291000003926,0.0348399989307,4.99999987369e-05
1573193819722420297,281,1573193819618256092,,0.0244999993593,-0.0049200002104,0.0240199994296,4.99999987369e-05
1573193819776986228,282,1573193819722486972,,0.0146000003442,-0.00711000012234,0.0127800004557,3.99999989895e-05
1573193819831201679,283,1573193819776273965,,0.0093999998644,-0.00860999990255,0.00380000006407,-1.99999994948e-05
1573193819882498871,284,1573193819830394983,,0.00960000045598,-0.0095600001514,0.000250000011874,-2.99999992421e-05
1573193819986953989,285,1573193819882631063,,0.0100999996066,-0.0100899999961,-0.000630000024103,-4.99999987369e-05
1573193820040657241,286,1573193819986705064,,0.0104999998584,-0.0104099996388,-0.00138999999035,-0.000110000000859
1573193820094526512,287,1573193820040643930,,0.0105999996886,-0.0105100004002,-0.00159999995958,-7.00000018696e-05
1573193820148674611,288,1573193820094671010,,0.0104999998584,-0.0104000000283,-0.00153000000864,-4.99999987369e-05
1573193820201632243,289,1573193820148555994,,0.0103000001982,-0.0102599998936,-0.00129000004381,-3.99999989895e-05
1573193820254913450,290,1573193820201181888,,0.0102000003681,-0.0101300003007,-0.000950000016019,-9.99999974738e-06
1573193820308032035,291,1573193820253515958,,0.00999999977648,-0.00996000040323,-0.000560000014957,0.0
1573193820360588484,292,1573193820307389974,,0.0097000002861,-0.00973999965936,-1.99999994948e-05,9.99999974738e-06
1573193820414232918,293,1573193820360239982,,0.0104000000283,-0.0103200003505,0.00127999996766,2.99999992421e-05
1573193820517642673,294,1573193820414134025,,0.0122999995947,-0.0113300001249,0.00471000000834,-9.99999974738e-06
1573193820571684256,295,1573193820517699956,,0.0219999998808,-0.0112300002947,0.0189399998635,-5.99999984843e-05
1573193820624901949,296,1573193820571891069,,0.0274000000209,-0.0100199999288,0.0255200006068,-9.99999974738e-05
1573193820678989523,297,1573193820624280929,,0.0274000000209,-0.0089800003916,0.0258699990809,-7.9999997979e-05
1573193820732196405,298,1573193820678155899,,0.0271000005305,-0.00807000044733,0.0258499998599,-3.99999989895e-05
1573193820786306624,299,1573193820732178926,,0.0267999991775,-0.00722000002861,0.0258099995553,-9.99999974738e-06
1573193820843075931,300,1573193820788269996,,0.0298999994993,-0.00906999967992,0.0284599997103,0.000339999998687
1573193820897017263,301,1573193820842361927,,0.0281000006944,-0.0149999996647,0.0238099992275,-3.99999989895e-05
1573193820950528371,302,1573193820896069049,,0.0277999993414,-0.0230800006539,0.0154999997467,-0.000190000006114
1573193821054244281,303,1573193820949433088,,0.0315999984741,-0.0311999991536,0.00533000007272,-0.000330000009853
1573193821107727356,304,1573193821053410053,,0.0450000017881,-0.0430399999022,-0.0130799999461,-0.000159999995958
1573193821162103272,305,1573193821107755899,,0.0668999999762,-0.0546099990606,-0.0387200005352,5.99999984843e-05
1573193821216760095,306,1573193821161335945,,0.0794999971986,-0.0614299997687,-0.0504599995911,-0.000130000000354
1573193821320728499,307,1573193821216665983,,0.082800000906,-0.0640700012445,-0.0524999983609,0.000119999996969
1573193821373320423,308,1573193821320317029,,0.0763999968767,-0.0591199994087,-0.0484599992633,9.00000013644e-05
1573193821426628330,309,1573193821373184919,,0.0766000002623,-0.059209998697,-0.0486200004816,4.99999987369e-05
1573193821481090876,310,1573193821426628112,,0.0768000036478,-0.0569499991834,-0.0515699982643,-0.000269999989541
1573193821533940209,311,1573193821480447053,,0.0712999999523,-0.0522300004959,-0.0485699996352,0.000250000011874
1573193821589227528,312,1573193821533349037,,0.0693000033498,-0.0497400015593,-0.048259999603,0.000150000007125
1573193821642160149,313,1573193821588274002,,0.0697000026703,-0.0490499995649,-0.0494799986482,0.000300000014249
1573193821696365895,314,1573193821642391920,,0.0661000013351,-0.0446700006723,-0.0487800016999,0.000169999999343
1573193821750495053,315,1573193821695939064,,0.0672999992967,-0.0436599999666,-0.0511600002646,9.99999974738e-06
1573193821855031956,316,1573193821750579118,,0.0725999996066,-0.046059999615,-0.0561299994588,0.000209999998333
1573193821908497629,317,1573193821854440927,,0.089500002563,-0.0536499992013,-0.0715800002217,-0.000209999998333
1573193821962427189,318,1573193821908607006,,0.102200001478,-0.0613100007176,-0.0817800015211,-9.99999974738e-06
1573193822067949285,319,1573193821962491989,,0.102099999785,-0.0612500011921,-0.0817399993539,-9.99999974738e-06
1573193822120284077,320,1573193822066145896,,0.0942000001669,-0.0564699992537,-0.0753400027752,-0.0
1573193822174451754,321,1573193822119859933,,0.0925000011921,-0.054999999702,-0.0743800029159,-0.000199999994948
1573193822228430961,322,1573193822173716068,,0.0833000019193,-0.0492799989879,-0.0672099962831,3.99999989895e-05
1573193822279391712,323,1573193822227602958,,0.0736000016332,-0.0429500006139,-0.0598200000823,0.000199999994948
1573193822381663662,324,1573193822279128074,,0.0719999969006,-0.0400100015104,-0.0598799996078,-7.00000018696e-05
1573193822434961081,325,1573193822381259918,,0.0810000002384,-0.0427399985492,-0.0688399970531,-1.99999994948e-05
1573193822488710952,326,1573193822435182094,,0.0819000005722,-0.0414800010622,-0.0706600025296,-9.99999974738e-06
1573193822593106692,327,1573193822488179922,,0.077500000596,-0.0376700013876,-0.0677499994636,0.000159999995958
1573193822647642706,328,1573193822592279911,,0.0916000008583,-0.0407099984586,-0.0820500031114,-0.000180000002729
1573193822700926077,329,1573193822646599054,,0.0935000032187,-0.0416399985552,-0.0837000012398,9.99999974738e-06
1573193822754344117,330,1573193822701169013,,0.100699998438,-0.0447999984026,-0.0902300029993,-0.0
1573193822807473857,331,1573193822753884077,,0.100900001824,-0.0448700003326,-0.0903799980879,-0.0
1573193822860942782,332,1573193822806958913,,0.101000003517,-0.0449500009418,-0.090499997139,9.99999974738e-06
1573193822915060861,333,1573193822861054897,,0.0982000008225,-0.0430100001395,-0.0882600024343,-0.000209999998333
1573193822968995726,334,1573193822914711952,,0.0861999988556,-0.0376700013876,-0.0775500014424,0.000119999996969
1573193823021853307,335,1573193822969014883,,0.0626000016928,-0.0255500003695,-0.0571300014853,5.99999984843e-05
1573193823126053239,336,1573193823022022962,,0.0467000007629,-0.0180699992925,-0.0430100001395,2.99999992421e-05
1573193823230237396,337,1573193823125557899,,0.0283000003546,-0.0100400000811,-0.0264400001615,1.99999994948e-05
1573193823282357242,338,1573193823229429006,,0.00260000000708,-0.00115999998525,-0.00236000004224,0.000239999993937
1573193823337186080,339,1573193823282454967,,0.00700000021607,-0.000460000010207,-0.00694999983534,-0.000119999996969
1573193823390605234,340,1573193823336946964,,0.0162000004202,-0.00107999995816,-0.0161499995738,-3.99999989895e-05
1573193823494564839,341,1573193823390631914,,0.0244999993593,-0.00106999999844,-0.0244900006801,-9.99999974738e-05
1573193823548448440,342,1573193823494683027,,0.0322999991477,0.0024600001052,-0.0322099998593,-0.000230000005104
1573193823604075251,343,1573193823548578023,,0.0329000018537,0.00638000015169,-0.0323200002313,-7.9999997979e-05
1573193823657147738,344,1573193823603190898,,0.0331999994814,0.0107100000605,-0.031479999423,2.99999992421e-05
1573193823712093035,345,1573193823657309055,,0.0333000011742,0.0120500000194,-0.0310900006443,-0.000110000000859
1573193823766599147,346,1573193823711759090,,0.0333999991417,0.0139100002125,-0.0302499998361,-0.0031500000041
1573193823819429301,347,1573193823765726089,,0.0344999991357,0.0180799998343,-0.0292000006884,-0.00374000007287
1573193823874194656,348,1573193823819479942,,0.0361000001431,0.0263299997896,-0.0243999995291,-0.00422000000253
1573193823926487142,349,1573193823873368024,,0.0351000018418,0.0332500003278,-0.0104299997911,-0.00407999986783
1573193823980375604,350,1573193823926157951,,0.0408999994397,0.0402700006962,0.00589000014588,-0.00424000015482
1573193824035242122,351,1573193823980015993,,0.0518000014126,0.046859998256,0.0215799994767,-0.00420999992639
1573193824088909684,352,1573193824034840106,,0.0662999972701,0.0518100000918,0.0412099994719,-0.00418000016361
1573193824141908920,353,1573193824088680982,,0.0657000020146,0.0492900013924,0.0432000011206,-0.00461000017822
1573193824245669297,354,1573193824141360998,,0.0626000016928,0.0449099987745,0.0433899983764,-0.00473000016063
1573193824298798939,355,1573193824244805097,,0.0586999990046,0.0415499992669,0.0412500016391,-0.00416000001132
1573193824352150876,356,1573193824298909902,,0.0577999986708,0.0403099991381,0.0414699986577,-0.000539999979082
1573193824405962142,357,1573193824352269887,,0.0542999990284,0.0380100011826,0.03878999874,-0.000169999999343
1573193824509322202,358,1573193824406312942,,0.0463000014424,0.0325199998915,0.0329700000584,-2.99999992421e-05
1573193824562716176,359,1573193824509349107,,0.0364999994636,0.0257500000298,0.0258099995553,9.99999974738e-06
1573193824615996691,360,1573193824562211990,,0.0295000001788,0.020850000903,0.0208800006658,9.00000013644e-05
1573193824668104362,361,1573193824616004943,,0.0220999997109,0.0156500004232,0.0156199997291,0.000150000007125
1573193824722706290,362,1573193824668189048,,0.017100000754,0.0122999995947,0.0118800001219,-3.99999989895e-05
1573193824775169702,363,1573193824722100019,,0.0159000009298,0.0111899999902,0.0112800002098,0.000199999994948
1573193824829380035,364,1573193824774943113,,0.0159000009298,0.011269999668,0.0112800002098,0.000190000006114
1573193824882991641,365,1573193824829727888,,0.0159000009298,0.0112399999052,0.0113000003621,0.000220000001718
1573193824936272976,366,1573193824882396936,,0.0159000009298,0.011269999668,0.0112199997529,0.000230000005104
1573193825040796930,367,1573193824936600923,,0.0159000009298,0.0112600000575,0.0112300002947,0.000250000011874
1573193825095241492,368,1573193825040263891,,0.0159000009298,0.0112300002947,0.0111999996006,0.000250000011874
1573193825148764721,369,1573193825095223903,,0.0159000009298,0.011269999668,0.011250000447,0.000289999996312
1573193825202626692,370,1573193825148207902,,0.0157999992371,0.0111800003797,0.0111699998379,0.000310000003083
1573193825306462463,371,1573193825202013015,,0.0159000009298,0.0112199997529,0.0112600000575,0.000319999991916
1573193825358749832,372,1573193825305869102,,0.0159000009298,0.011269999668,0.0112300002947,0.000399999989895
1573193825411700674,373,1573193825358822107,,0.0152000002563,0.0105600003153,0.010879999958,0.00126000004821
1573193825466415829,374,1573193825411833047,,0.0142000000924,0.00968000013381,0.00999999977648,0.00264000007883
1573193825519439454,375,1573193825465655088,,0.0122999995947,0.00825999956578,0.00832000002265,0.00368000008166
1573193825623535151,376,1573193825519624948,,0.0097000002861,0.00669000018388,0.00591999990866,0.00381999998353
1573193825678473803,377,1573193825623768091,,0.0054999999702,0.00367000000551,0.00211000000127,0.00346000003628
1573193825732881278,378,1573193825678587913,,0.00380000006407,0.00121999997646,-0.000260000000708,0.00362999993376
1573193825786591510,379,1573193825732482910,,0.00410000002012,-0.000809999997728,-0.00190000003204,0.00359999993816
1573193825840845399,380,1573193825786792993,,0.0054999999702,-0.00267000007443,-0.00331999990158,0.00356000009924
1573193825893399223,381,1573193825840336084,,0.00749999983236,-0.00460000010207,-0.00485000014305,0.00350999995135
1573193825947739972,382,1573193825893049001,,0.0124000003561,-0.00860999990255,-0.00808000005782,0.00374999991618
1573193826001323658,383,1573193825947007894,,0.0152000002563,-0.0109999999404,-0.0100899999961,0.00273000006564
1573193826055034500,384,1573193826000730991,,0.0172000005841,-0.0130000002682,-0.0112300002947,0.00121000001673
1573193826157070994,385,1573193826054400920,,0.0183000005782,-0.0143699999899,-0.0113099999726,5.99999984843e-05
1573193826211036880,386,1573193826157150983,,0.0188999995589,-0.0158699993044,-0.0102599998936,-0.000140000003739
1573193826265356919,387,1573193826211172103,,0.0195000004023,-0.0172300003469,-0.00905000045896,-9.99999974738e-05
1573193826319525117,388,1573193826265247106,,0.0201999992132,-0.0180399995297,-0.00901999976486,-7.00000018696e-05
1573193826373622884,389,1573193826319503068,,0.0208999998868,-0.0187599994242,-0.00911999959499,-9.00000013644e-05
1573193826427551691,390,1573193826373074054,,0.0217000003904,-0.0196000002325,-0.00934999994934,-7.00000018696e-05
1573193826479023856,391,1573193826426631927,,0.0225000008941,-0.0204099994153,-0.00956999976188,-7.9999997979e-05
1573193826533157186,392,1573193826478743076,,0.0228000003844,-0.0207499992102,-0.00953000038862,-0.000110000000859
1573193826586054562,393,1573193826532623052,,0.0227000005543,-0.0208100005984,-0.00908999983221,-5.99999984843e-05
1573193826687404522,394,1573193826585618972,,0.0228000003844,-0.0209899991751,-0.00891000032425,-7.00000018696e-05
1573193826742964558,395,1573193826687201023,,0.0233999993652,-0.0215099994093,-0.00908999983221,-4.99999987369e-05
1573193826796470610,396,1573193826742151975,,0.0239000003785,-0.0219599995762,-0.00942999962717,-3.99999989895e-05
1573193826850948631,397,1573193826796122074,,0.0241999998689,-0.0222200006247,-0.00951999984682,9.99999974738e-06
1573193826904443976,398,1573193826850265026,,0.024299999699,-0.0224399995059,-0.00932999979705,1.99999994948e-05
1573193826958483445,399,1573193826903836965,,0.0229000002146,-0.0215799994767,-0.0077999997884,1.99999994948e-05
1573193827012620307,400,1573193826957741975,,0.0209999997169,-0.0198299996555,-0.00686000008136,4.99999987369e-05
1573193827064943443,401,1573193827011768102,,0.0188999995589,-0.017990000546,-0.0059299999848,7.9999997979e-05
1573193827169983943,402,1573193827065057039,,0.016799999401,-0.0160399992019,-0.00503000011668,5.99999984843e-05
1573193827224254585,403,1573193827170232057,,0.0131999999285,-0.0127999996766,-0.00320999999531,5.99999984843e-05
1573193827278536533,404,1573193827224327087,,0.0111999996006,-0.011040000245,0.00161000003573,1.99999994948e-05
1573193827332625113,405,1573193827278640985,,0.0115999998525,-0.00761999981478,0.00874000042677,-2.99999992421e-05
1573193827386470836,406,1573193827332204103,,0.0161000005901,-0.00530999992043,0.0152099998668,2.99999992421e-05
1573193827489955668,407,1573193827386538982,,0.0217000003904,-0.00288000004366,0.0215499997139,1.99999994948e-05
1573193827543785813,408,1573193827489366054,,0.0305000003427,-0.000159999995958,0.0305499993265,0.0
1573193827597579280,409,1573193827543211936,,0.0353999994695,0.00205000001006,0.035339999944,9.00000013644e-05
1573193827651033065,410,1573193827597460031,,0.0368999987841,0.00294000003487,0.0367599986494,1.99999994948e-05
1573193827705687584,411,1573193827650408029,,0.0368999987841,0.00304999994114,0.0367700010538,-0.0
1573193827759820102,412,1573193827705785989,,0.0366999991238,0.00304000009783,0.0365899987519,-9.99999974738e-06
1573193827814338396,413,1573193827759979009,,0.0392000004649,0.00337000004947,0.0390999987721,-9.99999974738e-06
1573193827868655654,414,1573193827814707994,,0.035000000149,0.0035500000231,0.0347799994051,4.99999987369e-05
1573193827972882923,415,1573193827868699073,,0.0296999998391,0.00340999988839,0.0295299999416,7.00000018696e-05
1573193828026896724,416,1573193827972426891,,0.0223999992013,0.00301999994554,0.022199999541,1.99999994948e-05
1573193828080823439,417,1573193828026758909,,0.0174000002444,0.00279000005685,0.0171900000423,-9.99999974738e-06
1573193828134626533,418,1573193828080900907,,0.00800000037998,0.0023199999705,0.00765000004321,1.99999994948e-05
1573193828188761068,419,1573193828134814023,,0.00190000003204,0.000850000011269,0.00170000002254,-5.99999984843e-05
1573193828240915383,420,1573193828188777923,,0.0,2.99999992421e-05,9.99999974738e-06,-1.99999994948e-05
1573193828294420770,421,1573193828240621089,,9.99999974738e-05,-7.00000018696e-05,-5.99999984843e-05,9.99999974738e-06
1573193828347107216,422,1573193828294466972,,9.99999974738e-05,-7.00000018696e-05,-7.00000018696e-05,9.99999974738e-06
1573193828401180622,423,1573193828346693992,,9.99999974738e-05,-9.00000013644e-05,-2.99999992421e-05,1.99999994948e-05
1573193828453902151,424,1573193828400681018,,9.99999974738e-05,-4.99999987369e-05,-4.99999987369e-05,0.0
1573193828507329796,425,1573193828453078985,,9.99999974738e-05,4.99999987369e-05,2.99999992421e-05,-2.99999992421e-05
1573193828560581735,426,1573193828507421016,,0.00520000001416,0.00292999995872,0.0043299999088,-0.000199999994948
1573193828614766796,427,1573193828560249090,,0.0173000004143,0.00942999962717,0.0144800003618,2.99999992421e-05
1573193828669887619,428,1573193828614243030,,0.0302000008523,0.0164199993014,0.025399999693,0.000119999996969
1573193828724343652,429,1573193828668936014,,0.0456999987364,0.0231100004166,0.0394200012088,-3.99999989895e-05
1573193828776959523,430,1573193828723536014,,0.0599999986589,0.0302099995315,0.0518399998546,9.99999974738e-06
1573193828831067850,431,1573193828776446104,,0.0737000033259,0.0374700017273,0.0634299963713,-2.99999992421e-05
1573193828884535681,432,1573193828830462932,,0.0882999971509,0.0455400012434,0.0756499990821,5.99999984843e-05
1573193828988449765,433,1573193828884772062,,0.0952999964356,0.0496600009501,0.0813900008798,7.9999997979e-05
1573193829042928864,434,1573193828988607883,,0.0878000035882,0.0458599999547,0.0748500004411,-0.0
1573193829098327681,435,1573193829042445898,,0.0874999985099,0.0456999987364,0.0746100023389,1.99999994948e-05
1573193829151112251,436,1573193829097106933,,0.0826999992132,0.0430300012231,0.0706399977207,0.000180000002729
1573193829205891476,437,1573193829151158094,,0.0716999992728,0.037080001086,0.0613300018013,-2.99999992421e-05
1573193829259024675,438,1573193829204938888,,0.0599999986589,0.0307800006121,0.0515200011432,-0.000110000000859
1573193829312121237,439,1573193829258934020,,0.0460000000894,0.0247399993241,0.0388199985027,3.99999989895e-05
1573193829365685023,440,1573193829311784029,,0.0331999994814,0.0183300003409,0.0276200007647,-9.99999974738e-06
1573193829418437391,441,1573193829365670919,,0.0206000003964,0.0116400001571,0.0169699992985,2.99999992421e-05
1573193829524509929,442,1573193829418426036,,0.00719999987632,0.00431000022218,0.00581000000238,-4.99999987369e-05
1573193829577675466,443,1573193829523607969,,0.000399999989895,0.000339999998687,0.000250000011874,-7.00000018696e-05
1573193829631024933,444,1573193829577652931,,9.99999974738e-05,-4.99999987369e-05,-7.00000018696e-05,0.0
1573193829684268722,445,1573193829630609989,,9.99999974738e-05,-9.99999974738e-05,-9.99999974738e-05,9.99999974738e-06
1573193829736915397,446,1573193829684376955,,9.99999974738e-05,-9.00000013644e-05,-7.00000018696e-05,1.99999994948e-05
1573193829789592513,447,1573193829736993074,,9.99999974738e-05,-7.00000018696e-05,-5.99999984843e-05,-0.0
1573193829844600492,448,1573193829789778947,,9.99999974738e-05,-7.00000018696e-05,-4.99999987369e-05,9.99999974738e-06
1573193829897897962,449,1573193829843705892,,9.99999974738e-05,-7.9999997979e-05,-3.99999989895e-05,1.99999994948e-05
1573193829951111225,450,1573193829897515058,,9.99999974738e-05,-7.00000018696e-05,-4.99999987369e-05,9.99999974738e-06
1573193830055360544,451,1573193829950474023,,9.99999974738e-05,-3.99999989895e-05,-3.99999989895e-05,9.99999974738e-06
1573193830110456581,452,1573193830054672956,,0.00260000000708,0.00196000002325,0.00167000002693,-0.000230000005104
1573193830164823042,453,1573193830110192060,,0.0125000001863,0.00771000003442,0.00978999957442,2.99999992421e-05
1573193830219147585,454,1573193830164805889,,0.0230999998748,0.0124700004235,0.0194899998605,0.000310000003083
1573193830322505656,455,1573193830218585968,,0.0270000007004,0.0108700003475,0.0247200001031,0.000339999998687
1573193830376625485,456,1573193830322058916,,0.00899999961257,-0.00176999997348,0.00887000001967,9.99999974738e-06
1573193830431596023,457,1573193830376872062,,0.00860000029206,-0.0085199996829,-0.00101999996696,-2.99999992421e-05
1573193830484237079,458,1573193830430666923,,0.0144999995828,-0.0124099999666,-0.00757999997586,-0.000190000006114
1573193830538499590,459,1573193830483690977,,0.0161000005901,-0.0136000001803,-0.00853000022471,1.99999994948e-05
1573193830592210359,460,1573193830537838935,,0.0161000005901,-0.0136200003326,-0.00856999959797,1.99999994948e-05
1573193830645688252,461,1573193830591691017,,0.0161000005901,-0.0135899996385,-0.00856999959797,1.99999994948e-05
1573193830699255324,462,1573193830645683050,,0.0201999992132,-0.0168900005519,-0.0111199999228,0.000280000007479
1573193830803733952,463,1573193830699532032,,0.0295000001788,-0.0224799998105,-0.0190699994564,0.0
1573193830906853061,464,1573193830803141117,,0.0447000004351,-0.0293099991977,-0.0337399989367,-0.000310000003083
1573193830960149198,465,1573193830907027006,,0.0555999986827,-0.031819999218,-0.0456500016153,-0.000280000007479
1573193831013529284,466,1573193830959570884,,0.047499999404,-0.0255200006068,-0.0400700010359,-9.99999974738e-06
1573193831067941040,467,1573193831013509988,,0.0403999984264,-0.0222100000829,-0.0337399989367,2.99999992421e-05
1573193831121263353,468,1573193831067276954,,0.0368999987841,-0.0209299996495,-0.0304199997336,0.000119999996969
1573193831176047929,469,1573193831121511936,,0.0390999987721,-0.0218100007623,-0.0324399992824,-0.0
1573193831228066272,470,1573193831175251960,,0.041700001806,-0.0229000002146,-0.0348699986935,-1.99999994948e-05
1573193831282511750,471,1573193831228140115,,0.0443999990821,-0.0239100009203,-0.0374099984765,-0.0
1573193831385369758,472,1573193831281739950,,0.0452000014484,-0.0241700001061,-0.0381399989128,-9.99999974738e-06
1573193831438966395,473,1573193831384805917,,0.0419000014663,-0.0224099997431,-0.0354099981487,-9.99999974738e-06
1573193831492102225,474,1573193831438344001,,0.0368999987841,-0.019999999553,-0.0309800002724,3.99999989895e-05
1573193831545106219,475,1573193831492351055,,0.0263999998569,-0.0146599998698,-0.0219800006598,1.99999994948e-05
1573193831598639479,476,1573193831544744014,,0.0204000007361,-0.0114000001922,-0.0168600007892,9.99999974738e-06
1573193831652788488,477,1573193831598216056,,0.0151000004262,-0.0076700001955,-0.0130200004205,2.99999992421e-05
1573193831706698040,478,1573193831652314901,,0.0105999996886,-0.00476999999955,-0.00946000032127,9.00000013644e-05
1573193831760247785,479,1573193831705876111,,0.00659999996424,-0.00248000002466,-0.00613000011072,0.0
1573193831812798347,480,1573193831759422063,,0.00449999980628,-0.00164000003133,-0.00414999993518,7.9999997979e-05
1573193831865240702,481,1573193831812482118,,0.00829999987036,-0.00282999989577,-0.00780999986455,0.0
1573193831919709330,482,1573193831865262031,,0.01600000076,-0.00652999989688,-0.0145600000396,-7.00000018696e-05
1573193832024211427,483,1573193831919747114,,0.0280000008643,-0.0121900001541,-0.0252000000328,-9.00000013644e-05
1573193832078643872,484,1573193832024384975,,0.041700001806,-0.0154400002211,-0.0387700013816,-3.99999989895e-05
1573193832133250058,485,1573193832078406095,,0.048599999398,-0.0159300006926,-0.0458599999547,-2.99999992421e-05
1573193832187337695,486,1573193832132494926,,0.0551000013947,-0.0163599997759,-0.0526299998164,0.0
1573193832242552760,487,1573193832186429023,,0.0612999983132,-0.0165800005198,-0.059050001204,-0.0
1573193832295941501,488,1573193832242592096,,0.0653000026941,-0.0167699996382,-0.0631100013852,4.99999987369e-05
1573193832349381947,489,1573193832296087980,,0.0738999992609,-0.0165100004524,-0.0720300003886,-3.99999989895e-05
1573193832403032100,490,1573193832348892927,,0.0800999999046,-0.0157900005579,-0.0785000026226,-7.9999997979e-05
1573193832456278557,491,1573193832403119087,,0.0742999985814,-0.0134699996561,-0.073109999299,-9.99999974738e-06
1573193832508991954,492,1573193832455741882,,0.0663999989629,-0.00958999991417,-0.0657100006938,7.00000018696e-05
1573193832561375619,493,1573193832508479118,,0.0575999990106,-0.00504000019282,-0.0574100017548,9.99999974738e-05
1573193832615818868,494,1573193832561508893,,0.0456999987364,-0.000809999997728,-0.0457100011408,5.99999984843e-05
1573193832719619329,495,1573193832615135908,,0.0379999987781,0.000469999999041,-0.0380299985409,-0.000150000007125
1573193832823580918,496,1573193832719029903,,0.0280000008643,0.0105100004002,-0.0259600002319,-0.000209999998333
1573193832877857564,497,1573193832823180913,,0.0245999991894,0.0205400008708,-0.0135700004175,-0.000119999996969
1573193832931623429,498,1573193832877125978,,0.0274000000209,0.0264199990779,-0.00732999993488,-0.000140000003739
1573193832984637366,499,1573193832930953979,,0.0318999998271,0.0317599996924,0.00349000003189,-2.99999992421e-05
1573193833037527032,500,1573193832984793901,,0.0390999987721,0.0368699990213,0.0130599997938,-1.99999994948e-05
1573193833091561247,501,1573193833037507057,,0.0450000017881,0.0416899994016,0.0169699992985,0.000130000000354
1573193833144829629,502,1573193833091057062,,0.0491999983788,0.0452900007367,0.019109999761,-0.000269999989541
1573193833199318945,503,1573193833144993066,,0.0531999990344,0.0478900000453,0.0232500005513,0.000199999994948
1573193833305263904,504,1573193833198739051,,0.0551999993622,0.0494799986482,0.0244600009173,-0.000130000000354
1573193833358935873,505,1573193833305418014,,0.0502999983728,0.0449800007045,0.0225900001824,4.99999987369e-05
1573193833412893032,506,1573193833358484029,,0.0456000007689,0.039659999311,0.0225900001824,0.000130000000354
1573193833468378271,507,1573193833412050008,,0.0372000001371,0.0315099991858,0.0197599995881,7.00000018696e-05
1573193833520099505,508,1573193833467329978,,0.030700000003,0.0253899991512,0.0171900000423,5.99999984843e-05
1573193833573442478,509,1573193833520302057,,0.0241999998689,0.0193799994886,0.01446999982,1.99999994948e-05
1573193833626785098,510,1573193833572937965,,0.0175000000745,0.013419999741,0.0112300002947,-0.0
1573193833680522872,511,1573193833626668930,,0.0115000000224,0.00820999965072,0.00810000021011,-0.000169999999343
1573193833733064343,512,1573193833680547952,,0.00719999987632,0.00424000015482,0.00577000016347,0.000280000007479
1573193833836725705,513,1573193833733026981,,0.00179999996908,0.00133999995887,0.0012300000526,-0.000239999993937
1573193833889641600,514,1573193833836725950,,0.000500000023749,-0.00044999999227,-0.000119999996969,0.000119999996969
1573193833942816495,515,1573193833889698982,,0.000399999989895,-0.00034999998752,-9.00000013644e-05,9.99999974738e-05
1573193833996663794,516,1573193833942339897,,0.000300000014249,-0.000260000000708,-9.00000013644e-05,5.99999984843e-05
1573193834051833602,517,1573193833996687889,,0.000300000014249,-0.000239999993937,-5.99999984843e-05,5.99999984843e-05
1573193834107098851,518,1573193834051354885,,0.000199999994948,-0.000169999999343,-3.99999989895e-05,3.99999989895e-05
1573193834161324395,519,1573193834106668949,,0.000199999994948,-0.000140000003739,-2.99999992421e-05,2.99999992421e-05
1573193834215893177,520,1573193834161391019,,9.99999974738e-05,-0.000110000000859,-2.99999992421e-05,2.99999992421e-05
1573193834269977339,521,1573193834215430021,,9.99999974738e-05,7.9999997979e-05,9.99999974738e-06,-3.99999989895e-05
1573193834375962175,522,1573193834269378900,,0.00570000009611,0.00294000003487,0.0049200002104,-9.00000013644e-05
1573193834431335165,523,1573193834375607967,,0.0287999995053,0.0109999999404,0.026590000838,1.99999994948e-05
1573193834486521242,524,1573193834430943965,,0.0441000014544,0.0165100004524,0.0409100018442,-2.99999992421e-05
1573193834540821553,525,1573193834486430883,,0.0579000003636,0.0218899995089,0.0536600016057,-2.99999992421e-05
1573193834643638052,526,1573193834540679931,,0.0702999979258,0.0282700005919,0.064350001514,-1.99999994948e-05
1573193834697930409,527,1573193834643563985,,0.0813999995589,0.0373199991882,0.0723899975419,0.000140000003739
1573193834751947103,528,1573193834697323083,,0.0842999964952,0.0399199984968,0.0742300003767,-9.99999974738e-05
1573193834804399777,529,1573193834751250028,,0.0851000025868,0.0405099987984,0.0748400017619,-2.99999992421e-05
1573193834858184424,530,1573193834804230928,,0.0864000022411,0.0416200011969,0.0756999999285,-4.99999987369e-05
1573193834912707750,531,1573193834858330965,,0.0870999991894,0.0423300005496,0.0761699974537,2.99999992421e-05
1573193834967124308,532,1573193834912467002,,0.0826999992132,0.0405500009656,0.0720499977469,7.9999997979e-05
1573193835021602400,533,1573193834967039108,,0.0653000026941,0.0357399992645,0.054699998349,-2.99999992421e-05
1573193835074536577,534,1573193835020725011,,0.0533000007272,0.0318999998271,0.0427599996328,9.99999974738e-06
1573193835130322463,535,1573193835074717044,,0.0405000001192,0.0273599997163,0.0299100000411,0.0
1573193835183657881,536,1573193835129606962,,0.0286999996752,0.0216400008649,0.0188999995589,1.99999994948e-05
1573193835236610297,537,1573193835183826923,,0.0120999999344,0.0110200000927,0.00496000004932,-0.000169999999343
1573193835290984425,538,1573193835236748933,,0.00920000020415,0.00877999980003,0.00264000007883,0.000140000003739
1573193835395673428,539,1573193835290211915,,0.00920000020415,0.00903999991715,0.00165999995079,3.99999989895e-05
1573193835446701581,540,1573193835394032001,,0.0114000001922,0.0106399999931,-0.00411000009626,7.9999997979e-05
1573193835501146834,541,1573193835446748018,,0.0131000000983,0.010929999873,-0.00712999980897,7.9999997979e-05
1573193835555141947,542,1573193835500796079,,0.0133999995887,0.0108700003475,-0.00786000024527,-9.00000013644e-05
1573193835609653880,543,1573193835555212974,,0.01600000076,0.0126099996269,-0.00977999996394,9.99999974738e-06
1573193835663727363,544,1573193835608949899,,0.0172000005841,0.013919999823,-0.0101399999112,1.99999994948e-05
1573193835717414659,545,1573193835662935972,,0.016799999401,0.0132600003853,-0.0102500002831,-1.99999994948e-05
1573193835770992565,546,1573193835716979980,,0.0161000005901,0.0124199995771,-0.0102599998936,-3.99999989895e-05
1573193835825408114,547,1573193835771097898,,0.0153999999166,0.0116800004616,-0.0100499996915,-3.99999989895e-05
1573193835928994341,548,1573193835825315952,,0.0147000001743,0.010929999873,-0.00975999981165,-7.00000018696e-05
1573193835982461451,549,1573193835929260015,,0.0126999998465,0.00930999964476,-0.00863000005484,-3.99999989895e-05
1573193836036133719,550,1573193835982023954,,0.00789999961853,0.00661000004038,-0.0044100000523,-4.99999987369e-05
1573193836090304114,551,1573193836035778999,,0.00570000009611,0.00535000022501,-0.00193999998737,-7.9999997979e-05
1573193836142692327,552,1573193836089584112,,0.00480000022799,0.00451999995857,-0.00164999999106,7.9999997979e-05
1573193836197033235,553,1573193836142966032,,0.00209999992512,0.00209999992512,-9.00000013644e-05,-2.99999992421e-05
1573193836250855854,554,1573193836196969032,,0.000199999994948,9.00000013644e-05,0.000140000003739,-0.0
1573193836305744009,555,1573193836251063108,,0.00109999999404,0.00101000000723,0.000500000023749,-0.000119999996969
1573193836357857252,556,1573193836304902076,,0.00319999991916,0.00268999999389,0.00164999999106,-0.000590000010561
1573193836412247947,557,1573193836357901096,,0.00930000003427,0.00632999977097,0.00570000009611,-0.00365000008605
1573193836466667121,558,1573193836411530971,,0.0170000009239,0.00860000029206,0.014130000025,-0.00383999990299
1573193836519583768,559,1573193836466098070,,0.0304000005126,0.0133499996737,0.026949999854,-0.00413999985904
1573193836572863122,560,1573193836519633054,,0.0401000007987,0.017009999603,0.0361699983478,-0.00375999999233
1573193836626656371,561,1573193836572385072,,0.0408999994397,0.0159499999136,0.0376899987459,-0.000280000007479
1573193836678093592,562,1573193836625994920,,0.0348999984562,0.0131000000983,0.0323200002313,0.000169999999343
1573193836732235504,563,1573193836678241968,,0.0281000006944,0.00944999977946,0.0264500007033,1.99999994948e-05
1573193836785758350,564,1573193836732268095,,0.0219000000507,0.00610999995843,0.0210699997842,-0.000130000000354
1573193836839201185,565,1573193836786412954,,0.0170000009239,0.00221000006422,0.0168200004846,2.99999992421e-05
1573193836892689900,566,1573193836839358091,,0.0116999996826,-0.00233999988995,0.0114799998701,0.000539999979082
1573193836946853308,567,1573193836892185926,,0.0103000001982,-0.00894000008702,0.00319999991916,0.00393000012264
1573193837051186453,568,1573193836945733070,,0.0174000002444,-0.0138699999079,-0.00966999959201,0.00417000008747
1573193837103108460,569,1573193837049493074,,0.0340999998152,-0.0210299994797,-0.0265699997544,0.00378999998793
1573193837156823171,570,1573193837103399991,,0.0471000000834,-0.0266800001264,-0.0386199988425,0.00344999996014
1573193837210955355,571,1573193837156605958,,0.0500999987125,-0.026930000633,-0.0422400012612,0.000209999998333
1573193837316926655,572,1573193837211042881,,0.0449000000954,-0.0246799997985,-0.0375300012529,-0.000150000007125
1573193837371042013,573,1573193837316328048,,0.035300001502,-0.0195400007069,-0.0294100008905,9.99999974738e-06
1573193837423415846,574,1573193837370394945,,0.0299999993294,-0.0167200006545,-0.0249099992216,0.000119999996969
1573193837476935260,575,1573193837423402070,,0.0262000001967,-0.0145300002769,-0.0217700004578,0.000119999996969
1573193837531180191,576,1573193837476447105,,0.0226000007242,-0.0127499997616,-0.0186500009149,0.000209999998333
1573193837586023036,577,1573193837530395030,,0.0211999993771,-0.0120200002566,-0.0174899995327,7.9999997979e-05
1573193837639589801,578,1573193837586039066,,0.021099999547,-0.012319999747,-0.0171900000423,4.99999987369e-05
1573193837693969257,579,1573193837639898061,,0.0183000005782,-0.0111499996856,-0.0144600002095,2.99999992421e-05
1573193837747566999,580,1573193837693597078,,0.0175999999046,-0.0111499996856,-0.013580000028,2.99999992421e-05
1573193837851676120,581,1573193837747112989,,0.0170000009239,-0.0118399998173,-0.0122400000691,5.99999984843e-05
1573193837904339145,582,1573193837850666999,,0.0161000005901,-0.0129399998114,-0.00953000038862,-3.99999989895e-05
1573193837958327637,583,1573193837903918027,,0.0177999995649,-0.0146000003442,-0.0102099999785,-1.99999994948e-05
1573193838012187002,584,1573193837957546949,,0.0177999995649,-0.0146399997175,-0.0101399999112,-1.99999994948e-05
1573193838065416261,585,1573193838011615037,,0.0177999995649,-0.0146399997175,-0.0100800003856,-9.99999974738e-06
1573193838118380951,586,1573193838065521001,,0.0175999999046,-0.0145699996501,-0.00978999957442,0.0
1573193838172227619,587,1573193838118535041,,0.0166999995708,-0.0145699996501,-0.0080899996683,2.99999992421e-05
1573193838225304558,588,1573193838172365903,,0.0157999992371,-0.0142999999225,-0.00662000011653,3.99999989895e-05
1573193838279408278,589,1573193838225594043,,0.0155999995768,-0.0141099998727,-0.00674000009894,9.99999974738e-06
1573193838332802207,590,1573193838278785943,,0.01600000076,-0.0140300001949,-0.00762999989092,-1.99999994948e-05
1573193838387900821,591,1573193838332971096,,0.01600000076,-0.013190000318,-0.00903999991715,-2.99999992421e-05
1573193838440660120,592,1573193838387177944,,0.016799999401,-0.011819999665,-0.0119200004265,5.99999984843e-05
1573193838493846878,593,1573193838440808057,,0.0164999999106,-0.0112399999052,-0.0121200000867,1.99999994948e-05
1573193838547819624,594,1573193838493787050,,0.0165999997407,-0.0111999996006,-0.0122400000691,9.99999974738e-06
1573193838602403092,595,1573193838547719955,,0.0165999997407,-0.0111899999902,-0.0122999995947,9.99999974738e-06
1573193838655403164,596,1573193838601592063,,0.0162000004202,-0.0106399999931,-0.0122300004587,-0.000110000000859
1573193838709587375,597,1573193838655541896,,0.0146000003442,-0.00889000017196,-0.0116200000048,-9.99999974738e-06
1573193838763700159,598,1573193838709623098,,0.0118000004441,-0.00639999983832,-0.00994000025094,0.0
1573193838867188086,599,1573193838763150930,,0.00769999995828,-0.0038999998942,-0.00668000010774,9.99999974738e-06
1573193838920431157,600,1573193838867450952,,0.00289999996312,-0.00136999995448,-0.00261000008322,1.99999994948e-05
1573193838973704696,601,1573193838920461893,,0.000300000014249,-0.000190000006114,-0.000260000000708,3.99999989895e-05
1573193839028018262,602,1573193838973747968,,9.99999974738e-05,5.99999984843e-05,-4.99999987369e-05,-9.99999974738e-06
1573193839081784106,603,1573193839027220010,,9.99999974738e-05,4.99999987369e-05,-1.99999994948e-05,-0.0
1573193839135310099,604,1573193839081094026,,0.0,3.99999989895e-05,9.99999974738e-06,-0.0
1573193839188595368,605,1573193839133939027,,0.00150000001304,-0.000440000003437,-0.00138000003062,4.99999987369e-05
1573193839240633428,606,1573193839187540054,,0.00559999980032,-0.0014600000577,-0.00536999991164,-4.99999987369e-05
1573193839296728707,607,1573193839240618944,,0.0104000000283,-0.00227000005543,-0.010150000453,-9.00000013644e-05
1573193839400686385,608,1573193839295679092,,0.0159000009298,-0.00104999996256,-0.0158799998462,-0.000230000005104
1573193839453946941,609,1573193839399574041,,0.0154999997467,0.00185000000056,-0.0154400002211,-5.99999984843e-05
1573193839508576650,610,1573193839453912019,,0.016799999401,0.00205000001006,-0.0166800003499,-2.99999992421e-05
1573193839562694100,611,1573193839507905006,,0.016799999401,0.00206999992952,-0.0166200008243,-9.99999974738e-06
1573193839616336562,612,1573193839561779022,,0.0166999995708,0.00205000001006,-0.0165599994361,9.99999974738e-06
1573193839719575016,613,1573193839615653038,,0.0166999995708,0.0020300000906,-0.0165299996734,2.99999992421e-05
1573193839774340533,614,1573193839719549894,,0.0153000000864,0.00190999999177,-0.0152200004086,0.0
1573193839827577486,615,1573193839773456096,,0.0141000002623,0.00233000004664,-0.0138600002974,-2.99999992421e-05
1573193839880198200,616,1573193839827692031,,0.01070000045,0.00328999990597,-0.0102000003681,4.99999987369e-05
1573193839932942336,617,1573193839880268096,,0.00710000004619,0.00401999987662,-0.0058499998413,7.9999997979e-05
1573193839988115297,618,1573193839932982921,,0.00300000002608,0.00292999995872,-0.000590000010561,0.000199999994948
1573193840041206676,619,1573193839988060951,,0.000300000014249,9.00000013644e-05,0.000250000011874,7.9999997979e-05
1573193840093508355,620,1573193840040585041,,0.000199999994948,5.99999984843e-05,0.000159999995958,2.99999992421e-05
1573193840146823893,621,1573193840093539953,,0.000199999994948,1.99999994948e-05,0.000169999999343,2.99999992421e-05
1573193840199965078,622,1573193840146325111,,9.99999974738e-05,3.99999989895e-05,0.000119999996969,-0.0
1573193840254146559,623,1573193840199950933,,0.00249999994412,0.00219999998808,0.00124000001233,-0.000250000011874
1573193840308505654,624,1573193840254637956,,0.0109999999404,0.00712000019848,0.00834000017494,3.99999989895e-05
1573193840362767582,625,1573193840308453083,,0.0218000002205,0.0111199999228,0.0187199991196,7.00000018696e-05
1573193840416485872,626,1573193840362325906,,0.0296000000089,0.0115099996328,0.0272899996489,3.99999989895e-05
1573193840519759921,627,1573193840416019916,,0.0322000011802,0.0121700000018,0.0295700002462,-0.00334000005387
1573193840574234139,628,1573193840519846916,,0.0377999991179,0.00844000000507,0.0366099998355,-0.00389000005089
1573193840626392666,629,1573193840573543071,,0.043299999088,0.00694000022486,0.042539998889,-0.00394999980927
1573193840679082660,630,1573193840626353025,,0.048599999398,0.00539000006393,0.0481100007892,-0.00394999980927
1573193840732310940,631,1573193840679197072,,0.054699998349,0.00371000007726,0.0543799996376,-0.00399000011384
1573193840786942341,632,1573193840732403993,,0.061700001359,0.00179999996908,0.0615199990571,-0.00400000018999
1573193840840221702,633,1573193840786210060,,0.0683000013232,-0.0024600001052,0.0681599974632,-0.00375999999233
1573193840893341082,634,1573193840839389085,,0.0697999969125,-0.0088400002569,0.0691599994898,-0.00399000011384
1573193840946771309,635,1573193840892647027,,0.0687000006437,-0.0145600000396,0.0670600011945,-0.00399000011384
1573193841001230803,636,1573193840946841001,,0.0688999965787,-0.0170300006866,0.0666199997067,-0.0038999998942
1573193841055051594,637,1573193841000904083,,0.0746000036597,-0.0193900000304,0.0720700025558,-0.000780000002123
1573193841109973068,638,1573193841055277109,,0.0737999975681,-0.0191200003028,0.0711700022221,0.00306000001729
1573193841163740333,639,1573193841109267950,,0.0681999996305,-0.0129100000486,0.0668699964881,0.00413999985904
1573193841217243805,640,1573193841162650108,,0.0645999982953,-0.00406999979168,0.0643199980259,0.0044100000523
1573193841271563206,641,1573193841216603994,,0.0588000006974,0.00197000009939,0.0586300007999,0.00447000004351
1573193841325239299,642,1573193841270957946,,0.0511999987066,0.00488999998197,0.0507600009441,0.00431999983266
1573193841379368531,643,1573193841324542045,,0.0430999994278,0.00722000002861,0.0422299988568,0.0043299999088
1573193841431378474,644,1573193841378642082,,0.03579999879,0.00941000040621,0.0342600010335,0.0042699999176
1573193841485386167,645,1573193841431586980,,0.0283000003546,0.0118699995801,0.0252999998629,0.00418000016361
1573193841541012555,646,1573193841485429048,,0.0206000003964,0.0166500005871,0.0114500001073,0.00410000002012
1573193841594464907,647,1573193841540466070,,0.0216000005603,0.0211500003934,-0.000419999996666,0.00423000007868
1573193841648532799,648,1573193841594471931,,0.0229000002146,0.022630000487,-0.00346000003628,0.00115000002552
1573193841701943632,649,1573193841648161888,,0.0189999993891,0.0181499999017,-0.00559000018984,0.000110000000859
1573193841755662550,650,1573193841702039003,,0.0143999997526,0.0110200000927,-0.00922000035644,-0.000140000003739
1573193841811269555,651,1573193841755979061,,0.0125000001863,0.00681999977678,-0.0105100004002,-0.000190000006114
1573193841863871954,652,1573193841811405897,,0.0120999999344,0.00594000006095,-0.010540000163,-1.99999994948e-05
1573193841919585482,653,1573193841863652944,,0.0120000001043,0.00590000022203,-0.0104999998584,-2.99999992421e-05
1573193842022925559,654,1573193841918576955,,0.0120000001043,0.00584000023082,-0.0104599995539,-1.99999994948e-05
1573193842076443534,655,1573193842022774934,,0.0100999996066,0.00510999979451,-0.00865999981761,3.99999989895e-05
1573193842129179634,656,1573193842076612949,,0.00439999997616,0.00280999997631,-0.00337999989279,7.00000018696e-05
1573193842183390401,657,1573193842128833055,,0.000399999989895,0.000380000012228,-0.000119999996969,-5.99999984843e-05
1573193842238573065,658,1573193842183763980,,0.000199999994948,-0.000190000006114,-2.99999992421e-05,4.99999987369e-05
1573193842342096822,659,1573193842237665891,,0.000199999994948,-0.000220000001718,-1.99999994948e-05,4.99999987369e-05
1573193842395123989,660,1573193842341248989,,0.000199999994948,-0.000199999994948,-0.0,3.99999989895e-05
1573193842449134059,661,1573193842395178079,,0.000199999994948,-0.000190000006114,-9.99999974738e-06,4.99999987369e-05
1573193842502963763,662,1573193842449131965,,0.000199999994948,-0.000169999999343,-1.99999994948e-05,2.99999992421e-05
1573193842559083819,663,1573193842502897977,,9.99999974738e-05,-0.000140000003739,-4.99999987369e-05,1.99999994948e-05
1573193842612300856,664,1573193842558305025,,9.99999974738e-05,-0.000110000000859,-9.99999974738e-06,1.99999994948e-05
1573193842666755646,665,1573193842612210035,,9.99999974738e-05,-7.9999997979e-05,-9.99999974738e-06,1.99999994948e-05
1573193842769789021,666,1573193842666230916,,9.99999974738e-05,-4.99999987369e-05,-0.0,9.99999974738e-06
1573193842875315948,667,1573193842769148111,,0.000600000028498,0.000539999979082,7.9999997979e-05,-9.99999974738e-05
1573193842927471972,668,1573193842874310970,,0.0148000000045,0.00946999993175,0.0114200003445,4.99999987369e-05
1573193842981279927,669,1573193842927205085,,0.0263999998569,0.0152599997818,0.0215700007975,-2.99999992421e-05
1573193843084179335,670,1573193842980906963,,0.0364000014961,0.0223600007594,0.0286599993706,9.00000013644e-05
1573193843137997851,671,1573193843083689928,,0.03579999879,0.0243699997663,0.0261700004339,-9.99999974738e-06
1573193843193154060,672,1573193843137631893,,0.0357000008225,0.0243999995291,0.0260300002992,-9.99999974738e-06
1573193843246086104,673,1573193843192653894,,0.0355999991298,0.0243500005454,0.0259499996901,-9.99999974738e-06
1573193843300028163,674,1573193843246237039,,0.0355999991298,0.0243800003082,0.0259700007737,-0.0
1573193843353495510,675,1573193843300044059,,0.0355999991298,0.0243800003082,0.0259499996901,-9.99999974738e-06
1573193843406926290,676,1573193843352956056,,0.0355999991298,0.0244100000709,0.0259499996901,-9.99999974738e-06
1573193843461414886,677,1573193843407001018,,0.0379000008106,0.0257099997252,0.0278500001878,7.9999997979e-05
1573193843514975073,678,1573193843460941076,,0.024299999699,0.0173799991608,0.0169200003147,-5.99999984843e-05
1573193843568859232,679,1573193843514966011,,0.0116999996826,0.0105699999258,0.00497000012547,9.99999974738e-06
1573193843624085090,680,1573193843569138050,,0.00419999985024,0.00412999978289,-0.000910000002477,-0.000110000000859
1573193843677957188,681,1573193843623424053,,0.000399999989895,-9.99999974738e-05,-0.000399999989895,9.99999974738e-06
1573193843730739193,682,1573193843677310943,,0.000199999994948,-0.000150000007125,-0.000190000006114,9.99999974738e-06
1573193843783581832,683,1573193843730215072,,0.000600000028498,0.0,-0.000579999992624,-9.99999974738e-06
1573193843836326463,684,1573193843783289909,,0.00490000005811,0.000330000009853,-0.0049200002104,9.99999974738e-06
1573193843891714434,685,1573193843836357116,,0.00789999961853,0.000190000006114,-0.00793999992311,5.99999984843e-05
1573193843943953048,686,1573193843890976905,,0.0109999999404,-0.000190000006114,-0.0109599996358,0.000119999996969
1573193843996554273,687,1573193843943818092,,0.0141000002623,-0.00065000000177,-0.01408000011,9.99999974738e-05
1573193844050246613,688,1573193843996659994,,0.0173000004143,-0.00152000004891,-0.0172300003469,9.00000013644e-05
1573193844105219135,689,1573193844050538063,,0.0206000003964,-0.00285999989137,-0.0203900001943,4.99999987369e-05
1573193844159681908,690,1573193844104502916,,0.0236000008881,-0.00488999998197,-0.0230400003493,1.99999994948e-05
1573193844215420896,691,1573193844159575939,,0.0259000007063,-0.00683999992907,-0.0249499995261,-1.99999994948e-05
1573193844268903082,692,1573193844214761018,,0.0284000001848,-0.00903000030667,-0.026930000633,9.99999974738e-06
1573193844374836442,693,1573193844268548011,,0.0329000018537,-0.0131200002506,-0.0301600005478,-9.99999974738e-06
1573193844428898044,694,1573193844374397039,,0.0295000001788,-0.0144100002944,-0.0256999991834,9.99999974738e-06
1573193844482059450,695,1573193844428266048,,0.0270000007004,-0.014240000397,-0.0229299999774,-2.99999992421e-05
1573193844535741840,696,1573193844482146024,,0.0244999993593,-0.013919999823,-0.0201099999249,-9.00000013644e-05
1573193844589446762,697,1573193844535124063,,0.0219000000507,-0.0134600000456,-0.0172700006515,-7.00000018696e-05
1573193844642227505,698,1573193844588670015,,0.019200000912,-0.0126299997792,-0.0144300004467,-7.9999997979e-05
1573193844695490254,699,1573193844642414093,,0.0162000004202,-0.0113899996504,-0.0115499999374,-2.99999992421e-05
1573193844749123935,700,1573193844695367097,,0.0131999999285,-0.00956999976188,-0.00911999959499,0.0
1573193844803520339,701,1573193844749413013,,0.01070000045,-0.00778000010177,-0.00740000000224,1.99999994948e-05
1573193844860456635,702,1573193844803237915,,0.00800000037998,-0.00577999977395,-0.00555999996141,0.0
1573193844915278009,703,1573193844860527992,,0.0038999998942,-0.00341999996454,-0.00187000003643,0.000169999999343
1573193844968446756,704,1573193844914397001,,0.00949999969453,-0.00276000006124,0.00906000006944,-0.000119999996969
1573193845021733957,705,1573193844968466043,,0.0204000007361,-0.00459000002593,0.0198800005019,9.99999974738e-05
1573193845125408944,706,1573193845021258115,,0.027499999851,-0.00858000013977,0.0261199995875,-0.000119999996969
1573193845179010454,707,1573193845125257015,,0.0270000007004,-0.0106199998409,0.024830000475,9.99999974738e-06
1573193845232186364,708,1573193845179188013,,0.0270000007004,-0.0106300003827,0.0248199999332,1.99999994948e-05
1573193845285434119,709,1573193845231887102,,0.0270000007004,-0.0106800002977,0.0247900001705,1.99999994948e-05
1573193845339987520,710,1573193845285662889,,0.0263999998569,-0.0130399996415,0.0229599997401,0.000190000006114
1573193845391524628,711,1573193845339303970,,0.022199999541,-0.0175899993628,0.013530000113,-0.000250000011874
1573193845495039141,712,1573193845391223907,,0.0227000005543,-0.0202200002968,0.0102300001308,-9.99999974738e-06
1573193845548723182,713,1573193845495026111,,0.0198999997228,-0.017669999972,0.00906000006944,-9.00000013644e-05
1573193845603936413,714,1573193845548856973,,0.0164999999106,-0.016440000385,0.00164999999106,0.000110000000859
1573193845707130954,715,1573193845603108882,,0.0166999995708,-0.0148799996823,-0.00756999989972,-9.00000013644e-05
1573193845761608442,716,1573193845707293033,,0.01600000076,-0.0106199998409,-0.0119000002742,9.99999974738e-05
1573193845814974981,717,1573193845760874032,,0.0164000000805,-0.00889000017196,-0.0137299997732,-0.0
1573193845868892830,718,1573193845815049886,,0.017100000754,-0.00906000006944,-0.0143299996853,-0.00212000007741
1573193845922963581,719,1573193845869007110,,0.0230000000447,-0.0135700004175,-0.0182600002736,-0.00347000011243
1573193845977284980,720,1573193845923067092,,0.0305000003427,-0.0183000005782,-0.0240499991924,-0.00387999997474
1573193846032191657,721,1573193845977394104,,0.0259000007063,-0.0177800003439,-0.0188200008124,-0.00136999995448
1573193846086970684,722,1573193846031785011,,0.0223999992013,-0.0134899998084,-0.0178500004113,-0.000130000000354
1573193846139914836,723,1573193846087012052,,0.0256999991834,-0.009829999879,-0.0237000007182,9.99999974738e-06
1573193846195043219,724,1573193846140023946,,0.0282000005245,-0.00505999987945,-0.0276999995112,2.99999992421e-05
1573193846248034330,725,1573193846194339036,,0.0299999993294,-0.0020600000862,-0.0299600008875,7.9999997979e-05
1573193846302706995,726,1573193846248200893,,0.0328000001609,-0.00167000002693,-0.032760001719,-1.99999994948e-05
1573193846356744836,727,1573193846302099943,,0.0328000001609,-0.00164999999106,-0.0327799990773,-9.99999974738e-06
1573193846459882507,728,1573193846355968952,,0.0322000011802,-0.00141999998596,-0.032049998641,0.00248000002466
1573193846514736585,729,1573193846459985971,,0.0255999993533,0.00362000009045,-0.0250300001353,0.00371000007726
1573193846569224866,730,1573193846514106988,,0.0207000002265,0.0110799996182,-0.0170000009239,0.0039800000377
1573193846622851752,731,1573193846568535089,,0.0200999993831,0.0150699997321,-0.0131799997762,0.00170999998227
1573193846677221577,732,1573193846622414112,,0.0170000009239,0.0130500001833,-0.0108099998906,0.000140000003739
1573193846780851218,733,1573193846676554918,,0.0104999998584,0.00843000039458,-0.00627999985591,-3.99999989895e-05
1573193846833672171,734,1573193846780287981,,0.0038999998942,0.00329999998212,-0.00208000000566,-3.99999989895e-05
1573193846888268665,735,1573193846834048986,,0.000500000023749,0.000530000019353,1.99999994948e-05,-9.99999974738e-05
1573193846942001216,736,1573193846888093948,,0.0,3.99999989895e-05,9.99999974738e-06,-9.99999974738e-06
1573193846995775916,737,1573193846941749095,,0.0,9.99999974738e-06,3.99999989895e-05,-9.99999974738e-06
1573193847050966512,738,1573193846996021032,,0.0,-1.99999994948e-05,1.99999994948e-05,-0.0
1573193847104857023,739,1573193847050950050,,9.99999974738e-05,-2.99999992421e-05,3.99999989895e-05,0.0
1573193847157753211,740,1573193847105154037,,0.0,-9.99999974738e-06,1.99999994948e-05,-0.0
1573193847211900258,741,1573193847158010005,,0.0,-3.99999989895e-05,2.99999992421e-05,9.99999974738e-06
1573193847265237692,742,1573193847211232900,,0.0,-9.99999974738e-06,9.99999974738e-06,-9.99999974738e-06
1573193847319121177,743,1573193847265367984,,0.00150000001304,0.00150000001304,0.000150000007125,-0.000239999993937
1573193847372874547,744,1573193847319140911,,0.00760000012815,0.00759000005201,0.000560000014957,-1.99999994948e-05
1573193847425443124,745,1573193847372950077,,0.0175000000745,0.0166699998081,0.00515000009909,0.0
1573193847529212035,746,1573193847424968004,,0.0292000006884,0.0259000007063,0.013530000113,2.99999992421e-05
1573193847582994873,747,1573193847528414011,,0.0454999990761,0.0351499989629,0.0289099998772,9.00000013644e-05
1573193847635103489,748,1573193847582361936,,0.0467999987304,0.0357699990273,0.0301699992269,-9.99999974738e-06
1573193847689180152,749,1573193847634756088,,0.0469999983907,0.0359000004828,0.0302700009197,9.99999974738e-06
1573193847742413424,750,1573193847688678026,,0.0467000007629,0.0352500006557,0.0305499993265,0.000130000000354
1573193847796888009,751,1573193847742435932,,0.0450000017881,0.0330599993467,0.0305300001055,5.99999984843e-05
1573193847849004248,752,1573193847796340942,,0.0436999984086,0.0318499989808,0.0299699995667,0.000130000000354
1573193847902581167,753,1573193847848995923,,0.0427000001073,0.0305100008845,0.029829999432,0.000289999996312
1573193847955794300,754,1573193847901920080,,0.0386000014842,0.0250700004399,0.0293700005859,3.99999989895e-05
1573193848008467540,755,1573193847955290079,,0.0299999993294,0.016440000385,0.0250700004399,3.99999989895e-05
1573193848063429440,756,1573193848008337020,,0.0184000004083,0.00759000005201,0.0165800005198,-0.00264000007883
1573193848117502854,757,1573193848062740087,,0.0119000002742,-0.00958999991417,-0.00536999991164,-0.00456999987364
1573193848171106809,758,1573193848117494106,,0.0261000003666,-0.0193799994886,-0.0167900007218,-0.00502000004053
1573193848224424327,759,1573193848171345949,,0.0399000011384,-0.0288600008935,-0.0270199999213,-0.0054199998267
1573193848328418635,760,1573193848224154949,,0.0522000007331,-0.0367599986494,-0.0366300009191,-0.00585999991745
1573193848381638059,761,1573193848327691078,,0.0715999975801,-0.0486100018024,-0.0522500015795,-0.00570000009611
1573193848434320528,762,1573193848381597995,,0.0837000012398,-0.0564300008118,-0.0615499988198,-0.00582000007853
1573193848488633143,763,1573193848434330940,,0.0953999981284,-0.0642900019884,-0.0702200010419,-0.00582000007853
1573193848541748179,764,1573193848487876892,,0.104699999094,-0.0706700012088,-0.0770199969411,-0.00567999994382
1573193848594118593,765,1573193848541250944,,0.111900001764,-0.0754399970174,-0.0824500024319,-0.00563000002876
1573193848647684132,766,1573193848593915939,,0.118600003421,-0.0802000015974,-0.0873500034213,-0.00285999989137
1573193848702509142,767,1573193848647783994,,0.119800001383,-0.0807299986482,-0.0884800031781,-0.00124000001233
1573193848755813775,768,1573193848701657056,,0.115500003099,-0.0777399986982,-0.0853699967265,-0.000600000028498
1573193848861540664,769,1573193848755959033,,0.110399998724,-0.0742100030184,-0.0817999988794,-4.99999987369e-05
1573193848915104045,770,1573193848860842943,,0.104800000787,-0.0702600032091,-0.0778200030327,0.000630000024103
1573193848968623228,771,1573193848914383888,,0.0965000018477,-0.0644799992442,-0.07174000144,0.00136999995448
1573193849022988806,772,1573193848968456029,,0.091099999845,-0.0606900006533,-0.0678699985147,0.00170999998227
1573193849076968835,773,1573193849022332906,,0.0838000029325,-0.0553699992597,-0.0628499984741,0.00282999989577
1573193849130600933,774,1573193849076025009,,0.0740000009537,-0.0494400002062,-0.0548299998045,0.00548999989405
1573193849184011263,775,1573193849129913091,,0.0649000033736,-0.0433599986136,-0.0479100011289,0.00559000018984
1573193849237505664,776,1573193849184103965,,0.0570000000298,-0.0381300002337,-0.0420500002801,0.00547000020742
1573193849290862305,777,1573193849237076997,,0.0491000004113,-0.0328599996865,-0.0360900014639,0.00531999999657
1573193849343948710,778,1573193849290571928,,0.0412000007927,-0.0276200007647,-0.0301200002432,0.00520000001416
1573193849447244794,779,1573193849343487024,,0.0333999991417,-0.0223900005221,-0.0242199990898,0.00503000011668
1573193849550369775,780,1573193849447313070,,0.0183000005782,-0.0122600002214,-0.0128100002185,0.00455999979749
1573193849602423117,781,1573193849549705982,,0.00980000011623,-0.00639000022784,-0.00631000008434,0.00393000012264
1573193849656164503,782,1573193849602443933,,0.00410000002012,-0.00158999999985,-0.000820000015665,0.00368000008166
1573193849710928886,783,1573193849656169891,,0.0038999998942,0.000750000006519,0.0027499999851,0.00270999991335
1573193849762939734,784,1573193849710273981,,0.00209999992512,0.00121000001673,0.00175000005402,0.000140000003739
1573193849816108374,785,1573193849762352943,,0.000600000028498,0.000220000001718,0.000500000023749,-1.99999994948e-05
1573193849869769166,786,1573193849815177917,,0.000399999989895,0.000169999999343,0.000330000009853,-3.99999989895e-05
1573193849922862899,787,1573193849869199991,,0.000199999994948,0.000119999996969,0.000190000006114,-2.99999992421e-05
1573193849976756165,788,1573193849922576904,,0.000199999994948,9.00000013644e-05,0.000140000003739,-3.99999989895e-05
1573193850082646611,789,1573193849976763010,,9.99999974738e-05,5.99999984843e-05,7.00000018696e-05,-1.99999994948e-05
1573193850135508131,790,1573193850081760883,,0.0,2.99999992421e-05,1.99999994948e-05,-9.99999974738e-06
1573193850189995792,791,1573193850135813951,,0.0,1.99999994948e-05,9.99999974738e-06,-9.99999974738e-06
1573193850243578409,792,1573193850189277887,,0.000600000028498,0.000469999999041,0.000410000007832,-0.000130000000354
1573193850297374044,793,1573193850242820024,,0.00570000009611,0.000520000001416,0.00571000017226,0.000159999995958
1573193850351572088,794,1573193850297907114,,0.00769999995828,-0.00307000009343,0.0070199999027,7.9999997979e-05
1573193850406472049,795,1573193850351753950,,0.0063000000082,-0.00582000007853,-0.00245000002906,-7.9999997979e-05
1573193850461352379,796,1573193850406094074,,0.00769999995828,-0.00640999991447,-0.00423000007868,9.00000013644e-05
1573193850514363167,797,1573193850460465908,,0.00760000012815,-0.00627999985591,-0.0043299999088,1.99999994948e-05
1573193850618435378,798,1573193850514395952,,0.00769999995828,-0.00626999977976,-0.00442000012845,9.99999974738e-06
1573193850670258753,799,1573193850617748022,,0.00700000021607,-0.00561999995261,-0.00412999978289,-3.99999989895e-05
1573193850723817786,800,1573193850670021057,,0.00600000005215,-0.00386000005528,-0.00454000011086,-0.000260000000708
1573193850826482066,801,1573193850723874092,,0.00719999987632,-0.00227000005543,-0.00682999985293,2.99999992421e-05
1573193850879905371,802,1573193850826098918,,0.0232999995351,-0.00173999997787,-0.0232699997723,0.000159999995958
1573193850933630747,803,1573193850879859924,,0.0353999994695,-0.00164000003133,-0.0353900007904,-0.000130000000354
1573193850986690393,804,1573193850933742046,,0.0379999987781,0.00153000000864,-0.0379900000989,-7.00000018696e-05
1573193851040172416,805,1573193850986864089,,0.0296000000089,0.00408999994397,-0.0293099991977,7.00000018696e-05
1573193851094597991,806,1573193851039643049,,0.0281000006944,0.00463999994099,-0.0277200005949,-9.00000013644e-05
1573193851147015371,807,1573193851093753099,,0.0280000008643,0.00451999995857,-0.0276599992067,-1.99999994948e-05
1573193851200938900,808,1573193851146493911,,0.0280000008643,0.00454000011086,-0.0276200007647,-1.99999994948e-05
1573193851254968521,809,1573193851200292110,,0.0303000006825,0.00473000016063,-0.0298999994993,2.99999992421e-05
1573193851309149193,810,1573193851254468917,,0.0298999994993,0.00242000003345,-0.0297500006855,0.000260000000708
1573193851362583492,811,1573193851309143066,,0.0274000000209,0.000809999997728,-0.0274100005627,-2.99999992421e-05
1573193851415883343,812,1573193851362025976,,0.0102000003681,-2.99999992421e-05,-0.0102099999785,-5.99999984843e-05
1573193851470231519,813,1573193851416223049,,0.00159999995958,-0.000209999998333,-0.00161000003573,-1.99999994948e-05
1573193851524582059,814,1573193851470283985,,9.99999974738e-05,-1.99999994948e-05,-3.99999989895e-05,-1.99999994948e-05
1573193851629601127,815,1573193851523909091,,0.0,-2.99999992421e-05,9.99999974738e-06,-0.0
1573193851682507086,816,1573193851628912925,,0.0,9.99999974738e-06,4.99999987369e-05,-9.99999974738e-06
1573193851736172875,817,1573193851681760072,,0.0,-9.99999974738e-06,3.99999989895e-05,0.0
1573193851789649641,818,1573193851735367059,,0.0,-9.99999974738e-06,3.99999989895e-05,0.0
1573193851894733119,819,1573193851788974046,,0.0,-0.0,1.99999994948e-05,-0.0
1573193851948446633,820,1573193851894783020,,0.0,0.0,1.99999994948e-05,-0.0
1573193852000792515,821,1573193851948472023,,0.0,0.0,4.99999987369e-05,-0.0
1573193852054111965,822,1573193852000494003,,0.0,-9.99999974738e-06,4.99999987369e-05,9.99999974738e-06
1573193852158569210,823,1573193852054315090,,0.0,-9.99999974738e-06,9.99999974738e-06,9.99999974738e-06
1573193852212163318,824,1573193852158233880,,0.0,-9.99999974738e-06,2.99999992421e-05,-0.0
1573193852266595044,825,1573193852212259054,,0.0,-0.0,2.99999992421e-05,-0.0
1573193852320205594,826,1573193852266194105,,0.0,-9.99999974738e-06,1.99999994948e-05,9.99999974738e-06
1573193852373148412,827,1573193852320307016,,0.0,9.99999974738e-06,0.0,-9.99999974738e-06
1573193852427126355,828,1573193852373136997,,0.0,-9.99999974738e-06,-0.0,9.99999974738e-06
1573193852480691323,829,1573193852426317930,,0.0,-9.99999974738e-06,1.99999994948e-05,9.99999974738e-06
1573193852535151503,830,1573193852480901002,,0.0,-9.99999974738e-06,3.99999989895e-05,9.99999974738e-06
1573193852589246069,831,1573193852534980058,,0.0,9.99999974738e-06,0.0,-0.0
1573193852642512630,832,1573193852588776111,,0.0,9.99999974738e-06,0.0,-9.99999974738e-06
1573193852696179363,833,1573193852642867088,,0.0,9.99999974738e-06,2.99999992421e-05,-9.99999974738e-06
1573193852748800165,834,1573193852695647001,,0.0,9.99999974738e-06,0.0,-0.0
1573193852802274325,835,1573193852748363971,,0.00350000010803,-0.00222999998368,-0.00267000007443,0.000289999996312
1573193852906595927,836,1573193852802483081,,0.00710000004619,-0.00496000004932,-0.00499999988824,-0.000380000012228
1573193852960773742,837,1573193852906121969,,0.00820000004023,-0.000150000007125,0.00815999973565,0.000260000000708
1573193853014545545,838,1573193852960135936,,0.00209999992512,0.000609999988228,0.00197000009939,7.00000018696e-05
1573193853067733717,839,1573193853013755083,,0.000500000023749,-0.000440000003437,0.000199999994948,0.000230000005104
1573193853121838525,840,1573193853067542076,,0.000199999994948,-0.000209999998333,5.99999984843e-05,0.000110000000859
1573193853176489951,841,1573193853121262073,,0.000199999994948,-0.000159999995958,3.99999989895e-05,7.9999997979e-05
1573193853229664396,842,1573193853175993919,,9.99999974738e-05,-9.00000013644e-05,2.99999992421e-05,3.99999989895e-05
1573193853284360337,843,1573193853230067014,,9.99999974738e-05,-7.00000018696e-05,-0.0,1.99999994948e-05
1573193853338289319,844,1573193853284470081,,9.99999974738e-05,-4.99999987369e-05,0.0,1.99999994948e-05
1573193853391752328,845,1573193853338675975,,0.00310000008903,0.00197999994271,0.00240999995731,-0.000250000011874
1573193853444365440,846,1573193853391299009,,0.00639999983832,0.00445999996737,0.00453000003472,0.000369999994291
1573193853498459625,847,1573193853444566011,,0.00889999978244,0.000110000000859,-0.00884999986738,-0.000269999989541
1573193853602709548,848,1573193853498492002,,0.00230000005104,-0.000690000015311,-0.00216999999247,-7.9999997979e-05
1573193853656159763,849,1573193853602174997,,0.000500000023749,0.000429999985499,-0.000199999994948,-0.000230000005104
1573193853710383223,850,1573193853655739068,,0.000199999994948,0.000199999994948,-9.99999974738e-05,-0.000110000000859
1573193853763718351,851,1573193853709291934,,0.000199999994948,0.000140000003739,-5.99999984843e-05,-7.00000018696e-05
1573193853817667668,852,1573193853763017892,,9.99999974738e-05,7.00000018696e-05,-4.99999987369e-05,-2.99999992421e-05
1573193853872937081,853,1573193853816929101,,9.99999974738e-05,5.99999984843e-05,-2.99999992421e-05,-1.99999994948e-05
1573193853925539328,854,1573193853872216939,,0.0,3.99999989895e-05,-0.0,-9.99999974738e-06
1573193853979115814,855,1573193853924814939,,0.0,3.99999989895e-05,-0.0,-9.99999974738e-06
1573193854032703559,856,1573193853978349924,,9.99999974738e-05,4.99999987369e-05,1.99999994948e-05,-1.99999994948e-05
1573193854135420477,857,1573193854032232999,,0.0,3.99999989895e-05,-9.99999974738e-06,-9.99999974738e-06
1573193854190458374,858,1573193854136317014,,0.0,1.99999994948e-05,-0.0,-0.0
1573193854244254852,859,1573193854189879894,,0.0,1.99999994948e-05,9.99999974738e-06,-0.0
1573193854298225566,860,1573193854243815898,,0.0,1.99999994948e-05,9.99999974738e-06,-9.99999974738e-06
1573193854351660376,861,1573193854297418117,,0.0,1.99999994948e-05,9.99999974738e-06,-9.99999974738e-06
1573193854406132754,862,1573193854351783990,,0.0,1.99999994948e-05,-9.99999974738e-06,-9.99999974738e-06
1573193854459423144,863,1573193854405386924,,0.0,1.99999994948e-05,-0.0,-9.99999974738e-06
1573193854513455157,864,1573193854459352970,,0.0,1.99999994948e-05,0.0,-9.99999974738e-06
1573193854617654304,865,1573193854512984991,,0.0,1.99999994948e-05,9.99999974738e-06,-0.0
1573193854671229983,866,1573193854617017984,,0.0,9.99999974738e-06,1.99999994948e-05,-0.0
1573193854724941539,867,1573193854670847892,,0.0,1.99999994948e-05,0.0,-9.99999974738e-06
1573193854779600889,868,1573193854725047111,,0.0,1.99999994948e-05,2.99999992421e-05,-9.99999974738e-06
1573193854882382092,869,1573193854779006958,,0.0,9.99999974738e-06,-1.99999994948e-05,-0.0
1573193854936054967,870,1573193854881896972,,0.0,9.99999974738e-06,-9.99999974738e-06,0.0
1573193854990237292,871,1573193854935983896,,0.0,0.0,0.0,0.0
1573193855041930868,872,1573193854989623069,,0.0,-0.0,2.99999992421e-05,0.0
1573193855094128613,873,1573193855041629076,,0.0,-0.0,2.99999992421e-05,0.0
1573193855146174001,874,1573193855094084024,,0.0,0.0,-9.99999974738e-06,-0.0
1573193855200079384,875,1573193855146337032,,0.0,-9.99999974738e-06,9.99999974738e-06,0.0
1573193855254049718,876,1573193855200170040,,0.0,-9.99999974738e-06,-1.99999994948e-05,9.99999974738e-06
1573193855308152558,877,1573193855253974914,,0.0,-0.0,1.99999994948e-05,0.0
1573193855360212273,878,1573193855307653903,,0.0,-0.0,-0.0,0.0
1573193855463228668,879,1573193855359806060,,0.0,-0.0,9.99999974738e-06,0.0
1573193855519612676,880,1573193855463481903,,0.0,-9.99999974738e-06,0.0,0.0
1573193855574967419,881,1573193855518857955,,0.0,-0.0,9.99999974738e-06,-0.0
1573193855628892142,882,1573193855574100971,,0.0,0.0,-0.0,-0.0
1573193855682649617,883,1573193855628007888,,0.0,-9.99999974738e-06,0.0,9.99999974738e-06
1573193855737106182,884,1573193855683214902,,0.0,-9.99999974738e-06,1.99999994948e-05,9.99999974738e-06
1573193855790701795,885,1573193855737257003,,0.0,9.99999974738e-06,-9.99999974738e-06,0.0
1573193855842988694,886,1573193855790157079,,0.0,-0.0,-9.99999974738e-06,-0.0
1573193855947072941,887,1573193855842981100,,0.0,9.99999974738e-06,-2.99999992421e-05,-0.0
1573193856001316699,888,1573193855946628093,,0.0,-0.0,-9.99999974738e-06,9.99999974738e-06
1573193856053531572,889,1573193856000624895,,0.0,-1.99999994948e-05,0.0,9.99999974738e-06
1573193856108654654,890,1573193856053874969,,0.0,-0.0,1.99999994948e-05,-0.0
1573193856213210423,891,1573193856108278036,,0.0,-9.99999974738e-06,9.99999974738e-06,9.99999974738e-06
1573193856266389451,892,1573193856212419986,,0.0,0.0,-1.99999994948e-05,0.0
1573193856321252554,893,1573193856266331911,,0.0,9.99999974738e-06,9.99999974738e-06,-9.99999974738e-06
1573193856374934386,894,1573193856320430994,,0.0,0.0,0.0,-0.0
1573193856428691447,895,1573193856374309062,,0.0,-0.0,0.0,0.0
1573193856480639600,896,1573193856427975893,,0.0,-0.0,9.99999974738e-06,-0.0
1573193856535314209,897,1573193856480046987,,0.0,-1.99999994948e-05,1.99999994948e-05,9.99999974738e-06
1573193856589717871,898,1573193856535567998,,0.0,-0.0,0.0,-0.0
1573193856645741326,899,1573193856589875936,,0.0,1.99999994948e-05,-9.99999974738e-06,-9.99999974738e-06
1573193856699686030,900,1573193856645289897,,0.0,0.0,-2.99999992421e-05,9.99999974738e-06
1573193856751591118,901,1573193856698982000,,0.0,9.99999974738e-06,-9.99999974738e-06,-0.0
1573193856803433559,902,1573193856751130104,,0.0,-0.0,1.99999994948e-05,-0.0
1573193856855922652,903,1573193856803006887,,0.0,-9.99999974738e-06,-3.99999989895e-05,0.0
1573193856908855832,904,1573193856855946063,,0.0,-9.99999974738e-06,-0.0,0.0
1573193856961347327,905,1573193856908482074,,0.0,-0.0,-9.99999974738e-06,-0.0
1573193857016384427,906,1573193856960922956,,0.0,9.99999974738e-06,-1.99999994948e-05,-0.0
1573193857068992389,907,1573193857015497922,,0.0,-0.0,2.99999992421e-05,-0.0
1573193857121944569,908,1573193857069267988,,0.0,0.0,-9.99999974738e-06,-9.99999974738e-06
1573193857175274685,909,1573193857121454954,,0.0,-9.99999974738e-06,9.99999974738e-06,9.99999974738e-06
1573193857227181991,910,1573193857175374031,,0.0,9.99999974738e-06,1.99999994948e-05,-9.99999974738e-06
1573193857280842983,911,1573193857226938009,,0.0,-0.0,9.99999974738e-06,-9.99999974738e-06
1573193857332809294,912,1573193857280664920,,0.0,-9.99999974738e-06,-1.99999994948e-05,9.99999974738e-06
1573193857384651229,913,1573193857332820892,,0.0,0.0,1.99999994948e-05,-0.0
1573193857438987555,914,1573193857384756088,,0.0,2.99999992421e-05,-1.99999994948e-05,-9.99999974738e-06
1573193857492626851,915,1573193857438493967,,0.0,0.0,1.99999994948e-05,0.0
1573193857547293588,916,1573193857492645025,,0.0,0.0,3.99999989895e-05,-0.0
1573193857600474270,917,1573193857546092033,,0.0,9.99999974738e-06,-3.99999989895e-05,-9.99999974738e-06
1573193857653920792,918,1573193857599651098,,0.0,-0.0,0.0,0.0
1573193857957870742,919,1573193857653110027,,0.0,0.0,-1.99999994948e-05,-0.0
1573193858012266986,920,1573193857957155942,,0.0,-2.99999992421e-05,0.0,9.99999974738e-06
