%time,field.header.seq,field.header.stamp,field.header.frame_id,field.speed,field.vx,field.vy,field.vz
1591865204332839752,152,1591865204281136989,,0.0,-9.99999974738e-06,9.99999974738e-06,0.0
1591865204385522543,153,1591865204332933902,,0.0,0.0,9.99999974738e-06,-9.99999974738e-06
1591865204437310306,154,1591865204385164022,,0.0,0.0,2.99999992421e-05,-0.0
1591865204539174571,155,1591865204437494039,,0.0,-9.99999974738e-06,9.99999974738e-06,9.99999974738e-06
1591865204592424851,156,1591865204539443016,,0.0,0.0,9.99999974738e-06,0.0
1591865204643906595,157,1591865204592061042,,0.0,9.99999974738e-06,-9.99999974738e-06,-0.0
1591865204696013801,158,1591865204644242048,,0.0,-9.99999974738e-06,1.99999994948e-05,9.99999974738e-06
1591865204749385107,159,1591865204696253061,,0.0,9.99999974738e-06,-1.99999994948e-05,-9.99999974738e-06
1591865204801371847,160,1591865204749066114,,0.0,-9.99999974738e-06,0.0,0.0
1591865204853398830,161,1591865204801328897,,0.0,9.99999974738e-06,-0.0,-0.0
1591865204905711757,162,1591865204853688001,,0.0,-0.0,-0.0,-0.0
1591865204957941029,163,1591865204905844926,,0.0,-0.0,9.99999974738e-06,0.0
1591865205060054286,164,1591865204958233118,,0.0,9.99999974738e-06,-1.99999994948e-05,-9.99999974738e-06
1591865205112395675,165,1591865205060465097,,0.0,-0.0,0.0,-0.0
1591865205165260988,166,1591865205112728118,,0.0,-0.0,-0.0,0.0
1591865205266804465,167,1591865205165040969,,0.0,-1.99999994948e-05,9.99999974738e-06,9.99999974738e-06
1591865205318985254,168,1591865205267606019,,0.0,9.99999974738e-06,-9.99999974738e-06,-9.99999974738e-06
1591865205370604959,169,1591865205319050073,,0.0,-0.0,9.99999974738e-06,0.0
1591865205422559524,170,1591865205370779991,,0.0,-9.99999974738e-06,-0.0,0.0
1591865205475052437,171,1591865205422846078,,0.0,-0.0,9.99999974738e-06,9.99999974738e-06
1591865205528008500,172,1591865205475331068,,0.0,9.99999974738e-06,-9.99999974738e-06,-0.0
1591865205629552957,173,1591865205527693033,,0.0,-0.0,-9.99999974738e-06,9.99999974738e-06
1591865205681707901,174,1591865205629858970,,0.0,-0.0,-0.0,0.0
1591865205734534871,175,1591865205682080030,,0.0,9.99999974738e-06,-9.99999974738e-06,0.0
1591865205786927025,176,1591865205734623908,,0.0,9.99999974738e-06,-1.99999994948e-05,-0.0
1591865205840147099,177,1591865205788314104,,0.0,9.99999974738e-06,-1.99999994948e-05,-0.0
1591865205892455601,178,1591865205840609073,,0.0,-0.0,9.99999974738e-06,-0.0
1591865205945072230,179,1591865205892756938,,0.0,-9.99999974738e-06,9.99999974738e-06,0.0
1591865205997140892,180,1591865205945084095,,0.0,1.99999994948e-05,0.0,-9.99999974738e-06
1591865206048939878,181,1591865205996867895,,0.0,0.0,-9.99999974738e-06,-9.99999974738e-06
1591865206104521387,182,1591865206049448013,,0.0,0.0,0.0,-0.0
1591865206156805923,183,1591865206104749917,,0.0,9.99999974738e-06,-9.99999974738e-06,-9.99999974738e-06
1591865206208825337,184,1591865206156574010,,0.0,-9.99999974738e-06,-0.0,9.99999974738e-06
1591865206259585472,185,1591865206208414077,,0.0,0.0,-9.99999974738e-06,0.0
1591865206311665783,186,1591865206259893894,,0.0,-0.0,1.99999994948e-05,-9.99999974738e-06
1591865206364210092,187,1591865206312077045,,0.0,-0.0,9.99999974738e-06,-0.0
1591865206416785597,188,1591865206364471912,,0.0,-9.99999974738e-06,-1.99999994948e-05,9.99999974738e-06
1591865206468734850,189,1591865206416647911,,0.0,9.99999974738e-06,-2.99999992421e-05,-0.0
1591865206571551925,190,1591865206468858957,,0.0,-0.0,-9.99999974738e-06,0.0
1591865206623703776,191,1591865206571691036,,0.0,-0.0,0.0,0.0
1591865206676045545,192,1591865206624010086,,0.0,-0.0,0.0,0.0
1591865206727886557,193,1591865206676126003,,0.0,-1.99999994948e-05,0.0,9.99999974738e-06
1591865206780260456,194,1591865206728169918,,0.0,-0.0,9.99999974738e-06,0.0
1591865206832240205,195,1591865206780462980,,0.0,-9.99999974738e-06,9.99999974738e-06,0.0
1591865206884405881,196,1591865206832551956,,0.0,-0.0,9.99999974738e-06,0.0
1591865206939945088,197,1591865206884924888,,0.0,0.0,2.99999992421e-05,-0.0
1591865206992657546,198,1591865206941487073,,0.0,0.0,9.99999974738e-06,-9.99999974738e-06
1591865207044789767,199,1591865206992786884,,0.0,-9.99999974738e-06,1.99999994948e-05,9.99999974738e-06
1591865207098008961,200,1591865207046183109,,0.0,0.0,0.0,0.0
1591865207149557562,201,1591865207098175048,,0.0,0.0,-9.99999974738e-06,0.0
1591865207201194627,202,1591865207149791002,,0.0,-9.99999974738e-06,-0.0,9.99999974738e-06
1591865207253769398,203,1591865207201540946,,0.0,9.99999974738e-06,9.99999974738e-06,-9.99999974738e-06
1591865207305796755,204,1591865207253835916,,0.0,-0.0,-0.0,0.0
1591865207357407051,205,1591865207306180000,,0.0,1.99999994948e-05,0.0,-9.99999974738e-06
1591865207408818496,206,1591865207357520103,,0.0,9.99999974738e-06,-1.99999994948e-05,-0.0
1591865207461822881,207,1591865207408950090,,0.0,-9.99999974738e-06,-1.99999994948e-05,9.99999974738e-06
1591865207513215702,208,1591865207461083889,,0.0,-9.99999974738e-06,9.99999974738e-06,9.99999974738e-06
1591865207564450579,209,1591865207513299942,,0.0,0.0,-9.99999974738e-06,-9.99999974738e-06
1591865207615784670,210,1591865207564677000,,0.0,-0.0,9.99999974738e-06,0.0
1591865207667036254,211,1591865207615997076,,0.0,-9.99999974738e-06,1.99999994948e-05,0.0
1591865207719555386,212,1591865207667376041,,0.0,9.99999974738e-06,-1.99999994948e-05,-0.0
1591865207773540502,213,1591865207719685077,,0.0,-0.0,-9.99999974738e-06,0.0
1591865207825207301,214,1591865207773180007,,0.0,-0.0,1.99999994948e-05,-0.0
1591865207877266411,215,1591865207825464963,,0.0,-9.99999974738e-06,-9.99999974738e-06,0.0
1591865207929662596,216,1591865207877737998,,0.0,0.0,-9.99999974738e-06,0.0
1591865207982764752,217,1591865207930371999,,0.0,1.99999994948e-05,-9.99999974738e-06,-9.99999974738e-06
1591865208034583374,218,1591865207983038902,,0.0,0.0,-9.99999974738e-06,-0.0
1591865208086293403,219,1591865208034774065,,0.0,-9.99999974738e-06,1.99999994948e-05,9.99999974738e-06
1591865208138450592,220,1591865208086405038,,0.0,9.99999974738e-06,-9.99999974738e-06,-0.0
1591865208190142460,221,1591865208138761043,,0.0,9.99999974738e-06,-9.99999974738e-06,-9.99999974738e-06
1591865208292293151,222,1591865208190277099,,0.0,-9.99999974738e-06,1.99999994948e-05,0.0
1591865208344386267,223,1591865208292567014,,0.0,-0.0,-9.99999974738e-06,0.0
1591865208396833641,224,1591865208344655990,,0.0,9.99999974738e-06,-1.99999994948e-05,-0.0
1591865208448961278,225,1591865208397047996,,0.0,9.99999974738e-06,-9.99999974738e-06,-0.0
1591865208500359212,226,1591865208449141979,,0.0,-9.99999974738e-06,9.99999974738e-06,-0.0
1591865208552053176,227,1591865208500643014,,0.0,-0.0,-0.0,0.0
1591865208603824167,228,1591865208551857948,,0.0,0.0,-0.0,0.0
1591865208656301221,229,1591865208604114055,,0.0,0.0,-9.99999974738e-06,0.0
1591865208709338336,230,1591865208656889915,,0.0,-9.99999974738e-06,0.0,9.99999974738e-06
1591865208764678874,231,1591865208710621118,,0.0,-0.0,9.99999974738e-06,-0.0
1591865208815852704,232,1591865208764029026,,0.0,0.0,-0.0,-9.99999974738e-06
1591865209168107655,233,1591865208816132068,,0.0,0.0,0.0,-0.0
1591865209220234749,234,1591865209168350934,,0.0,9.99999974738e-06,-4.99999987369e-05,-9.99999974738e-06
1591865209274285429,235,1591865209220671892,,0.00079999997979,0.000739999988582,0.000220000001718,-0.000209999998333
1591865209325920010,236,1591865209273902893,,0.0038999998942,0.00371000007726,0.0010300000431,-0.000119999996969
1591865209378665275,237,1591865209326056003,,0.00879999995232,0.00850000046194,0.00216999999247,1.99999994948e-05
1591865209430183039,238,1591865209378258943,,0.0137000000104,0.0132499998435,0.00329999998212,-9.99999974738e-06
1591865209482407443,239,1591865209430460929,,0.0187999997288,0.0182700008154,0.00451999995857,-2.99999992421e-05
1591865209534927458,240,1591865209483010053,,0.0240000002086,0.0232699997723,0.00572999985889,-5.99999984843e-05
1591865209587622387,241,1591865209535350084,,0.0292000006884,0.0283599998802,0.00694000022486,-7.9999997979e-05
1591865209639073007,242,1591865209587389945,,0.034200001508,0.0331999994814,0.00810000021011,-7.9999997979e-05
1591865209691284368,243,1591865209639328956,,0.0395000018179,0.0383299998939,0.00935999955982,-9.00000013644e-05
1591865209744164051,244,1591865209691565990,,0.0698999986053,0.0678799971938,0.0166800003499,-0.000130000000354
1591865209795913617,245,1591865209743763923,,0.076700001955,0.0745100006461,0.0181600004435,0.000159999995958
1591865209847822817,246,1591865209795986890,,0.0803000032902,0.0780500024557,0.0188699997962,-5.99999984843e-05
1591865209900167813,247,1591865209848109960,,0.0803000032902,0.0780899971724,0.0189100001007,-0.000250000011874
1591865210002959986,248,1591865209900443077,,0.0803999975324,0.078180000186,0.0189800001681,-0.000199999994948
1591865210055153100,249,1591865210003174066,,0.0800999999046,0.0777899995446,0.018880000338,-0.000150000007125
1591865210107581262,250,1591865210055419921,,0.0803000032902,0.0779900029302,0.0189999993891,-0.000150000007125
1591865210159664904,251,1591865210107822895,,0.0800999999046,0.0777800008655,0.0190099999309,-0.000110000000859
1591865210211878415,252,1591865210159890890,,0.0803000032902,0.0779900029302,0.0190600007772,-0.000150000007125
1591865210314153017,253,1591865210212230920,,0.0798000022769,0.0775199979544,0.0189299993217,-0.000159999995958
1591865210367235843,254,1591865210314374923,,0.0802000015974,0.0779099985957,0.0189699996263,-0.000169999999343
1591865210418973969,255,1591865210367012977,,0.0798000022769,0.0775799974799,0.0188999995589,-0.000159999995958
1591865210471540273,256,1591865210419265031,,0.0798000022769,0.077500000596,0.0189100001007,-9.00000013644e-05
1591865210573582465,257,1591865210471626996,,0.0800999999046,0.0778499990702,0.0190299991518,-0.000130000000354
1591865210625631571,258,1591865210573807001,,0.0800999999046,0.077840000391,0.0190600007772,-0.000119999996969
1591865210677996230,259,1591865210625879049,,0.0802000015974,0.0778900012374,0.0190399996936,-0.000140000003739
1591865210729964171,260,1591865210677654027,,0.0800999999046,0.0778499990702,0.0189999993891,-0.000159999995958
1591865210781864982,261,1591865210729702949,,0.0798999965191,0.0776700004935,0.0188999995589,-0.000150000007125
1591865210833686669,262,1591865210781884908,,0.0800999999046,0.0778599977493,0.0189900007099,-0.000119999996969
1591865210886440489,263,1591865210834036111,,0.0790000036359,0.076810002327,0.0186400003731,7.9999997979e-05
1591865210938326483,264,1591865210886210918,,0.0744000002742,0.0723000019789,0.0176199991256,-1.99999994948e-05
1591865210990281217,265,1591865210938483953,,0.0678000003099,0.0659099966288,0.0161199998111,-3.99999989895e-05
1591865211092397076,266,1591865210990552902,,0.0588999986649,0.0569499991834,0.0148799996823,0.000130000000354
1591865211144525510,267,1591865211092691898,,0.0423000007868,0.0373000018299,0.0199200008065,-3.99999989895e-05
1591865211196555959,268,1591865211144855022,,0.0335999988019,0.0228199996054,0.024620000273,-0.000110000000859
1591865211248280925,269,1591865211196304082,,0.0324999988079,0.0133600002155,0.0295899994671,-9.99999974738e-05
1591865211300155442,270,1591865211248186111,,0.0351999998093,0.00480999983847,0.0348699986935,-9.00000013644e-05
1591865211401427287,271,1591865211300297021,,0.0401000007987,-0.00328999990597,0.0399499982595,0.000110000000859
1591865211453277087,272,1591865211401629924,,0.0443000011146,-0.0195499993861,0.039730001241,5.99999984843e-05
1591865211505907411,273,1591865211453385114,,0.0498999990523,-0.0318999998271,0.0383899994195,-0.000159999995958
1591865211558500389,274,1591865211506046056,,0.0555999986827,-0.0410399995744,0.0375699996948,-2.99999992421e-05
1591865211610602514,275,1591865211558199882,,0.0610999986529,-0.048369999975,0.0373000018299,1.99999994948e-05
1591865211661518766,276,1591865211610336065,,0.0650999993086,-0.0538300015032,0.0366300009191,-0.000159999995958
1591865211713166398,277,1591865211661571979,,0.0644999966025,-0.0565499998629,0.0311200004071,2.99999992421e-05
1591865211765368892,278,1591865211713331937,,0.0649000033736,-0.0600400008261,0.0246300008148,9.99999974738e-05
1591865211817330901,279,1591865211765444040,,0.0668999999762,-0.0644700005651,0.0178599990904,5.99999984843e-05
1591865211869829041,280,1591865211817684888,,0.0715999975801,-0.0707900002599,0.0106199998409,0.000150000007125
1591865211972231357,281,1591865211869374990,,0.0766000002623,-0.0765400007367,0.00368000008166,-4.99999987369e-05
1591865212024049202,282,1591865211971707105,,0.0806000009179,-0.0805400013924,-0.00236999988556,7.00000018696e-05
1591865212075430434,283,1591865212023808002,,0.0800999999046,-0.0800499990582,-0.00310999993235,0.000110000000859
1591865212126864523,284,1591865212075535058,,0.0802000015974,-0.0801099985838,-0.00416000001132,0.000110000000859
1591865212178559205,285,1591865212127012968,,0.0799999982119,-0.0798000022769,-0.00542999990284,9.99999974738e-05
1591865212230948611,286,1591865212178380012,,0.0798000022769,-0.0794799998403,-0.0068100001663,9.00000013644e-05
1591865212283265214,287,1591865212231142044,,0.0795999988914,-0.0791800022125,-0.00813999958336,3.99999989895e-05
1591865212335322612,288,1591865212283334016,,0.0797000005841,-0.0791099965572,-0.00977000035346,2.99999992421e-05
1591865212387170682,289,1591865212335612058,,0.0795999988914,-0.0788099989295,-0.0115200001746,5.99999984843e-05
1591865212438680036,290,1591865212387455940,,0.0795999988914,-0.0784000009298,-0.0134699996561,7.00000018696e-05
1591865212540997499,291,1591865212438899993,,0.0798999965191,-0.0783599987626,-0.0158500000834,5.99999984843e-05
1591865212593315536,292,1591865212541397094,,0.0794000029564,-0.076669998467,-0.02054999955,2.99999992421e-05
1591865212646270581,293,1591865212593389987,,0.0795999988914,-0.0762799978256,-0.02285999991,-0.0
1591865212697526747,294,1591865212645807981,,0.0795999988914,-0.0756499990821,-0.0249099992216,3.99999989895e-05
1591865212749664451,295,1591865212697747945,,0.0797000005841,-0.0750200003386,-0.026930000633,5.99999984843e-05
1591865212801318354,296,1591865212749799013,,0.0794999971986,-0.0741000026464,-0.0288399998099,9.00000013644e-05
1591865212852751835,297,1591865212801395893,,0.0798000022769,-0.0735500007868,-0.0309900008142,0.000169999999343
1591865212904773805,298,1591865212852890968,,0.0794000029564,-0.0722900032997,-0.0329000018537,0.000130000000354
1591865212956923359,299,1591865212905055999,,0.0799999982119,-0.071939997375,-0.0351100005209,0.000140000003739
1591865213009140958,300,1591865212957205057,,0.0798999965191,-0.0708099976182,-0.0370699986815,9.99999974738e-05
1591865213111413759,301,1591865213009327888,,0.0794999971986,-0.0694900006056,-0.0386699996889,1.99999994948e-05
1591865213162870282,302,1591865213111721038,,0.0781999975443,-0.0640499964356,-0.0447999984026,-5.99999984843e-05
1591865213215183280,303,1591865213162991046,,0.076099999249,-0.0584199987352,-0.0487900003791,0.000110000000859
1591865213267647381,304,1591865213214792966,,0.0744000002742,-0.0520600005984,-0.0531300008297,9.00000013644e-05
1591865213321580425,305,1591865213269735097,,0.0725999996066,-0.0450199991465,-0.0569100007415,7.9999997979e-05
1591865213424038265,306,1591865213321818113,,0.0715000033379,-0.0377099998295,-0.0607500001788,-5.99999984843e-05
1591865213476173484,307,1591865213424326896,,0.0675000026822,-0.0228700004518,-0.0634599998593,-7.00000018696e-05
1591865213528161906,308,1591865213476491928,,0.0649000033736,-0.0125000001863,-0.0637300014496,5.99999984843e-05
1591865213580514689,309,1591865213528486013,,0.0636999979615,-0.000750000006519,-0.0636899992824,9.00000013644e-05
1591865213631746563,310,1591865213580590963,,0.0641999989748,0.0104999998584,-0.0633599981666,2.99999992421e-05
1591865213683204563,311,1591865213631961107,,0.0662000030279,0.0212699994445,-0.062729999423,0.000130000000354
1591865213734935700,312,1591865213683373928,,0.070799998939,0.0373199991882,-0.0601099990308,0.000119999996969
1591865213786839503,313,1591865213735153913,,0.0719999969006,0.0448700003326,-0.0562600009143,-4.99999987369e-05
1591865213838098234,314,1591865213786921024,,0.0731000006199,0.0514300018549,-0.0519299991429,-9.00000013644e-05
1591865213890245752,315,1591865213838272094,,0.0750999972224,0.0580300018191,-0.0476499982178,-9.00000013644e-05
1591865213942268421,316,1591865213890682935,,0.0769999995828,0.0637400001287,-0.0431200005114,0.0
1591865213994088102,317,1591865213942845106,,0.0793000012636,0.07011000067,-0.0371199995279,9.99999974738e-06
1591865214046297705,318,1591865213994173049,,0.0799999982119,0.071709997952,-0.0353699997067,-0.000130000000354
1591865214098344427,319,1591865214045974969,,0.0798999965191,0.0725499987602,-0.03356000036,-0.000209999998333
1591865214200033025,320,1591865214098051071,,0.0798000022769,0.073219999671,-0.0317099988461,-9.99999974738e-05
1591865214251928739,321,1591865214200170993,,0.0798000022769,0.0744299963117,-0.0288999993354,-0.000119999996969
1591865214304583782,322,1591865214252257108,,0.0794999971986,0.0748599991202,-0.0267099998891,-3.99999989895e-05
1591865214406699377,323,1591865214304342031,,0.0795999988914,0.0756300017238,-0.0246799997985,-0.0
1591865214458401677,324,1591865214406990051,,0.0794000029564,0.0765200033784,-0.0212600007653,-9.99999974738e-06
1591865214511176215,325,1591865214458220958,,0.0794999971986,0.0772000029683,-0.0190799999982,-4.99999987369e-05
1591865214562539793,326,1591865214511334896,,0.0794999971986,0.0776500031352,-0.0168999992311,-2.99999992421e-05
1591865214614985685,327,1591865214562984943,,0.0794999971986,0.078210003674,-0.0145199997351,-1.99999994948e-05
1591865214666804947,328,1591865214615046024,,0.0795999988914,0.0786100029945,-0.0123300002888,-9.99999974738e-06
1591865214719004511,329,1591865214667066097,,0.0793000012636,0.0787099972367,-0.0100699998438,-9.99999974738e-06
1591865214770991327,330,1591865214719255924,,0.0795999988914,0.07920999825,-0.00815000012517,-1.99999994948e-05
1591865214873028353,331,1591865214771076917,,0.0795999988914,0.0794700011611,-0.00541000021622,-3.99999989895e-05
1591865214925092336,332,1591865214873296976,,0.0797000005841,0.0796499997377,-0.00349000003189,-4.99999987369e-05
1591865214979563036,333,1591865214925374031,,0.0798000022769,0.0798199996352,-0.00224000005983,-5.99999984843e-05
1591865215081515778,334,1591865214979652881,,0.0800999999046,0.0800999999046,-0.000760000024457,-3.99999989895e-05
1591865215133531776,335,1591865215081779003,,0.0798999965191,0.0798999965191,1.99999994948e-05,1.99999994948e-05
1591865215185849475,336,1591865215134057044,,0.0784000009298,0.0784000009298,0.00252000009641,0.000180000002729
1591865215287958276,337,1591865215186173915,,0.0737000033259,0.0731000006199,0.00925000011921,9.99999974738e-06
1591865215340171477,338,1591865215288223028,,0.0663999989629,0.0631299987435,0.0207400005311,-3.99999989895e-05
1591865215391640851,339,1591865215340500116,,0.0650999993086,0.0596299991012,0.0261599998921,-1.99999994948e-05
1591865215444465062,340,1591865215391813039,,0.0652000010014,0.0572700016201,0.0310900006443,-4.99999987369e-05
1591865215496476137,341,1591865215445030927,,0.0658999979496,0.0557899996638,0.0350299999118,-3.99999989895e-05
1591865215598542655,342,1591865215496761083,,0.0668999999762,0.0528399981558,0.041060000658,-2.99999992421e-05
1591865215651028350,343,1591865215598938941,,0.0681999996305,0.0528500005603,0.0430600009859,9.00000013644e-05
1591865215703347724,344,1591865215651340007,,0.0674000009894,0.0486599989235,0.0466899983585,9.99999974738e-06
1591865215755833414,345,1591865215703672885,,0.068400003016,0.0397199988365,0.0556900016963,-4.99999987369e-05
1591865215857093290,346,1591865215755889892,,0.0696000009775,0.0345499999821,0.0604400001466,-0.000220000001718
1591865215908662574,347,1591865215857199907,,0.0689999982715,0.0303700007498,0.0620100013912,-2.99999992421e-05
1591865215960781791,348,1591865215908839941,,0.0679000020027,0.0311399996281,0.0603200010955,-0.0
1591865216012661281,349,1591865215960882902,,0.0674000009894,0.0280799996108,0.0612599998713,1.99999994948e-05
1591865216067570498,350,1591865216015224933,,0.0662000030279,0.0233699996024,0.0619099996984,0.000140000003739
1591865216120527736,351,1591865216068804025,,0.0636999979615,0.0155499996617,0.0617699995637,0.000300000014249
1591865216173795585,352,1591865216121505022,,0.061400000006,0.00480000022799,0.0612099990249,0.000119999996969
1591865216227330449,353,1591865216175259113,,0.0649999976158,-0.0129899997264,0.0636999979615,-0.000150000007125
1591865216278938589,354,1591865216227543115,,0.0652000010014,-0.0199900008738,0.0620299987495,-0.000180000002729
1591865216380869776,355,1591865216279028892,,0.0603000000119,-0.0220299996436,0.0561299994588,0.000140000003739
1591865216432859273,356,1591865216381181001,,0.0441000014544,-0.0241100005805,0.0368900001049,7.00000018696e-05
1591865216484915042,357,1591865216433089971,,0.0348999984562,-0.0290500000119,0.0194099992514,7.00000018696e-05
1591865216538253086,358,1591865216485196113,,0.0326000005007,-0.032120000571,0.00566999986768,3.99999989895e-05
1591865216590631492,359,1591865216538484096,,0.0361000001431,-0.0351000018418,-0.00829000025988,9.99999974738e-06
1591865216642727000,360,1591865216590747117,,0.0438000001013,-0.0379900000989,-0.0218400005251,-0.000119999996969
1591865216695220250,361,1591865216643364906,,0.0505000017583,-0.0382700003684,-0.0329400002956,-0.000260000000708
1591865216747635238,362,1591865216695460081,,0.0560000017285,-0.0360400006175,-0.0428100004792,-7.00000018696e-05
1591865216799668517,363,1591865216747777938,,0.062199998647,-0.0331199988723,-0.052689999342,7.00000018696e-05
1591865216851849581,364,1591865216799973011,,0.069200001657,-0.0318300016224,-0.0614299997687,0.000190000006114
1591865216954061755,365,1591865216852200031,,0.0758000016212,-0.0331999994814,-0.0681099966168,-7.9999997979e-05
1591865217006826521,366,1591865216954391002,,0.0798000022769,-0.0348399989307,-0.0718099996448,-7.00000018696e-05
1591865217057678452,367,1591865217006473064,,0.075900003314,-0.0331499986351,-0.0682400017977,-9.99999974738e-05
1591865217109774390,368,1591865217057857036,,0.0688999965787,-0.0303700007498,-0.0619000010192,1.99999994948e-05
1591865217161939206,369,1591865217109989881,,0.0617999993265,-0.0272300001234,-0.0554400011897,1.99999994948e-05
1591865217214401851,370,1591865217161999940,,0.055300001055,-0.0252800006419,-0.049130000174,0.000209999998333
1591865217265747926,371,1591865217213998079,,0.0491999983788,-0.026610000059,-0.0413799993694,-5.99999984843e-05
1591865217318217902,372,1591865217266177892,,0.0421000011265,-0.0289999991655,-0.0305400006473,-0.000150000007125
1591865217370440470,373,1591865217318439006,,0.0357000008225,-0.0306499991566,-0.0182900000364,-9.99999974738e-06
1591865217422461178,374,1591865217370630025,,0.0322000011802,-0.0316799990833,-0.00600000005215,5.99999984843e-05
1591865217474867035,375,1591865217422703981,,0.0337000004947,-0.0331300012767,0.00610999995843,0.000130000000354
1591865217527391181,376,1591865217475575923,,0.0441000014544,-0.0366999991238,0.0245399996638,0.000190000006114
1591865217579107671,377,1591865217527687072,,0.0515000000596,-0.0424700006843,0.0290699992329,0.000190000006114
1591865217630856431,378,1591865217579339981,,0.0579999983311,-0.0502500012517,0.0289299990982,7.00000018696e-05
1591865217683326589,379,1591865217631156921,,0.0644000023603,-0.0580199994147,0.0280200000852,9.00000013644e-05
1591865217735097536,380,1591865217683211088,,0.069399997592,-0.0640700012445,0.02662999928,-9.00000013644e-05
1591865217786633337,381,1591865217735469102,,0.0693000033498,-0.0659700036049,0.0213399995118,0.000190000006114
1591865217838155415,382,1591865217786808967,,0.0663999989629,-0.0654499977827,0.0111199999228,0.000250000011874
1591865217889286128,383,1591865217838176012,,0.0649000033736,-0.0648399963975,-0.00170000002254,0.000110000000859
1591865217941658286,384,1591865217889430046,,0.0662999972701,-0.0647099986672,-0.0145699996501,5.99999984843e-05
1591865217994903669,385,1591865217943121910,,0.0697999969125,-0.0641700029373,-0.0274599995464,-9.99999974738e-06
1591865218047369728,386,1591865217995235919,,0.0729999989271,-0.062199998647,-0.0382700003684,7.9999997979e-05
1591865218149435321,387,1591865218047460079,,0.0750999972224,-0.0608399994671,-0.044050000608,7.9999997979e-05
1591865218201638823,388,1591865218149852037,,0.0732999965549,-0.0616200007498,-0.039659999311,2.99999992421e-05
1591865218253588059,389,1591865218201909065,,0.0714000016451,-0.061629999429,-0.0361000001431,5.99999984843e-05
1591865218354940209,390,1591865218253705978,,0.069200001657,-0.0615999996662,-0.0316199995577,0.000110000000859
1591865218406474868,391,1591865218355067014,,0.0662000030279,-0.0629099979997,-0.0206199996173,7.9999997979e-05
1591865218457700070,392,1591865218406641006,,0.0654999986291,-0.0641800016165,-0.0131599996239,9.00000013644e-05
1591865218509913604,393,1591865218457976102,,0.0667999982834,-0.0665900036693,-0.00504000019282,7.9999997979e-05
1591865218561856617,394,1591865218509897947,,0.0690999999642,-0.0690800026059,0.00280999997631,9.99999974738e-05
1591865218613482906,395,1591865218562341928,,0.0722000002861,-0.0712400004268,0.0114599997178,9.00000013644e-05
1591865218664732026,396,1591865218613615036,,0.075900003314,-0.0732799991965,0.0198500007391,-3.99999989895e-05
1591865218716808005,397,1591865218664907932,,0.077699996531,-0.0724700018764,0.028030000627,-0.000180000002729
1591865218769288793,398,1591865218717077016,,0.0771000012755,-0.0674500018358,0.0373199991882,-7.00000018696e-05
1591865218822567456,399,1591865218770800113,,0.0750999972224,-0.0635799989104,0.0399900004268,0.000429999985499
1591865218924863993,400,1591865218822900056,,0.0728000029922,-0.0621699988842,0.0379399992526,7.00000018696e-05
1591865218977533233,401,1591865218924943923,,0.055799998343,-0.0512799993157,0.0220500007272,-0.000479999987874
1591865219029205793,402,1591865218977121114,,0.0438000001013,-0.0397100001574,0.0184899996966,-5.99999984843e-05
1591865219080990658,403,1591865219029279947,,0.033900000155,-0.0285500008613,0.0182900000364,0.000390000001062
1591865219133260542,404,1591865219081293106,,0.0295000001788,-0.0203799996525,0.0213600005955,-4.99999987369e-05
1591865219185246572,405,1591865219133555889,,0.028599999845,-0.0139300003648,0.0249600000679,-9.99999974738e-06
1591865219237610591,406,1591865219185563087,,0.0305000003427,-0.00747000006959,0.0295700002462,5.99999984843e-05
1591865219290814757,407,1591865219239029884,,0.0324000008404,-0.00307000009343,0.0322499983013,0.000199999994948
1591865219343232205,408,1591865219291121959,,0.0324000008404,-0.00129000004381,0.0323799997568,0.000250000011874
1591865219395414306,409,1591865219343645095,,0.0328000001609,-0.000760000024457,0.0328099988401,-0.000180000002729
1591865219447130275,410,1591865219395701885,,0.0344999991357,-0.00104000000283,0.0344399996102,9.99999974738e-06
1591865219499389236,411,1591865219447423934,,0.0449000000954,-0.00236000004224,0.0448600016534,5.99999984843e-05
1591865219551526628,412,1591865219499496936,,0.0394000001252,-0.00561999995261,0.0389799997211,-0.000369999994291
1591865219603694173,413,1591865219551856040,,0.0342999994755,-0.00392000004649,0.0340900011361,-0.000539999979082
1591865219655062413,414,1591865219603941917,,0.0320999994874,-0.00159999995958,0.0320600010455,0.000239999993937
1591865219707218838,415,1591865219655237913,,0.0329999998212,0.000850000011269,0.0329999998212,-0.000330000009853
1591865219759380906,416,1591865219707334041,,0.0313000008464,0.00522999977693,0.0308200009167,-0.000209999998333
1591865219811745134,417,1591865219759509086,,0.0292000006884,0.011979999952,0.0266800001264,-0.000180000002729
1591865219864543630,418,1591865219812571048,,0.0297999996692,0.0193000007421,0.0226700007915,-0.000190000006114
1591865219916950267,419,1591865219864651918,,0.0346000008285,0.0272899996489,0.0212500002235,-0.00054999999702
1591865219969934015,420,1591865219918190956,,0.0456000007689,0.0392200015485,0.0232299994677,-0.000399999989895
1591865220022321111,421,1591865219970232963,,0.0573000013828,0.0499100014567,0.0281700007617,0.000330000009853
1591865220074380211,422,1591865220022443056,,0.0652000010014,0.0541100017726,0.0363299995661,9.00000013644e-05
1591865220126724228,423,1591865220074532985,,0.0676999986172,0.053789999336,0.04117000103,-0.000180000002729
1591865220182203537,424,1591865220126691102,,0.0697000026703,0.0569900013506,0.0400700010359,-0.000440000003437
1591865220233655725,425,1591865220181730985,,0.0711999982595,0.0619900003076,0.0350200012326,4.99999987369e-05
1591865220285911518,426,1591865220233822107,,0.0725999996066,0.0654399991035,0.0314199998975,-5.99999984843e-05
1591865220338429392,427,1591865220286004066,,0.0727000012994,0.0663900002837,0.0296199992299,-7.9999997979e-05
1591865220390092340,428,1591865220338159084,,0.0732000023127,0.0675799995661,0.028049999848,-0.000169999999343
1591865220443011807,429,1591865220390402078,,0.0744000002742,0.0702200010419,0.0247000008821,0.000140000003739
1591865220500794840,430,1591865220449589014,,0.0736000016332,0.0713599994779,0.0180200003088,0.000369999994291
1591865220552920687,431,1591865220501028060,,0.0671999976039,0.066320002079,0.0107500003651,0.000330000009853
1591865220604305466,432,1591865220553107976,,0.055799998343,0.0555900000036,0.00474999984726,0.000169999999343
1591865220655525289,433,1591865220604446887,,0.0423999987543,0.0424100011587,0.000209999998333,1.99999994948e-05
1591865220707047795,434,1591865220655790090,,0.0282000005245,0.0278099998832,-0.00476999999955,-7.9999997979e-05
1591865220758973433,435,1591865220707228899,,0.0161000005901,0.012690000236,-0.00997999962419,2.99999992421e-05
1591865220811167043,436,1591865220759155035,,0.0153999999166,-0.00255999993533,-0.0151599999517,7.00000018696e-05
1591865220863176223,437,1591865220810933113,,0.0270000007004,-0.0177699998021,-0.0203600004315,0.000130000000354
1591865220965071437,438,1591865220863260030,,0.0414999984205,-0.0327199995518,-0.0255600009114,0.000110000000859
1591865221016851071,439,1591865220965334892,,0.0568000003695,-0.0469399988651,-0.0320399999619,0.000119999996969
1591865221070188976,440,1591865221018717050,,0.0696000009775,-0.0599699988961,-0.0353999994695,-4.99999987369e-05
1591865221122241772,441,1591865221070347070,,0.0744000002742,-0.0677400007844,-0.0308299995959,-0.000330000009853
1591865221224245402,442,1591865221122560977,,0.0754000023007,-0.0700699985027,-0.0277699995786,0.000159999995958
1591865221275716425,443,1591865221224318981,,0.0728999972343,-0.0660500004888,-0.0308999996632,7.9999997979e-05
1591865221327108423,444,1591865221275820016,,0.0702000036836,-0.0600299984217,-0.0363200008869,0.000310000003083
1591865221379404367,445,1591865221327274084,,0.0675000026822,-0.0532799996436,-0.0414599999785,0.000209999998333
1591865221432040253,446,1591865221380068063,,0.0653999969363,-0.046590000391,-0.0458999983966,0.000169999999343
1591865221483378240,447,1591865221432070016,,0.0639000013471,-0.0396299995482,-0.0501700006425,1.99999994948e-05
1591865221535333611,448,1591865221483505010,,0.0606000013649,-0.0305199995637,-0.0523900017142,-0.000239999993937
1591865221587492899,449,1591865221535614013,,0.0555000007153,-0.0167900007218,-0.0529300011694,-9.00000013644e-05
1591865221639033270,450,1591865221587840080,,0.0513999983668,-0.00500999996439,-0.0511699989438,-4.99999987369e-05
1591865221691264218,451,1591865221639203071,,0.0535000003874,0.00810999982059,-0.0528500005603,9.00000013644e-05
1591865221742625125,452,1591865221690967082,,0.0584999993443,0.0211699996144,-0.0544900000095,-7.9999997979e-05
1591865221794919943,453,1591865221743685007,,0.0680999979377,0.0403099991381,-0.0549199990928,0.000110000000859
1591865221847247573,454,1591865221795218944,,0.069200001657,0.0480500012636,-0.0498000010848,-0.000140000003739
1591865221949608427,455,1591865221847702026,,0.0709000006318,0.0550800003111,-0.0446599982679,-0.000150000007125
1591865222002079996,456,1591865221949863910,,0.0740000009537,0.0638099983335,-0.0374800004065,-7.00000018696e-05
1591865222054125449,457,1591865222001992940,,0.0733999982476,0.0672200024128,-0.0293700005859,0.000250000011874
1591865222106325337,458,1591865222054337978,,0.0696000009775,0.0656199976802,-0.0230999998748,7.9999997979e-05
1591865222157791772,459,1591865222106520891,,0.0653999969363,0.0626699998975,-0.0188500005752,-0.000209999998333
1591865222210764570,460,1591865222158119916,,0.0636999979615,0.0620100013912,-0.0147700002417,-4.99999987369e-05
1591865222262345247,461,1591865222210345029,,0.0631000027061,0.0623200014234,-0.0100800003856,-4.99999987369e-05
1591865222316776402,462,1591865222262547969,,0.0631000027061,0.062839999795,-0.00575000001118,-3.99999989895e-05
1591865222368142636,463,1591865222316247940,,0.0627999976277,0.0627899989486,-0.00112000002991,-0.0
1591865222419865211,464,1591865222368294954,,0.0637999996543,0.0636899992824,0.00338999996893,-4.99999987369e-05
1591865222472245519,465,1591865222420243978,,0.0644000023603,0.0639100000262,0.00775999994949,9.99999974738e-06
1591865222524643699,466,1591865222472524881,,0.0648000016809,0.0631700009108,0.0146199995652,-5.99999984843e-05
1591865222576904324,467,1591865222524878025,,0.0683000013232,0.0664599984884,0.0156100001186,-0.000310000003083
1591865222630317049,468,1591865222578489065,,0.0742999985814,0.0724899992347,0.0165100004524,0.000180000002729
1591865222683393424,469,1591865222630677938,,0.0785999968648,0.0766799971461,0.0171600002795,0.000209999998333
1591865222734225584,470,1591865222682955980,,0.0803000032902,0.0783300027251,0.0175400003791,-7.9999997979e-05
1591865222786436957,471,1591865222734417915,,0.0798000022769,0.0778999999166,0.0174199994653,-3.99999989895e-05
1591865222837747847,472,1591865222786545991,,0.0802000015974,0.0782399997115,0.0175700001419,-9.99999974738e-06
1591865222889275757,473,1591865222837924957,,0.0793000012636,0.077380001545,0.017330000177,7.00000018696e-05
1591865222940869799,474,1591865222889384031,,0.0747999995947,0.0729599967599,0.0163100007921,9.00000013644e-05
1591865223043617727,475,1591865222941128015,,0.0675999969244,0.0659400001168,0.0148799996823,-1.99999994948e-05
1591865223095236198,476,1591865223042999029,,0.0529999993742,0.0517399981618,0.0115099996328,0.000280000007479
1591865223147604551,477,1591865223095303058,,0.041400000453,0.0407099984586,0.0077399997972,0.000239999993937
1591865223198727517,478,1591865223147372961,,0.027499999851,0.0273100007325,0.00297000003047,9.00000013644e-05
1591865223251169906,479,1591865223199078083,,0.0136000001803,0.0135099999607,-0.00175000005402,7.00000018696e-05
1591865223353559672,480,1591865223251229047,,0.00650000013411,-0.000429999985499,-0.00650000013411,9.00000013644e-05
1591865223404750655,481,1591865223353369951,,0.0228000003844,-0.0188599992543,-0.0127999996766,0.000110000000859
1591865223456531466,482,1591865223404869079,,0.0353999994695,-0.0319099985063,-0.0154200000688,5.99999984843e-05
1591865223508648976,483,1591865223456644058,,0.0458000004292,-0.0423099994659,-0.0174800008535,-0.000159999995958
1591865223560741409,484,1591865223508970022,,0.0511999987066,-0.0484899990261,-0.0163400005549,7.9999997979e-05
1591865223612610132,485,1591865223561006069,,0.0544000007212,-0.0528299994767,-0.0130399996415,0.000260000000708
1591865223663829228,486,1591865223612663984,,0.0639000013471,-0.0627399981022,-0.0119700003415,-0.000110000000859
1591865223716248828,487,1591865223664088964,,0.0662999972701,-0.0652400031686,-0.011930000037,-0.000150000007125
1591865223768272828,488,1591865223716339111,,0.0649000033736,-0.0633300021291,-0.0140699995682,-9.00000013644e-05
1591865223820223614,489,1591865223768510103,,0.0590999983251,-0.0562600009143,-0.01823999919,-9.00000013644e-05
1591865223922479627,490,1591865223820569038,,0.0502999983728,-0.0457400009036,-0.0209800004959,-0.000150000007125
1591865223975136337,491,1591865223922707080,,0.025399999693,-0.0198400001973,-0.015890000388,4.99999987369e-05
1591865224027465195,492,1591865223975644111,,0.0126000000164,-0.00827000010759,-0.00944999977946,0.000230000005104
1591865224129566321,493,1591865224027762889,,0.00300000002608,-0.00199000001885,-0.00221000006422,0.000280000007479
1591865224182127833,494,1591865224130084037,,0.00109999999404,0.000829999975394,-0.000750000006519,-3.99999989895e-05
1591865224234245229,495,1591865224182727098,,0.00300000002608,0.00294000003487,0.000709999992978,-7.00000018696e-05
1591865224286323699,496,1591865224234411954,,0.00820000004023,0.00627999985591,0.0052100000903,0.0
1591865224339389266,497,1591865224286658048,,0.0165999997407,0.00973000004888,0.0133899999782,7.00000018696e-05
1591865224390668684,498,1591865224338737010,,0.0266999993473,0.0109200002626,0.0243800003082,0.000119999996969
1591865224443866842,499,1591865224390863895,,0.0381000004709,0.00829999987036,0.0372200012207,0.000150000007125
1591865224495823971,500,1591865224443959951,,0.048900000751,0.00216999999247,0.048829998821,0.000199999994948
1591865224547869900,501,1591865224496088027,,0.062199998647,-0.0130399996415,0.0608199983835,-2.99999992421e-05
1591865224600057632,502,1591865224548191070,,0.0656000003219,-0.0204700008035,0.0623599998653,-0.000159999995958
1591865224652187769,503,1591865224600311040,,0.0671999976039,-0.0240800008178,0.0627000033855,-7.00000018696e-05
1591865224704915013,504,1591865224652641057,,0.0781999975443,-0.0288500003517,0.0726699978113,0.0
1591865224757605455,505,1591865224705210924,,0.0798000022769,-0.0296100005507,0.0740799978375,-5.99999984843e-05
1591865224808926937,506,1591865224757281064,,0.0800999999046,-0.0297699999064,0.0743200033903,1.99999994948e-05
1591865224911768695,507,1591865224809117078,,0.0798000022769,-0.0296100005507,0.0741200000048,2.99999992421e-05
1591865224964089968,508,1591865224912076950,,0.0749000012875,-0.0276999995112,0.069540001452,2.99999992421e-05
1591865225016265909,509,1591865224964265108,,0.0679000020027,-0.0251400005072,0.0630500018597,7.00000018696e-05
1591865225068203951,510,1591865225016388893,,0.0606000013649,-0.0224099997431,0.0563100017607,3.99999989895e-05
1591865225120034400,511,1591865225068576097,,0.0529000014067,-0.018540000543,0.0495099984109,-0.000220000001718
1591865225171495547,512,1591865225120145082,,0.0434000007808,-0.0116200000048,0.0418299995363,-4.99999987369e-05
1591865225223588851,513,1591865225171674966,,0.0331999994814,-0.00265999999829,0.0331300012767,7.9999997979e-05
1591865225275875101,514,1591865225223754882,,0.0249000005424,0.00676999986172,0.023959999904,0.000130000000354
1591865225328660083,515,1591865225277024030,,0.0244999993593,0.0146899996325,0.0196499992162,-4.99999987369e-05
1591865225381033771,516,1591865225328795909,,0.0277999993414,0.0227499995381,0.0159600004554,-9.00000013644e-05
1591865225481993778,517,1591865225380713939,,0.0318999998271,0.0310500003397,0.00720999995247,0.000130000000354
1591865225533412402,518,1591865225482043027,,0.0460000000894,0.044509999454,-0.0116299996153,1.99999994948e-05
1591865225585586426,519,1591865225533611059,,0.0504000000656,0.048599999398,-0.0134500004351,-0.000150000007125
1591865225637628557,520,1591865225585766077,,0.0546000003815,0.0533200018108,-0.0116400001571,-0.000130000000354
1591865225689671765,521,1591865225637913942,,0.0597000010312,0.0584699995816,-0.0118500003591,0.000289999996312
1591865225741998208,522,1591865225689733028,,0.062199998647,0.0604999996722,-0.0144600002095,0.000119999996969
1591865225793014963,523,1591865225741832017,,0.0603000000119,0.0574500001967,-0.018449999392,3.99999989895e-05
1591865225844786712,524,1591865225793332099,,0.0570000000298,0.0520600005984,-0.0231500007212,-2.99999992421e-05
1591865225896919235,525,1591865225844875097,,0.0560000017285,0.0463499985635,-0.0315099991858,0.000260000000708
1591865225949041651,526,1591865225897072076,,0.0531999990344,0.0382499992847,-0.0369100011885,0.000140000003739
1591865226001308940,527,1591865225949359893,,0.0441000014544,0.0266800001264,-0.0350899994373,-0.000130000000354
1591865226104113322,528,1591865226001564025,,0.0294000003487,0.0106899999082,-0.0273700002581,-0.000140000003739
1591865226156207524,529,1591865226104346990,,0.0154999997467,-0.00490000005811,-0.0146700004116,0.000419999996666
1591865226208051280,530,1591865226156408071,,0.0205000005662,-0.0150499995798,-0.013919999823,0.000209999998333
1591865226259368648,531,1591865226208231925,,0.0303000006825,-0.0272899996489,-0.0131299998611,-0.000140000003739
1591865226311104251,532,1591865226259622097,,0.0395000018179,-0.0392200015485,-0.00447000004351,7.00000018696e-05
1591865226413420324,533,1591865226311392068,,0.047499999404,-0.0469399988651,0.0071600000374,-3.99999989895e-05
1591865226465330845,534,1591865226413505077,,0.0509000010788,-0.0466100014746,0.0204700008035,-5.99999984843e-05
1591865226516944966,535,1591865226465651988,,0.0515000000596,-0.0445399992168,0.0259199999273,-0.000319999991916
1591865226568701516,536,1591865226517036914,,0.0456000007689,-0.0378899984062,0.0253599993885,-4.99999987369e-05
1591865226620694054,537,1591865226568855047,,0.035000000149,-0.0270199999213,0.0222699996084,9.00000013644e-05
1591865226673065003,538,1591865226621011972,,0.0238000005484,-0.0146700004116,0.0187599994242,0.000199999994948
1591865226725307371,539,1591865226673331975,,0.00810000021011,0.00144999998156,0.00796999968588,-0.000220000001718
1591865226777555999,540,1591865226725492954,,0.0131999999285,0.0131200002506,0.00179000000935,-5.99999984843e-05
1591865226830341191,541,1591865226778101921,,0.0258000008762,0.0256399996579,-0.00276000006124,0.000180000002729
1591865226882406388,542,1591865226830430030,,0.0390999987721,0.037420000881,-0.0113899996504,-3.99999989895e-05
1591865226934849874,543,1591865226882699012,,0.0502999983728,0.0461699999869,-0.0198400001973,0.000169999999343
1591865226987583802,544,1591865226936368942,,0.063299998641,0.0550800003111,-0.0310900006443,0.0
1591865227039320095,545,1591865226987744092,,0.0619000010192,0.0533800013363,-0.03125,0.000190000006114
1591865227090921481,546,1591865227039572954,,0.0560000017285,0.0483600012958,-0.0283199995756,2.99999992421e-05
1591865227192032851,547,1591865227090971946,,0.0496000014246,0.041400000453,-0.0273100007325,0.000130000000354
1591865227243434137,548,1591865227192202091,,0.0370000004768,0.0233699996024,-0.0287200007588,-5.99999984843e-05
1591865227295271435,549,1591865227243474006,,0.0265999995172,0.00920000020415,-0.0250100009143,-3.99999989895e-05
1591865227347725393,550,1591865227295595884,,0.0216000005603,-0.00412999978289,-0.0212200004607,1.99999994948e-05
1591865227400010219,551,1591865227348104953,,0.0248000007123,-0.0182600002736,-0.01678000018,-2.99999992421e-05
1591865227452253999,552,1591865227400278091,,0.0333000011742,-0.0315000005066,-0.0109599996358,9.99999974738e-06
1591865227504469303,553,1591865227452537059,,0.0428000018001,-0.0425300002098,-0.00463999994099,-0.000130000000354
1591865227556575124,554,1591865227504657030,,0.0502000004053,-0.0502200014889,0.000369999994291,7.00000018696e-05
1591865227607896766,555,1591865227556719064,,0.055300001055,-0.0550599992275,0.00563000002876,0.000140000003739
1591865227659483199,556,1591865227608267068,,0.0606000013649,-0.0595300011337,0.0112300002947,9.00000013644e-05
1591865227713573727,557,1591865227659796953,,0.0668999999762,-0.0639100000262,0.019659999758,-7.9999997979e-05
1591865227765680305,558,1591865227713839054,,0.0751999989152,-0.0660599991679,0.03587000072,0.000110000000859
1591865227817851209,559,1591865227765930891,,0.0734999999404,-0.0612599998713,0.0405599996448,-9.99999974738e-06
1591865227919453958,560,1591865227818267107,,0.0679000020027,-0.0543299987912,0.0407299995422,0.000110000000859
1591865227971116899,561,1591865227919734954,,0.055799998343,-0.0421499982476,0.0366099998355,0.000119999996969
1591865228023837162,562,1591865227971402883,,0.0491999983788,-0.0351900011301,0.0344199985266,5.99999984843e-05
1591865228075395272,563,1591865228023413896,,0.0423000007868,-0.0286599993706,0.0311500001699,2.99999992421e-05
1591865228129036337,564,1591865228076950073,,0.0348999984562,-0.0227400008589,0.0264800004661,5.99999984843e-05
1591865228181015236,565,1591865228129234075,,0.0277999993414,-0.0179099999368,0.0212999992073,-9.99999974738e-06
1591865228233089573,566,1591865228181266069,,0.0208000000566,-0.0134100001305,0.0158399995416,9.99999974738e-06
1591865228285554475,567,1591865228233366966,,0.0133999995887,-0.0086799999699,0.0102399997413,-9.99999974738e-06
1591865228337828862,568,1591865228286042928,,0.00620000017807,-0.00404000002891,0.00463999994099,9.99999974738e-06
1591865228390181058,569,1591865228338128089,,0.00089999998454,-0.000769999984186,0.000380000012228,0.000119999996969
1591865228492037154,570,1591865228390273094,,0.0,3.99999989895e-05,9.99999974738e-06,-1.99999994948e-05
1591865228545257986,571,1591865228492328882,,9.99999974738e-05,9.00000013644e-05,-3.99999989895e-05,-2.99999992421e-05
1591865228596453905,572,1591865228544688940,,9.99999974738e-05,7.00000018696e-05,-0.0,-9.99999974738e-06
1591865228648854706,573,1591865228596743106,,9.99999974738e-05,4.99999987369e-05,-1.99999994948e-05,9.99999974738e-06
1591865228701602327,574,1591865228648951053,,9.99999974738e-05,5.99999984843e-05,-9.99999974738e-06,-0.0
1591865228753688182,575,1591865228701842069,,9.99999974738e-05,9.00000013644e-05,-2.99999992421e-05,-1.99999994948e-05
1591865228806176168,576,1591865228754028081,,9.99999974738e-05,9.00000013644e-05,-1.99999994948e-05,-2.99999992421e-05
1591865228858619452,577,1591865228805843114,,9.99999974738e-05,7.00000018696e-05,0.0,-9.99999974738e-06
1591865228910070613,578,1591865228858043909,,9.99999974738e-05,4.99999987369e-05,-9.99999974738e-06,-0.0
1591865229011738179,579,1591865228910283088,,9.99999974738e-05,4.99999987369e-05,-9.99999974738e-06,-9.99999974738e-06
1591865229063808585,580,1591865229012006998,,9.99999974738e-05,4.99999987369e-05,-9.99999974738e-06,-1.99999994948e-05
1591865229366113845,581,1591865229064151048,,0.0,3.99999989895e-05,-9.99999974738e-06,-9.99999974738e-06
1591865229417706248,582,1591865229365853071,,0.0,-0.0,-9.99999974738e-06,9.99999974738e-06
1591865229469975770,583,1591865229418003082,,0.0,-0.0,-0.0,0.0
1591865229521329076,584,1591865229470118045,,0.0,-0.0,0.0,-0.0
1591865229574023642,585,1591865229521475076,,0.0,-1.99999994948e-05,9.99999974738e-06,9.99999974738e-06
1591865229626179676,586,1591865229574119091,,0.0,-2.99999992421e-05,9.99999974738e-06,9.99999974738e-06
1591865229678048928,587,1591865229626334905,,0.0,-2.99999992421e-05,9.99999974738e-06,9.99999974738e-06
1591865229730226653,588,1591865229678267955,,0.0,-1.99999994948e-05,9.99999974738e-06,0.0
1591865229782581539,589,1591865229730638980,,0.0,-1.99999994948e-05,9.99999974738e-06,9.99999974738e-06
1591865229834050936,590,1591865229782964944,,9.99999974738e-05,-3.99999989895e-05,9.99999974738e-06,1.99999994948e-05
1591865229885823991,591,1591865229834340095,,9.99999974738e-05,-3.99999989895e-05,9.99999974738e-06,1.99999994948e-05
1591865229938021116,592,1591865229885967016,,0.0,-9.99999974738e-06,4.99999987369e-05,-9.99999974738e-06
1591865229990035137,593,1591865229938220024,,0.0,-1.99999994948e-05,1.99999994948e-05,1.99999994948e-05
1591865230042543220,594,1591865229990283012,,0.0,-1.99999994948e-05,1.99999994948e-05,1.99999994948e-05
1591865230095558369,595,1591865230043828964,,0.0,-9.99999974738e-06,1.99999994948e-05,0.0
1591865230197024924,596,1591865230095783948,,0.0,-9.99999974738e-06,9.99999974738e-06,9.99999974738e-06
1591865230249169154,597,1591865230197200059,,0.0,0.0,0.0,0.0
1591865230302502487,598,1591865230249466896,,0.0,-9.99999974738e-06,1.99999994948e-05,9.99999974738e-06
1591865230354088031,599,1591865230301829099,,0.0,-1.99999994948e-05,9.99999974738e-06,9.99999974738e-06
1591865230405498667,600,1591865230354072093,,0.0,9.99999974738e-06,-9.99999974738e-06,-9.99999974738e-06
1591865230456982491,601,1591865230405535936,,0.0,0.0,9.99999974738e-06,0.0
1591865230508783038,602,1591865230457082986,,0.0,-0.0,-9.99999974738e-06,-0.0
1591865230560943766,603,1591865230509352922,,0.0,9.99999974738e-06,0.0,-9.99999974738e-06
1591865230662478460,604,1591865230561003923,,0.0,-0.0,-9.99999974738e-06,0.0
1591865230714852522,605,1591865230662801027,,0.0,9.99999974738e-06,-9.99999974738e-06,-0.0
1591865230767827385,606,1591865230714987993,,0.0,9.99999974738e-06,-0.0,-9.99999974738e-06
1591865230823788606,607,1591865230769673109,,0.0,-0.0,-0.0,-0.0
1591865230876955715,608,1591865230825078010,,0.0,0.0,-9.99999974738e-06,-0.0
1591865230929010325,609,1591865230877285003,,0.0,9.99999974738e-06,-1.99999994948e-05,-9.99999974738e-06
1591865230981353862,610,1591865230929362058,,0.0,-9.99999974738e-06,9.99999974738e-06,0.0
1591865231032598069,611,1591865230981426954,,0.0,9.99999974738e-06,-0.0,-1.99999994948e-05
1591865231084611101,612,1591865231032840013,,0.0,-1.99999994948e-05,-0.0,1.99999994948e-05
1591865231136867664,613,1591865231084908962,,0.0,-1.99999994948e-05,1.99999994948e-05,9.99999974738e-06
1591865231190441540,614,1591865231137409925,,0.0,9.99999974738e-06,9.99999974738e-06,-9.99999974738e-06
1591865231243194467,615,1591865231190593004,,0.0,-1.99999994948e-05,-9.99999974738e-06,9.99999974738e-06
1591865231344910166,616,1591865231243494987,,0.0,0.0,-9.99999974738e-06,0.0
1591865231397126690,617,1591865231345030069,,0.0,0.0,-0.0,-0.0
1591865231448422747,618,1591865231397227048,,0.0,9.99999974738e-06,-2.99999992421e-05,-9.99999974738e-06
1591865231500146046,619,1591865231448609113,,0.0,-9.99999974738e-06,9.99999974738e-06,9.99999974738e-06
1591865231552627988,620,1591865231500396013,,9.99999974738e-05,3.99999989895e-05,-1.99999994948e-05,-2.99999992421e-05
1591865231604789413,621,1591865231552731990,,0.0,-9.99999974738e-06,9.99999974738e-06,1.99999994948e-05
1591865231656941477,622,1591865231604991912,,0.0,9.99999974738e-06,-0.0,-0.0
1591865231710154668,623,1591865231657075881,,0.0,1.99999994948e-05,-1.99999994948e-05,-9.99999974738e-06
1591865231762131280,624,1591865231709897041,,0.0,9.99999974738e-06,-9.99999974738e-06,-9.99999974738e-06
1591865231814333515,625,1591865231762303113,,0.0,0.0,9.99999974738e-06,-0.0
1591865231866662276,626,1591865231814632892,,0.0,-0.0,1.99999994948e-05,-0.0
1591865231920211022,627,1591865231867630958,,0.0,-9.99999974738e-06,1.99999994948e-05,9.99999974738e-06
1591865231975409267,628,1591865231919795036,,0.0,-0.0,0.0,-0.0
1591865232028293396,629,1591865231975745916,,0.0,1.99999994948e-05,-9.99999974738e-06,-9.99999974738e-06
1591865232082137208,630,1591865232028445959,,0.0,-3.99999989895e-05,1.99999994948e-05,1.99999994948e-05
1591865232134562884,631,1591865232082307100,,0.0,1.99999994948e-05,-9.99999974738e-06,-1.99999994948e-05
1591865232187994670,632,1591865232134783983,,0.0,2.99999992421e-05,-0.0,-2.99999992421e-05
