-0.000595586
-0.000590873
-0.000591163
-0.00059145
-0.000591738
-0.000582058
-0.000566308
-0.000565616
-0.00056995
-0.000572233
-0.000568531
-0.000560816
-0.000555063
-0.000561394
-0.000568672
-0.000571013
-0.0005713
-0.000573583
-0.000571877
-0.000568177
-0.00056546
-0.000569763
-0.000578086
-0.000572394
-0.000554653
-0.000550925
-0.000555228
-0.000558493
-0.000554794
-0.000553088
-0.000551381
-0.000545689
-0.000543953
-0.000545252
-0.000541556
-0.000537857
-0.000538144
-0.000538492
-0.000538779
-0.000543055
-0.000542331
-0.000538632
-0.000542909
-0.000541203
-0.000539557
-0.000537852
-0.000541144
-0.000547413
-0.000549693
-0.000552037
-0.000552324
-0.000550617
-0.000548914
-0.000551195
-0.000552493
-0.000542785
-0.000539086
-0.000543362
-0.000539664
-0.000533942
-0.000539227
-0.000537521
-0.000529836
-0.000528129
-0.000526396
-0.000526683
-0.000525038
-0.000524346
-0.000526627
-0.000532896
-0.00053119
-0.000525498
-0.000519776
-0.000515096
-0.00051339
-0.000513677
-0.000513967
-0.000514253
-0.000512518
-0.000514891
-0.000520146
-0.000524452
-0.0005248
-0.000517025
-0.000511333
-0.000513616
-0.000513964
-0.000513239
-0.000513529
-0.000505844
-0.000496072
-0.000496362
-0.000500726
-0.000506996
-0.000508295
-0.000502572
-0.000498876
-0.000495177
-0.000491478
-0.000495751
-0.000499077
-0.000493324
-0.000491618
-0.000493959
-0.00048827
-0.000478497
-0.000480781
-0.00049211
-0.000498466
-0.00049477
-0.000488987
-0.000487281
-0.000485575
-0.000481876
-0.000485201
-0.000487511
-0.000481792
-0.000470058
-0.000474395
-0.000474682
-0.000465923
-0.000452229
-0.000450524
-0.000452804
-0.000443096
-0.000431363
-0.000430639
-0.000436998
-0.000439279
-0.000441562
-0.000439856
-0.000434134
-0.000428442
-0.000431737
-0.000436071
-0.000440347
-0.000444623
-0.000446964
-0.000439219
-0.000431534
-0.000432802
-0.000433092
-0.000429394
-0.000429742
-0.000432024
-0.000434305
-0.000430608
-0.00042789
-0.000420205
-0.00041243
-0.000406735
-0.000405032
-0.000405319
-0.000400608
-0.00039093
-0.000391217
-0.000383502
-0.000373763
-0.000372057
-0.000376394
-0.000369689
-0.000357925
-0.000348247
-0.000334489
-0.00032478
-0.000330068
-0.000340413
-0.000344689
-0.000336972
-0.00033128
-0.00033157
-0.000331858
-0.000327147
-0.000315413
-0.00031371
-0.000320039
-0.000314346
-0.000302582
-0.000597665
-0.000591973
-0.000597228
-0.000599538
-0.000593817
-0.000594104
-0.000596445
-0.000592745
-0.000585981
-0.000582282
-0.000578583
-0.000574884
-0.000573178
-0.000569449
-0.000568755
-0.000573029
-0.000569328
-0.00056563
-0.000563894
-0.000568258
-0.000570538
-0.000569814
-0.000560075
-0.000552361
-0.000550655
-0.000550942
-0.000547243
-0.000544525
-0.000544812
-0.000553166
-0.000555444
-0.000547727
-0.000544028
-0.000545327
-0.000549603
-0.000549891
-0.000546189
-0.000542463
-0.000542748
-0.000545121
-0.000544397
-0.000536649
-0.000536939
-0.000535262
-0.00052951
-0.000531851
-0.000535142
-0.000537423
-0.000535717
-0.000534011
-0.00052829
-0.000526584
-0.000537909
-0.000542212
-0.000542502
-0.00053678
-0.000525046
-0.000519323
-0.000520621
-0.000524958
-0.000525245
-0.000523539
-0.000517847
-0.000514119
-0.000514406
-0.000513712
-0.000513999
-0.000516279
-0.000514574
-0.000506859
-0.000501165
-0.000494462
-0.000486716
-0.000483017
-0.000483305
-0.000483592
-0.000481886
-0.000483216
-0.000477463
-0.000473763
-0.000472028
-0.000468328
-0.000460643
-0.00045394
-0.000448248
-0.000452522
-0.000454802
-0.000455089
-0.000447373
-0.0004407
-0.000432924
-0.000429225
-0.000429573
-0.00042986
-0.000424171
-0.000419397
-0.00041769
-0.000411969
-0.00040229
-0.000400585
-0.000402865
-0.000398155
-0.000394456
-0.00039275
-0.000389052
-0.000381335
-0.000377575
-0.000378908
-0.000383211
-0.000389477
-0.000391818
-0.000394099
-0.000390403
-0.00038471
-0.000377947
-0.000372222
-0.000364536
-0.000358844
-0.000357138
-0.000361414
-0.000370746
-0.00036904
-0.000367334
-0.000369615
-0.000363895
-0.00036219
-0.000362477
-0.000363776
-0.00036207
-0.000362358
-0.000362645
-0.000354928
-0.000351232
-0.000354524
-0.000348802
-0.000347097
-0.000349437
-0.000349725
-0.000352008
-0.000350302
-0.000347615
-0.000343886
-0.000340187
-0.000338481
-0.000334781
-0.000329089
-0.000326372
-0.000324666
-0.000320907
-0.00032325
-0.00033151
-0.000333851
-0.000334141
-0.000343412
-0.000343702
-0.000334021
-0.000324313
-0.000322607
-0.000318907
-0.00031619
-0.000316477
-0.000312781
-0.000309082
-0.000311362
-0.000309657
-0.00030694
-0.000307229
-0.000313496
-0.000313844
-0.000308091
-0.000302398
-0.000304742
-0.000310028
-0.000308321
-0.000300606
-0.000300893
-0.00029919
-0.000297484
-0.000294767
-0.000287082
-0.0002813
-0.000281586
-0.000281934
-0.000288234
-0.00028852
-0.000287796
-0.0002841
-0.00028638
-0.000290714
-0.000285025
-0.000285312
-0.000291581
-0.000294934
-0.0003012
-0.00030149
-0.000293805
-0.000274068
-0.000256324
-0.000257592
-0.000261959
-0.000260223
-0.000260514
-0.000262824
-0.000267097
-0.000254415
-0.000242649
-0.000244992
-0.00025126
-0.000249557
-0.00024785
-0.000244151
-0.000245453
-0.0002458
-0.000248081
-0.000256343
-0.000248658
-0.00023895
-0.000239237
-0.000244523
-0.000240827
-0.00023912
-0.000233399
-0.000225712
-0.000222011
-0.000223282
-0.000231574
-0.000227846
-0.000222154
-0.000224434
-0.000218742
-0.000213021
-0.000218308
-0.000218656
-0.000218943
-0.00021724
-0.000211547
-0.000211834
-0.000212124
-0.000209404
-0.000207701
-0.000202009
-0.00019828
-0.000200591
-0.000194869
-0.000186111
-0.000182412
-0.000184755
-0.000187036
-0.000191309
-0.000195676
-0.00019397
-0.000193248
-0.000195529
-0.00019183
-0.000186138
-0.000182409
-0.000182699
-0.000171947
-0.000152209
-0.000152556
-0.000152847
-0.000149147
-0.000149435
-0.000146717
-0.000143019
-0.000143306
-0.000137615
-0.000135909
-0.000128132
-0.000117442
-0.000107701
-0.000103973
-0.000100274
-9.45797e-05
-9.28763e-05
-0.000102211
-0.000100505
-8.87407e-05
-7.50453e-05
-0.000580647
-0.000555945
-0.000526157
-0.000494436
-0.00045468
-0.000424953
-0.000410216
-0.000396524
-0.000388839
-0.00039311
-0.000391407
-0.000397671
-0.000405009
-0.00040131
-0.000401597
-0.000401885
-0.000394168
-0.000396479
-0.000399741
-0.000398032
-0.000400315
-0.000398607
-0.000390924
-0.000387193
-0.000392478
-0.000388779
-0.000383087
-0.000389414
-0.000389702
-0.000397959
-0.00042029
-0.000427629
-0.000425893
-0.000430196
-0.000434467
-0.000438801
-0.000439088
-0.000444373
-0.000450702
-0.000448993
-0.000449282
-0.000443587
-0.000433821
-0.000449159
-0.000465453
-0.000461755
-0.000458054
-0.000462328
-0.000468623
-0.000477954
-0.000484221
-0.000486562
-0.000486849
-0.000487136
-0.000489414
-0.000492709
-0.000489007
-0.000487273
-0.000479585
-0.000469877
-0.000470164
-0.000477443
-0.000485792
-0.000490066
-0.000490353
-0.000484661
-0.000480932
-0.000484224
-0.000488498
-0.000486789
-0.000483091
-0.000481384
-0.000481732
-0.000491004
-0.000493284
-0.000483576
-0.00046985
-0.00047219
-0.000476464
-0.00047776
-0.00047805
-0.000480328
-0.000472616
-0.000466921
-0.000465215
-0.000466484
-0.000466771
-0.000463073
-0.000455386
-0.000443625
-0.000443972
-0.000453244
-0.000453531
-0.000445846
-0.000442115
-0.00044642
-0.000446705
-0.000443988
-0.000442282
-0.000438582
-0.000438869
-0.000443203
-0.000435428
-0.000426731
-0.000427018
-0.000427306
-0.000417627
-0.000407918
-0.000410196
-0.000415481
-0.000417761
-0.000408083
-0.000394328
-0.000384621
-0.000382914
-0.000390193
-0.000400536
-0.000406802
-0.000399117
-0.0003914
-0.000387702
-0.000390991
-0.000389288
-0.000385557
-0.000385844
-0.000384138
-0.000378446
-0.000375729
-0.00037801
-0.000378297
-0.000380637
-0.000380925
-0.000385228
-0.000397534
-0.000402819
-0.000387072
-0.000377389
-0.000375686
-0.000371955
-0.000371261
-0.000373541
-0.000367849
-0.000360134
-0.000354442
-0.000344672
-0.000345971
-0.000354291
-0.000360589
-0.000358852
-0.000353158
-0.000343479
-0.000330706
-0.000330993
-0.000339343
-0.000341624
-0.000341911
-0.000346245
-0.000347544
-0.000343815
-0.000340115
-0.00033237
-0.000326648
-0.000322949
-0.000320261
-0.000320546
-0.000322829
-0.000323114
-0.000321471
-0.000317679
-0.000316985
-0.000315278
-0.000321606
-0.000323889
-0.000320186
-0.000316487
-0.000316775
-0.000314058
-0.000306372
-0.000304667
-0.000312927
-0.000313214
-0.000311508
-0.000312837
-0.000313124
-0.000311419
-0.000313699
-0.000316009
-0.000310288
-0.000307599
-0.000305863
-0.000308173
-0.000302452
-0.000292773
-0.000289045
-0.000290341
-0.000294617
-0.000294904
-0.000287219
-0.000287506
-0.000299813
-0.000307091
-0.000305385
-0.000307726
-0.000301974
-0.00029628
-0.000298561
-0.000298908
-0.000298184
-0.000298471
-0.000298759
-0.000293067
-0.000283299
-0.000283586
-0.000290924
-0.000295198
-0.000295485
-0.000295833
-0.000288087
-0.000274392
-0.000269681
-0.000271992
-0.000268263
-0.000258524
-0.0002528
-0.000253087
-0.000258435
-0.000260716
-0.000251036
-0.000243258
-0.000237566
-0.000231874
-0.000229157
-0.000229444
-0.000225745
-0.000222045
-0.000226321
-0.000232649
-0.000233948
-0.000232241
-0.000230535
-0.000232816
-0.000227094
-0.000217416
-0.000210652
-0.00020695
-0.000211287
-0.000215561
-0.000217841
-0.000218128
-0.000215441
-0.000209718
-0.000206019
-0.00020232
-0.000198621
-0.000202894
-0.000207231
-0.00020853
-0.000206794
-0.000205089
-0.000203383
-0.000207656
-0.000207944
-0.000205256
-0.000193554
-0.000187799
-0.000186156
-0.000194416
-0.000198692
-0.000191986
-0.000188287
-0.000184588
-0.000178896
-0.000175167
-0.000179473
-0.000183807
-0.000191085
-0.000193366
-0.000191663
-0.000189957
-0.000188251
-0.000186514
-0.00017984
-0.000178105
-0.000178392
-0.000178679
-0.000176974
-0.000171282
-0.000173625
-0.000172931
-0.000161165
-0.000157466
-0.000163796
-0.00016807
-0.000164371
-0.000161654
-0.000153908
-0.000152202
-0.000154543
-0.000154831
-0.000151134
-0.000148414
-0.000144716
-0.000143011
-0.000145291
-0.000145578
-0.000145866
-0.000149158
-0.000151502
-0.000149795
-0.000152076
-0.000148348
-0.000142655
-0.000136963
-0.000136239
-0.000136529
-0.000140803
-0.00014109
-0.000137391
-0.000133692
-0.000129995
-0.000127275
-0.000123576
-0.000121873
-0.00012216
-0.000120454
-0.000111758
-0.000108029
-0.000114326
-0.000110626
-0.000108892
-0.000117244
-0.000121517
-0.000116808
-0.000113107
-0.000111404
-0.000113684
-0.000113971
-0.000114322
-0.000112616
-0.000111892
-0.000114202
-0.000118478
-0.000118766
-0.000119113
-0.000119403
-0.000119691
-0.00011498
-0.000105209
-9.55296e-05
-9.58198e-05
-9.81e-05
-9.24081e-05
-8.76975e-05
-8.59918e-05
-9.03286e-05
-8.86229e-05
-8.28676e-05
-7.91405e-05
-8.24941e-05
-8.4777e-05
-8.50631e-05
-8.73437e-05
-8.56376e-05
-7.99457e-05
-7.2231e-05
-6.5557e-05
-6.58445e-05
-7.2114e-05
-7.04079e-05
-6.67092e-05
-7.10459e-05
-7.43077e-05
-6.86158e-05
-7.08964e-05
-7.31793e-05
-6.54929e-05
-5.77755e-05
-5.80652e-05
-5.7371e-05
-5.16792e-05
-4.99433e-05
-5.02308e-05
-5.0521e-05
-4.08384e-05
-3.40748e-05
-4.04042e-05
-4.26848e-05
-3.69929e-05
-3.72799e-05
-4.36097e-05
-4.9909e-05
-4.71919e-05
-3.54275e-05
-2.97357e-05
-2.60365e-05
-3.03732e-05
-3.26538e-05
-3.49371e-05
-3.02548e-05
-2.45332e-05
-2.88069e-05
-3.11168e-05
-2.34021e-05
-1.07163e-05
-9.48182e-07
-5.31465e-06
-9.58788e-06
-7.88496e-06
9.85968e-06
2.66217e-05
2.42808e-05
1.99779e-05
2.96857e-05
3.94254e-05
3.71453e-05
3.98623e-05
4.35611e-05
4.72603e-05
5.09888e-05
5.0699e-05
4.63353e-05
4.80707e-05
5.47456e-05
6.05279e-05
-0.000582211
-0.000560485
-0.00053376
-0.000505965
-0.00047826
-0.000444548
-0.000422819
-0.000411058
-0.000400367
-0.000388668
-0.000380923
-0.000369222
-0.00035148
-0.000329755
-0.000313025
-0.000309296
-0.000301611
-0.000281878
-0.000266191
-0.000260499
-0.000251742
-0.000234
-0.000230301
-0.000238621
-0.000246881
-0.000248177
-0.000250518
-0.000248812
-0.00024312
-0.0002454
-0.000245688
-0.000243982
-0.000245251
-0.000247529
-0.000257872
-0.000256166
-0.00025446
-0.00025674
-0.000256016
-0.000256304
-0.000258581
-0.000262945
-0.000265225
-0.000265513
-0.00027279
-0.000287087
-0.000293444
-0.000295725
-0.000296009
-0.000294306
-0.000295572
-0.00029586
-0.000302216
-0.000308483
-0.000304784
-0.000299062
-0.000304347
-0.000310612
-0.000310959
-0.000309253
-0.000307548
-0.000303848
-0.000309133
-0.000319384
-0.000323718
-0.000318025
-0.000314266
-0.00032458
-0.000331857
-0.000332205
-0.00032645
-0.000318768
-0.000319052
-0.000323386
-0.000328671
-0.000328959
-0.000321244
-0.000319536
-0.000321814
-0.000324098
-0.000319414
-0.000311702
-0.000309994
-0.000304301
-0.000296526
-0.00029482
-0.000296119
-0.000304439
-0.000312726
-0.000308997
-0.000297325
-0.000295619
-0.000298881
-0.000299168
-0.000293476
-0.000287784
-0.000290065
-0.000292345
-0.000289625
-0.000285926
-0.000282227
-0.000274511
-0.000272806
-0.000279072
-0.000282364
-0.000280658
-0.000278952
-0.000277244
-0.000277592
-0.000275885
-0.000271115
-0.000261407
-0.000261694
-0.000268051
-0.000268338
-0.000260562
-0.000253858
-0.00025215
-0.000256423
-0.000258794
-0.000259081
-0.000257346
-0.000254658
-0.000256939
-0.000257226
-0.000253524
-0.000247805
-0.000242109
-0.000235345
-0.000229653
-0.000223961
-0.00021824
-0.000222513
-0.000226877
-0.000228146
-0.00022843
-0.000230713
-0.000227012
-0.00022132
-0.0002236
-0.000230878
-0.000233219
-0.000233506
-0.000229806
-0.000230094
-0.000230378
-0.000225671
-0.000225955
-0.000224249
-0.000222544
-0.000222831
-0.000219102
-0.000214422
-0.000212716
-0.000220975
-0.000225309
-0.00022155
-0.000213861
-0.000211144
-0.000203429
-0.00019973
-0.000198024
-0.000202298
-0.000206601
-0.000201891
-0.000196169
-0.000188482
-0.000182788
-0.000187061
-0.000187349
-0.000180645
-0.000178939
-0.00018122
-0.000177521
-0.000173822
-0.0001681
-0.000165411
-0.000165699
-0.000161967
-0.000162254
-0.000164535
-0.000162829
-0.000162135
-0.000160429
-0.000154707
-0.000151008
-0.000151296
-0.000151583
-0.000144875
-0.000143172
-0.000153457
-0.000159783
-0.000156084
-0.000150328
-0.000157639
-0.000161941
-0.000152232
-0.00014654
-0.00014882
-0.000149108
-0.000148383
-0.000146678
-0.000153035
-0.000151299
-0.000139567
-0.000135869
-0.000141124
-0.000139417
-0.000137711
-0.000134012
-0.000132306
-0.00013664
-0.000137938
-0.000136203
-0.000130511
-0.000126812
-0.000125106
-0.000121344
-0.00011464
-0.000114927
-0.000115214
-0.000109492
-0.000107787
-0.000108074
-0.000111426
-0.000117693
-0.00011798
-0.000114281
-0.000114569
-0.000110869
-0.000107171
-0.000104454
-0.000100753
-9.70246e-05
-9.13328e-05
-8.35843e-05
-7.6881e-05
-7.51749e-05
-6.94533e-05
-6.1767e-05
-5.60747e-05
-5.63622e-05
-5.76313e-05
-6.39274e-05
-6.6208e-05
-6.65558e-05
-6.48501e-05
-5.50816e-05
-4.73966e-05
-4.06915e-05
-3.29138e-05
-3.12104e-05
-2.9502e-05
-2.98498e-05
-2.71355e-05
-2.13801e-05
-2.37238e-05
-3.20134e-05
-3.834e-05
-4.06206e-05
-3.49288e-05
-2.81647e-05
-3.24987e-05
-3.67724e-05
-2.90856e-05
-2.53869e-05
-2.56744e-05
-2.69431e-05
-2.52374e-05
-2.15387e-05
-2.18257e-05
-2.21132e-05
-1.63916e-05
-1.56969e-05
-1.39913e-05
-2.22821e-06
7.44986e-06
5.16928e-06
-1.15737e-06
-6.44248e-06
-1.07189e-05
-1.30598e-05
-3.32093e-06
4.10277e-07
1.20541e-07
4.80368e-06
4.5135e-06
1.79499e-07
-2.10062e-06
-3.94986e-07
-2.67556e-06
-9.72189e-07
5.73517e-06
1.14275e-05
1.31331e-05
1.08525e-05
8.56969e-06
6.2288e-06
4.95965e-06
8.6584e-06
1.4411e-05
2.21257e-05
2.78194e-05
2.95277e-05
2.6233e-05
2.5946e-05
2.96745e-05
3.13801e-05
2.50206e-05
2.67267e-05
3.64975e-05
4.91806e-05
4.88944e-05
4.26263e-05
4.23393e-05
3.60095e-05
3.77151e-05
3.44235e-05
2.80937e-05
2.37903e-05
2.75188e-05
3.52056e-05
3.89043e-05
4.26328e-05
4.93671e-05
4.90796e-05
5.08155e-05
5.04677e-05
5.62198e-05
6.39066e-05
6.66237e-05
7.43086e-05
8.00307e-05
7.77501e-05
7.74631e-05
7.31597e-05
7.18275e-05
7.95759e-05
9.12782e-05
9.69701e-05
9.07037e-05
9.04135e-05
9.51237e-05
9.28436e-05
8.84798e-05
8.42034e-05
8.79022e-05
8.96083e-05
8.53346e-05
8.20093e-05
8.37154e-05
9.14607e-05
9.91785e-05
9.68655e-05
9.25315e-05
8.92693e-05
8.89795e-05
9.46727e-05
9.83715e-05
0.000100078
0.000105802
0.000109498
0.000108199
0.000103923
0.000103636
0.000111324
0.000121093
0.000126786
0.000125516
0.000127222
0.000128928
0.000126584
0.000124304
0.000122021
0.00012572
0.000130433
0.000130143
0.000129855
0.000129568
0.00012922
0.000128931
0.000129626
0.000135348
0.000139047
0.00013275
0.000132463
0.000140175
0.000144888
0.000148587
0.00015434
0.00015804
0.000159776
0.000161481
0.000165178
0.000167897
0.000169603
0.000175295
0.000177001
0.000174718
0.000166395
0.000165096
0.000168795
0.000172494
0.000172207
0.00017793
0.000185615
0.000184346
0.000176054
0.00017371
0.000175419
0.000177124
0.0001849
0.000192585
0.000193309
0.000195015
0.000200708
0.000204407
0.000210129
0.000215821
0.000216545
0.000224291
0.000237989
0.000251746
0.000255445
0.000248104
0.000255852
0.000271543
0.000275303
0.000274952
0.000286716
0.000285418
0.000279088
0.000282787
0.000296546
-0.000579645
-0.000547924
-0.000504184
-0.000467434
-0.000431728
-0.000397953
-0.000360254
-0.000334449
-0.000304751
-0.000278029
-0.00026228
-0.000244603
-0.000222874
-0.000193084
-0.000179392
-0.000180688
-0.000174969
-0.000163237
-0.000147548
-0.00013778
-0.000126108
-0.000109351
-0.000103656
-9.99572e-05
-8.81959e-05
-7.64932e-05
-7.27972e-05
-6.21072e-05
-5.23661e-05
-4.66472e-05
-4.29453e-05
-4.32314e-05
-4.75065e-05
-5.48446e-05
-6.31315e-05
-6.34189e-05
-6.3706e-05
-6.60469e-05
-6.23184e-05
-3.95478e-05
-3.38262e-05
-6.02015e-05
-8.44976e-05
-8.87681e-05
-9.10487e-05
-9.23476e-05
-9.86747e-05
-0.000106961
-0.000109302
-0.000113576
-0.000115853
-0.000115159
-0.00011744
-0.00012775
-0.000136039
-0.000146354
-0.000148635
-0.000145945
-0.000154264
-0.000168533
-0.000166828
-0.000159112
-0.0001594
-0.000162689
-0.000156996
-0.000157283
-0.000165603
-0.000171871
-0.000164182
-0.000153434
-0.000161752
-0.000176081
-0.000176369
-0.000174662
-0.000166978
-0.000170237
-0.000178526
-0.000178814
-0.000173092
-0.0001674
-0.000163701
-0.000170979
-0.000177304
-0.000177591
-0.000179871
-0.000180159
-0.000178453
-0.000181742
-0.000182029
-0.0001783
-0.000176595
-0.000178936
-0.000183239
-0.000184505
-0.000178812
-0.000171097
-0.000163351
-0.000159652
-0.000161933
-0.000159216
-0.000147541
-0.000141821
-0.000142106
-0.000136414
-0.000136701
-0.000141986
-0.00014028
-0.000132565
-0.000134843
-0.000133137
-0.000121465
-0.000120741
-0.000131024
-0.000135295
-0.000131599
-0.000121887
-0.000121163
-0.000125466
-0.000125753
-0.000116046
-0.000116333
-0.000128669
-0.00012696
-0.000120257
-0.000120544
-0.000118839
-0.000111063
-0.00010537
-0.000106636
-0.00010493
-0.000101231
-0.000101519
-9.58266e-05
-8.4123e-05
-8.74177e-05
-9.16882e-05
-8.40019e-05
-7.23005e-05
-6.25324e-05
-6.68358e-05
-7.41414e-05
-7.44316e-05
-7.87323e-05
-7.70262e-05
-7.32977e-05
-6.9599e-05
-6.68815e-05
-7.11849e-05
-7.75093e-05
-6.97635e-05
-6.80268e-05
-7.03974e-05
-6.96735e-05
-6.99605e-05
-7.0248e-05
-6.25598e-05
-5.67779e-05
-5.91188e-05
-6.04173e-05
-5.27323e-05
-4.89435e-05
-5.52999e-05
-5.55874e-05
-4.98617e-05
-4.51808e-05
-4.34454e-05
-4.17398e-05
-4.00337e-05
-3.02926e-05
-2.05843e-05
-1.78659e-05
-2.41638e-05
-2.84978e-05
-2.47369e-05
-1.90153e-05
-2.1386e-05
-2.06616e-05
-1.49067e-05
-1.11777e-05
-1.14652e-05
-1.17527e-05
-2.07414e-06
6.44287e-07
2.35265e-06
8.04495e-06
1.98062e-05
2.35054e-05
2.62224e-05
3.1917e-05
3.16314e-05
3.13439e-05
3.10564e-05
3.07694e-05
3.34865e-05
3.71852e-05
2.68426e-05
1.25417e-05
6.24518e-06
3.96461e-06
7.6638e-06
1.43684e-05
2.20831e-05
2.78385e-05
2.74907e-05
3.11899e-05
3.09024e-05
2.36242e-05
3.13394e-05
3.50381e-05
2.87713e-05
2.64912e-05
3.01913e-05
3.88904e-05
4.45827e-05
4.42952e-05
4.40078e-05
4.37208e-05
4.14402e-05
4.01413e-05
4.98496e-05
5.55441e-05
5.92713e-05
6.49663e-05
7.17299e-05
7.3436e-05
7.31485e-05
7.48541e-05
7.45064e-05
7.02331e-05
6.79526e-05
7.66521e-05
8.43987e-05
8.20578e-05
8.17708e-05
8.14834e-05
7.81914e-05
7.98975e-05
8.36259e-05
8.13454e-05
8.90308e-05
9.27295e-05
9.44352e-05
9.71554e-05
0.000100856
0.000102561
0.000104267
0.000114035
0.000120739
0.000120452
0.000120164
0.000125859
0.000135568
0.000145307
0.000143978
0.000139674
0.00014141
0.000147102
0.000142828
0.000146527
0.000155224
0.00016098
0.000164679
0.000162399
0.000160058
0.000159771
0.000158502
0.000154196
0.000151855
0.000153563
0.000147294
0.000145013
0.000150706
0.000159405
0.00016718
0.000160823
0.000152561
0.00015626
0.000163979
0.000168659
0.000172388
0.000170108
0.00016982
0.000171526
0.000179211
0.000183921
0.000185627
0.000187333
0.000185052
0.00018676
0.000194445
0.000199219
0.000196875
0.000194594
0.000194307
0.000192027
0.000189746
0.000192434
0.000204135
0.000211854
0.000205553
0.000197233
0.000198939
0.000207697
0.00020741
0.000205069
0.000206775
0.000212527
0.000210186
0.000209899
0.000208628
0.000210336
0.000218021
0.000223713
0.00022545
0.000229209
0.000229843
0.000231549
0.000235338
0.000237044
0.000236696
0.000238402
0.00023511
0.000234823
0.000242538
0.000248231
0.000247944
0.000247657
0.000242371
0.000238035
0.00023974
0.000249512
0.000263176
0.000268958
0.000269653
0.000261332
0.000265032
0.000276794
0.000282486
0.000292194
0.000306935
0.000304654
0.000292314
0.000292027
0.000299743
0.000301449
0.000297145
0.000295877
0.000291543
0.000285242
0.000292958
0.000304693
0.000312408
0.000315125
0.000308765
0.000296519
0.000294149
0.000297875
0.000301637
0.000299293
0.000294008
0.000295714
0.000299413
0.000299126
0.000304849
0.000308548
0.000309242
0.000310977
0.00031667
0.000326408
0.000332133
0.00033384
0.00033855
0.000342249
0.000343952
0.000349647
0.000355369
0.000359128
0.000353782
0.00034552
0.000345172
0.000344885
0.000340579
0.000340292
0.000340002
0.000342722
0.000348415
0.000354137
0.000355843
0.000351566
0.000337234
0.000332899
0.000341658
0.000349345
0.000351048
0.000350761
0.000356485
0.000365213
0.00036695
0.000368655
0.000374348
0.000380039
0.000385761
0.000388451
0.000386168
0.000387874
0.000391603
0.000397296
0.000404984
0.000407761
0.000407414
0.000407127
0.00040883
0.000402563
0.000400219
0.000401925
0.000400626
0.000398346
0.000402045
0.00040976
0.000413521
0.000419212
0.00042193
0.000423636
0.000427334
0.000435052
0.000442737
0.000446437
0.000451211
0.000464905
0.000486639
0.000498403
0.000509092
0.000512855
0.000510511
0.000510224
0.000507943
0.000517623
0.000532392
-0.000564994
-0.000521288
-0.00048052
-0.000440766
-0.000399022
-0.000361322
-0.000327547
-0.000297818
-0.000267048
-0.000227355
-0.000203634
-0.000191875
-0.000176187
-0.000156452
-0.000135739
-0.000113981
-0.00010225
-9.05482e-05
-7.87856e-05
-7.11002e-05
-6.24038e-05
-5.26987e-05
-4.29558e-05
-3.52411e-05
-2.35119e-05
-1.38014e-05
-1.11163e-05
-9.37684e-06
-5.6781e-06
1.42059e-08
5.70606e-06
3.42548e-06
6.143e-06
2.18904e-05
2.75841e-05
2.33131e-05
1.49916e-05
2.07456e-05
1.3407e-05
-9.2089e-07
-3.20146e-06
-3.48848e-06
-9.75255e-06
-1.004e-05
-9.34535e-06
-1.96587e-05
-2.19365e-05
-2.2224e-05
-2.65873e-05
-3.28541e-05
-3.41205e-05
-4.24705e-05
-4.67437e-05
-5.10146e-05
-5.53486e-05
-5.56357e-05
-5.49414e-05
-5.52262e-05
-6.34856e-05
-6.98425e-05
-7.41134e-05
-7.44009e-05
-8.37326e-05
-8.60127e-05
-8.03208e-05
-8.65844e-05
-9.28512e-05
-8.91525e-05
-7.84625e-05
-7.27707e-05
-7.90375e-05
-8.72942e-05
-8.56489e-05
-7.98967e-05
-8.3249e-05
-8.3536e-05
-8.38235e-05
-8.61014e-05
-8.43953e-05
-8.46827e-05
-8.39583e-05
-8.22527e-05
-8.0543e-05
-8.28231e-05
-8.91516e-05
-9.94343e-05
-0.000100703
-9.89946e-05
-0.000101336
-0.000101623
-9.99169e-05
-9.82099e-05
-9.95061e-05
-9.97931e-05
-0.000100081
-0.000100368
-0.000102648
-9.29376e-05
-8.62344e-05
-8.65214e-05
-8.28226e-05
-6.30872e-05
-5.73953e-05
-6.26777e-05
-5.49625e-05
-5.32569e-05
-5.95237e-05
-5.98107e-05
-5.21257e-05
-4.3428e-05
-3.76727e-05
-4.00136e-05
-4.22941e-05
-3.4579e-05
-3.08802e-05
-3.81557e-05
-4.64449e-05
-5.2772e-05
-4.70802e-05
-4.13581e-05
-4.56291e-05
-4.69307e-05
-3.92426e-05
-2.748e-05
-2.17877e-05
-2.80544e-05
-3.83691e-05
-3.76708e-05
-3.19785e-05
-2.42638e-05
-2.05043e-05
-1.87987e-05
-1.50972e-05
-1.63659e-05
-1.67137e-05
-1.50081e-05
-9.25407e-06
-5.52558e-06
-1.82412e-06
6.87272e-06
1.25646e-05
1.62633e-05
1.19901e-05
7.71913e-06
6.42023e-06
8.12632e-06
7.83885e-06
9.57605e-06
1.32748e-05
1.89666e-05
1.56778e-05
1.13438e-05
1.10563e-05
1.07689e-05
1.44681e-05
2.01924e-05
2.49336e-05
2.6669e-05
2.42983e-05
2.60337e-05
2.77412e-05
3.54261e-05
4.01998e-05
3.58658e-05
4.1618e-05
5.53124e-05
6.29987e-05
6.47071e-05
6.54315e-05
6.31509e-05
6.4857e-05
6.45696e-05
6.2289e-05
6.00116e-05
5.87127e-05
6.04183e-05
7.41128e-05
8.58754e-05
8.55911e-05
7.92315e-05
7.39775e-05
7.96707e-05
7.73906e-05
8.10894e-05
9.67765e-05
0.000103543
0.000103256
0.000108949
0.000116637
0.000126406
0.000134091
0.000128835
0.000120485
0.000120198
0.000123897
0.000125635
0.000123323
0.000120063
0.000119715
0.000117435
0.000115155
0.00011686
0.000116573
0.000109235
0.000106954
0.000118687
0.000120393
0.000116062
0.000121844
0.000132534
0.000130253
0.00012589
0.000133665
0.000139359
0.000139072
0.000137803
0.00013951
0.000143209
0.000148901
0.000158609
0.000164364
0.000163035
0.000170782
0.000176474
0.000178179
0.000179918
0.000179631
0.000182318
0.000190033
0.000191739
0.000185443
0.000185155
0.000188884
0.000187588
0.000185244
0.00018496
0.000184669
0.000182392
0.000186092
0.000190802
0.000190515
0.000190228
0.000187947
0.000189653
0.000199331
0.000202052
0.000197775
0.000201477
0.000211186
0.000218932
0.00022263
0.000221301
0.000223007
0.000224715
0.000220439
0.000222148
0.00022784
0.000234605
0.000234257
0.000227989
0.000223686
0.000227416
0.000231115
0.000233832
0.000235538
0.000233257
0.000228894
0.000226613
0.000212284
0.000211994
0.000232742
0.000240457
0.000232168
0.000227894
0.000233586
0.00023431
0.000234023
0.000239719
0.000247434
0.000245124
0.000252838
0.000267577
0.000275293
0.000275006
0.000260673
0.000254406
0.000266079
0.000268799
0.00026253
0.000258227
0.000255886
0.000255598
0.000251325
0.000257017
0.000271783
0.000277478
0.000269155
0.000264851
0.00026858
0.000270286
0.000266994
0.000262721
0.000258384
0.000256074
0.000261795
0.000273531
0.000274255
0.000273907
0.000269634
0.000269344
0.000271052
0.000268769
0.000268482
0.000279174
0.00028686
0.000282586
0.000282298
0.000282011
0.000277675
0.000276376
0.000284155
0.000289847
0.00029554
0.000301261
0.000296958
0.000287623
0.000287336
0.000295051
0.00029875
0.000300456
0.000300168
0.000296906
0.000292603
0.000292313
0.000300032
0.000307717
0.000311416
0.000307143
0.000307867
0.000317545
0.000325323
0.00032902
0.000330729
0.000326392
0.000325094
0.000322813
0.000324519
0.000328248
0.000331946
0.000327673
0.000326374
0.000328017
0.000315741
0.000309412
0.000309124
0.00031083
0.000314529
0.000315253
0.000310976
0.000308696
0.000312395
0.000314101
0.000313753
0.000314477
0.000316183
0.000317889
0.000315606
0.000315318
0.000319019
0.000318731
0.000321448
0.000327141
0.000330842
0.000334538
0.000332258
0.000331971
0.000330702
0.000324342
0.000324055
0.000329777
0.00032949
0.000327209
0.000326919
0.000323627
0.000321286
0.00032704
0.000338741
0.00034045
0.00033418
0.000325828
0.0003145
0.000308232
0.000313925
0.000321611
0.000321323
0.000325052
0.000325747
0.000325459
0.000333174
0.000342914
0.000342627
0.000340286
0.00034705
0.000360746
0.000362452
0.000358179
0.000363871
0.000379623
0.000392305
0.000390025
0.000381733
0.000381385
0.000379104
0.000376822
0.00038052
0.000385234
0.000388932
0.000398702
0.000404394
0.000398067
0.000389804
0.000388506
0.000390212
0.000385875
0.000383594
0.000387294
0.000387006
0.000386716
0.000385417
0.000389146
0.000396834
0.000404549
0.000412295
0.000420995
0.00042868
0.000436458
-0.000189959
-0.000148212
-0.000111462
-8.37287e-05
-6.20005e-05
-4.02761e-05
-1.85479e-05
-8.06921e-07
1.19068e-05
2.36387e-05
4.53336e-05
6.50677e-05
7.87923e-05
8.94836e-05
9.92517e-05
0.00010896
0.000120691
0.000134387
0.000140079
0.00013881
0.000144502
0.000152248
0.000149907
0.000143643
0.000137376
0.00013807
0.000143795
0.000147495
0.00014322
0.000130887
0.000126614
0.000127308
0.000124967
0.00011671
0.000106367
9.811e-05
9.78225e-05
9.85172e-05
0.000106232
0.000117903
0.000109646
9.53171e-05
8.50037e-05
7.97214e-05
7.74412e-05
6.71009e-05
5.68465e-05
4.84966e-05
5.02054e-05
4.89362e-05
4.26397e-05
4.23527e-05
4.60812e-05
3.9727e-05
3.34603e-05
3.41847e-05
3.5893e-05
3.76e-05
3.7313e-05
3.30393e-05
2.76953e-05
2.54151e-05
3.11084e-05
3.08209e-05
2.05697e-05
2.02233e-05
2.898e-05
3.26792e-05
2.63223e-05
2.60376e-05
3.18199e-05
3.14722e-05
2.81802e-05
2.39069e-05
2.36222e-05
2.33347e-05
2.70339e-05
3.47189e-05
3.34497e-05
2.71861e-05
2.28224e-05
1.85487e-05
1.22823e-05
5.95795e-06
4.65906e-06
1.03509e-05
1.00639e-05
9.77643e-06
5.50547e-06
-4.80785e-06
-8.0994e-06
-2.40483e-06
-6.9874e-07
7.01733e-06
1.07161e-05
1.04291e-05
5.14667e-06
4.8592e-06
1.05812e-05
1.82662e-05
2.19649e-05
2.36738e-05
2.04115e-05
2.0124e-05
2.98642e-05
4.35583e-05
4.12809e-05
3.70045e-05
3.5648e-05
3.13743e-05
2.7101e-05
2.68163e-05
2.65261e-05
2.41586e-05
2.28895e-05
2.2602e-05
2.2315e-05
2.20275e-05
2.77221e-05
2.64534e-05
2.215e-05
2.18625e-05
2.75846e-05
2.72998e-05
1.89499e-05
2.46719e-05
3.54231e-05
4.3108e-05
4.88328e-05
5.05385e-05
5.22441e-05
5.09456e-05
5.06582e-05
5.43601e-05
5.60968e-05
5.97956e-05
6.54879e-05
7.01981e-05
7.19667e-05
6.76332e-05
6.33595e-05
6.70583e-05
7.27506e-05
6.94613e-05
7.11967e-05
7.68903e-05
8.05891e-05
8.22947e-05
8.10287e-05
7.87482e-05
8.24469e-05
7.61508e-05
7.18168e-05
7.95315e-05
8.82914e-05
9.19901e-05
9.17031e-05
9.54019e-05
9.71089e-05
9.88177e-05
0.000101535
0.000107227
0.000112949
0.00011864
0.000116363
0.000112089
0.000114777
0.000120498
0.000128245
0.000131947
0.00012562
0.00012334
0.00012805
0.000135735
0.000137444
0.00013516
0.000138862
0.000144644
0.000139299
0.000131009
0.000132715
0.000134451
0.000134103
0.00013382
0.000132521
0.00013622
0.000142002
0.000145701
0.000153389
0.000155095
0.000151832
0.000147469
0.000149204
0.00015091
0.000152618
0.000154323
0.000153027
0.000158749
0.000168487
0.000174212
0.000171899
0.000172626
0.000176325
0.000174044
0.000177743
0.000181473
0.00017711
0.000178815
0.000179539
0.000181248
0.000187
0.000192722
0.000196421
0.000192087
0.000186802
0.000188508
0.000196196
0.000199926
0.000195621
0.000188373
0.000184009
0.000185745
0.000189445
0.000197191
0.000206901
0.000209589
0.000207308
0.000201042
0.000194715
0.000200406
0.000212168
0.000218846
0.000222575
0.00022428
0.000225986
0.000231678
0.000233384
0.000232115
0.000233821
0.000235529
0.000237232
0.000242928
0.000246657
0.000245358
0.000243078
0.000246777
0.000250476
0.000250188
0.000247908
0.000240569
0.000238289
0.000244011
0.00024771
0.000247422
0.000247138
0.000253842
0.000257602
0.000251275
0.00025298
0.00025668
0.000264365
0.000269138
0.000272834
0.00027255
0.000270209
0.000273938
0.000275643
0.000272352
0.000274059
0.000271778
0.000265447
0.000267157
0.000274902
0.000282618
0.000281319
0.000279038
0.000276697
0.00027641
0.000280109
0.000277829
0.000272541
0.000266214
0.00026194
0.000261653
0.000261366
0.000267058
0.000269775
0.000267494
0.000267207
0.000274894
0.000286597
0.000288303
0.000282004
0.000280735
0.000302468
0.000322203
0.000313883
0.000295563
0.000294265
0.000293977
0.00029369
0.00029739
0.000307098
0.000304818
0.000303519
0.000307218
0.000306931
0.000302597
0.000302309
0.000306008
0.000309737
0.000312485
0.000312137
0.000313844
0.000323612
0.000329305
0.000329017
0.000331734
0.000341445
0.000351185
0.000352891
0.000352543
0.000356302
0.000361016
0.00036873
0.000374422
0.000374135
0.000375842
0.000380553
0.000382258
0.000385957
0.00038567
0.000393385
0.000401133
0.000399832
0.000397491
0.00039521
0.000396916
0.000396629
0.000394348
0.000398049
0.000402759
0.000410474
0.000416169
0.000411892
0.000405596
0.000409325
0.000418021
0.000421724
0.000417447
0.000415166
0.000420859
0.000428545
0.000433258
0.000434961
0.000434674
0.000438375
0.000444097
0.000447797
0.000442508
0.000440228
0.000441935
0.000445634
0.00044734
0.000445059
0.000442715
0.000441446
0.000439166
0.000438879
0.000438592
0.000434225
0.000433938
0.000432669
0.000436368
0.000440067
0.000435793
0.000433513
0.000431169
0.000430882
0.000429583
0.000431289
0.000435017
0.000428719
0.000418403
0.000418115
0.000421814
0.000418522
0.000418174
0.000423956
0.000427657
0.000429363
0.000433061
0.000437772
0.000437484
0.000431155
0.000424859
0.000424571
0.000432286
0.000434974
0.0004307
0.000430349
0.000432119
0.000431768
0.000433474
0.000433187
0.000439891
0.000451655
0.000459341
0.00045706
0.000462782
0.000473536
0.000473249
0.000476948
0.000490644
0.00050437
0.000510095
0.000518855
0.000524547
0.000528246
0.000531945
0.000537666
-0.000379527
-0.000327784
-0.00028104
-0.000239293
-0.000199539
-0.000157762
-0.000128066
-0.000100328
-6.96187e-05
-3.98303e-05
-1.61105e-05
9.60161e-06
2.73422e-05
5.10936e-05
7.37993e-05
8.74979e-05
9.52099e-05
0.000102958
0.000110673
0.000129394
0.000151121
0.000162822
0.000164529
0.000162252
0.000161965
0.000168668
0.00017436
0.000176066
0.000179765
0.000183493
0.0001772
0.000169921
0.000169634
0.000169289
0.000157043
0.000148696
0.000152425
0.000151126
0.000148848
0.000146568
0.000150267
0.000149979
0.000147699
0.000142356
0.00013609
0.000131819
0.000135518
0.000137224
0.000130897
0.000113565
0.000111285
0.000112991
0.00010872
0.000106439
0.000101094
9.48304e-05
9.45429e-05
9.6249e-05
9.19781e-05
8.56212e-05
8.03659e-05
7.8056e-05
7.37234e-05
6.94497e-05
6.51764e-05
6.28959e-05
5.3567e-05
4.12308e-05
3.69603e-05
3.66728e-05
3.83784e-05
3.80914e-05
3.47994e-05
3.45147e-05
3.82139e-05
4.19424e-05
3.96618e-05
3.72912e-05
3.80183e-05
3.77308e-05
3.94383e-05
4.11439e-05
4.68655e-05
4.85743e-05
4.92685e-05
4.30017e-05
3.46518e-05
3.84438e-05
4.21425e-05
4.18555e-05
4.45726e-05
4.02088e-05
3.7931e-05
3.76439e-05
3.53634e-05
2.505e-05
2.17585e-05
2.14738e-05
1.91932e-05
2.68786e-05
3.45933e-05
3.23127e-05
3.50032e-05
3.47171e-05
3.44296e-05
3.21522e-05
2.98113e-05
3.25887e-05
3.8281e-05
4.39729e-05
4.36886e-05
4.14053e-05
4.31136e-05
4.78243e-05
5.5539e-05
6.3228e-05
6.09452e-05
6.06604e-05
6.23661e-05
5.50883e-05
5.47432e-05
5.64489e-05
5.61614e-05
6.18834e-05
7.16218e-05
6.4286e-05
5.60239e-05
5.57391e-05
5.74452e-05
6.11439e-05
6.28496e-05
6.15809e-05
6.72768e-05
7.69846e-05
8.06838e-05
8.44456e-05
8.71631e-05
8.88688e-05
9.45606e-05
0.000100254
0.000105979
0.000107684
0.000110372
0.0001141
0.000117799
0.000123555
0.00012526
0.000124914
0.000127631
0.000129337
0.000123073
0.000122786
0.000128478
0.000124204
0.000116866
0.000112592
0.000116291
0.000121986
0.000127768
0.00012742
0.000122136
0.000125834
0.000129536
0.000131242
0.000136965
0.000142717
0.000143441
0.000155115
0.00016283
0.000158557
0.000158269
0.00016295
0.000168676
0.000174428
0.000182113
0.000185845
0.000185558
0.000186252
0.000189951
0.00019966
0.000205355
0.000201081
0.000200794
0.000201518
0.000203224
0.000202939
0.000202652
0.000202364
0.000202017
0.000198725
0.000194451
0.000194164
0.00019587
0.000195585
0.000199284
0.000200008
0.000201715
0.000205415
0.000209116
0.000210822
0.000210535
0.000215245
0.000220937
0.000220652
0.000228367
0.00024013
0.000244811
0.00024253
0.000240253
0.000243951
0.000245657
0.000251379
0.000256089
0.000257799
0.000255516
0.000257224
0.000260923
0.000264622
0.000267339
0.000265059
0.000254716
0.000258415
0.000266132
0.000265845
0.000262553
0.000262266
0.000265965
0.000275674
0.000279437
0.000279089
0.000279813
0.000283572
0.000285218
0.000292966
0.000304668
0.000323423
0.000333162
0.000328828
0.000324554
0.000334233
0.000345998
0.000346693
0.000346405
0.000350134
0.00034577
0.000341497
0.000341209
0.000341933
0.000335577
0.000331303
0.000331016
0.000332722
0.00034243
0.000341133
0.000336857
0.000344575
0.000352322
0.000345993
0.000345707
0.000352411
0.000360159
0.000363858
0.000365564
0.00036727
0.000366922
0.000371693
0.000377386
0.00038311
0.000384816
0.000388515
0.000392214
0.000394931
0.000400626
0.000400338
0.000398058
0.000397771
0.000393498
0.000390145
0.000391851
0.000385581
0.000377261
0.000378967
0.000386714
0.000383392
0.000373108
0.00037282
0.000376521
0.000378226
0.000377939
0.000373605
0.000366326
0.000370023
0.000373754
0.000373467
0.000377166
0.000386844
0.000385576
0.000379309
0.000376938
0.000378674
0.000384426
0.000382085
0.000378794
0.000384486
0.000388215
0.000387928
0.000387641
0.00039134
0.000394057
0.000395763
0.000397471
0.000397181
0.00039889
0.000400593
0.00040132
0.000407013
0.000406726
0.000406439
0.000408141
0.00040985
0.00041456
0.000422245
0.000430021
0.000439703
0.000447418
0.000453173
0.000455887
0.000457596
0.000461295
0.000471004
0.00047271
0.000472423
0.000479126
0.000482825
0.000478552
0.000484247
0.000491932
0.000497715
0.000502396
0.000504131
0.000503844
0.000503496
0.000505202
0.000498905
0.000491564
0.0004933
0.000496999
0.000498704
0.000502464
0.000510181
0.000510876
0.000508595
0.000514289
0.000515995
0.000511661
0.00050938
0.000512095
0.000515796
0.000525535
0.000539232
0.000540939
0.000534669
0.000537387
0.000539093
0.000534819
0.000536465
0.00053817
0.00053589
0.000531584
0.000530315
0.000536009
0.000539706
0.000539418
0.000541154
0.000544853
0.000541561
0.000529222
0.000520902
0.000520612
0.000516339
0.000510011
0.000513708
0.000518451
0.000514115
0.000505855
0.000503514
0.00051126
0.000518975
0.000514669
0.000503344
0.000501064
0.00050476
0.000500426
0.000494156
0.000495865
0.000494566
0.000496299
0.000500001
0.000505694
0.000505406
0.000503124
0.000508816
0.000513528
0.000517228
0.000522949
0.000524655
0.000520352
0.000532054
0.0005448
0.000538533
0.000544225
0.000563962
0.000567692
0.000552348
0.000550067
0.000567751
0.000573534
0.000571163
0.000576945
0.000583649
0.000583361
0.000578998
0.000580733
0.00058848
0.000594175
0.000594899
0.000598598
-0.000314425
-0.000268692
-0.000216892
-0.000168154
-0.000126407
-9.46863e-05
-5.89177e-05
-2.91897e-05
-3.47804e-06
2.32468e-05
5.09817e-05
7.67564e-05
0.00010247
0.000118156
0.000135897
0.000156643
0.000170398
0.000182069
0.000193772
0.000205533
0.000229251
0.000245981
0.000245697
0.000243356
0.000255117
0.000264796
0.0002715
0.000283262
0.000282974
0.000278643
0.000278356
0.000276076
0.000278766
0.000292518
0.000294226
0.000285906
0.000279613
0.000283341
0.000294032
0.000289759
0.000257463
0.000235102
0.000250821
0.000269574
0.00027726
0.00027498
0.000270709
0.000262387
0.0002621
0.000268808
0.000270513
0.000264217
0.000253905
0.000243623
0.000245328
0.000244062
0.000235712
0.000227455
0.000227168
0.000228874
0.000220554
0.000209262
0.000198949
0.000190602
0.000190315
0.000196097
0.000193756
0.000180501
0.00017215
0.00017585
0.000177556
0.000177271
0.000176984
0.000173722
0.000171444
0.00017315
0.000178842
0.000176562
0.00017223
0.000170932
0.000170644
0.00017235
0.000170073
0.000167792
0.000176489
0.000184174
0.000169937
0.000167597
0.000181323
0.000177048
0.000163733
0.000161452
0.000171132
0.000172867
0.00016458
0.000164232
0.000167011
0.000164672
0.000162392
0.000162105
0.000157801
0.000157514
0.00016422
0.000163933
0.000161653
0.000161305
0.000163013
0.000166773
0.000173476
0.000181192
0.000180905
0.000178627
0.000180333
0.000180046
0.00017875
0.000182449
0.000186177
0.00018589
0.000183519
0.000172258
0.000173964
0.000175699
0.000169343
0.000165069
0.000162791
0.000163516
0.000175187
0.000180942
0.000176608
0.000180307
0.00018603
0.000190801
0.000192509
0.000198201
0.000209902
0.000219643
0.000220369
0.000212018
0.000205751
0.000211445
0.000221153
0.000230894
0.000231618
0.000227284
0.000228992
0.000236738
0.000236451
0.000224144
0.000216806
0.000222561
0.000222274
0.000209938
0.00021566
0.000227332
0.000218063
0.000205753
0.000209455
0.00021116
0.00020888
0.00021258
0.000213305
0.000209034
0.000202676
0.000202388
0.000204096
0.000203808
0.000206528
0.00021829
0.000223982
0.000219708
0.000221414
0.000229102
0.000227833
0.000227547
0.000231246
0.000234945
0.00023466
0.00022634
0.000225041
0.000232756
0.000238508
0.00024221
0.000235883
0.000229616
0.000230311
0.000238026
0.000237738
0.000239447
0.000243147
0.000237861
0.000239568
0.000243267
0.000245005
0.000248704
0.000252403
0.000253097
0.000250817
0.000242497
0.00023623
0.000241925
0.00024961
0.000252327
0.000254033
0.000251753
0.000251465
0.000259152
0.000264876
0.000263577
0.00026329
0.000264996
0.000262715
0.000260435
0.00026015
0.000256795
0.000252525
0.000250242
0.000247964
0.000253656
0.000259378
0.000262065
0.000267788
0.000275536
0.000277242
0.000280941
0.0002786
0.000271322
0.000273058
0.000282739
0.000284444
0.000280171
0.000277891
0.000276592
0.000274251
0.000273964
0.000281743
0.000291421
0.000291134
0.000289865
0.000301536
0.000301249
0.000300962
0.000306686
0.000298397
0.000295071
0.00030282
0.000302534
0.000300193
0.000303892
0.000307651
0.000314355
0.000318053
0.00031378
0.000307453
0.000309159
0.000306878
0.00029954
0.000299253
0.000307001
0.00032269
0.000330465
0.000320122
0.000310789
0.000312496
0.000318278
0.000323973
0.000325676
0.000327384
0.000330102
0.000331807
0.000333513
0.000335219
0.000332878
0.000330598
0.000331292
0.000337015
0.000338721
0.000336441
0.00033416
0.00033188
0.000332574
0.000336273
0.000331939
0.000329659
0.000329371
0.000337056
0.000341767
0.000343473
0.000343188
0.000338912
0.000336631
0.00034033
0.000340043
0.000340768
0.000348453
0.00034418
0.000329847
0.000325513
0.000327221
0.000325951
0.000327657
0.000329362
0.000329075
0.000326795
0.000330494
0.000331188
0.000328908
0.000330613
0.000334342
0.000336048
0.000331714
0.000329404
0.000322155
0.000319782
0.000325567
0.000333252
0.000338975
0.000334672
0.000331347
0.000329066
0.000328779
0.000332478
0.000342219
0.000343925
0.000336614
0.000334303
0.000342019
0.000353782
0.000359476
0.000359189
0.000359883
0.000363612
0.000369304
0.000369016
0.000368729
0.000372428
0.000375145
0.00038084
0.000384537
0.00038425
0.000389975
0.000395667
0.000396391
0.00040009
0.000405782
0.000407487
0.000405207
0.000398938
0.000397639
0.000405358
0.000407064
0.00040478
0.000406486
0.000410185
0.000412905
0.000406546
0.000398283
0.000401985
0.000411693
0.000415392
0.000421083
0.000419815
0.000415511
0.000411235
0.000412941
0.000414648
0.000410313
0.000407051
0.000412744
0.000410461
0.000408181
0.000411879
0.000409539
0.000409251
0.000411939
0.000413674
0.000413387
0.000417086
0.000416796
0.0004105
0.000406166
0.000402901
0.00040059
0.000400301
0.00039796
0.000395679
0.000395392
0.000395105
0.000397819
0.000399528
0.000403227
0.00039895
0.000392623
0.000382338
0.000376008
0.000380718
0.000386411
0.00038413
0.00038185
0.000381563
0.000385263
0.000391966
0.000397658
0.00040335
0.000407142
0.000410841
0.000416534
0.000415265
0.000416971
0.000430665
0.000440407
0.000440059
0.000435782
0.0004385
0.000452229
0.00046194
0.000461652
0.000459369
0.000457089
0.000453736
0.000453449
0.000459138
0.000466916
0.000474603
0.000471341
0.000466977
0.000464694
0.000470416
9.54795e-05
9.71851e-05
7.50853e-05
7.6791e-05
8.05195e-05
7.92237e-05
7.28966e-05
7.06161e-05
7.03318e-05
7.60236e-05
7.67476e-05
6.84584e-05
6.01409e-05
6.38396e-05
6.35522e-05
5.12795e-05
4.3941e-05
4.16604e-05
4.13761e-05
4.70977e-05
4.27943e-05
3.64672e-05
3.11852e-05
2.49184e-05
2.45707e-05
2.42836e-05
2.39989e-05
2.17183e-05
1.03936e-05
1.20997e-05
1.58614e-05
1.55141e-05
1.12404e-05
6.96947e-06
3.67792e-06
3.33013e-06
7.0892e-06
8.79529e-06
1.05036e-05
1.22093e-05
1.29337e-05
1.05928e-05
1.42915e-05
2.00482e-05
2.7763e-05
3.14617e-05
2.81701e-05
2.38361e-05
2.15583e-05
1.92782e-05
1.50045e-05
2.46826e-05
2.93959e-05
2.51222e-05
2.8821e-05
3.05271e-05
2.62534e-05
2.29038e-05
2.26163e-05
2.23293e-05
2.40349e-05
3.1751e-05
3.75063e-05
4.42096e-05
4.79088e-05
4.76213e-05
4.53408e-05
4.10099e-05
4.07225e-05
4.34395e-05
4.91318e-05
5.48854e-05
5.46011e-05
5.42533e-05
6.00352e-05
6.07326e-05
6.95784e-05
6.72403e-05
8.51024e-05
9.48129e-05
9.15209e-05
8.92408e-05
9.09464e-05
9.2652e-05
9.6354e-05
9.80596e-05
9.67905e-05
0.00010448
0.000110202
0.000109915
0.00011162
0.000113326
0.00011203
0.000121738
0.0001335
0.0001372
0.000136912
0.000132641
0.000129289
0.000129002
0.000132701
0.000142531
-0.000567479
-0.000491731
-0.000432938
-0.000377211
-0.000319429
-0.000263643
-0.0002199
-0.000184196
-0.000145421
-0.000115722
-8.79893e-05
-6.22745e-05
-4.0518e-05
-1.37639e-05
5.94052e-06
1.96656e-05
3.5413e-05
5.10992e-05
6.88398e-05
8.95867e-05
9.52785e-05
9.69846e-05
0.000110739
0.000128421
0.000144168
0.000156912
0.000160611
0.000160263
0.000172026
0.000177718
0.000181416
0.000182144
0.00017787
0.000175589
0.000179291
0.000177011
0.000172677
0.000163406
0.000157052
0.000164827
0.000166533
0.000162201
0.000160903
0.000162608
0.000152358
0.000140022
0.000133755
0.000129394
0.00012414
0.000117846
0.000115505
0.00012328
0.000126979
0.000118629
0.000101326
8.70578e-05
8.27266e-05
8.24391e-05
8.0159e-05
8.18673e-05
8.45844e-05
8.62905e-05
8.40099e-05
8.16996e-05
8.14153e-05
7.90744e-05
6.98031e-05
6.14829e-05
6.52451e-05
6.89439e-05
6.26168e-05
5.83462e-05
6.30537e-05
6.87496e-05
6.64695e-05
6.41889e-05
6.19111e-05
6.16241e-05
6.43114e-05
6.6017e-05
6.56697e-05
6.74384e-05
6.31044e-05
6.28173e-05
7.35699e-05
8.12823e-05
8.2992e-05
8.27046e-05
8.64038e-05
8.71304e-05
9.08292e-05
9.05422e-05
8.82616e-05
8.59207e-05
8.96829e-05
9.03168e-05
9.20522e-05
9.17647e-05
9.14804e-05
9.31861e-05
9.88797e-05
9.75808e-05
9.72934e-05
9.90319e-05
0.000102731
0.000108423
0.000120184
0.000120878
0.000116607
0.000118314
0.000122012
0.000127736
0.000134439
0.000142127
0.000145886
0.000149615
0.000153316
0.000153029
0.000153725
0.000155431
0.000151097
0.000150812
0.000152518
0.000160233
0.000164974
0.000166709
0.000168418
0.00016807
0.000169776
0.000174551
0.000176256
0.000175969
0.000177675
0.000183367
0.000191085
0.000199781
0.000191491
0.000183172
0.00019092
0.000196611
0.000206321
0.000219064
0.000216784
0.00020445
0.000204163
0.000215864
0.00022861
0.00023234
0.000223989
0.000223703
0.000231478
0.000233187
0.000228823
0.000221574
0.000227267
0.000236945
0.00023666
0.000230394
0.000222074
0.000218782
0.000224474
0.000226182
0.000227918
0.00023367
0.000234364
0.000228037
0.000223767
0.000227466
0.000233159
0.000232872
0.000231603
0.000229325
0.000226981
0.000220688
0.0002204
0.000226122
0.000230803
0.000230515
0.000234247
0.000243985
0.000249679
0.000247401
0.000244079
0.000245784
0.000243504
0.000235213
0.000232872
0.000234579
0.000235367
0.000225022
0.000220749
0.000222455
0.000222107
0.000217833
0.000216535
0.000214254
0.00020992
0.000209633
0.000217412
0.000221111
0.000219813
0.000225534
0.000229233
0.000230942
0.000230654
0.000228374
0.000221036
0.000222741
0.000224447
0.000226153
0.000229853
0.00023757
0.000240319
0.000241994
0.000249742
0.000251445
0.00025116
0.00024483
0.000245528
0.000251249
0.000250962
0.000248682
0.000254375
0.000254091
0.000250799
0.000252504
0.00025421
0.000253923
0.000253636
0.000253348
0.000256066
0.000263783
0.000259477
0.000259132
0.000266907
0.00027858
0.000283293
0.000283006
0.000288728
0.000290433
0.000294193
0.000302893
0.000308585
0.000312284
0.000311997
0.000317718
0.000323414
0.000324137
0.000321827
0.000317554
0.000315273
0.000320965
0.000324696
0.000323397
0.000327095
0.000328801
0.000326521
0.000328227
0.000331958
0.000338661
0.000342361
0.000344066
0.000349759
0.000361524
0.000367216
0.000371926
0.000373635
0.000373347
0.000381062
0.000386756
0.000395515
0.0004032
0.000408922
0.000412624
0.000410343
0.00040806
0.000412745
0.000426499
0.000430198
0.000427918
0.000423584
0.00042529
0.000426014
0.000423734
0.000423446
0.000427145
0.000430847
0.000434547
0.000433278
0.000434984
0.000436689
0.000436402
0.000434122
0.000435827
0.000442531
0.00044623
0.000445942
0.000447649
0.000455367
0.000463053
0.000461754
0.000455487
0.00045115
0.000454913
0.000458611
0.00046234
0.000463034
0.000474735
0.000480432
0.000466159
0.000463818
0.00046353
0.000460269
0.000457958
0.000451628
0.000447355
0.000451054
0.000454753
0.000452473
0.000447187
0.000436871
0.000432537
0.000434243
0.000438003
0.000439648
0.000435375
0.000434076
0.000441792
0.000447484
0.000447197
0.000448902
0.00045668
0.000459368
0.000457088
0.000450758
0.000452463
0.000466222
0.000463879
0.000456599
0.000452326
0.000451978
0.000447672
0.000449378
0.000449091
0.000450827
0.000449528
0.000453228
0.000454933
0.000456639
0.000462361
0.000465051
0.00046878
0.00047852
0.000484214
0.000489936
0.000499614
0.000500338
0.000504038
0.000517796
0.000533547
0.000545218
0.000549932
0.000555714
0.000559413
0.000563112
0.000574816
0.000587563
0.000583227
0.000574936
0.000576639
0.000576353
0.000574072
0.000573725
0.000578496
0.000578148
0.000571881
0.000573587
0.000579279
0.000576998
0.000568676
0.000561395
0.000559114
0.000558767
0.000570501
0.000584256
0.000581915
0.000580616
0.000592382
0.000596081
0.000585765
0.000583454
0.00059117
0.000585884
0.000579555
0.000581261
0.000580973
0.000572681
0.00057641
0.000578118
0.000574763
0.000576469
0.000574189
0.000571905
0.000567632
0.000563295
0.000563008
0.000569684
0.000569397
0.000567114
0.00056882
0.000572548
0.000574257
0.000565904
0.000560647
0.000566338
0.000566051
0.000561778
0.00056149
0.000569177
0.00057588
0.000579582
0.00058935
0.000595045
-0.000512847
-0.000433023
-0.000361262
-0.000299493
-0.00025373
-0.000207999
-0.000151259
-0.000117485
-8.97772e-05
-5.40109e-05
-2.02971e-05
4.43601e-06
2.41674e-05
4.98817e-05
7.1609e-05
9.1371e-05
0.000113098
0.000131822
0.000149502
0.000167244
0.000184983
0.000198677
0.000206424
0.000215123
0.000220845
0.000232576
0.000248265
0.000258031
0.000263725
0.00026445
0.000268149
0.000267861
0.000271562
0.000271277
0.000267985
0.000269721
0.000271429
0.000267065
0.000262792
0.000258521
0.000255229
0.000260951
0.000260666
0.00025431
0.000252032
0.000253738
0.000246489
0.000234152
0.000227888
0.000223527
0.000221247
0.000218966
0.000215674
0.000211343
0.000215102
0.000214755
0.000204505
0.000196155
0.000194886
0.000190615
0.000186312
0.000186024
0.00018776
0.000181406
0.000176121
0.000181843
0.000181558
0.000177284
0.000172921
0.000162671
0.000155332
0.000157038
0.000158744
0.000164499
0.00017022
0.000165887
0.000162595
0.000160317
0.00016003
0.000161736
0.000167429
0.000168156
0.000171855
0.000177547
0.000177262
0.000176975
0.000180703
0.000183391
0.000185097
0.000182819
0.000184525
0.000190248
0.000187968
0.000178698
0.000184391
0.000198086
0.000207824
0.0002015
0.00019321
0.000197921
0.000207689
0.000207344
0.00020905
0.000208762
0.000197501
0.000197213
0.000208886
0.000220648
0.00022634
0.000228078
0.000230765
0.000226492
0.000228198
0.000231899
0.000239615
0.000249294
0.000254067
0.000261753
0.000273455
0.00027516
0.00027886
0.000277593
0.000275313
0.000273032
0.000276734
0.000284419
0.000284132
0.00028087
0.000282578
0.000284284
0.000287983
0.000297695
0.000309427
0.000306164
0.000301801
0.00030553
0.000305245
0.000304958
0.000309638
0.00031343
0.000321117
0.000322822
0.000320542
0.000324244
0.000326961
0.00033066
0.000330375
0.000332081
0.000333787
0.000335492
0.00034419
0.000355955
0.000363669
0.000367368
0.000357028
0.00034975
0.000351456
0.000353191
0.000350884
0.000350596
0.000352332
0.00036103
0.000366722
0.000364444
0.000362164
0.00035786
0.000353527
0.000356244
0.000355959
0.000355672
0.000369426
0.000375121
0.000370848
0.000367495
0.000369204
0.000366921
0.00036265
0.000360369
0.000360082
0.000364795
0.000370489
0.000370202
0.000375893
0.000383611
0.000373329
0.000360008
0.000365703
0.000371425
0.000371137
0.000370852
0.000372558
0.00037126
0.000366986
0.000364706
0.000362368
0.000350089
0.000347751
0.000350529
0.000354227
0.00035394
0.000353593
0.000349319
0.000343022
0.000347736
0.000353428
0.000355133
0.000356869
0.000358576
0.000364271
0.000377014
0.000380713
0.000372393
0.000376092
0.000381876
0.000386559
0.000388264
0.000385987
0.000387692
0.000381365
0.000371111
0.000372817
0.000379522
0.000381227
0.000376924
0.000376579
0.000382361
0.000380021
0.000364738
0.0003624
0.000372168
0.000375867
0.000381561
0.000387283
0.000385985
0.000393701
0.000403442
0.000405148
0.000408847
0.00041555
0.000427316
0.000435001
0.000436707
0.000440436
0.000440151
0.000436859
0.000440558
0.00044628
0.000447985
0.000453682
0.000458392
0.000460097
0.000461804
0.000455537
0.000447187
0.000446899
0.000454675
0.000455372
0.000451035
0.000450748
0.000446477
0.000444194
0.000453875
0.000468642
0.000474337
0.000470063
0.000463707
0.000465413
0.000469141
0.000473822
0.000491565
0.000515319
0.000523065
0.000522717
0.000535464
0.000539193
0.000522869
0.000516573
0.000534315
0.000538044
0.000520709
0.000506377
0.000502103
0.000501755
0.000499475
0.000491215
0.000486849
0.000483589
0.000489282
0.000494973
0.0004907
0.000486427
0.000490125
0.000502809
0.000508594
0.000508307
0.000512006
0.000511719
0.000511371
0.000518135
0.000517847
0.000515507
0.000511204
0.00050693
0.000514645
0.000517336
0.000517046
0.00052875
0.000542505
0.000546206
0.000531874
0.000514567
0.000504285
0.000501944
0.000501657
0.000495388
0.0004951
0.000498802
0.0004975
0.000497213
0.000498948
0.000494585
0.000490311
0.00049401
0.000494735
0.00049644
0.000498146
0.000497859
0.000501558
0.000503263
0.000502976
0.0005037
0.000503414
0.000503066
0.000502779
0.000510525
0.000517231
0.000508908
0.000498623
0.000502354
0.000499981
0.000491721
0.000487447
0.000483111
0.000479819
0.000481525
0.000487217
0.000492941
0.000494644
0.000492364
0.000501124
0.000506815
0.000510516
0.000514215
0.000515951
0.000509594
0.000504309
0.000514016
0.000529767
0.000533466
0.000533179
0.000545926
0.000557627
0.000561326
0.000561038
0.000560751
0.00056445
0.000565175
0.000568875
0.000568587
0.000564313
0.000553966
0.000553679
0.000557409
0.000554117
0.000551774
0.000551487
0.000547213
0.000540913
0.000542622
0.000546348
0.000544989
0.000546758
0.00055248
0.000550106
0.000547826
0.000549532
0.000552249
0.000555948
0.000557654
0.000557367
0.000557079
0.000560809
0.00056549
0.000565202
0.000562922
0.000570637
0.000574339
0.000568069
0.00055573
0.000550443
0.000550155
0.000553857
0.000557586
0.000559291
0.000559002
0.000552645
0.000547389
0.000545046
0.000532767
0.00053248
0.000536179
0.000543897
0.00055057
0.000556293
0.000554013
0.000555719
0.000561411
0.000569156
0.000573869
0.000577568
0.000575288
0.000579016
0.000588696
0.000586416
0.000583121
0.000590839
0.000594538
0.000592257
0.00059197
0.000589626
0.000587346
0.000586047
0.000593762
-0.000509742
-0.000445982
-0.000386207
-0.000320425
-0.000270676
-0.000223931
-0.000182187
-0.000142431
-0.000104731
-7.49436e-05
-4.12266e-05
-8.46395e-06
7.22363e-06
3.09449e-05
5.87387e-05
8.04673e-05
0.000106178
0.000124871
0.000138625
0.000152352
0.000170032
0.000183784
0.000194478
0.000214212
0.000227965
0.000239666
0.000253391
0.000257122
0.000245798
0.000243517
0.000249212
0.000254901
0.000266667
0.000268372
0.000267074
0.000270802
0.000270518
0.000268208
0.000265869
0.000265582
0.000260327
0.000251977
0.000245713
0.000239449
0.000233093
0.000237803
0.000243555
0.000237231
0.000228971
0.000230677
0.000234379
0.000235073
0.000230799
0.000218496
0.000208152
0.000203881
0.000207581
0.000210298
0.000212004
0.000205707
0.00019739
0.00019511
0.000186821
0.00017749
0.000173217
0.000168946
0.000166605
0.000168311
0.00016404
0.000156762
0.000168463
0.000176149
0.000171876
0.000169598
0.000169311
0.000168012
0.000161685
0.000157413
0.000165099
0.000176861
0.00017256
0.000171231
0.00018097
0.000188684
0.000200386
0.000202156
0.000190831
0.000178493
0.000174223
0.000175928
0.000177634
0.000177348
0.000184054
0.000183767
0.000171431
0.00017314
0.000178922
0.000186607
0.000181262
0.000166993
0.000168731
0.000182395
0.000188117
0.00018584
0.000184541
0.000190233
0.000189947
0.000189659
0.000197377
0.000204141
0.000205847
0.000207553
0.000211254
0.000218969
0.000218683
0.000217387
0.000219093
0.000224785
0.0002325
0.000228226
0.000225919
0.000230629
0.000240337
0.000236066
0.000227777
0.000217463
0.000209113
0.000211891
0.000223565
0.000229287
0.000229
0.000228714
0.000230422
0.000235133
0.000240824
0.000248573
0.000260274
0.000265967
0.000258719
0.000250368
0.000256124
0.000267825
0.000265545
0.000253211
0.000245933
0.000249662
0.000261333
0.000277084
0.000280782
0.000272523
0.000267178
0.000264897
0.00026262
0.000256353
0.000251989
0.000257711
0.000260398
0.000264191
0.000277856
0.000281585
0.000275291
0.000266968
0.000259693
0.000261398
0.0002731
0.000278855
0.000270534
0.000264238
0.000266955
0.000268661
0.000260341
0.000256038
0.00025376
0.000257489
0.000264163
0.000269887
0.000273587
0.000271307
0.000271019
0.000279716
0.000283478
0.000281137
0.000278857
0.00027259
0.00027028
0.000264964
0.000256675
0.00025639
0.000264105
0.000267804
0.000267517
0.000270234
0.000269949
0.000263593
0.000257326
0.000257039
0.000252765
0.000242422
0.00023913
0.000246845
0.000254533
0.000256238
0.000255951
0.000253671
0.000248416
0.000250122
0.000255815
0.000263503
0.000271218
0.000267926
0.000269632
0.000283389
0.000277062
0.000268773
0.000262445
0.000258172
0.000250891
0.0002526
0.000262307
0.00026202
0.000263726
0.000272427
0.00027214
0.000261857
0.000259516
0.000261222
0.000264921
0.000270703
0.000269407
0.000267066
0.000270765
0.000276547
0.000276199
0.000275912
0.00028265
0.000288372
0.000290077
0.000297763
0.000299471
0.000300192
0.000305888
0.0003056
0.000299333
0.000299046
0.000298698
0.0002974
0.000303123
0.000308875
0.000312577
0.000310233
0.000307956
0.000302668
0.000304377
0.000308105
0.000307818
0.000305508
0.00030522
0.000308949
0.00031363
0.000319351
0.000323054
0.000322767
0.000320486
0.000319188
0.000322917
0.000334588
0.000342366
0.000346065
0.000345777
0.000342425
0.000344132
0.000345838
0.000347574
0.000353268
0.000357028
0.000353676
0.000357404
0.000357117
0.000352814
0.000352526
0.000358248
0.000362958
0.000362671
0.000352328
0.000344066
0.000345771
0.000353459
0.000350167
0.000345831
0.00034355
0.000345256
0.000353033
0.00036072
0.000368406
0.000373116
0.000372831
0.000376528
0.000376243
0.00037798
0.000375667
0.000366334
0.000366047
0.000367784
0.000369489
0.000375181
0.000378883
0.000373595
0.000369322
0.000367041
0.000366694
0.000364413
0.000366119
0.000366843
0.000366556
0.000368262
0.000371961
0.00036968
0.000365407
0.000363063
0.000363757
0.000371536
0.000375236
0.000374888
0.000372605
0.000374311
0.000379024
0.00038073
0.000378449
0.000384138
0.000389833
0.000383566
0.00037929
0.000377992
0.00038169
0.000381343
0.000377069
0.000376779
0.000374499
0.000369153
0.000366873
0.000366586
0.000366295
0.000368004
0.000373727
0.00037344
0.000366098
0.000361794
0.000359513
0.000363241
0.000372922
0.000374627
0.000377345
0.000383097
0.000384803
0.000392522
0.000396221
0.000397926
0.00040463
0.000412315
0.000412028
0.000413763
0.000415469
0.000420213
0.000425936
0.000429635
0.000427355
0.000427004
0.00042273
0.00042045
0.000421145
0.00042285
0.000420507
0.000418226
0.000421925
0.000421638
0.000421351
0.000420082
0.000423781
0.000427479
0.00043118
0.000434909
0.000434621
0.000433322
0.000433032
0.000430752
0.000426418
0.000424135
0.000425843
0.000432547
0.000440232
0.000441938
0.000443643
0.000441363
0.000433101
0.000424748
0.000425472
0.000429171
0.000424897
0.000428596
0.000436283
0.000435995
0.000433715
0.000432446
0.000434152
0.000435857
0.000431521
0.000427248
0.00042696
0.000431641
0.000433347
0.00042901
0.000430715
0.000438494
0.000446179
0.000446904
0.00044861
0.000452309
0.000454015
0.000457714
0.000463435
0.000460144
0.000451821
0.00044951
0.000455232
0.00046298
0.000462691
0.000458357
0.000457058
0.000454775
0.000452494
-0.00024498
-0.000213229
-0.000180494
-0.000156776
-0.000139034
-0.000123349
-0.000101621
-8.38802e-05
-7.11372e-05
-5.54483e-05
-4.77058e-05
-3.99879e-05
-3.03098e-05
-2.05399e-05
-1.38366e-05
-6.15164e-06
3.55662e-06
9.30879e-06
1.30089e-05
2.27172e-05
2.54342e-05
2.11312e-05
2.08465e-05
2.85612e-05
3.42535e-05
3.19729e-05
3.07038e-05
3.44057e-05
3.21251e-05
2.17821e-05
1.55153e-05
1.5231e-05
1.39321e-05
7.60498e-06
1.34137e-06
-5.01549e-06
-5.30295e-06
-4.57627e-06
-2.87019e-06
-7.14386e-06
-1.34404e-05
-1.97643e-05
-1.60656e-05
-2.23324e-05
-2.96682e-05
-2.59087e-05
-2.62565e-05
-3.05301e-05
-3.08172e-05
-3.00905e-05
-3.03779e-05
-3.0665e-05
-3.09497e-05
-3.53135e-05
-3.75936e-05
-4.08558e-05
-4.51593e-05
-4.74974e-05
-4.97776e-05
-5.0065e-05
-4.83589e-05
-4.96254e-05
-4.99128e-05
-4.62136e-05
-5.24804e-05
-6.28235e-05
-6.70944e-05
-7.04463e-05
-7.472e-05
-7.10185e-05
-6.7322e-05
-5.95443e-05
-6.18852e-05
-6.71699e-05
-6.74546e-05
-6.77407e-05
-6.20484e-05
-5.63268e-05
-5.46212e-05
-4.99376e-05
-5.02278e-05
-5.44987e-05
-4.87767e-05
-4.7071e-05
-4.93489e-05
-4.66611e-05
-4.49541e-05
-4.52416e-05
-4.35355e-05
-3.78112e-05
-3.7117e-05
-3.54109e-05
-3.36755e-05
-2.59901e-05
-2.02352e-05
-2.25788e-05
-2.78607e-05
-3.01413e-05
-3.24219e-05
-3.2767e-05
-2.49901e-05
-1.92983e-05
-2.25898e-05
-2.08842e-05
-1.7153e-05
-1.14634e-05
-1.17481e-05
-1.40287e-05
-1.53875e-05
-5.61662e-06
-3.91234e-06
-1.02376e-05
-4.97895e-07
7.21681e-06
1.93487e-06
-3.48417e-07
1.36039e-06
1.10385e-05
1.67601e-05
1.14781e-05
9.19482e-06
1.68839e-05
2.65921e-05
2.82978e-05
3.60462e-05
4.07564e-05
3.44293e-05
3.01556e-05
2.98686e-05
3.15769e-05
3.72688e-05
3.99863e-05
4.36864e-05
4.73852e-05
5.10871e-05
5.27927e-05
5.45281e-05
5.72159e-05
5.09491e-05
4.0606e-05
5.23677e-05
6.61248e-05
6.57788e-05
6.84661e-05
7.62438e-05
7.59568e-05
7.56694e-05
7.33285e-05
6.70324e-05
6.57632e-05
6.54758e-05
6.31984e-05
6.28506e-05
6.86028e-05
7.23019e-05
7.09725e-05
7.27412e-05
6.84076e-05
6.81201e-05
6.98258e-05
7.05204e-05
6.82399e-05
6.19128e-05
6.16253e-05
7.33911e-05
7.70898e-05
6.67467e-05
6.34849e-05
7.3163e-05
8.29343e-05
9.06193e-05
9.43194e-05
9.30507e-05
9.47563e-05
0.000104437
0.000102157
9.98764e-05
0.000101582
0.0001043
0.000108001
0.0001117
0.000113406
0.000117136
0.000118842
0.000121532
0.000117255
0.000108999
9.66612e-05
9.03314e-05
9.40328e-05
9.47545e-05
9.64642e-05
9.61768e-05
0.000101869
0.000103575
0.000103287
9.99957e-05
9.77178e-05
0.000103439
0.000111125
0.000106851
0.000102577
0.000101279
9.89381e-05
0.000100644
9.63706e-05
9.20969e-05
9.57956e-05
9.44972e-05
9.21563e-05
9.5855e-05
0.000103635
0.000103347
0.00010306
0.0001017
0.000101413
9.91328e-05
9.28661e-05
9.2579e-05
9.82709e-05
0.000110956
0.000128699
0.000124425
0.000104115
9.57952e-05
9.1489e-05
9.12016e-05
9.19287e-05
9.76205e-05
0.000101349
0.000107043
0.000110741
0.000113461
0.000115165
0.000112884
0.000112597
0.000118292
0.000126006
0.000130687
0.0001304
0.00013413
0.000137829
0.000149563
0.000163318
0.000153986
0.000141677
0.000145378
0.000151131
0.00015483
0.000152489
0.000152202
0.000152927
0.00015264
0.000152353
0.000152065
0.000157757
0.000159463
0.000158197
0.000161896
0.000163602
0.0001673
0.000170999
0.000170712
0.000169443
0.000179123
0.000184844
0.000180541
0.000182277
0.000183982
0.00018069
0.000180403
0.000186095
0.000187804
0.000183528
0.000185173
0.00018795
0.000187603
0.00018931
0.000189023
0.000190729
0.000194427
0.000193158
0.000190878
0.000192584
0.000194289
0.000195996
0.000197701
0.000198425
0.000196145
0.000199844
0.000205537
0.00020525
0.000208951
0.000212677
0.000211381
0.000211091
0.000212797
0.000216496
0.000212162
0.000211875
0.000216585
0.000220284
0.000219997
0.00021971
0.000221417
0.000227138
0.000227833
0.000229538
0.000231244
0.000226971
0.00023067
0.000238384
0.000239079
0.000236798
0.000236511
0.00024024
0.000247926
0.000253618
0.000254342
0.000252062
0.000253768
0.000257467
0.000261165
0.000260878
0.000259609
0.000261315
0.000267009
0.000268714
0.000268427
0.00026814
0.000270857
0.000272562
0.000272275
0.000273981
0.000273694
0.000275339
0.000279098
0.000277766
0.000281468
0.000287222
0.000292943
0.000298636
0.000300341
0.000301066
0.000300778
0.000296444
0.000296157
0.000301909
0.000307601
0.000306332
0.000308039
0.000313731
0.000315437
0.000321159
0.000322865
0.00031353
0.000313243
0.000320928
0.000322634
0.000318361
0.000318073
0.000320791
0.000322496
0.00031816
0.000317872
0.00031958
0.000325334
0.000331024
0.000329755
0.000335449
0.000341142
0.000340854
0.000338571
0.00033623
0.000340941
0.000344701
0.000342361
0.000348053
0.000359817
0.000368516
0.000374268
0.000373918
0.000369645
0.00037135
0.000373058
0.000368781
0.000367452
0.000367164
0.000364854
0.00036659
0.000368293
0.000368006
0.000371704
0.000374422
0.00037613
0.000371824
0.000363501
0.000361221
0.000368906
0.00036963
0.000371336
0.000371049
0.000370758
0.000368418
0.000368131
0.000367843
0.000370562
0.000378307
0.000380013
0.000379666
0.000379378
0.000379091
0.000387848
-0.000527011
-0.000467237
-0.000419482
-0.000379728
-0.000337981
-0.000302274
-0.000269482
-0.000235765
-0.00020202
-0.000178271
-0.000156605
-0.000134879
-0.000114132
-9.44007e-05
-7.46652e-05
-5.69247e-05
-4.32316e-05
-2.74841e-05
-1.47984e-05
-7.05445e-06
6.63428e-07
1.23319e-05
1.61234e-05
1.67578e-05
2.85203e-05
4.22454e-05
4.7967e-05
4.76795e-05
4.73322e-05
5.21027e-05
5.77959e-05
6.34882e-05
6.92125e-05
6.49091e-05
6.06359e-05
5.93091e-05
5.90216e-05
6.07277e-05
6.0443e-05
5.21533e-05
4.58262e-05
3.85485e-05
3.42775e-05
2.99435e-05
2.76336e-05
2.53558e-05
2.70614e-05
2.77858e-05
1.74441e-05
9.18425e-06
2.85714e-06
-3.43894e-06
-1.16961e-05
-1.30553e-05
-9.32684e-06
-1.56202e-05
-2.1887e-05
-2.41676e-05
-3.04915e-05
-3.37835e-05
-3.60641e-05
-3.63511e-05
-3.66989e-05
-4.29927e-05
-4.72664e-05
-5.05282e-05
-5.6885e-05
-5.31836e-05
-5.14477e-05
-5.57511e-05
-6.00248e-05
-6.53702e-05
-6.76477e-05
-6.19261e-05
-5.62338e-05
-5.85143e-05
-6.2788e-05
-6.60768e-05
-6.23781e-05
-6.06724e-05
-6.29499e-05
-6.12442e-05
-5.6534e-05
-5.68197e-05
-5.91606e-05
-5.53988e-05
-4.97065e-05
-4.5978e-05
-4.72769e-05
-4.55708e-05
-4.58556e-05
-4.21568e-05
-3.84279e-05
-3.47291e-05
-2.80245e-05
-2.63157e-05
-2.26197e-05
-1.69251e-05
-1.31961e-05
-1.34836e-05
-1.87656e-05
-1.90557e-05
-1.33612e-05
-7.63776e-06
-7.92522e-06
-1.12145e-05
-9.51114e-06
-1.82346e-06
1.90503e-06
-4.39105e-06
-6.66891e-06
-1.10056e-05
-8.28584e-06
-5.40109e-07
1.16553e-06
-1.11188e-06
-1.46238e-06
1.25741e-06
2.96349e-06
6.72392e-06
1.04254e-05
1.00753e-05
9.79058e-06
1.45611e-05
1.42137e-05
9.94277e-06
1.96181e-05
2.34101e-05
2.31226e-05
2.78049e-05
3.15361e-05
3.12486e-05
4.29202e-05
5.26884e-05
4.83544e-05
3.70634e-05
3.87987e-05
4.84768e-05
5.61933e-05
5.98921e-05
6.25821e-05
6.43179e-05
6.60236e-05
7.37693e-05
8.54702e-05
9.11662e-05
8.38884e-05
7.55668e-05
8.13204e-05
9.30217e-05
9.67232e-05
9.24495e-05
9.11511e-05
9.68429e-05
0.000102565
0.00010826
0.000109967
0.000103699
0.000100407
0.000110116
0.000115811
0.00011353
0.000109257
0.000107958
0.000107611
0.000113395
0.000119087
0.000110738
0.000106464
0.000107188
0.000100892
0.000100544
0.000110315
0.000112021
0.000113727
0.000122425
0.00012413
0.000127862
0.000133554
0.000135259
0.000134972
0.000133674
0.000139398
0.000145152
0.000146858
0.000148563
0.000152292
0.000156975
0.00016469
0.000170382
0.000172091
0.000171802
0.000166518
0.000166232
0.000159904
0.000153637
0.000151357
0.000149016
0.000150722
0.000149423
0.000149136
0.000152836
0.000154545
0.000146285
0.000137961
0.00012869
0.000128342
0.000132104
0.000131817
0.000129476
0.000133176
0.00013387
0.000133583
0.000133296
0.000143003
0.000144712
0.000140436
0.000141133
0.000142869
0.000144574
0.000152259
0.000151974
0.000147699
0.00015042
0.000154119
0.000149845
0.000147535
0.000151264
0.000154963
0.000153664
0.00015537
0.000153029
0.000140783
0.000138442
0.000146188
0.000148905
0.000150611
0.000146277
0.000152032
0.000163705
0.00016544
0.000166135
0.000171827
0.000169546
0.000167266
0.000178969
0.000194719
0.000197406
0.000197119
0.000210816
0.000220584
0.00021625
0.000209954
0.000208685
0.00021039
0.000212096
0.00021779
0.000223514
0.00022522
0.000223921
0.000223634
0.000223347
0.000219073
0.000214739
0.000212456
0.000215146
0.000218845
0.000222574
0.000226273
0.000231964
0.000233672
0.00023041
0.000228129
0.000225819
0.000223539
0.000225184
0.000228973
0.000225621
0.000221347
0.000227039
0.000234754
0.000234467
0.000228171
0.000232881
0.000240566
0.000242272
0.000236005
0.000233724
0.000237424
0.000243147
0.000241848
0.000241561
0.000247253
0.000252977
0.000250694
0.000244337
0.000241075
0.00024876
0.000250466
0.000248185
0.000249892
0.000251597
0.000248335
0.000241975
0.000243681
0.00024539
0.00024912
0.000256865
0.000257589
0.000257242
0.000256955
0.000252648
0.000250368
0.000258083
0.000270829
0.000280541
0.000288226
0.000283952
0.000277593
0.000277306
0.000288088
0.000295773
0.000295486
0.000293203
0.000292916
0.000304621
0.000315371
0.000317076
0.000322769
0.000330456
0.000330169
0.000325893
0.000328614
0.000336299
0.000340028
0.000337718
0.000333381
0.000329107
0.000333818
0.000337517
0.000335236
0.000334949
0.000336655
0.000340353
0.000343071
0.000344778
0.000346484
0.000350183
0.000355904
0.000357611
0.00035533
0.000354031
0.000355737
0.000359436
0.000363164
0.000362877
0.00036259
0.000365279
0.000371001
0.000374699
0.000374412
0.000374125
0.000375831
0.000376554
0.000376267
0.00037592
0.000375629
0.000379329
0.000383027
0.000381729
0.000381442
0.000383178
0.000382891
0.00038659
0.000390289
0.000391013
0.000394712
0.000396418
0.000398123
0.000399829
0.000399542
0.000397261
0.000393907
0.000395612
0.000405384
0.000409084
0.000404747
0.000406453
0.000411224
0.000404896
0.000402586
0.000404319
0.000397962
0.000385714
0.000385366
0.00038606
0.000381784
0.00037751
0.000377221
0.000376873
0.000374592
0.000370287
0.000367024
0.000362661
0.000360377
0.000364109
0.000367805
0.000361508
0.0003492
0.000344863
0.000341571
0.000341284
0.000340994
0.000340706
0.000342412
0.000344118
0.000346835
0.000354523
0.000360245
0.000359957
0.000353658
0.000347329
0.000347041
-0.000394352
-0.000352605
-0.00031984
-0.000284133
-0.00023837
-0.000204595
-0.000178885
-0.000152159
-0.000120437
-9.0678e-05
-7.09731e-05
-4.72559e-05
-2.15411e-05
-8.76848e-06
-1.08171e-06
1.06795e-05
2.63374e-05
3.41124e-05
3.58198e-05
5.04955e-05
6.42499e-05
6.99422e-05
7.56651e-05
8.5404e-05
8.8121e-05
9.18198e-05
9.75121e-05
0.000107221
0.00011092
0.000112629
0.000113353
0.000111072
0.000112781
0.000118473
0.000118185
0.000113915
0.000106576
0.000112329
0.000118051
0.000111694
0.000111409
0.000113145
0.000101851
9.154e-05
9.1253e-05
9.29586e-05
9.86505e-05
0.000102382
9.1088e-05
7.87843e-05
7.25175e-05
7.01473e-05
7.39361e-05
6.46072e-05
5.6318e-05
5.19867e-05
4.77131e-05
4.74256e-05
5.31179e-05
5.18487e-05
4.55549e-05
3.92283e-05
4.09339e-05
3.86533e-05
3.63759e-05
4.30792e-05
4.27918e-05
3.84888e-05
3.61479e-05
3.78562e-05
3.15895e-05
2.22583e-05
2.19735e-05
3.17417e-05
3.7434e-05
3.71465e-05
3.28125e-05
2.95237e-05
2.92362e-05
2.89487e-05
3.26506e-05
4.24201e-05
4.81124e-05
4.2767e-05
4.64955e-05
4.82646e-05
4.79168e-05
4.96225e-05
4.73419e-05
5.40456e-05
7.37834e-05
7.54895e-05
6.92227e-05
6.89352e-05
6.76395e-05
7.53244e-05
8.70254e-05
9.07246e-05
8.8444e-05
9.01541e-05
9.48643e-05
9.657e-05
9.62829e-05
9.59955e-05
9.77038e-05
9.34306e-05
9.61477e-05
0.000103835
0.000111611
0.000113316
0.000115024
0.000115718
0.00011338
0.000107113
0.000112805
0.000124567
0.000128266
0.00012093
0.000122636
0.000134397
0.000140093
0.000141799
0.000145528
0.000148215
0.00015593
0.000157639
0.000161337
0.00016709
0.000173795
0.000179519
0.000183218
0.000186917
0.000192612
0.000192325
0.000195042
0.000196749
0.000198455
0.00019817
0.000199876
0.000199589
0.000200313
0.000202021
0.00020572
0.000209419
0.000213148
0.000219914
0.000229594
0.000227313
0.00022304
0.000224748
0.000226454
0.000231164
0.000230877
0.000226543
0.000230245
0.000235997
0.000239696
0.000242415
0.00024811
0.000249815
0.000251521
0.000263222
0.000267995
0.000267648
0.000267361
0.000271063
0.000278839
0.000286524
0.000285225
0.000284938
0.000288669
0.000294361
0.00029806
0.000299767
0.000300494
0.000300207
0.000301913
0.000305611
0.000305324
0.000309026
0.000301777
0.000293428
0.000301142
0.000316863
0.00031259
0.000302276
0.000304964
0.000312742
0.000314446
0.000316155
0.000319854
0.000318585
0.000312228
0.000311941
0.000315672
0.000317378
0.000315097
0.000313799
0.000313511
0.000313164
0.000318919
0.000328627
0.000330334
0.000331058
0.000326755
0.000318433
0.000316153
0.000313875
0.000307516
0.000306249
0.000309948
0.000309662
0.000313361
0.00031706
0.000320792
0.000321486
0.000321198
0.000322904
0.000318631
0.000312364
0.000310023
0.000314704
0.000318495
0.000318208
0.000321907
0.000323613
0.000321272
0.000323994
0.000333732
0.000339424
0.000339137
0.000340843
0.00034856
0.000353272
0.00035099
0.000346687
0.000350417
0.000348107
0.000345766
0.000350536
0.000348196
0.000343922
0.000343635
0.00034534
0.00034306
0.000341764
0.000347486
0.000353178
0.000354884
0.00035659
0.000356302
0.000359019
0.000362723
0.000366421
0.00037012
0.000373849
0.000373562
0.000380268
0.000388013
0.0003957
0.000393422
0.000387092
0.000387816
0.000395565
0.000399264
0.00039493
0.000390656
0.000392362
0.000397072
0.000390776
0.000382456
0.000388148
0.000397916
0.000395575
0.000393295
0.000393989
0.000393702
0.000393415
0.000391134
0.000388854
0.000388506
0.000391225
0.000394984
0.000402669
0.00040637
0.000410099
0.000413798
0.000408513
0.000402184
0.000399903
0.000403605
0.000405311
0.000411004
0.000417768
0.00041742
0.000417133
0.000420831
0.00042254
0.000424273
0.000422974
0.000422687
0.000420406
0.000420119
0.000415785
0.000413505
0.000414199
0.000421914
0.000423623
0.000421339
0.000419029
0.000420766
0.00042744
0.000433164
0.000436863
0.000440623
0.000440275
0.000446057
0.000450739
0.000450452
0.000452157
0.000457879
0.000461581
0.000465279
0.000466004
0.000471696
0.000479412
0.00048716
0.000492852
0.000498574
0.000499268
0.000496988
0.000496701
0.000498406
0.000500112
0.000495779
0.000490491
0.000492196
0.000495928
0.000501621
0.000499341
0.000490987
0.000489719
0.000493418
0.000501164
0.000508881
0.000508594
0.0005103
0.000513017
0.000516716
0.000520416
0.000522122
0.000519841
0.000527556
0.000534233
0.000533946
0.000531662
0.000533368
0.000535104
0.000532793
0.000529471
0.000531177
0.000532883
0.000534588
0.000534302
0.000530025
0.000527744
0.000524392
0.000522112
0.000527805
0.00053552
0.000535233
0.000532952
0.00052966
0.00052333
0.00052105
0.000526742
0.000530441
0.000530154
0.000527873
0.000522586
0.000518252
0.000515969
0.000513688
0.000509415
0.000513113
0.000522792
0.000521523
0.00051118
0.000506903
0.000510603
0.000514301
0.000512021
0.000506705
0.000502399
0.000506128
0.000497775
0.000483504
0.000471195
0.000466861
0.000458568
0.000450244
0.000446953
0.000446665
0.000444382
0.000432043
0.000421727
0.000419447
0.000411094
0.000408814
0.000407515
0.000403239
0.000400898
0.000402604
0.000394341
0.000373966
0.00035764
0.000353364
0.000354059
0.000351778
-0.0005774
-0.000545679
-0.000503932
-0.000460162
-0.000418415
-0.000393683
-0.000377998
-0.000352223
-0.00030646
-0.000264774
-0.00022502
-0.000186247
-0.0001445
-9.87367e-05
-5.49966e-05
-2.32732e-05
4.45791e-07
9.20249e-06
1.09086e-05
2.26122e-05
3.02958e-05
3.8074e-05
4.57563e-05
5.44558e-05
5.61614e-05
4.98947e-05
4.96104e-05
6.3303e-05
8.20257e-05
0.000101759
0.000115455
0.00012921
0.000136894
0.000144674
0.00015337
0.00015109
0.000144736
0.000156495
0.000166176
0.000170886
0.0001706
0.000162342
0.000151999
0.000159714
0.000167463
0.00017018
0.000177865
0.000183587
0.000177291
0.000164987
0.0001647
0.000177443
0.000185129
0.000186837
0.000184556
0.000180222
0.000173959
0.000164627
0.000160324
0.000156053
0.000149726
0.000147445
0.000149151
0.000141876
0.000135549
0.000137255
0.00014301
0.000148702
0.000159422
0.000171154
0.000180862
0.000172576
0.000156253
0.000149929
0.000142649
0.000136322
0.000138091
0.00015378
0.000163519
0.000157192
0.000149916
0.000143589
0.000131314
0.000121002
0.000114705
0.000116411
0.000121123
0.000114797
0.000100528
8.61991e-05
7.78816e-05
7.3608e-05
7.62953e-05
8.8057e-05
9.97606e-05
0.000101468
9.3177e-05
9.08361e-05
9.56112e-05
0.000101303
0.000107025
0.000116703
0.000124418
0.000125176
0.000126883
0.000126535
0.000124257
0.000131972
0.000143704
0.000140442
0.000136078
0.000135793
0.000141515
0.000151254
0.000159955
0.00016773
0.000169435
0.000167095
0.00016681
0.00015852
0.000163231
0.000170946
0.000174644
0.000176355
0.000168064
0.000155757
0.000162463
0.000172203
0.000171916
0.000169575
0.000169288
0.000174983
0.000169728
0.000165424
0.00016716
0.00016485
0.000162512
0.000158238
0.000154946
0.000160671
0.00015839
0.000146054
0.000139788
0.000135424
0.000128174
0.000131874
0.00013159
0.000131302
0.000131015
0.000130728
0.000129369
0.000135153
0.000144832
0.000138565
0.000136224
0.000141977
0.00014062
0.000136347
0.000142069
0.000155797
0.000165506
0.000170216
0.000179955
0.000183657
0.000181377
0.000189092
0.000190798
0.000189499
0.000197217
0.000200915
0.000196642
0.000196355
0.00019806
0.000202773
0.000212453
0.000212166
0.000203906
0.000199542
0.000202262
0.000201975
0.000201688
0.00020738
0.000209115
0.000212817
0.000209525
0.000199272
0.000194908
0.000202684
0.000208378
0.000212077
0.000212801
0.000212514
0.000210173
0.000209887
0.000213589
0.000221335
0.000234047
0.000233759
0.00022547
0.000225185
0.000224838
0.000224551
0.000223282
0.000221001
0.000220714
0.00022242
0.000218056
0.000209796
0.000204511
0.00020217
0.00019989
0.000203592
0.000209313
0.000213074
0.000207727
0.000207441
0.000207154
0.000212846
0.00021857
0.000218283
0.000216985
0.000212711
0.000204361
0.000200088
0.000201793
0.000199513
0.000199226
0.000197896
0.0001916
0.000187326
0.000197034
0.000198743
0.000186404
0.000177133
0.000172799
0.000170518
0.000170231
0.000175923
0.000177629
0.000172344
0.000166017
0.00015975
0.000161456
0.000165155
0.000158888
0.000146549
0.00013323
0.000128957
0.000134649
0.000142368
0.000138062
0.000137774
0.000136505
0.000128155
0.000123882
0.000127581
0.000129287
0.00012296
0.000122672
0.000123396
0.000123109
0.000132787
0.000134493
0.000132213
0.000137937
0.000142678
0.000146379
0.000148114
0.000151813
0.000155512
0.000157217
0.000159935
0.000161641
0.000161353
0.000159013
0.000156732
0.000156445
0.000157139
0.000162862
0.000164568
0.000162288
0.000162
0.000167692
0.000166394
0.000164113
0.000165759
0.000161485
0.000157209
0.000156924
0.000155626
0.000153282
0.000159006
0.000166752
0.000164472
0.000164124
0.000164818
0.000168547
0.000170254
0.000178
0.000185714
0.000191406
0.000192133
0.000191843
0.000193552
0.000195255
0.000196962
0.000194681
0.000196387
0.000199104
0.000202803
0.000210491
0.00021419
0.000213903
0.000210641
0.000200295
0.00018397
0.000181689
0.000187411
0.000187124
0.00018883
0.000188543
0.000179208
0.000174905
0.000172561
0.000168288
0.000168
0.000171699
0.000171412
0.000164071
0.00016179
0.00015951
0.00015318
0.000148907
0.000144603
0.00014833
0.000161015
0.00016272
0.000156454
0.000154171
0.000149807
0.000151513
0.000158277
0.000165993
0.000167702
0.000169405
0.000171111
0.000166777
0.000171547
0.000185215
0.000190936
0.00019065
0.000190363
0.000186087
0.000184788
0.000188487
0.000184153
0.00016982
0.000157571
0.000149218
0.000144942
0.00013061
0.000118273
0.000108968
0.000102669
9.63394e-05
9.40589e-05
9.37714e-05
9.14886e-05
9.519e-05
9.99002e-05
0.00010958
0.000121344
0.000129029
0.000132728
0.000124466
0.000111145
0.000110858
0.000120536
0.000126261
0.000121955
0.000131664
0.000138431
0.000144122
0.000161866
0.000181544
0.000187326
0.00018802
0.000191719
0.000197444
0.000201141
0.000200854
0.000200567
0.000199268
0.000194931
0.000184614
0.000168288
0.000166008
0.000165718
0.000155375
0.000153092
0.000157802
0.000155522
0.000155235
0.000150868
0.000144599
0.000144311
0.000150006
0.000156711
0.000156424
0.000154141
0.000153853
0.000153566
0.000159288
0.000165961
0.000161685
0.000161338
0.000169115
0.000174808
0.000180501
0.000178218
0.000178945
-0.000599209
-0.000573465
-0.000543767
-0.00050199
-0.000462236
-0.000429535
-0.000393765
-0.000364037
-0.000324283
-0.000292561
-0.000252807
-0.000216058
-0.000190313
-0.000178642
-0.00017893
-0.000179217
-0.000177511
-0.000174794
-0.000175081
-0.000169388
-0.00015364
-0.000127896
-0.000101171
-8.74477e-05
-9.17803e-05
-9.60536e-05
-0.000104374
-0.000112661
-0.000101971
-7.41732e-05
-6.44974e-05
-5.87718e-05
-5.1026e-05
-4.53342e-05
-4.66033e-05
-4.69511e-05
-4.11958e-05
-3.1488e-05
-2.38012e-05
-1.80796e-05
-1.73854e-05
-1.76724e-05
-1.99503e-05
-2.6217e-05
-2.85575e-05
-2.68518e-05
-2.4101e-05
-1.83794e-05
-1.46807e-05
-1.49677e-05
-1.73086e-05
-1.86048e-05
-1.08279e-05
-1.31986e-05
-2.14598e-05
-2.57308e-05
-3.00643e-05
-3.73426e-05
-3.96231e-05
-3.79143e-05
-3.22225e-05
-2.45064e-05
-1.88141e-05
-2.21061e-05
-3.23564e-05
-3.87132e-05
-4.29865e-05
-3.9285e-05
-3.35634e-05
-3.48618e-05
-3.51493e-05
-3.74294e-05
-3.77142e-05
-3.20223e-05
-3.03162e-05
-2.95923e-05
-2.78866e-05
-3.4211e-05
-4.44933e-05
-4.68342e-05
-4.91148e-05
-5.83829e-05
-6.471e-05
-6.49975e-05
-7.32844e-05
-9.35939e-05
-0.000107923
-0.000109192
-0.000115549
-0.000125799
-0.000134119
-0.000142409
-0.000144689
-0.000148042
-0.000148326
-0.000142604
-0.000142892
-0.000143179
-0.000129454
-0.000120755
-0.000123035
-0.000117312
-0.000103587
-9.98589e-05
-9.81501e-05
-8.94564e-05
-8.37605e-05
-8.00613e-05
-8.4335e-05
-8.46224e-05
-8.29164e-05
-8.21897e-05
-7.64978e-05
-7.47917e-05
-7.50792e-05
-7.13805e-05
-6.86602e-05
-6.69546e-05
-7.12278e-05
-7.75549e-05
-7.38562e-05
-7.00926e-05
-6.93686e-05
-6.97164e-05
-6.60177e-05
-6.82978e-05
-6.85852e-05
-6.08976e-05
-5.21404e-05
-4.24326e-05
-3.47458e-05
-3.50306e-05
-3.73112e-05
-3.75982e-05
-3.88971e-05
-3.91845e-05
-4.55112e-05
-5.17753e-05
-5.00696e-05
-5.6336e-05
-7.36711e-05
-8.19913e-05
-8.62948e-05
-8.85749e-05
-0.000104897
-0.000135233
-0.000153549
-0.000164873
-0.000175156
-0.00017345
-0.000167728
-0.000166023
-0.000170296
-0.000169602
-0.000169886
-0.000174223
-0.000172514
-0.000166823
-0.000145094
-0.000122353
-0.000120647
-0.000124921
-0.000121222
-0.0001155
-0.000109807
-0.000101049
-9.7348e-05
-9.16264e-05
-8.59341e-05
-9.02078e-05
-0.000104537
-0.000105836
-0.00010413
-0.000104417
-0.000106695
-0.000100973
-9.02823e-05
-8.45905e-05
-8.48775e-05
-7.91226e-05
-7.34005e-05
-6.57156e-05
-6.1004e-05
-6.52773e-05
-6.35716e-05
-5.78798e-05
-5.81641e-05
-6.24378e-05
-6.3797e-05
-6.00077e-05
-5.6309e-05
-5.26098e-05
-5.69438e-05
-6.12174e-05
-7.05491e-05
-8.68139e-05
-9.71578e-05
-9.94357e-05
-0.000107759
-0.000114055
-0.000118389
-0.000123674
-0.000125954
-0.000126241
-0.000128582
-0.000140858
-0.000147185
-0.00013941
-0.000126727
-0.000110975
-9.12415e-05
-6.75171e-05
-5.38231e-05
-5.71147e-05
-5.74021e-05
-4.76943e-05
-4.39307e-05
-4.42785e-05
-3.9508e-05
-3.38157e-05
-3.81497e-05
-4.64394e-05
-5.07126e-05
-5.70397e-05
-7.13731e-05
-8.86771e-05
-9.89626e-05
-0.000109276
-0.00011962
-0.000123894
-0.000126177
-0.000128457
-0.000130828
-0.000130104
-0.000118338
-0.00010866
-0.000108947
-0.000117207
-0.000129546
-0.000130815
-0.00011715
-0.000107379
-0.000105674
-0.000112003
-0.000118299
-0.000129624
-0.000131905
-0.000128206
-0.000138522
-0.000148804
-0.000145105
-0.000139384
-0.000140682
-0.000149003
-0.000161341
-0.000159635
-0.000169888
-0.000194277
-0.000196558
-0.00019982
-0.000214152
-0.000204474
-0.000198691
-0.000196986
-0.000189296
-0.000178607
-0.000166846
-0.000165139
-0.000157423
-0.000137687
-0.000131995
-0.000141266
-0.000161638
-0.00016993
-0.000162215
-0.000148457
-0.000136786
-0.000134069
-0.000136349
-0.000130656
-0.000132937
-0.000135217
-0.000137558
-0.000145851
-0.000149113
-0.000147406
-0.0001457
-0.000148041
-0.000142352
-0.000134574
-0.000133879
-0.000138216
-0.000144483
-0.00014477
-0.000133099
-0.000127377
-0.00012567
-0.000110931
-9.11941e-05
-8.14849e-05
-8.17724e-05
-7.60801e-05
-6.33372e-05
-5.76124e-05
-6.19186e-05
-6.02129e-05
-4.85075e-05
-2.97555e-05
-1.60277e-05
-1.63138e-05
-2.2645e-05
-2.49251e-05
-3.32481e-05
-4.95732e-05
-6.78914e-05
-7.51696e-05
-8.15305e-05
-9.37789e-05
-9.41267e-05
-7.43889e-05
-6.06314e-05
-9.29955e-05
-0.000153359
-0.00017367
-0.000179015
-0.000175319
-0.000175606
-0.000183869
-0.000188233
-0.000192506
-0.000192796
-0.000194065
-0.000190367
-0.000176669
-0.000170977
-0.000165224
-0.000153523
-0.000158808
-0.000159095
-0.000145401
-0.000135723
-0.000127943
-0.000117254
-0.000109508
-0.000107833
-0.000106127
-0.000106414
-0.000102715
-0.000100027
-0.00010231
-0.000112627
-0.000134931
-0.000155245
-0.000167586
-0.000173852
-0.000170153
-0.000184485
-0.000214858
-0.000233177
-0.000257477
-0.000262823
-0.000263113
-0.000277416
-0.000275711
-0.000245944
-0.000213206
-0.000197485
-0.000193757
-0.000198063
-0.000196327
-0.000192627
-0.000191932
-0.000184218
-0.000168467
-0.000160782
-0.000169105
-0.000177394
-0.000175691
-0.000166991
-0.000161269
-0.000153584
-0.000149824
-0.000156154
-0.000154449
-0.000149738
-0.000148032
-0.00014832
-0.000146617
-0.000136904
-0.000127163
-0.000126442
-0.000128783
-0.000133089
-0.000135369
-0.00013164
-0.000119969
-0.000111208
-0.000103493
-8.77724e-05
-8.00577e-05
-6.03195e-05
-4.96273e-05
-5.39037e-05
-4.62183e-05
-3.4453e-05
-3.27469e-05
-4.30629e-05
-5.13566e-05
-4.86382e-05
-4.09528e-05
-3.32381e-05
-3.35256e-05
-2.78333e-05
-2.11273e-05
-1.33802e-05
-1.36704e-05
-1.40182e-05
-1.03194e-05
-8.58357e-06
-6.87793e-06
-1.41584e-05
-2.0518e-05
-1.47361e-05
-0.000586022
-0.000538295
-0.000500534
-0.000476786
-0.000454048
-0.000430329
-0.000402621
-0.000374885
-0.000353159
-0.00032144
-0.0002987
-0.000290954
-0.000287256
-0.000275553
-0.000257812
-0.000244121
-0.000235363
-0.000219705
-0.000213923
-0.00022227
-0.000218542
-0.000210856
-0.000204091
-0.000200392
-0.000202673
-0.000192965
-0.000187272
-0.000179587
-0.000166813
-0.000157135
-0.000147366
-0.000145661
-0.000147999
-0.000154295
-0.000157557
-0.000159838
-0.000162206
-0.000158477
-0.000146744
-0.000140041
-0.000138335
-0.000134606
-0.000132898
-0.000129199
-0.000133472
-0.000134771
-0.000143091
-0.000153371
-0.000163684
-0.000169981
-0.000168275
-0.000165555
-0.000163849
-0.00016015
-0.000160437
-0.000160725
-0.000159016
-0.000160285
-0.000162626
-0.000166899
-0.000167187
-0.000169494
-0.000167759
-0.000163078
-0.000161373
-0.000165646
-0.00017197
-0.000172258
-0.000166564
-0.000163847
-0.000164134
-0.000164421
-0.000158727
-0.000150951
-0.000151239
-0.00016057
-0.000156872
-0.00015317
-0.00016143
-0.000165793
-0.000164058
-0.000163363
-0.000165641
-0.000175924
-0.000184244
-0.000194587
-0.000206833
-0.000218156
-0.000226446
-0.000234766
-0.000245048
-0.000259348
-0.000275669
-0.000281965
-0.000283295
-0.000291584
-0.000305884
-0.000310184
-0.000306456
-0.00030475
-0.000308041
-0.000310382
-0.000312663
-0.000308964
-0.000305265
-0.000295497
-0.000286796
-0.000277058
-0.000265356
-0.000255647
-0.000253941
-0.000248249
-0.000235503
-0.000223742
-0.00020606
-0.000194328
-0.0001906
-0.000193889
-0.000198225
-0.000188484
-0.000168749
-0.000167013
-0.000167361
-0.000160627
-0.000162905
-0.000175211
-0.000181568
-0.000181855
-0.000170094
-0.00016339
-0.000167664
-0.000176011
-0.000196319
-0.000222611
-0.000230958
-0.000231248
-0.000232515
-0.000242858
-0.000267152
-0.000275442
-0.00027579
-0.00027807
-0.000293383
-0.000323686
-0.000343996
-0.00034634
-0.000352604
-0.000356877
-0.000343213
-0.000342487
-0.000344767
-0.000323041
-0.000277272
-0.00027158
-0.000306882
-0.000325201
-0.000317484
-0.000297749
-0.000282061
-0.000276306
-0.000271597
-0.000271882
-0.000278209
-0.000282513
-0.00027679
-0.00025905
-0.000234314
-0.0002086
-0.000212874
-0.000237199
-0.000263551
-0.000267824
-0.000263111
-0.000263399
-0.000249733
-0.000227976
-0.00021624
-0.000218521
-0.000227856
-0.000224153
-0.000222447
-0.000218719
-0.000220999
-0.000227296
-0.000234634
-0.000232928
-0.000231193
-0.00023148
-0.000235783
-0.000230061
-0.000221365
-0.00020362
-0.000183886
-0.000178194
-0.000202489
-0.000236844
-0.000251173
-0.000250449
-0.000252729
-0.000255039
-0.000253304
-0.000253591
-0.000255962
-0.000261219
-0.000267516
-0.00027185
-0.000272137
-0.000270431
-0.000268726
-0.00026702
-0.000276351
-0.00029059
-0.000290878
-0.000285186
-0.000281487
-0.000281774
-0.000269091
-0.00025334
-0.000245625
-0.000239933
-0.00024022
-0.000230452
-0.000215772
-0.00021008
-0.000216346
-0.000228685
-0.000236946
-0.000243273
-0.00025457
-0.000264883
-0.000275229
-0.000293546
-0.000305792
-0.000320124
-0.000354478
-0.000478985
-0.00054931
-0.00056364
-0.000567976
-0.000572279
-0.000560518
-0.000545839
-0.000568144
-0.000568431
-0.00055673
-0.000563029
-0.000587387
-0.000577212
-0.000545485
-0.0005638
-0.000588099
-0.000592436
-0.000581683
-0.000551983
-0.000566251
-0.000588618
-0.000594887
-0.000589195
-0.00052441
-0.00046662
-0.000504963
-0.000563328
-0.000579653
-0.000591962
-0.000591351
-0.000583517
-0.00059184
-0.0005807
-0.000585034
-0.00058931
-0.000586593
-0.000253713
-0.000259983
-0.000501667
-0.000472945
-0.000427114
-0.000441445
-0.000447772
-0.000478083
-0.000556535
-0.000571178
-0.000563493
-0.000569762
-0.000562074
-0.00055537
-0.000557653
-0.000551931
-0.000550225
-0.000558517
-0.000564844
-0.000567128
-0.000561435
-0.000560711
-0.000567011
-0.000581313
-0.00059166
-0.000591947
-0.000590243
-0.000592524
-0.000593882
-0.000586107
-0.000582408
-0.000568714
-0.000554958
-0.000563309
-0.000563599
-0.000546836
-0.000529095
-0.00051742
-0.000535739
-0.000558046
-0.000552354
-0.000555619
-0.000571944
-0.000574288
-0.000556544
-0.000542787
-0.000549146
-0.000557409
-0.000556714
-0.000555012
-0.000551283
-0.000553626
-0.00055793
-0.000552207
-0.000534463
-0.000523713
-0.000544087
-0.000554372
-0.000548681
-0.000546945
-0.000547232
-0.000545529
-0.000548882
-0.000555151
-0.000557434
-0.000551739
-0.000528015
-0.00050227
-0.000501575
-0.000501865
-0.000500158
-0.000502441
-0.000510763
-0.000517062
-0.00051134
-0.000504635
-0.000488915
-0.000469147
-0.00044941
-0.000392626
-0.000256693
-0.000209937
-0.000170173
-0.000141388
-0.000123644
-0.000111939
-0.0001022
-9.44853e-05
-9.27796e-05
-9.60744e-05
-9.4429e-05
-9.8705e-05
-0.000109048
-0.000113324
-0.000109625
-0.000103904
-0.000105203
-0.000113465
-0.000107773
-0.000100087
-0.000104361
-9.86382e-05
-7.79197e-05
-0.000586505
-0.000562759
-0.00054103
-0.000522308
-0.000504628
-0.000490874
-0.000483189
-0.00047946
-0.000477754
-0.000475065
-0.000477346
-0.000491644
-0.000499933
-0.000500221
-0.000496522
-0.000495798
-0.00051212
-0.000536472
-0.000548747
-0.000547044
-0.000549321
-0.000553655
-0.000554954
-0.000543191
-0.000533513
-0.000535794
-0.000540127
-0.000540415
-0.000545697
-0.000547977
-0.000558291
-0.000564587
-0.000562852
-0.000567152
-0.000572468
-0.000568769
-0.000567063
-0.000565357
-0.000555589
-0.000545911
-0.000531173
-0.000517481
-0.000525739
-0.000548101
-0.000552405
-0.000538649
-0.000523974
-0.000522267
-0.000538497
-0.000534798
-0.000503077
-0.000489413
-0.000488688
-0.000478949
-0.000477213
-0.000469528
-0.000457767
-0.000460104
-0.00046539
-0.00046767
-0.000471973
-0.000464258
-0.000440537
-0.000434845
-0.000460123
-0.000476442
-0.00047673
-0.000463034
-0.000441307
-0.000433561
-0.000444886
-0.000457222
-0.000455516
-0.000463773
-0.000474087
-0.000482378
-0.000501675
-0.00052606
-0.00054836
-0.000552633
-0.000552921
-0.000557255
-0.000581579
-0.000579153
-0.000553377
-0.000529655
-0.000509891
-0.000506192
-0.000512549
-0.000523814
-0.000522107
-0.000510407
-0.000510694
-0.000514967
-0.000519301
-0.000530566
-0.000526866
-0.000515191
-0.000551539
-0.000579821
-0.000596144
-0.000598424
-0.000583745
-0.000597987
-0.000591353
-0.000575603
-0.000577886
-0.000573001
-0.000518183
-0.000452411
-0.000440647
-0.00042091
-0.000394181
-0.000374445
-0.000364733
-0.000334967
-0.000312224
-0.000306503
-0.00030679
-0.000295058
-0.000279367
-0.000266621
-0.000254917
-0.000253213
