%time,field.header.seq,field.header.stamp,field.header.frame_id,field.speed,field.vx,field.vy,field.vz
1572943343216832329,3856,1572943343162606000,,0.0,-1.99999994948e-05,0.0,9.99999974738e-06
1572943343271095104,3857,1572943343216043949,,0.0,-1.99999994948e-05,1.99999994948e-05,1.99999994948e-05
1572943343324408304,3858,1572943343270447969,,0.0,0.0,-2.99999992421e-05,-0.0
1572943343378618516,3859,1572943343324208021,,0.0,-0.0,-1.99999994948e-05,-0.0
1572943343480740005,3860,1572943343377885103,,0.0,9.99999974738e-06,9.99999974738e-06,-9.99999974738e-06
1572943343535556201,3861,1572943343481046915,,0.0,0.0,9.99999974738e-06,-0.0
1572943343589686681,3862,1572943343535406112,,0.0,-9.99999974738e-06,9.99999974738e-06,9.99999974738e-06
1572943343643046647,3863,1572943343589442968,,0.0,0.0,-9.99999974738e-06,-0.0
1572943343697282393,3864,1572943343642592906,,0.0,9.99999974738e-06,-9.99999974738e-06,-9.99999974738e-06
1572943343749889595,3865,1572943343696899890,,0.0,-1.99999994948e-05,1.99999994948e-05,1.99999994948e-05
1572943343803987215,3866,1572943343749999046,,0.0,1.99999994948e-05,0.0,-0.0
1572943343858085109,3867,1572943343804014921,,0.0,0.0,0.0,-9.99999974738e-06
1572943343961497433,3868,1572943343858128070,,0.0,-0.0,2.99999992421e-05,0.0
1572943344017488652,3869,1572943343961604118,,0.0,-9.99999974738e-06,9.99999974738e-06,0.0
1572943344068024990,3870,1572943344016669988,,0.0,0.0,-9.99999974738e-06,-0.0
1572943344121701683,3871,1572943344067806959,,0.0,9.99999974738e-06,-9.99999974738e-06,-0.0
1572943344176999515,3872,1572943344121725082,,0.0,9.99999974738e-06,-2.99999992421e-05,-1.99999994948e-05
1572943344230825838,3873,1572943344176287889,,0.0,9.99999974738e-06,9.99999974738e-06,-0.0
1572943344284255998,3874,1572943344230706930,,0.0,9.99999974738e-06,9.99999974738e-06,-0.0
1572943344339306811,3875,1572943344284619092,,0.0,2.99999992421e-05,-1.99999994948e-05,-1.99999994948e-05
1572943344390919438,3876,1572943344338363885,,0.0,-9.99999974738e-06,-9.99999974738e-06,-0.0
1572943344495767357,3877,1572943344390513896,,0.0,-9.99999974738e-06,0.0,0.0
1572943344549934177,3878,1572943344496012926,,0.0,9.99999974738e-06,-1.99999994948e-05,-9.99999974738e-06
1572943344603736601,3879,1572943344550070047,,0.0,0.0,-9.99999974738e-06,0.0
1572943344657415293,3880,1572943344603946924,,0.0,-1.99999994948e-05,-9.99999974738e-06,1.99999994948e-05
1572943344710556657,3881,1572943344656889915,,0.0,-1.99999994948e-05,-0.0,9.99999974738e-06
1572943344764448856,3882,1572943344710593938,,0.0,-2.99999992421e-05,2.99999992421e-05,1.99999994948e-05
1572943344818388702,3883,1572943344764199972,,0.0,-9.99999974738e-06,0.0,0.0
1572943344872762213,3884,1572943344818622112,,0.0,0.0,9.99999974738e-06,-9.99999974738e-06
1572943344977469364,3885,1572943344872908115,,0.0,9.99999974738e-06,-9.99999974738e-06,-9.99999974738e-06
1572943345030751089,3886,1572943344976609945,,0.0,0.0,-0.0,-0.0
1572943345084698426,3887,1572943345030601024,,0.0,9.99999974738e-06,-0.0,-0.0
1572943345139298936,3888,1572943345084692955,,0.0,-1.99999994948e-05,0.0,9.99999974738e-06
1572943345191557424,3889,1572943345138641119,,0.0,-0.0,0.0,0.0
1572943345247582245,3890,1572943345191468000,,0.0,1.99999994948e-05,1.99999994948e-05,-9.99999974738e-06
1572943345301175921,3891,1572943345246859073,,0.0,1.99999994948e-05,-9.99999974738e-06,-9.99999974738e-06
1572943345353834017,3892,1572943345300472974,,0.0,2.99999992421e-05,-1.99999994948e-05,-1.99999994948e-05
1572943345407797060,3893,1572943345353905916,,0.0,1.99999994948e-05,0.0,-9.99999974738e-06
1572943345513783490,3894,1572943345407785892,,0.0,-9.99999974738e-06,-9.99999974738e-06,0.0
1572943345567748552,3895,1572943345513119935,,0.0,-2.99999992421e-05,9.99999974738e-06,1.99999994948e-05
1572943345621061824,3896,1572943345567094087,,0.0,0.0,9.99999974738e-06,-0.0
1572943345673651231,3897,1572943345621084928,,0.0,-0.0,-9.99999974738e-06,0.0
1572943345726197886,3898,1572943345673374891,,0.0,9.99999974738e-06,9.99999974738e-06,-0.0
1572943345779944785,3899,1572943345726313114,,0.0,9.99999974738e-06,9.99999974738e-06,-9.99999974738e-06
1572943345833906069,3900,1572943345780179977,,0.0,-0.0,-9.99999974738e-06,0.0
1572943345888093372,3901,1572943345834049940,,0.0,-1.99999994948e-05,9.99999974738e-06,9.99999974738e-06
1572943345942616271,3902,1572943345888092994,,0.0,9.99999974738e-06,-1.99999994948e-05,-9.99999974738e-06
1572943346046757781,3903,1572943345942131042,,0.0,-9.99999974738e-06,-9.99999974738e-06,0.0
1572943346099923973,3904,1572943346045994043,,0.0,-0.0,9.99999974738e-06,9.99999974738e-06
1572943346154021532,3905,1572943346099901914,,0.0,9.99999974738e-06,-0.0,-0.0
1572943346208819402,3906,1572943346153763055,,0.0,0.0,-0.0,0.0
1572943346261375239,3907,1572943346208095073,,0.0,-1.99999994948e-05,9.99999974738e-06,9.99999974738e-06
1572943346315076607,3908,1572943346261059999,,0.0,-9.99999974738e-06,-9.99999974738e-06,0.0
1572943346368570840,3909,1572943346315073013,,0.0,9.99999974738e-06,-1.99999994948e-05,-9.99999974738e-06
1572943346422536177,3910,1572943346368649005,,0.0,-9.99999974738e-06,0.0,9.99999974738e-06
1572943346776561301,3911,1572943346422421932,,0.0,1.99999994948e-05,-9.99999974738e-06,-9.99999974738e-06
1572943346830509874,3912,1572943346776060104,,0.0,-0.0,0.0,9.99999974738e-06
1572943346884866002,3913,1572943346830354928,,9.99999974738e-05,7.00000018696e-05,-1.99999994948e-05,-1.99999994948e-05
1572943346937148898,3914,1572943346884114980,,0.000600000028498,0.000140000003739,0.000119999996969,0.000579999992624
1572943346992915940,3915,1572943346937278985,,0.00190000003204,5.99999984843e-05,9.99999974738e-05,0.00188999995589
1572943347046754959,3916,1572943346992214918,,0.00319999991916,3.99999989895e-05,4.99999987369e-05,0.00320999999531
1572943347100131459,3917,1572943347046086072,,0.00449999980628,7.9999997979e-05,1.99999994948e-05,0.0044900001958
1572943347153897925,3918,1572943347099616050,,0.00579999992624,5.99999984843e-05,2.99999992421e-05,0.00576000008732
1572943347206410879,3919,1572943347153302907,,0.00700000021607,9.00000013644e-05,9.99999974738e-06,0.0070199999027
1572943347259989870,3920,1572943347205995082,,0.00829999987036,0.000119999996969,-9.99999974738e-06,0.0082499999553
1572943347314849753,3921,1572943347260164022,,0.00949999969453,0.000150000007125,-9.99999974738e-06,0.00953999999911
1572943347367741625,3922,1572943347314225912,,0.016799999401,0.000180000002729,-4.99999987369e-05,0.0168500002474
1572943347421114370,3923,1572943347368093013,,0.0188999995589,0.000159999995958,-7.00000018696e-05,0.018880000338
1572943347475141762,3924,1572943347420558929,,0.0197999998927,7.00000018696e-05,-0.000260000000708,0.0197999998927
1572943347528600400,3925,1572943347474606990,,0.0197999998927,0.000190000006114,-0.000209999998333,0.0198500007391
1572943347633690527,3926,1572943347528697013,,0.0197999998927,0.000230000005104,-0.000140000003739,0.0197999998927
1572943347689451525,3927,1572943347634032964,,0.0197000000626,0.000130000000354,-5.99999984843e-05,0.0197000000626
1572943347743317759,3928,1572943347689419031,,0.0190999992192,0.000209999998333,-4.99999987369e-05,0.0190500002354
1572943347797762298,3929,1572943347743405103,,0.018200000748,0.000140000003739,-1.99999994948e-05,0.0181699991226
1572943347851412093,3930,1572943347797101020,,0.0173000004143,0.000140000003739,-9.99999974738e-06,0.0173400007188
1572943347904742057,3931,1572943347850752115,,0.0164000000805,9.00000013644e-05,9.99999974738e-06,0.0164000000805
1572943347957619567,3932,1572943347904937028,,0.0154999997467,0.000130000000354,0.0,0.0154999997467
1572943348011339637,3933,1572943347957592964,,0.0146000003442,7.00000018696e-05,2.99999992421e-05,0.0146000003442
1572943348064646925,3934,1572943348010822057,,0.0137999998406,4.99999987369e-05,-1.99999994948e-05,0.0138100003824
1572943348165976569,3935,1572943348064228057,,0.0127999996766,7.00000018696e-05,0.0,0.0128399999812
1572943348218148200,3936,1572943348165999889,,0.0118000004441,1.99999994948e-05,-9.99999974738e-06,0.0118000004441
1572943348270631592,3937,1572943348217830896,,0.0102000003681,9.00000013644e-05,-1.99999994948e-05,0.010219999589
1572943348324075416,3938,1572943348270222902,,0.00989999994636,7.9999997979e-05,-7.00000018696e-05,0.00989999994636
1572943348427220365,3939,1572943348323719024,,0.00989999994636,9.00000013644e-05,-5.99999984843e-05,0.00994000025094
1572943348481675630,3940,1572943348427521944,,0.00989999994636,1.99999994948e-05,-3.99999989895e-05,0.00989999994636
1572943348535382166,3941,1572943348481334924,,0.00999999977648,-9.99999974738e-06,-1.99999994948e-05,0.00999999977648
1572943348589856666,3942,1572943348535305976,,0.00999999977648,4.99999987369e-05,-1.99999994948e-05,0.00996000040323
1572943348643603426,3943,1572943348589288949,,0.00999999977648,4.99999987369e-05,1.99999994948e-05,0.00994999986142
1572943348696709388,3944,1572943348642879962,,0.00999999977648,2.99999992421e-05,1.99999994948e-05,0.00997999962419
1572943348751846013,3945,1572943348696126937,,0.00989999994636,4.99999987369e-05,-9.99999974738e-06,0.00992999970913
1572943348804421585,3946,1572943348750910043,,0.00989999994636,0.000140000003739,9.99999974738e-06,0.00989000033587
1572943348858109527,3947,1572943348803601980,,0.00989999994636,7.9999997979e-05,9.99999974738e-06,0.00992000009865
1572943348911120879,3948,1572943348857367038,,0.00999999977648,-1.99999994948e-05,4.99999987369e-05,0.0100299995393
1572943348965347827,3949,1572943348911335945,,0.00999999977648,-1.99999994948e-05,2.99999992421e-05,0.00999999977648
1572943349018608097,3950,1572943348965142011,,0.00999999977648,4.99999987369e-05,1.99999994948e-05,0.009990000166
1572943349073138204,3951,1572943349018789052,,0.00989999994636,0.000119999996969,-4.99999987369e-05,0.00990999955684
1572943349127203717,3952,1572943349072511911,,0.00989999994636,7.00000018696e-05,-1.99999994948e-05,0.00990999955684
1572943349180759771,3953,1572943349126418113,,0.00989999994636,4.99999987369e-05,-2.99999992421e-05,0.00994000025094
1572943349234321600,3954,1572943349180754899,,0.00989999994636,9.00000013644e-05,-3.99999989895e-05,0.00992999970913
1572943349288023509,3955,1572943349234389066,,0.00989999994636,4.99999987369e-05,-0.0,0.00994000025094
1572943349342011361,3956,1572943349288225889,,0.00999999977648,-0.0,-1.99999994948e-05,0.00997999962419
1572943349444767166,3957,1572943349342196941,,0.00999999977648,1.99999994948e-05,-3.99999989895e-05,0.00999999977648
1572943349498907640,3958,1572943349444868087,,0.00989999994636,9.99999974738e-05,-3.99999989895e-05,0.00992000009865
1572943349551959475,3959,1572943349498208999,,0.00989999994636,0.000130000000354,-2.99999992421e-05,0.00989000033587
1572943349606489456,3960,1572943349552265882,,0.00989999994636,7.9999997979e-05,-2.99999992421e-05,0.00994999986142
1572943349660146570,3961,1572943349605490922,,0.00999999977648,9.99999974738e-06,9.99999974738e-06,0.00996000040323
1572943349713268780,3962,1572943349659487962,,0.00999999977648,-1.99999994948e-05,3.99999989895e-05,0.0100100003183
1572943349767352210,3963,1572943349712865114,,0.00999999977648,4.99999987369e-05,-9.99999974738e-06,0.009990000166
1572943349820358655,3964,1572943349767241954,,0.00999999977648,2.99999992421e-05,1.99999994948e-05,0.00997999962419
1572943349872860337,3965,1572943349820053100,,0.00999999977648,0.0,1.99999994948e-05,0.00999999977648
1572943349976212742,3966,1572943349872816085,,0.00999999977648,9.99999974738e-06,9.99999974738e-06,0.00996000040323
1572943350032273791,3967,1572943349976531982,,0.00999999977648,5.99999984843e-05,-9.99999974738e-06,0.00997000001371
1572943350086427318,3968,1572943350031903982,,0.00999999977648,2.99999992421e-05,0.0,0.00997000001371
1572943350141004727,3969,1572943350086419105,,0.00999999977648,-2.99999992421e-05,9.99999974738e-06,0.0100199999288
1572943350195472332,3970,1572943350140758991,,0.00999999977648,-2.99999992421e-05,2.99999992421e-05,0.0100100003183
1572943350247601731,3971,1572943350194595098,,0.00999999977648,2.99999992421e-05,-9.99999974738e-06,0.0100100003183
1572943350300490178,3972,1572943350247625112,,0.00989999994636,7.00000018696e-05,-4.99999987369e-05,0.00994000025094
1572943350354752647,3973,1572943350300373077,,0.00989999994636,-9.99999974738e-06,-1.99999994948e-05,0.00992000009865
1572943350409119626,3974,1572943350353827953,,0.00999999977648,-1.99999994948e-05,-9.99999974738e-06,0.00996000040323
1572943350463384598,3975,1572943350409645080,,0.00989999994636,1.99999994948e-05,-1.99999994948e-05,0.00992999970913
1572943350517457191,3976,1572943350462702035,,0.00999999977648,1.99999994948e-05,-3.99999989895e-05,0.00997999962419
1572943350572722890,3977,1572943350516858100,,0.00999999977648,-4.99999987369e-05,2.99999992421e-05,0.0100299995393
1572943350677644353,3978,1572943350572593927,,0.00999999977648,-4.99999987369e-05,1.99999994948e-05,0.0100299995393
1572943350731781589,3979,1572943350677530050,,0.00999999977648,4.99999987369e-05,-9.99999974738e-06,0.00997999962419
1572943350785946652,3980,1572943350731070041,,0.00999999977648,7.9999997979e-05,-1.99999994948e-05,0.00994999986142
1572943350838310317,3981,1572943350785372972,,0.00989999994636,0.0,1.99999994948e-05,0.00992000009865
1572943350943245309,3982,1572943350838567018,,0.00999999977648,-5.99999984843e-05,4.99999987369e-05,0.0100299995393
1572943350995981578,3983,1572943350942508935,,0.00999999977648,-1.99999994948e-05,1.99999994948e-05,0.0100499996915
1572943351050629147,3984,1572943350996284961,,0.00999999977648,9.99999974738e-06,1.99999994948e-05,0.0100199999288
1572943351103674954,3985,1572943351050342082,,0.00999999977648,0.0,9.99999974738e-06,0.0100299995393
1572943351207160417,3986,1572943351103615999,,0.00999999977648,9.99999974738e-06,2.99999992421e-05,0.009990000166
1572943351261347030,3987,1572943351207546949,,0.00999999977648,2.99999992421e-05,-9.99999974738e-06,0.00997999962419
1572943351315914600,3988,1572943351261456966,,0.00999999977648,9.99999974738e-06,-9.99999974738e-06,0.0100199999288
1572943351369760123,3989,1572943351315108060,,0.00999999977648,-7.00000018696e-05,9.99999974738e-06,0.0100199999288
1572943351473690296,3990,1572943351368810892,,0.00999999977648,-4.99999987369e-05,-0.0,0.0100299995393
1572943351528147869,3991,1572943351473964929,,0.00999999977648,3.99999989895e-05,-4.99999987369e-05,0.0100199999288
1572943351582538622,3992,1572943351527955055,,0.00999999977648,3.99999989895e-05,-5.99999984843e-05,0.009990000166
1572943351635237646,3993,1572943351582001924,,0.00999999977648,9.99999974738e-06,-1.99999994948e-05,0.00997999962419
1572943351738115389,3994,1572943351634726047,,0.00999999977648,9.99999974738e-06,-1.99999994948e-05,0.00999999977648
1572943351792205323,3995,1572943351737530946,,0.00999999977648,-1.99999994948e-05,0.0,0.0100299995393
1572943351845684284,3996,1572943351791706085,,0.00999999977648,-3.99999989895e-05,0.0,0.0100400000811
1572943351900392461,3997,1572943351845721006,,0.00999999977648,-1.99999994948e-05,-0.0,0.00999999977648
1572943352004753441,3998,1572943351899509906,,0.00999999977648,3.99999989895e-05,-1.99999994948e-05,0.00997999962419
1572943352059485835,3999,1572943352004904031,,0.00999999977648,-0.0,9.99999974738e-06,0.0100299995393
1572943352112483443,4000,1572943352058739900,,0.00999999977648,-2.99999992421e-05,3.99999989895e-05,0.0100400000811
1572943352167492521,4001,1572943352112755060,,0.00999999977648,-4.99999987369e-05,1.99999994948e-05,0.0100400000811
1572943352271102918,4002,1572943352166851997,,0.00999999977648,-9.99999974738e-06,4.99999987369e-05,0.0100299995393
1572943352324162719,4003,1572943352270390987,,0.00999999977648,-2.99999992421e-05,1.99999994948e-05,0.0100400000811
1572943352377820102,4004,1572943352324063062,,0.00999999977648,-3.99999989895e-05,-0.0,0.0100299995393
1572943352481365338,4005,1572943352377914905,,0.00999999977648,0.0,-9.99999974738e-06,0.0100299995393
1572943352535973778,4006,1572943352481513023,,0.00999999977648,-2.99999992421e-05,-9.99999974738e-06,0.0100299995393
1572943352588663052,4007,1572943352535005092,,0.0100999996066,-5.99999984843e-05,-9.99999974738e-06,0.0100699998438
1572943352641381085,4008,1572943352588165998,,0.00999999977648,-2.99999992421e-05,-9.99999974738e-06,0.0100299995393
1572943352694292554,4009,1572943352640949010,,0.00999999977648,2.99999992421e-05,0.0,0.0100100003183
1572943352798251334,4010,1572943352693751096,,0.00999999977648,3.99999989895e-05,-4.99999987369e-05,0.009990000166
1572943352852547388,4011,1572943352798588991,,0.0100999996066,-5.99999984843e-05,3.99999989895e-05,0.0100600002334
1572943352907630739,4012,1572943352852188110,,0.00999999977648,-3.99999989895e-05,0.0,0.0100199999288
1572943352963795506,4013,1572943352907946109,,0.00999999977648,-1.99999994948e-05,1.99999994948e-05,0.0100400000811
1572943353016060609,4014,1572943352963251113,,0.0100999996066,-3.99999989895e-05,3.99999989895e-05,0.0100499996915
1572943353068414506,4015,1572943353015747070,,0.00999999977648,-3.99999989895e-05,2.99999992421e-05,0.0100199999288
1572943353121787281,4016,1572943353068052053,,0.00999999977648,3.99999989895e-05,1.99999994948e-05,0.0100100003183
1572943353175332348,4017,1572943353121246099,,0.00999999977648,9.99999974738e-06,9.99999974738e-06,0.00999999977648
1572943353228954842,4018,1572943353174711942,,0.00999999977648,-9.00000013644e-05,4.99999987369e-05,0.0100299995393
1572943353283234331,4019,1572943353228398084,,0.0100999996066,-0.000150000007125,4.99999987369e-05,0.0100999996066
1572943353337198248,4020,1572943353282473087,,0.0100999996066,-0.000150000007125,5.99999984843e-05,0.0100899999961
1572943353390300350,4021,1572943353336442947,,0.00999999977648,-3.99999989895e-05,-9.99999974738e-06,0.0100100003183
1572943353444518710,4022,1572943353390475988,,0.0100999996066,-3.99999989895e-05,-0.0,0.0100499996915
1572943353548400915,4023,1572943353444735050,,0.00999999977648,-5.99999984843e-05,-2.99999992421e-05,0.0100499996915
1572943353602673500,4024,1572943353548005104,,0.00999999977648,-3.99999989895e-05,-1.99999994948e-05,0.00999999977648
1572943353655082884,4025,1572943353601958036,,0.0100999996066,-5.99999984843e-05,-9.99999974738e-06,0.0100600002334
1572943353758641767,4026,1572943353654738903,,0.0100999996066,-9.99999974738e-05,-9.99999974738e-06,0.0100899999961
1572943353812612471,4027,1572943353758802890,,0.0100999996066,-7.9999997979e-05,2.99999992421e-05,0.0100699998438
1572943353865384845,4028,1572943353812724113,,0.00999999977648,-9.99999974738e-06,1.99999994948e-05,0.0100299995393
1572943353919541789,4029,1572943353865571975,,0.00999999977648,1.99999994948e-05,-9.99999974738e-06,0.0100100003183
1572943353972741011,4030,1572943353918951034,,0.00999999977648,1.99999994948e-05,-9.99999974738e-06,0.009990000166
1572943354076652339,4031,1572943353972181081,,0.0100999996066,-5.99999984843e-05,1.99999994948e-05,0.0100999996066
1572943354130646377,4032,1572943354075861930,,0.00999999977648,-3.99999989895e-05,1.99999994948e-05,0.0100299995393
1572943354183838261,4033,1572943354129888057,,0.0100999996066,-4.99999987369e-05,9.99999974738e-06,0.0100800003856
1572943354236185412,4034,1572943354183931112,,0.0100999996066,-5.99999984843e-05,-0.0,0.0100800003856
1572943354340608422,4035,1572943354236191034,,0.0100999996066,-4.99999987369e-05,9.99999974738e-06,0.0100800003856
1572943354395597082,4036,1572943354340786933,,0.00999999977648,-3.99999989895e-05,9.99999974738e-06,0.0100199999288
1572943354448593036,4037,1572943354394834995,,0.0100999996066,-4.99999987369e-05,1.99999994948e-05,0.0100800003856
1572943354503044063,4038,1572943354448928117,,0.0100999996066,-9.00000013644e-05,0.0,0.0101199997589
1572943354555742825,4039,1572943354502932071,,0.0100999996066,-9.00000013644e-05,-2.99999992421e-05,0.0100899999961
1572943354610154523,4040,1572943354555500030,,0.0100999996066,-5.99999984843e-05,-0.0,0.0101100001484
1572943354664505250,4041,1572943354609153032,,0.00999999977648,-1.99999994948e-05,-3.99999989895e-05,0.0100400000811
1572943354718043440,4042,1572943354664387941,,0.0100999996066,-9.99999974738e-05,-2.99999992421e-05,0.0100499996915
1572943354771105023,4043,1572943354718255996,,0.0100999996066,-7.00000018696e-05,0.0,0.0100499996915
1572943354825452070,4044,1572943354770737886,,0.0100999996066,-5.99999984843e-05,-0.0,0.0100800003856
1572943354878062510,4045,1572943354824713945,,0.0100999996066,-7.00000018696e-05,-1.99999994948e-05,0.0100800003856
1572943354931256186,4046,1572943354878036975,,0.0102000003681,-0.000130000000354,1.99999994948e-05,0.010150000453
1572943354984622478,4047,1572943354930825948,,0.00999999977648,-0.000110000000859,-1.99999994948e-05,0.0100299995393
1572943355090134831,4048,1572943354984606981,,0.0100999996066,-7.00000018696e-05,-1.99999994948e-05,0.0100600002334
1572943355144481559,4049,1572943355089459896,,0.00999999977648,-3.99999989895e-05,-9.99999974738e-06,0.0100199999288
1572943355198150926,4050,1572943355143663883,,0.0100999996066,-0.000110000000859,9.99999974738e-06,0.0100600002334
1572943355251075831,4051,1572943355197285890,,0.0100999996066,-0.000130000000354,4.99999987369e-05,0.0100600002334
1572943355304641392,4052,1572943355250972032,,0.0100999996066,-0.000110000000859,2.99999992421e-05,0.0101399999112
1572943355358788923,4053,1572943355304882049,,0.00999999977648,-7.00000018696e-05,1.99999994948e-05,0.0100499996915
1572943355413267547,4054,1572943355358851909,,0.0100999996066,-7.9999997979e-05,2.99999992421e-05,0.0100800003856
1572943355466567756,4055,1572943355412569046,,0.0100999996066,-9.99999974738e-05,1.99999994948e-05,0.0100699998438
1572943355520881889,4056,1572943355466555118,,0.00999999977648,-4.99999987369e-05,-1.99999994948e-05,0.0100400000811
1572943355576379297,4057,1572943355520860910,,0.0100999996066,-3.99999989895e-05,-9.99999974738e-06,0.0101300003007
1572943355630061546,4058,1572943355577070951,,0.0100999996066,-7.9999997979e-05,0.0,0.0100800003856
1572943355683454996,4059,1572943355630162000,,0.0102000003681,-0.000159999995958,1.99999994948e-05,0.010169999674
1572943355737726266,4060,1572943355683749914,,0.0100999996066,-0.000110000000859,-1.99999994948e-05,0.0100999996066
1572943355842159109,4061,1572943355737881898,,0.0100999996066,-2.99999992421e-05,-3.99999989895e-05,0.0100800003856
1572943355896408824,4062,1572943355842118978,,0.0100999996066,-9.99999974738e-06,-2.99999992421e-05,0.0100800003856
1572943355950516851,4063,1572943355896236896,,0.0100999996066,-7.00000018696e-05,-0.0,0.0101199997589
1572943356054857630,4064,1572943355950398921,,0.00999999977648,-7.9999997979e-05,1.99999994948e-05,0.0100499996915
1572943356107219629,4065,1572943356054271936,,0.0100999996066,-0.000140000003739,3.99999989895e-05,0.0100600002334
1572943356159875221,4066,1572943356107131958,,0.00949999969453,-0.000399999989895,7.9999997979e-05,0.00944000016898
1572943356213801480,4067,1572943356160027027,,0.00700000021607,-0.000190000006114,-0.000110000000859,0.00700000021607
1572943356267896944,4068,1572943356213793992,,0.00439999997616,-9.00000013644e-05,-0.000130000000354,0.00442000012845
1572943356371337649,4069,1572943356268138885,,0.00170000002254,-1.99999994948e-05,-7.9999997979e-05,0.00170000002254
1572943356423535756,4070,1572943356370645046,,0.00230000005104,1.99999994948e-05,-2.99999992421e-05,-0.00224999990314
1572943356476081151,4071,1572943356423455953,,0.00449999980628,-0.0,-9.99999974738e-06,-0.00454000011086
1572943356530066093,4072,1572943356475718975,,0.00829999987036,-3.99999989895e-05,9.99999974738e-06,-0.00827000010759
1572943356632237988,4073,1572943356529369115,,0.0108000002801,-0.0,-9.99999974738e-06,-0.0108200004324
1572943356685452913,4074,1572943356631784915,,0.0137999998406,4.99999987369e-05,-1.99999994948e-05,-0.0138299996033
1572943356740005193,4075,1572943356685039997,,0.018200000748,0.000169999999343,-5.99999984843e-05,-0.0181499999017
1572943356792909299,4076,1572943356739406108,,0.019200000912,0.000339999998687,-5.99999984843e-05,-0.0192399993539
1572943356896252847,4077,1572943356792290925,,0.0185000002384,0.000150000007125,0.000110000000859,-0.0185199994594
1572943356950268787,4078,1572943356896190881,,0.0170000009239,7.9999997979e-05,0.000119999996969,-0.0170499999076
1572943357003384384,4079,1572943356949846982,,0.0161000005901,7.00000018696e-05,7.9999997979e-05,-0.0161300003529
1572943357057666350,4080,1572943357003030061,,0.0148999998346,3.99999989895e-05,4.99999987369e-05,-0.0149100003764
1572943357111802565,4081,1572943357057316064,,0.0141000002623,1.99999994948e-05,4.99999987369e-05,-0.0140699995682
1572943357165331276,4082,1572943357111077070,,0.0131999999285,9.99999974738e-06,1.99999994948e-05,-0.0132200000808
1572943357219471111,4083,1572943357165692090,,0.0124000003561,9.99999974738e-06,9.99999974738e-06,-0.0124199995771
1572943357274450930,4084,1572943357219676971,,0.0109000001103,-0.0,1.99999994948e-05,-0.0108500001952
1572943357328907283,4085,1572943357273725986,,0.0100999996066,-9.99999974738e-06,1.99999994948e-05,-0.0101300003007
1572943357382570928,4086,1572943357328059911,,0.0100999996066,7.9999997979e-05,1.99999994948e-05,-0.0100800003856
1572943357435990042,4087,1572943357382719039,,0.00999999977648,9.99999974738e-06,4.99999987369e-05,-0.00999999977648
1572943357489884215,4088,1572943357436048030,,0.00999999977648,-3.99999989895e-05,2.99999992421e-05,-0.00999999977648
1572943357544201616,4089,1572943357489506959,,0.00999999977648,-2.99999992421e-05,-0.0,-0.00999999977648
1572943357596343478,4090,1572943357543380022,,0.00999999977648,-1.99999994948e-05,9.99999974738e-06,-0.00999999977648
1572943357650691856,4091,1572943357596132993,,0.0100999996066,9.99999974738e-06,-4.99999987369e-05,-0.0100499996915
1572943357705917469,4092,1572943357650207042,,0.0100999996066,3.99999989895e-05,-1.99999994948e-05,-0.0100499996915
1572943357759700183,4093,1572943357705054998,,0.00999999977648,4.99999987369e-05,-2.99999992421e-05,-0.0100199999288
1572943357812558770,4094,1572943357758919954,,0.0100999996066,1.99999994948e-05,-2.99999992421e-05,-0.0100499996915
1572943357915987418,4095,1572943357812401056,,0.00989999994636,-2.99999992421e-05,-1.99999994948e-05,-0.00994000025094
1572943357969466952,4096,1572943357916127920,,0.00999999977648,-3.99999989895e-05,-1.99999994948e-05,-0.00997999962419
1572943358023335933,4097,1572943357969209909,,0.00999999977648,3.99999989895e-05,-4.99999987369e-05,-0.009990000166
1572943358077618897,4098,1572943358023200035,,0.0100999996066,0.000119999996969,-3.99999989895e-05,-0.0100699998438
1572943358131361791,4099,1572943358077204942,,0.0100999996066,9.00000013644e-05,-1.99999994948e-05,-0.0100899999961
1572943358185756070,4100,1572943358130976915,,0.00999999977648,9.99999974738e-06,0.0,-0.0100100003183
1572943358239724693,4101,1572943358185102939,,0.00999999977648,-9.99999974738e-06,1.99999994948e-05,-0.0100199999288
1572943358291481852,4102,1572943358238884925,,0.00999999977648,-9.99999974738e-06,9.99999974738e-06,-0.00997000001371
1572943358344810811,4103,1572943358291393041,,0.00999999977648,-1.99999994948e-05,2.99999992421e-05,-0.00997999962419
1572943358398762034,4104,1572943358344813108,,0.00999999977648,9.99999974738e-06,2.99999992421e-05,-0.00999999977648
1572943358453365573,4105,1572943358398857116,,0.0100999996066,3.99999989895e-05,1.99999994948e-05,-0.0100699998438
1572943358506857782,4106,1572943358452461004,,0.00999999977648,7.9999997979e-05,2.99999992421e-05,-0.0100299995393
1572943358559361161,4107,1572943358506275892,,0.00999999977648,1.99999994948e-05,9.99999974738e-06,-0.0100400000811
1572943358613863332,4108,1572943358559076070,,0.00999999977648,-5.99999984843e-05,9.99999974738e-06,-0.00994999986142
1572943358667273957,4109,1572943358613131999,,0.00999999977648,-5.99999984843e-05,-9.99999974738e-06,-0.00994999986142
1572943358721799855,4110,1572943358667372941,,0.00999999977648,0.0,-9.99999974738e-06,-0.00997999962419
1572943358775696490,4111,1572943358721210002,,0.00999999977648,9.99999974738e-06,-1.99999994948e-05,-0.00996000040323
1572943358830919627,4112,1572943358774962902,,0.00999999977648,2.99999992421e-05,-2.99999992421e-05,-0.0100199999288
1572943358884436089,4113,1572943358830213069,,0.00999999977648,9.99999974738e-06,-1.99999994948e-05,-0.0100299995393
1572943358939052382,4114,1572943358883991956,,0.00999999977648,-9.99999974738e-06,-2.99999992421e-05,-0.0100199999288
1572943358992409145,4115,1572943358938482046,,0.00989999994636,-2.99999992421e-05,-2.99999992421e-05,-0.00994000025094
1572943359046426897,4116,1572943358992623090,,0.00989999994636,-7.00000018696e-05,-2.99999992421e-05,-0.00992999970913
1572943359152449652,4117,1572943359046607971,,0.00989999994636,-9.00000013644e-05,1.99999994948e-05,-0.00992999970913
1572943359205399730,4118,1572943359151650905,,0.00999999977648,-2.99999992421e-05,1.99999994948e-05,-0.00997000001371
1572943359259791919,4119,1572943359205218076,,0.00999999977648,0.0,1.99999994948e-05,-0.00996000040323
1572943359313495829,4120,1572943359259073972,,0.00999999977648,-9.99999974738e-06,-0.0,-0.0100199999288
1572943359415954779,4121,1572943359312845945,,0.00999999977648,-1.99999994948e-05,0.0,-0.0100299995393
1572943359469072454,4122,1572943359415376901,,0.00999999977648,-2.99999992421e-05,9.99999974738e-06,-0.00996000040323
1572943359522190719,4123,1572943359469238996,,0.00989999994636,-0.0,1.99999994948e-05,-0.00992999970913
1572943359576406185,4124,1572943359522171020,,0.00999999977648,-1.99999994948e-05,2.99999992421e-05,-0.00996000040323
1572943359630004660,4125,1572943359575598001,,0.00999999977648,-9.99999974738e-06,9.99999974738e-06,-0.0100199999288
1572943359684523080,4126,1572943359629173040,,0.00999999977648,-0.0,0.0,-0.0100199999288
1572943359738579112,4127,1572943359684751987,,0.00999999977648,2.99999992421e-05,-2.99999992421e-05,-0.0100199999288
1572943359793343737,4128,1572943359738856077,,0.00989999994636,-1.99999994948e-05,-2.99999992421e-05,-0.00994999986142
1572943359847478137,4129,1572943359792714118,,0.00989999994636,-7.00000018696e-05,-9.99999974738e-06,-0.00992999970913
1572943359951547179,4130,1572943359846714019,,0.00989999994636,-3.99999989895e-05,-0.0,-0.00990999955684
1572943360004668011,4131,1572943359950479984,,0.00999999977648,9.99999974738e-06,-9.99999974738e-06,-0.00996000040323
1572943360058610101,4132,1572943360004751920,,0.00999999977648,9.99999974738e-06,-9.99999974738e-06,-0.0100199999288
1572943360112886255,4133,1572943360058851957,,0.00999999977648,-3.99999989895e-05,-1.99999994948e-05,-0.00996000040323
1572943360216870924,4134,1572943360112829923,,0.00989999994636,-4.99999987369e-05,-3.99999989895e-05,-0.00994000025094
1572943360270954454,4135,1572943360216573953,,0.00989999994636,-4.99999987369e-05,9.99999974738e-06,-0.00989000033587
1572943360325573351,4136,1572943360270958900,,0.00989999994636,-4.99999987369e-05,2.99999992421e-05,-0.00992999970913
1572943360378360417,4137,1572943360324882030,,0.00989999994636,-7.00000018696e-05,0.0,-0.00992999970913
1572943360433999500,4138,1572943360377763032,,0.00989999994636,-2.99999992421e-05,1.99999994948e-05,-0.00992999970913
1572943360487751880,4139,1572943360433423042,,0.00999999977648,9.99999974738e-06,2.99999992421e-05,-0.009990000166
1572943360541646825,4140,1572943360487087965,,0.00999999977648,-0.0,0.0,-0.0100199999288
1572943360595202088,4141,1572943360540997982,,0.0097000002861,-7.9999997979e-05,3.99999989895e-05,-0.00968000013381
1572943360700128705,4142,1572943360595434904,,0.00989999994636,-0.000140000003739,3.99999989895e-05,-0.00985999964178
1572943360752824007,4143,1572943360699453115,,0.0115999998525,0.0,-0.0,-0.0116200000048
1572943360806682034,4144,1572943360752196073,,0.0125000001863,7.9999997979e-05,-1.99999994948e-05,-0.0124700004235
1572943360860088931,4145,1572943360805708885,,0.0136000001803,3.99999989895e-05,-9.99999974738e-06,-0.0136399995536
1572943360964081413,4146,1572943360859781980,,0.0144999995828,3.99999989895e-05,-3.99999989895e-05,-0.0144899999723
1572943361018302782,4147,1572943360964267969,,0.0156999994069,7.00000018696e-05,1.99999994948e-05,-0.0156999994069
1572943361072704281,4148,1572943361018532037,,0.0165999997407,9.99999974738e-06,2.99999992421e-05,-0.0165800005198
1572943361127959293,4149,1572943361072417974,,0.0175000000745,3.99999989895e-05,-9.99999974738e-06,-0.0174599997699
1572943361179008093,4150,1572943361127074003,,0.0183000005782,4.99999987369e-05,9.99999974738e-06,-0.0182900000364
1572943361232400654,4151,1572943361178774118,,0.0194000005722,3.99999989895e-05,1.99999994948e-05,-0.0193700008094
1572943361286948460,4152,1572943361232069969,,0.019999999553,7.9999997979e-05,1.99999994948e-05,-0.0200299993157
1572943361340230635,4153,1572943361286391019,,0.019999999553,4.99999987369e-05,9.99999974738e-06,-0.0200399998575
1572943361393716492,4154,1572943361339247941,,0.019999999553,-1.99999994948e-05,1.99999994948e-05,-0.0199599992484
1572943361448968933,4155,1572943361393121957,,0.019999999553,1.99999994948e-05,0.0,-0.0199599992484
1572943361502277417,4156,1572943361448095083,,0.019999999553,9.99999974738e-06,4.99999987369e-05,-0.0199599992484
1572943361556213041,4157,1572943361502145051,,0.0200999993831,7.9999997979e-05,-9.99999974738e-06,-0.0201099999249
1572943361610616069,4158,1572943361556488037,,0.0200999993831,7.9999997979e-05,-5.99999984843e-05,-0.0200999993831
1572943361665343983,4159,1572943361610188007,,0.0200999993831,2.99999992421e-05,1.99999994948e-05,-0.0200699996203
1572943361719928775,4160,1572943361665684938,,0.019999999553,0.000119999996969,-9.99999974738e-06,-0.0199599992484
1572943361773456393,4161,1572943361719225883,,0.019200000912,9.00000013644e-05,-3.99999989895e-05,-0.0192200001329
1572943361876997896,4162,1572943361772958040,,0.018200000748,0.000119999996969,-7.00000018696e-05,-0.018219999969
1572943361930799791,4163,1572943361877038002,,0.0164999999106,1.99999994948e-05,-9.99999974738e-06,-0.0165400002152
1572943361983007970,4164,1572943361930254936,,0.0156999994069,1.99999994948e-05,0.0,-0.0156699996442
1572943362037069207,4165,1572943361983041048,,0.0148000000045,4.99999987369e-05,-9.99999974738e-06,-0.0147799998522
1572943362091516094,4166,1572943362037065982,,0.0138999996707,0.000130000000354,-5.99999984843e-05,-0.013919999823
1572943362195210471,4167,1572943362090990066,,0.0129000004381,1.99999994948e-05,-1.99999994948e-05,-0.0129399998114
1572943362249028745,4168,1572943362194591045,,0.0119000002742,5.99999984843e-05,0.0,-0.0118800001219
1572943362302426374,4169,1572943362248419046,,0.0109999999404,3.99999989895e-05,-3.99999989895e-05,-0.0109700001776
1572943362356352540,4170,1572943362302499055,,0.0102000003681,-4.99999987369e-05,-9.99999974738e-06,-0.0101899998263
1572943362459216895,4171,1572943362355892896,,0.00999999977648,-9.99999974738e-06,2.99999992421e-05,-0.00999999977648
1572943362514118012,4172,1572943362459538936,,0.00999999977648,-9.99999974738e-06,1.99999994948e-05,-0.0100199999288
1572943362567676008,4173,1572943362513389110,,0.00999999977648,4.99999987369e-05,9.99999974738e-06,-0.0100299995393
1572943362621007532,4174,1572943362567234992,,0.00999999977648,9.99999974738e-06,2.99999992421e-05,-0.00999999977648
1572943362726783753,4175,1572943362620904922,,0.00999999977648,-9.99999974738e-06,9.99999974738e-06,-0.00997000001371
1572943362779524979,4176,1572943362725917100,,0.00999999977648,-4.99999987369e-05,3.99999989895e-05,-0.00997000001371
1572943362834222049,4177,1572943362779668092,,0.00999999977648,-1.99999994948e-05,1.99999994948e-05,-0.00997999962419
1572943362936460874,4178,1572943362833446979,,0.00999999977648,-2.99999992421e-05,-9.99999974738e-06,-0.00997000001371
1572943362990808221,4179,1572943362936279058,,0.00999999977648,-9.99999974738e-06,-9.99999974738e-06,-0.0100199999288
1572943363044069709,4180,1572943362990107059,,0.00999999977648,-3.99999989895e-05,-0.0,-0.009990000166
1572943363097922260,4181,1572943363043698072,,0.00999999977648,-1.99999994948e-05,-2.99999992421e-05,-0.009990000166
1572943363151855948,4182,1572943363097552061,,0.00989999994636,-3.99999989895e-05,-9.99999974738e-06,-0.00992999970913
1572943363205787285,4183,1572943363152087926,,0.00999999977648,-3.99999989895e-05,-1.99999994948e-05,-0.00996000040323
1572943363259607501,4184,1572943363205852031,,0.00999999977648,9.99999974738e-06,-3.99999989895e-05,-0.0100199999288
1572943363312955116,4185,1572943363259649038,,0.00999999977648,1.99999994948e-05,-9.99999974738e-06,-0.00999999977648
1572943363366268403,4186,1572943363312349081,,0.00999999977648,-1.99999994948e-05,-2.99999992421e-05,-0.00997000001371
1572943363419325497,4187,1572943363366272926,,0.00999999977648,-2.99999992421e-05,-1.99999994948e-05,-0.00997000001371
1572943363471426447,4188,1572943363419358015,,0.00999999977648,-3.99999989895e-05,9.99999974738e-06,-0.00996000040323
1572943363524817319,4189,1572943363471366882,,0.00999999977648,-3.99999989895e-05,4.99999987369e-05,-0.00994999986142
1572943363578213963,4190,1572943363524538040,,0.00989999994636,-3.99999989895e-05,1.99999994948e-05,-0.00992000009865
1572943363630902554,4191,1572943363577699899,,0.00999999977648,-4.99999987369e-05,2.99999992421e-05,-0.00996000040323
1572943363685124381,4192,1572943363630916118,,0.00999999977648,-2.99999992421e-05,2.99999992421e-05,-0.0100100003183
1572943363739013557,4193,1572943363684475898,,0.00999999977648,-4.99999987369e-05,3.99999989895e-05,-0.00997999962419
1572943363792285363,4194,1572943363738198995,,0.00999999977648,-5.99999984843e-05,1.99999994948e-05,-0.00996000040323
1572943363845708174,4195,1572943363792238950,,0.00999999977648,-9.99999974738e-05,-0.0,-0.00994999986142
1572943363899125646,4196,1572943363845249891,,0.00999999977648,-5.99999984843e-05,2.99999992421e-05,-0.00997000001371
1572943364003610411,4197,1572943363899163961,,0.00999999977648,-7.00000018696e-05,9.99999974738e-06,-0.00994999986142
1572943364057089985,4198,1572943364003035068,,0.00999999977648,-7.00000018696e-05,0.0,-0.00997000001371
1572943364111055666,4199,1572943364057276964,,0.00989999994636,-7.9999997979e-05,-1.99999994948e-05,-0.00994000025094
1572943364215939688,4200,1572943364111285924,,0.00999999977648,-9.99999974738e-06,-1.99999994948e-05,-0.0100100003183
1572943364268806716,4201,1572943364215100049,,0.00989999994636,-9.99999974738e-06,-1.99999994948e-05,-0.00992000009865
1572943364322259541,4202,1572943364268182992,,0.00989999994636,-5.99999984843e-05,-9.99999974738e-06,-0.00989999994636
1572943364375499545,4203,1572943364321914911,,0.00989999994636,-7.00000018696e-05,9.99999974738e-06,-0.00992999970913
1572943364430043020,4204,1572943364375632047,,0.00989999994636,-4.99999987369e-05,9.99999974738e-06,-0.00994999986142
1572943364485076425,4205,1572943364429193973,,0.00999999977648,-0.0,0.0,-0.009990000166
1572943364538493781,4206,1572943364484426021,,0.00949999969453,-9.99999974738e-06,-9.99999974738e-06,-0.00946999993175
1572943364592410413,4207,1572943364538608074,,0.00860000029206,-1.99999994948e-05,9.99999974738e-06,-0.00863999966532
1572943364646676000,4208,1572943364591892957,,0.00760000012815,1.99999994948e-05,0.0,-0.00762999989092
1572943364748880119,4209,1572943364645855903,,0.00669999979436,-1.99999994948e-05,-0.0,-0.00671999994665
1572943364802569189,4210,1572943364748203039,,0.00529999984428,-5.99999984843e-05,1.99999994948e-05,-0.00531999999657
1572943364856716019,4211,1572943364801949977,,0.00410000002012,-4.99999987369e-05,1.99999994948e-05,-0.00407999986783
1572943364959416396,4212,1572943364856069087,,0.00319999991916,-9.99999974738e-06,1.99999994948e-05,-0.00319999991916
1572943365013228989,4213,1572943364958792924,,0.00209999992512,9.99999974738e-06,-9.99999974738e-06,-0.00206999992952
1572943365066197492,4214,1572943365013439893,,0.001200000057,-2.99999992421e-05,9.99999974738e-06,-0.00118999998085
1572943365120455005,4215,1572943365066262960,,0.000399999989895,-4.99999987369e-05,9.99999974738e-06,-0.00034999998752
1572943365174201081,4216,1572943365119851112,,0.0,-2.99999992421e-05,9.99999974738e-06,0.0
1572943365228010464,4217,1572943365173633098,,0.0,-9.99999974738e-06,0.0,9.99999974738e-06
1572943365281634122,4218,1572943365227413892,,9.99999974738e-05,-3.99999989895e-05,9.99999974738e-06,3.99999989895e-05
1572943365334880420,4219,1572943365281012058,,0.0,-9.99999974738e-06,9.99999974738e-06,1.99999994948e-05
1572943365388901054,4220,1572943365334760904,,0.0,9.99999974738e-06,0.0,0.0
1572943365492741740,4221,1572943365388921976,,0.0,9.99999974738e-06,-0.0,0.0
1572943365546851033,4222,1572943365492698907,,0.0,0.0,0.0,9.99999974738e-06
1572943365601373516,4223,1572943365546334028,,0.0,9.99999974738e-06,-9.99999974738e-06,9.99999974738e-06
1572943365655213264,4224,1572943365600807905,,0.0,2.99999992421e-05,-1.99999994948e-05,-0.0
1572943365710064812,4225,1572943365654433965,,0.0,0.0,-9.99999974738e-06,1.99999994948e-05
1572943365764807289,4226,1572943365710206985,,0.0,9.99999974738e-06,-0.0,9.99999974738e-06
1572943365818282775,4227,1572943365764142990,,0.0,-9.99999974738e-06,-9.99999974738e-06,1.99999994948e-05
1572943365872906178,4228,1572943365818232059,,0.0,9.99999974738e-06,-0.0,0.0
1572943365925385983,4229,1572943365872148990,,0.0,9.99999974738e-06,1.99999994948e-05,0.0
1572943366029118997,4230,1572943365924942970,,0.0,0.0,-1.99999994948e-05,9.99999974738e-06
1572943366082523979,4231,1572943366028724908,,0.0,0.0,0.0,0.0
1572943366134860780,4232,1572943366082652091,,0.0,9.99999974738e-06,-1.99999994948e-05,0.0
1572943366188852058,4233,1572943366134896993,,0.0,-9.99999974738e-06,9.99999974738e-06,0.0
1572943366292918464,4234,1572943366188852071,,0.0,-0.0,0.0,-0.0
1572943366346942421,4235,1572943366293036937,,0.0,9.99999974738e-06,0.0,-9.99999974738e-06
1572943366401052942,4236,1572943366346940994,,0.0,-0.0,-0.0,-0.0
1572943366454983991,4237,1572943366401129007,,0.0,1.99999994948e-05,-0.0,-9.99999974738e-06
1572943366510095021,4238,1572943366455048084,,0.0,-0.0,-9.99999974738e-06,0.0
1572943366563181273,4239,1572943366509438991,,0.0,1.99999994948e-05,-1.99999994948e-05,-9.99999974738e-06
1572943366617678384,4240,1572943366563292980,,0.0,9.99999974738e-06,9.99999974738e-06,-0.0
1572943366720807173,4241,1572943366617069005,,0.0,0.0,9.99999974738e-06,9.99999974738e-06
1572943366775147860,4242,1572943366721232891,,0.0,1.99999994948e-05,9.99999974738e-06,-9.99999974738e-06
1572943366828373620,4243,1572943366775266885,,0.0,-0.0,9.99999974738e-06,0.0
1572943366881547678,4244,1572943366827827930,,0.0,0.0,-1.99999994948e-05,-9.99999974738e-06
1572943366933664651,4245,1572943366881715059,,0.0,9.99999974738e-06,9.99999974738e-06,-0.0
1572943366985069104,4246,1572943366933438062,,0.0,0.0,9.99999974738e-06,0.0
1572943367038222987,4247,1572943366985101938,,0.0,-0.0,0.0,0.0
1572943367091646879,4248,1572943367037734985,,0.0,0.0,-9.99999974738e-06,-0.0
1572943367147315747,4249,1572943367091502904,,0.0,-1.99999994948e-05,-9.99999974738e-06,9.99999974738e-06
1572943367201308008,4250,1572943367147346973,,0.0,0.0,0.0,-0.0
1572943367255446900,4251,1572943367201445102,,0.0,9.99999974738e-06,-1.99999994948e-05,-9.99999974738e-06
1572943367308711144,4252,1572943367254981994,,0.0,-1.99999994948e-05,-9.99999974738e-06,9.99999974738e-06
1572943367612577376,4253,1572943367308706998,,0.0,1.99999994948e-05,-9.99999974738e-06,-9.99999974738e-06
1572943367665331492,4254,1572943367612070083,,0.0,-2.99999992421e-05,2.99999992421e-05,9.99999974738e-06
1572943367718641248,4255,1572943367664690017,,0.0,-3.99999989895e-05,-0.0,9.99999974738e-06
1572943367771205960,4256,1572943367718530893,,0.0,-2.99999992421e-05,0.0,9.99999974738e-06
1572943367824656850,4257,1572943367771377086,,0.0,-2.99999992421e-05,1.99999994948e-05,9.99999974738e-06
1572943367877433990,4258,1572943367824068069,,0.0,-1.99999994948e-05,1.99999994948e-05,9.99999974738e-06
1572943367931328796,4259,1572943367877964973,,0.0,-1.99999994948e-05,1.99999994948e-05,0.0
1572943367985448528,4260,1572943367930830955,,9.99999974738e-05,-3.99999989895e-05,1.99999994948e-05,1.99999994948e-05
1572943368088556473,4261,1572943367984566926,,0.0,-1.99999994948e-05,2.99999992421e-05,9.99999974738e-06
1572943368142808110,4262,1572943368088195085,,0.0,-2.99999992421e-05,2.99999992421e-05,9.99999974738e-06
1572943368196609926,4263,1572943368142142057,,0.0,-2.99999992421e-05,1.99999994948e-05,9.99999974738e-06
1572943368248972587,4264,1572943368195662021,,0.0,-0.0,9.99999974738e-06,0.0
1572943368302745610,4265,1572943368248516082,,0.0,-9.99999974738e-06,1.99999994948e-05,9.99999974738e-06
1572943368406495415,4266,1572943368302073955,,0.0,-9.99999974738e-06,2.99999992421e-05,9.99999974738e-06
1572943368460115464,4267,1572943368405822038,,0.0,-9.99999974738e-06,1.99999994948e-05,0.0
1572943368513961902,4268,1572943368459326028,,0.0,-9.99999974738e-06,9.99999974738e-06,0.0
1572943368617505138,4269,1572943368513222932,,0.0,-9.99999974738e-06,9.99999974738e-06,9.99999974738e-06
1572943368671459443,4270,1572943368617727041,,0.0,1.99999994948e-05,-9.99999974738e-06,-9.99999974738e-06
1572943368724948280,4271,1572943368671653032,,0.0,-9.99999974738e-06,-1.99999994948e-05,0.0
1572943368778855114,4272,1572943368724628925,,0.0,0.0,-1.99999994948e-05,-0.0
1572943368831857059,4273,1572943368778294086,,0.0,-1.99999994948e-05,0.0,9.99999974738e-06
1572943368885874866,4274,1572943368832113027,,0.0,-9.99999974738e-06,9.99999974738e-06,9.99999974738e-06
1572943368937113136,4275,1572943368885976076,,0.0,-9.99999974738e-06,0.0,9.99999974738e-06
1572943368988136044,4276,1572943368936964035,,0.0,9.99999974738e-06,-9.99999974738e-06,-0.0
1572943369041494320,4277,1572943368987941980,,0.0,1.99999994948e-05,-0.0,-9.99999974738e-06
1572943369146447609,4278,1572943369041873931,,0.0,9.99999974738e-06,-9.99999974738e-06,-9.99999974738e-06
1572943369200156698,4279,1572943369146600008,,0.0,9.99999974738e-06,-0.0,-9.99999974738e-06
1572943369253359786,4280,1572943369199636936,,0.0,-1.99999994948e-05,9.99999974738e-06,9.99999974738e-06
1572943369305993311,4281,1572943369253293991,,0.0,0.0,1.99999994948e-05,0.0
