%time,field.header.seq,field.header.stamp,field.header.frame_id,field.speed,field.vx,field.vy,field.vz
1572930237182818686,5796,1572930237127886056,,0.0,-1.99999994948e-05,1.99999994948e-05,1.99999994948e-05
1572930237285765602,5797,1572930237182651042,,0.0,-0.0,9.99999974738e-06,0.0
1572930237339454909,5798,1572930237285974025,,0.0,0.0,-1.99999994948e-05,-9.99999974738e-06
1572930237394546817,5799,1572930237339677095,,0.0,-0.0,-0.0,-0.0
1572930237447685453,5800,1572930237393775939,,0.0,-9.99999974738e-06,9.99999974738e-06,9.99999974738e-06
1572930237501538694,5801,1572930237447909116,,0.0,-1.99999994948e-05,2.99999992421e-05,1.99999994948e-05
1572930237555432178,5802,1572930237501543998,,0.0,1.99999994948e-05,-9.99999974738e-06,-9.99999974738e-06
1572930237610067124,5803,1572930237555578947,,0.0,-0.0,-1.99999994948e-05,-0.0
1572930237662816681,5804,1572930237609466075,,0.0,9.99999974738e-06,-9.99999974738e-06,-9.99999974738e-06
1572930237716872646,5805,1572930237662832021,,0.0,-9.99999974738e-06,-0.0,9.99999974738e-06
1572930237820895570,5806,1572930237716473102,,0.0,0.0,-0.0,-0.0
1572930237876393324,5807,1572930237820338010,,0.0,-0.0,-0.0,0.0
1572930237929550358,5808,1572930237875283002,,0.0,9.99999974738e-06,0.0,-9.99999974738e-06
1572930237982241473,5809,1572930237928970098,,0.0,0.0,-0.0,-0.0
1572930238036443274,5810,1572930237982650995,,0.0,-9.99999974738e-06,9.99999974738e-06,9.99999974738e-06
1572930238089786654,5811,1572930238036561012,,0.0,9.99999974738e-06,-1.99999994948e-05,-1.99999994948e-05
1572930238142395197,5812,1572930238089144945,,0.0,-1.99999994948e-05,9.99999974738e-06,1.99999994948e-05
1572930238193295865,5813,1572930238141803026,,0.0,9.99999974738e-06,9.99999974738e-06,0.0
1572930238248031458,5814,1572930238192977905,,0.0,-1.99999994948e-05,1.99999994948e-05,1.99999994948e-05
1572930238351634637,5815,1572930238247061014,,9.99999974738e-05,-3.99999989895e-05,2.99999992421e-05,2.99999992421e-05
1572930238404657220,5816,1572930238350918054,,0.0,0.0,-0.0,-0.0
1572930238459172942,5817,1572930238404649972,,0.0,-9.99999974738e-06,9.99999974738e-06,9.99999974738e-06
1572930238512405813,5818,1572930238458506107,,0.0,-1.99999994948e-05,2.99999992421e-05,1.99999994948e-05
1572930238567649243,5819,1572930238512562036,,0.0,-9.99999974738e-06,0.0,0.0
1572930238621166323,5820,1572930238567748069,,0.0,9.99999974738e-06,-0.0,0.0
1572930238674620337,5821,1572930238620601892,,0.0,-9.99999974738e-06,-9.99999974738e-06,9.99999974738e-06
1572930238728481405,5822,1572930238674299955,,0.0,9.99999974738e-06,-9.99999974738e-06,-9.99999974738e-06
1572930238832923292,5823,1572930238728598117,,0.0,-0.0,-9.99999974738e-06,-0.0
1572930238885812211,5824,1572930238832205057,,0.0,0.0,-0.0,0.0
1572930238940065895,5825,1572930238886111974,,0.0,9.99999974738e-06,0.0,-9.99999974738e-06
1572930238993869100,5826,1572930238939768075,,0.0,9.99999974738e-06,1.99999994948e-05,-0.0
1572930239047468118,5827,1572930238994107007,,0.0,9.99999974738e-06,0.0,0.0
1572930239101234190,5828,1572930239046835899,,0.0,0.0,9.99999974738e-06,-0.0
1572930239154853308,5829,1572930239100584030,,0.0,-0.0,-9.99999974738e-06,-0.0
1572930239209095129,5830,1572930239154014110,,0.0,0.0,-1.99999994948e-05,-9.99999974738e-06
1572930239262016618,5831,1572930239208419084,,0.0,-0.0,9.99999974738e-06,-0.0
1572930239315277666,5832,1572930239261588096,,0.0,0.0,0.0,0.0
1572930239418709652,5833,1572930239314851045,,0.0,-0.0,9.99999974738e-06,9.99999974738e-06
1572930239473641606,5834,1572930239418901920,,0.0,9.99999974738e-06,9.99999974738e-06,-9.99999974738e-06
1572930239527471103,5835,1572930239473826885,,0.0,0.0,-1.99999994948e-05,-0.0
1572930239581780734,5836,1572930239527470111,,0.0,-0.0,-2.99999992421e-05,-0.0
1572930239635877251,5837,1572930239581042051,,0.0,0.0,0.0,-0.0
1572930239689713023,5838,1572930239636154890,,0.0,9.99999974738e-06,-2.99999992421e-05,-9.99999974738e-06
1572930239743783380,5839,1572930239689757108,,0.0,0.0,0.0,9.99999974738e-06
1572930239798345442,5840,1572930239743457078,,0.0,-9.99999974738e-06,1.99999994948e-05,9.99999974738e-06
1572930239903017674,5841,1572930239798543930,,0.0,9.99999974738e-06,9.99999974738e-06,-0.0
1572930239955563378,5842,1572930239902371883,,0.0,9.99999974738e-06,0.0,-9.99999974738e-06
1572930240008243137,5843,1572930239955143928,,0.0,9.99999974738e-06,-0.0,-9.99999974738e-06
1572930240061690382,5844,1572930240007812976,,0.0,-9.99999974738e-06,-9.99999974738e-06,9.99999974738e-06
1572930240116808150,5845,1572930240061103105,,0.0,1.99999994948e-05,9.99999974738e-06,-9.99999974738e-06
1572930240169126290,5846,1572930240114943027,,0.0,-0.0,9.99999974738e-06,0.0
1572930240222973002,5847,1572930240168422937,,0.0,-0.0,-0.0,0.0
1572930240276030445,5848,1572930240222318887,,0.0,-0.0,-0.0,0.0
1572930240382072431,5849,1572930240276195049,,0.0,0.0,1.99999994948e-05,-9.99999974738e-06
1572930240435532392,5850,1572930240381438970,,0.0,-0.0,-0.0,0.0
1572930240489934452,5851,1572930240435045003,,0.0,-1.99999994948e-05,1.99999994948e-05,9.99999974738e-06
1572930240543429555,5852,1572930240489192962,,0.0,-1.99999994948e-05,-1.99999994948e-05,9.99999974738e-06
1572930240596531372,5853,1572930240542716979,,0.0,-9.99999974738e-06,9.99999974738e-06,0.0
1572930240650307068,5854,1572930240596518993,,0.0,0.0,9.99999974738e-06,0.0
1572930240703678505,5855,1572930240650310039,,0.0,0.0,-0.0,-0.0
1572930240757972020,5856,1572930240704138040,,0.0,0.0,-9.99999974738e-06,-9.99999974738e-06
1572930240861893403,5857,1572930240758239030,,0.0,9.99999974738e-06,-9.99999974738e-06,-9.99999974738e-06
1572930240917738265,5858,1572930240861876010,,0.0,-0.0,9.99999974738e-06,0.0
1572930240971055894,5859,1572930240916697025,,0.0,9.99999974738e-06,-1.99999994948e-05,-0.0
1572930241024487360,5860,1572930240970340013,,0.0,9.99999974738e-06,9.99999974738e-06,-0.0
1572930241078984338,5861,1572930241024096965,,0.0,9.99999974738e-06,-9.99999974738e-06,-0.0
1572930241132186923,5862,1572930241078315973,,0.0,-9.99999974738e-06,1.99999994948e-05,9.99999974738e-06
1572930241185966435,5863,1572930241132219076,,0.0,9.99999974738e-06,-0.0,-0.0
1572930241239633584,5864,1572930241186047077,,0.0,0.0,-0.0,-9.99999974738e-06
1572930241293748056,5865,1572930241239185094,,0.0,0.0,-1.99999994948e-05,-9.99999974738e-06
1572930241397206290,5866,1572930241293291091,,0.0,-9.99999974738e-06,9.99999974738e-06,9.99999974738e-06
1572930241451135707,5867,1572930241396636962,,0.0,0.0,-0.0,-9.99999974738e-06
1572930241504229407,5868,1572930241450393915,,0.0,-0.0,-0.0,0.0
1572930241557941668,5869,1572930241504221916,,0.0,-9.99999974738e-06,0.0,0.0
1572930241661782701,5870,1572930241557967901,,0.0,1.99999994948e-05,-9.99999974738e-06,-2.99999992421e-05
1572930241716034167,5871,1572930241661974906,,0.0,9.99999974738e-06,-0.0,-9.99999974738e-06
1572930241769331786,5872,1572930241715646028,,0.0,9.99999974738e-06,-1.99999994948e-05,-9.99999974738e-06
1572930241823304843,5873,1572930241769560098,,0.0,0.0,9.99999974738e-06,0.0
1572930241878171848,5874,1572930241823357105,,0.0,0.0,0.0,-0.0
1572930241933013758,5875,1572930241878215074,,0.0,-9.99999974738e-06,-9.99999974738e-06,9.99999974738e-06
1572930241986233993,5876,1572930241932221889,,0.0,9.99999974738e-06,-9.99999974738e-06,-9.99999974738e-06
1572930242040683586,5877,1572930241985920906,,0.0,-9.99999974738e-06,-0.0,0.0
1572930242144135361,5878,1572930242040067911,,0.0,0.0,0.0,0.0
1572930242198448862,5879,1572930242143899917,,0.0,-0.0,9.99999974738e-06,9.99999974738e-06
1572930242251613479,5880,1572930242197694063,,0.0,-1.99999994948e-05,9.99999974738e-06,1.99999994948e-05
1572930242305861240,5881,1572930242251710891,,0.0,-0.0,9.99999974738e-06,0.0
1572930242359716908,5882,1572930242305480003,,0.0,0.0,9.99999974738e-06,-9.99999974738e-06
1572930242414879524,5883,1572930242359925985,,0.0,-0.0,-2.99999992421e-05,-9.99999974738e-06
1572930242468768346,5884,1572930242414284944,,0.0,9.99999974738e-06,-9.99999974738e-06,-0.0
1572930242522089177,5885,1572930242467880964,,0.0,1.99999994948e-05,1.99999994948e-05,-9.99999974738e-06
1572930242576004634,5886,1572930242521826028,,0.0,1.99999994948e-05,-0.0,-9.99999974738e-06
1572930242629241502,5887,1572930242575340032,,0.0,-0.0,9.99999974738e-06,0.0
1572930242682858060,5888,1572930242629156112,,0.0,9.99999974738e-06,-0.0,-9.99999974738e-06
1572930242737801879,5889,1572930242683166027,,0.0,-0.0,0.0,-0.0
1572930242841061433,5890,1572930242737025022,,0.0,0.0,-1.99999994948e-05,-9.99999974738e-06
1572930242895229691,5891,1572930242841126918,,0.0,0.0,-9.99999974738e-06,-0.0
1572930242949869538,5892,1572930242894794940,,0.0,-9.99999974738e-06,0.0,9.99999974738e-06
1572930243002359088,5893,1572930242949157953,,0.0,0.0,2.99999992421e-05,9.99999974738e-06
1572930243056068419,5894,1572930243001734972,,0.0,-0.0,-0.0,0.0
1572930243160028053,5895,1572930243055397987,,0.0,-1.99999994948e-05,1.99999994948e-05,1.99999994948e-05
1572930243213304402,5896,1572930243159313917,,0.0,-1.99999994948e-05,9.99999974738e-06,9.99999974738e-06
1572930243267885593,5897,1572930243213500022,,0.0,0.0,-1.99999994948e-05,-9.99999974738e-06
1572930243321032687,5898,1572930243267132997,,0.0,-9.99999974738e-06,9.99999974738e-06,9.99999974738e-06
1572930243423545129,5899,1572930243320673942,,0.0,-9.99999974738e-06,9.99999974738e-06,9.99999974738e-06
1572930243777338679,5900,1572930243423301935,,0.0,-0.0,0.0,9.99999974738e-06
1572930243830721832,5901,1572930243776945114,,9.99999974738e-05,-9.99999974738e-06,-4.99999987369e-05,-0.0
1572930243885840797,5902,1572930243830940008,,9.99999974738e-05,0.000110000000859,-3.99999989895e-05,2.99999992421e-05
1572930243939921416,5903,1572930243885451078,,0.000600000028498,9.00000013644e-05,-2.99999992421e-05,0.000579999992624
1572930243991715838,5904,1572930243939177036,,0.001200000057,2.99999992421e-05,-1.99999994948e-05,0.00118999998085
1572930244043687853,5905,1572930243991621971,,0.00179999996908,9.99999974738e-06,-3.99999989895e-05,0.00178000004962
1572930244098871243,5906,1572930244043627023,,0.00249999994412,1.99999994948e-05,-5.99999984843e-05,0.00249000010081
1572930244152796452,5907,1572930244097143888,,0.00310000008903,1.99999994948e-05,-1.99999994948e-05,0.00312000000849
1572930244256175375,5908,1572930244152061939,,0.00370000000112,2.99999992421e-05,-7.00000018696e-05,0.00371000007726
1572930244310731971,5909,1572930244256288051,,0.00460000010207,9.99999974738e-06,-7.00000018696e-05,0.0046199997887
1572930244363983994,5910,1572930244310070991,,0.0054999999702,2.99999992421e-05,-9.00000013644e-05,0.00545000005513
1572930244418049687,5911,1572930244364054918,,0.00920000020415,9.00000013644e-05,-5.99999984843e-05,0.00915000028908
1572930244472134237,5912,1572930244418276071,,0.00999999977648,-9.00000013644e-05,-2.99999992421e-05,0.00997999962419
1572930244527032799,5913,1572930244473197937,,0.0100999996066,-9.00000013644e-05,-9.99999974738e-06,0.0101300003007
1572930244581320385,5914,1572930244527005910,,0.00999999977648,1.99999994948e-05,-0.0,0.00997999962419
1572930244634481631,5915,1572930244580653905,,0.00999999977648,7.9999997979e-05,3.99999989895e-05,0.00997999962419
1572930244738466605,5916,1572930244634757995,,0.00989999994636,9.00000013644e-05,9.00000013644e-05,0.00994000025094
1572930244792529302,5917,1572930244738568067,,0.00989999994636,5.99999984843e-05,5.99999984843e-05,0.00992000009865
1572930244846332955,5918,1572930244792139053,,0.00989999994636,5.99999984843e-05,9.99999974738e-05,0.00992999970913
1572930244900240304,5919,1572930244845860958,,0.00989999994636,0.000140000003739,0.000119999996969,0.00989999994636
1572930244953146634,5920,1572930244899338960,,0.00989999994636,0.000110000000859,0.000140000003739,0.00994000025094
1572930245007997187,5921,1572930244953421115,,0.00999999977648,3.99999989895e-05,0.000150000007125,0.00996000040323
1572930245061583531,5922,1572930245007595062,,0.00989999994636,7.00000018696e-05,0.000119999996969,0.00992000009865
1572930245116481732,5923,1572930245061700105,,0.00989999994636,9.99999974738e-05,0.000110000000859,0.00992000009865
1572930245169468083,5924,1572930245115715980,,0.00999999977648,9.00000013644e-05,9.99999974738e-05,0.00997000001371
1572930245224315514,5925,1572930245169141054,,0.00989999994636,7.00000018696e-05,5.99999984843e-05,0.00992999970913
1572930245277544614,5926,1572930245223351001,,0.00989999994636,9.99999974738e-06,5.99999984843e-05,0.00992999970913
1572930245331010527,5927,1572930245276781082,,0.00989999994636,4.99999987369e-05,3.99999989895e-05,0.00994999986142
1572930245384232421,5928,1572930245330266952,,0.00989999994636,7.00000018696e-05,7.00000018696e-05,0.00992999970913
1572930245438814615,5929,1572930245384277105,,0.00999999977648,9.99999974738e-06,3.99999989895e-05,0.009990000166
1572930245542694169,5930,1572930245438241004,,0.00999999977648,0.0,7.9999997979e-05,0.00999999977648
1572930245595955700,5931,1572930245542105913,,0.00989999994636,2.99999992421e-05,2.99999992421e-05,0.00992999970913
1572930245649749103,5932,1572930245596029043,,0.00999999977648,4.99999987369e-05,-9.99999974738e-06,0.009990000166
1572930245702873354,5933,1572930245649857044,,0.00989999994636,4.99999987369e-05,-3.99999989895e-05,0.00992000009865
1572930245757874538,5934,1572930245702363014,,0.00999999977648,9.99999974738e-06,-2.99999992421e-05,0.00996000040323
1572930245810962878,5935,1572930245757216930,,0.00989999994636,1.99999994948e-05,-1.99999994948e-05,0.00994000025094
1572930245865743563,5936,1572930245810826063,,0.00999999977648,4.99999987369e-05,-2.99999992421e-05,0.00997999962419
1572930245918861016,5937,1572930245865328073,,0.00989999994636,4.99999987369e-05,0.0,0.00994000025094
1572930246023993070,5938,1572930245919008970,,0.00999999977648,2.99999992421e-05,-9.99999974738e-06,0.00996000040323
1572930246077740280,5939,1572930246024041891,,0.00989999994636,3.99999989895e-05,0.0,0.00992000009865
1572930246131416797,5940,1572930246077986001,,0.00989999994636,0.000110000000859,-0.0,0.00992000009865
1572930246185480628,5941,1572930246131506919,,0.00989999994636,9.99999974738e-05,1.99999994948e-05,0.00994999986142
1572930246289478768,5942,1572930246185487985,,0.00999999977648,3.99999989895e-05,4.99999987369e-05,0.009990000166
1572930246342913340,5943,1572930246289485931,,0.00999999977648,2.99999992421e-05,3.99999989895e-05,0.00997000001371
1572930246396211697,5944,1572930246343334913,,0.00999999977648,7.9999997979e-05,2.99999992421e-05,0.00996000040323
1572930246450431115,5945,1572930246395884037,,0.00989999994636,9.00000013644e-05,1.99999994948e-05,0.00992000009865
1572930246502354876,5946,1572930246449615955,,0.00989999994636,7.00000018696e-05,2.99999992421e-05,0.00994000025094
1572930246555569823,5947,1572930246502422094,,0.00999999977648,5.99999984843e-05,3.99999989895e-05,0.00997000001371
1572930246609004821,5948,1572930246555862903,,0.00989999994636,7.00000018696e-05,2.99999992421e-05,0.00990999955684
1572930246663386980,5949,1572930246609364986,,0.00999999977648,2.99999992421e-05,2.99999992421e-05,0.00997999962419
1572930246717309389,5950,1572930246662957906,,0.00999999977648,-7.00000018696e-05,0.0,0.0100100003183
1572930246770254059,5951,1572930246716630935,,0.00999999977648,-7.00000018696e-05,9.99999974738e-06,0.00996000040323
1572930246823900698,5952,1572930246770239114,,0.00989999994636,-0.0,3.99999989895e-05,0.00994000025094
1572930246878072062,5953,1572930246824023008,,0.00989999994636,2.99999992421e-05,-9.99999974738e-06,0.00992999970913
1572930246932025640,5954,1572930246877770900,,0.00999999977648,-9.99999974738e-06,-2.99999992421e-05,0.00994999986142
1572930246985700163,5955,1572930246931329011,,0.00999999977648,-2.99999992421e-05,-9.99999974738e-06,0.00999999977648
1572930247089276088,5956,1572930246984992027,,0.00999999977648,-9.99999974738e-06,3.99999989895e-05,0.0100100003183
1572930247142890420,5957,1572930247088653087,,0.00999999977648,1.99999994948e-05,9.99999974738e-06,0.009990000166
1572930247196933897,5958,1572930247142482995,,0.00999999977648,-0.0,1.99999994948e-05,0.0100299995393
1572930247250510144,5959,1572930247196280956,,0.00999999977648,1.99999994948e-05,1.99999994948e-05,0.009990000166
1572930247304745042,5960,1572930247250529050,,0.00989999994636,7.00000018696e-05,3.99999989895e-05,0.00994000025094
1572930247358432381,5961,1572930247304110050,,0.00999999977648,0.000110000000859,1.99999994948e-05,0.00997000001371
1572930247411412622,5962,1572930247357728958,,0.00999999977648,3.99999989895e-05,-0.0,0.009990000166
1572930247466147820,5963,1572930247411484003,,0.00999999977648,9.99999974738e-06,5.99999984843e-05,0.0100100003183
1572930247519176333,5964,1572930247465394020,,0.00999999977648,1.99999994948e-05,4.99999987369e-05,0.00996000040323
1572930247574161798,5965,1572930247518791913,,0.00999999977648,5.99999984843e-05,5.99999984843e-05,0.00999999977648
1572930247627592778,5966,1572930247573784112,,0.00989999994636,7.9999997979e-05,-1.99999994948e-05,0.00989999994636
1572930247682128634,5967,1572930247627813100,,0.00989999994636,1.99999994948e-05,9.99999974738e-06,0.00994000025094
1572930247735660396,5968,1572930247681552886,,0.00999999977648,-0.0,-4.99999987369e-05,0.00996000040323
1572930247839016988,5969,1572930247735845088,,0.00999999977648,-9.99999974738e-06,-2.99999992421e-05,0.00996000040323
1572930247891067198,5970,1572930247838572978,,0.00999999977648,9.99999974738e-06,-1.99999994948e-05,0.0100100003183
1572930247945212088,5971,1572930247891125917,,0.0100999996066,-3.99999989895e-05,-9.99999974738e-06,0.0100499996915
1572930247999245870,5972,1572930247945384979,,0.00999999977648,-9.99999974738e-06,9.99999974738e-06,0.0100199999288
1572930248102070764,5973,1572930247999041080,,0.00999999977648,1.99999994948e-05,-0.0,0.009990000166
1572930248154947958,5974,1572930248101895093,,0.00999999977648,2.99999992421e-05,-0.0,0.009990000166
1572930248208122213,5975,1572930248154484033,,0.00999999977648,-3.99999989895e-05,-9.99999974738e-06,0.009990000166
1572930248264031471,5976,1572930248208144903,,0.0100999996066,-4.99999987369e-05,4.99999987369e-05,0.0100499996915
1572930248317314061,5977,1572930248263370990,,0.00999999977648,0.0,9.99999974738e-06,0.0100400000811
1572930248421804073,5978,1572930248317418098,,0.00999999977648,3.99999989895e-05,7.9999997979e-05,0.0100199999288
1572930248473168779,5979,1572930248421233892,,0.00999999977648,3.99999989895e-05,1.99999994948e-05,0.009990000166
1572930248526573894,5980,1572930248473166942,,0.00989999994636,3.99999989895e-05,-2.99999992421e-05,0.00992999970913
1572930248580737733,5981,1572930248526629924,,0.00989999994636,5.99999984843e-05,-9.99999974738e-06,0.00994000025094
1572930248634625397,5982,1572930248580739021,,0.00999999977648,4.99999987369e-05,-9.99999974738e-06,0.00996000040323
1572930248738286566,5983,1572930248634289026,,0.00999999977648,0.0,-0.0,0.009990000166
1572930248791734164,5984,1572930248737843990,,0.00999999977648,-1.99999994948e-05,-0.0,0.0100499996915
1572930248845796409,5985,1572930248791812896,,0.00999999977648,5.99999984843e-05,-0.0,0.00997999962419
1572930248899241308,5986,1572930248845402002,,0.00999999977648,5.99999984843e-05,-2.99999992421e-05,0.00996000040323
1572930249002870056,5987,1572930248899388074,,0.00999999977648,-0.0,-9.99999974738e-06,0.00994999986142
1572930249057184342,5988,1572930249003055095,,0.00999999977648,-0.0,-4.99999987369e-05,0.00997999962419
1572930249110805668,5989,1572930249056852102,,0.00999999977648,-9.99999974738e-06,2.99999992421e-05,0.0100199999288
1572930249165061368,5990,1572930249110584020,,0.00999999977648,-1.99999994948e-05,2.99999992421e-05,0.0100499996915
1572930249218767884,5991,1572930249164406061,,0.00999999977648,-5.99999984843e-05,1.99999994948e-05,0.0100299995393
1572930249272762845,5992,1572930249218197107,,0.00999999977648,-2.99999992421e-05,0.0,0.0100100003183
1572930249325972720,5993,1572930249272056102,,0.00999999977648,1.99999994948e-05,0.0,0.009990000166
1572930249379953301,5994,1572930249326030015,,0.00989999994636,2.99999992421e-05,1.99999994948e-05,0.00994000025094
1572930249433896619,5995,1572930249379580020,,0.00999999977648,-2.99999992421e-05,9.99999974738e-06,0.0100100003183
1572930249486148185,5996,1572930249433969020,,0.00999999977648,-3.99999989895e-05,1.99999994948e-05,0.0100499996915
1572930249541323774,5997,1572930249486227035,,0.00999999977648,9.99999974738e-06,0.0,0.0100299995393
1572930249593837231,5998,1572930249540518045,,0.00999999977648,-0.0,9.99999974738e-06,0.00999999977648
1572930249647435985,5999,1572930249593972921,,0.00989999994636,9.99999974738e-06,-3.99999989895e-05,0.00994000025094
1572930249753025686,6000,1572930249646931886,,0.00999999977648,-2.99999992421e-05,-9.99999974738e-06,0.009990000166
1572930249807178670,6001,1572930249753058910,,0.00999999977648,3.99999989895e-05,-1.99999994948e-05,0.00999999977648
1572930249860239384,6002,1572930249806531906,,0.00999999977648,9.99999974738e-06,-2.99999992421e-05,0.00996000040323
1572930249914924767,6003,1572930249860362052,,0.00999999977648,-1.99999994948e-05,-1.99999994948e-05,0.00999999977648
1572930250018476571,6004,1572930249914372920,,0.0100999996066,-4.99999987369e-05,-3.99999989895e-05,0.0100499996915
1572930250073233131,6005,1572930250018096923,,0.00999999977648,-9.99999974738e-06,-0.0,0.0100199999288
1572930250126416809,6006,1572930250072333097,,0.00999999977648,-9.99999974738e-06,-1.99999994948e-05,0.0100100003183
1572930250180895299,6007,1572930250126559019,,0.00999999977648,-4.99999987369e-05,-1.99999994948e-05,0.00999999977648
1572930250234139089,6008,1572930250180304050,,0.0100999996066,-5.99999984843e-05,9.99999974738e-06,0.0100600002334
1572930250287371438,6009,1572930250233840942,,0.0100999996066,-4.99999987369e-05,-0.0,0.0100899999961
1572930250341464273,6010,1572930250287560939,,0.0100999996066,-2.99999992421e-05,0.0,0.0100600002334
1572930250395621169,6011,1572930250341295957,,0.00999999977648,-5.99999984843e-05,1.99999994948e-05,0.0100400000811
1572930250449107775,6012,1572930250395014047,,0.0100999996066,-5.99999984843e-05,2.99999992421e-05,0.0100600002334
1572930250502790423,6013,1572930250449157953,,0.0100999996066,-2.99999992421e-05,1.99999994948e-05,0.0100499996915
1572930250558008523,6014,1572930250502882957,,0.00999999977648,3.99999989895e-05,9.99999974738e-06,0.009990000166
1572930250611981154,6015,1572930250558060884,,0.00999999977648,-1.99999994948e-05,-9.99999974738e-06,0.0100400000811
1572930250665231187,6016,1572930250611860990,,0.00999999977648,-2.99999992421e-05,-1.99999994948e-05,0.009990000166
1572930250719801422,6017,1572930250665608882,,0.00999999977648,-2.99999992421e-05,-9.99999974738e-06,0.0100400000811
1572930250823773237,6018,1572930250719213962,,0.00999999977648,1.99999994948e-05,-1.99999994948e-05,0.00996000040323
1572930250878434424,6019,1572930250823946952,,0.00989999994636,2.99999992421e-05,-0.0,0.00994000025094
1572930250931891166,6020,1572930250877803087,,0.00989999994636,3.99999989895e-05,-1.99999994948e-05,0.00994999986142
1572930250984817884,6021,1572930250931483983,,0.00999999977648,1.99999994948e-05,-3.99999989895e-05,0.009990000166
1572930251088453336,6022,1572930250984445095,,0.00999999977648,2.99999992421e-05,-2.99999992421e-05,0.0100199999288
1572930251142095256,6023,1572930251087877035,,0.00999999977648,-3.99999989895e-05,0.0,0.0100499996915
1572930251195207834,6024,1572930251141515970,,0.0100999996066,-0.000110000000859,9.99999974738e-06,0.0100600002334
1572930251249740676,6025,1572930251195389032,,0.00999999977648,-4.99999987369e-05,9.99999974738e-06,0.0100299995393
1572930251302739099,6026,1572930251249075889,,0.00999999977648,9.99999974738e-06,-1.99999994948e-05,0.0100199999288
1572930251357235399,6027,1572930251302936077,,0.00999999977648,9.99999974738e-06,0.0,0.0100199999288
1572930251410134939,6028,1572930251356442928,,0.00999999977648,-2.99999992421e-05,-9.99999974738e-06,0.0100299995393
1572930251462424556,6029,1572930251410368919,,0.0100999996066,-9.00000013644e-05,9.99999974738e-06,0.0100999996066
1572930251516718655,6030,1572930251462486982,,0.0100999996066,-7.00000018696e-05,2.99999992421e-05,0.0101100001484
1572930251570403988,6031,1572930251516238927,,0.0100999996066,-4.99999987369e-05,3.99999989895e-05,0.0100600002334
1572930251625704001,6032,1572930251570539951,,0.0100999996066,-4.99999987369e-05,4.99999987369e-05,0.0100600002334
1572930251679400511,6033,1572930251625838994,,0.00999999977648,-9.99999974738e-06,-9.99999974738e-06,0.0100199999288
1572930251732954269,6034,1572930251678674936,,0.00999999977648,2.99999992421e-05,-9.99999974738e-06,0.0100100003183
1572930251787606954,6035,1572930251732863903,,0.00999999977648,0.0,-3.99999989895e-05,0.0100299995393
1572930251841101563,6036,1572930251786875963,,0.0100999996066,-7.00000018696e-05,-9.99999974738e-06,0.0100899999961
1572930251894359686,6037,1572930251841177940,,0.0100999996066,-7.00000018696e-05,-4.99999987369e-05,0.0100699998438
1572930251947674041,6038,1572930251893908023,,0.0100999996066,-3.99999989895e-05,-2.99999992421e-05,0.0100699998438
1572930252001599573,6039,1572930251947839975,,0.00999999977648,9.99999974738e-06,-4.99999987369e-05,0.0100499996915
1572930252056386284,6040,1572930252001986980,,0.00999999977648,9.99999974738e-06,-7.9999997979e-05,0.009990000166
1572930252160522374,6041,1572930252056067943,,0.00999999977648,-2.99999992421e-05,-9.99999974738e-05,0.0100199999288
1572930252213695434,6042,1572930252159909009,,0.00999999977648,-4.99999987369e-05,-7.00000018696e-05,0.0100199999288
1572930252267762967,6043,1572930252213702917,,0.0100999996066,-3.99999989895e-05,-0.0,0.0100699998438
1572930252321797815,6044,1572930252267791986,,0.0100999996066,-7.00000018696e-05,-9.99999974738e-06,0.0100899999961
1572930252426938578,6045,1572930252321770906,,0.00999999977648,-4.99999987369e-05,-9.99999974738e-06,0.0100400000811
1572930252481356659,6046,1572930252426879882,,0.00999999977648,-3.99999989895e-05,9.99999974738e-06,0.0100499996915
1572930252534211216,6047,1572930252480464935,,0.00999999977648,0.0,9.99999974738e-06,0.0100199999288
1572930252589214370,6048,1572930252534277915,,0.00999999977648,-1.99999994948e-05,-2.99999992421e-05,0.0100299995393
1572930252644107740,6049,1572930252588527917,,0.0100999996066,-7.00000018696e-05,2.99999992421e-05,0.0100600002334
1572930252697090789,6050,1572930252643507003,,0.0100999996066,-9.99999974738e-05,2.99999992421e-05,0.0100899999961
1572930252752213993,6051,1572930252697417974,,0.0100999996066,-7.00000018696e-05,4.99999987369e-05,0.0100999996066
1572930252805416162,6052,1572930252751460075,,0.0100999996066,-2.99999992421e-05,0.0,0.0100800003856
1572930252858880594,6053,1572930252804945945,,0.00999999977648,-1.99999994948e-05,-7.00000018696e-05,0.0100299995393
1572930252912933230,6054,1572930252858975887,,0.00999999977648,-2.99999992421e-05,-3.99999989895e-05,0.00997999962419
1572930252967784831,6055,1572930252912947893,,0.00999999977648,-1.99999994948e-05,-3.99999989895e-05,0.0100299995393
1572930253021113610,6056,1572930252967189073,,0.00999999977648,-0.0,-7.9999997979e-05,0.0100299995393
1572930253125302133,6057,1572930253021193981,,0.00999999977648,-5.99999984843e-05,-3.99999989895e-05,0.0100400000811
1572930253177476777,6058,1572930253124994039,,0.0100999996066,-9.00000013644e-05,-9.99999974738e-06,0.0101199997589
1572930253229734076,6059,1572930253177150964,,0.00999999977648,-2.99999992421e-05,-4.99999987369e-05,0.0100100003183
1572930253283659485,6060,1572930253229484081,,0.0100999996066,-2.99999992421e-05,-4.99999987369e-05,0.0100499996915
1572930253336327600,6061,1572930253283370018,,0.00999999977648,-9.99999974738e-06,-4.99999987369e-05,0.0100100003183
1572930253440288380,6062,1572930253336519002,,0.00999999977648,-5.99999984843e-05,-5.99999984843e-05,0.009990000166
1572930253494718690,6063,1572930253440340042,,0.00999999977648,-2.99999992421e-05,-9.99999974738e-06,0.0100400000811
1572930253547557981,6064,1572930253494048118,,0.0100999996066,-3.99999989895e-05,-0.0,0.0100999996066
1572930253600769889,6065,1572930253547039031,,0.0100999996066,-7.9999997979e-05,2.99999992421e-05,0.0100999996066
1572930253655185864,6066,1572930253600934028,,0.0100999996066,-9.99999974738e-05,-9.99999974738e-06,0.0100999996066
1572930253709484256,6067,1572930253654491901,,0.0100999996066,-4.99999987369e-05,0.0,0.0100800003856
1572930253763255071,6068,1572930253708933115,,0.00999999977648,1.99999994948e-05,-3.99999989895e-05,0.00997999962419
1572930253816264196,6069,1572930253762424945,,0.00999999977648,-9.99999974738e-06,-5.99999984843e-05,0.0100400000811
1572930253870424907,6070,1572930253816504001,,0.00989999994636,-9.99999974738e-05,-2.99999992421e-05,0.00992000009865
1572930253923622762,6071,1572930253870117902,,0.00899999961257,-0.000390000001062,-7.9999997979e-05,0.00899999961257
1572930253977779965,6072,1572930253923238992,,0.00639999983832,-0.000220000001718,-0.000130000000354,0.00643000006676
1572930254030715788,6073,1572930253977118968,,0.00289999996312,-0.000130000000354,-4.99999987369e-05,0.00285999989137
1572930254083415350,6074,1572930254030898094,,0.000199999994948,-7.00000018696e-05,1.99999994948e-05,-0.000199999994948
1572930254186531070,6075,1572930254083050012,,0.00319999991916,-1.99999994948e-05,0.000110000000859,-0.00322999991477
1572930254240890619,6076,1572930254186621904,,0.00710000004619,7.00000018696e-05,0.000220000001718,-0.00713999988511
1572930254294087364,6077,1572930254240169048,,0.00899999961257,-0.0,0.000180000002729,-0.0089699998498
1572930254348290741,6078,1572930254294112920,,0.0108000002801,-3.99999989895e-05,0.000159999995958,-0.0108000002801
1572930254452332402,6079,1572930254347738981,,0.0126999998465,2.99999992421e-05,0.000140000003739,-0.012690000236
1572930254506481215,6080,1572930254451721906,,0.0141000002623,0.000119999996969,5.99999984843e-05,-0.0140699995682
1572930254559586441,6081,1572930254505368947,,0.0148999998346,0.00034999998752,9.00000013644e-05,-0.0149299995974
1572930254663305649,6082,1572930254559402942,,0.0142000000924,0.000190000006114,0.000169999999343,-0.0141500001773
1572930254716850972,6083,1572930254663266897,,0.0129000004381,5.99999984843e-05,3.99999989895e-05,-0.0129300002009
1572930254769527237,6084,1572930254716578960,,0.0121999997646,3.99999989895e-05,-1.99999994948e-05,-0.0121499998495
1572930254824159645,6085,1572930254769635915,,0.0113000003621,2.99999992421e-05,-0.000110000000859,-0.0113199995831
1572930254877643767,6086,1572930254823328971,,0.0100999996066,-9.99999974738e-06,-0.000209999998333,-0.0100999996066
1572930254979780319,6087,1572930254877217054,,0.0100999996066,5.99999984843e-05,-0.000180000002729,-0.0100699998438
1572930255032088875,6088,1572930254979198932,,0.00999999977648,1.99999994948e-05,-0.000110000000859,-0.0100400000811
1572930255086032915,6089,1572930255031804084,,0.00999999977648,-4.99999987369e-05,-7.00000018696e-05,-0.00997999962419
1572930255139135401,6090,1572930255085375070,,0.00999999977648,-4.99999987369e-05,-3.99999989895e-05,-0.0100299995393
1572930255244140079,6091,1572930255138817071,,0.00999999977648,-0.0,-0.0,-0.00997999962419
1572930255298530531,6092,1572930255244304895,,0.00999999977648,2.99999992421e-05,-1.99999994948e-05,-0.0100299995393
1572930255352041137,6093,1572930255297933101,,0.00999999977648,2.99999992421e-05,9.99999974738e-06,-0.0100400000811
1572930255406625023,6094,1572930255351768970,,0.00999999977648,9.99999974738e-06,9.99999974738e-06,-0.00999999977648
1572930255510979745,6095,1572930255405864953,,0.00999999977648,-1.99999994948e-05,1.99999994948e-05,-0.00997000001371
1572930255564140991,6096,1572930255511168956,,0.00999999977648,-0.0,3.99999989895e-05,-0.00997000001371
1572930255617921132,6097,1572930255563689947,,0.00999999977648,9.99999974738e-06,9.99999974738e-06,-0.0100100003183
1572930255671891853,6098,1572930255617968082,,0.00999999977648,3.99999989895e-05,1.99999994948e-05,-0.00997999962419
1572930255774865153,6099,1572930255672220945,,0.00999999977648,4.99999987369e-05,0.0,-0.0100400000811
1572930255828983517,6100,1572930255775141000,,0.00999999977648,0.0,9.99999974738e-06,-0.0100199999288
1572930255881643864,6101,1572930255829052925,,0.00999999977648,-1.99999994948e-05,0.0,-0.00999999977648
1572930255935366811,6102,1572930255881376981,,0.00999999977648,1.99999994948e-05,0.0,-0.0100199999288
1572930255989204448,6103,1572930255935731887,,0.00999999977648,2.99999992421e-05,-1.99999994948e-05,-0.0100199999288
1572930256045768690,6104,1572930255989538908,,0.00999999977648,9.99999974738e-06,-2.99999992421e-05,-0.00997000001371
1572930256097571109,6105,1572930256044919013,,0.0100999996066,9.99999974738e-06,-2.99999992421e-05,-0.0100600002334
1572930256151432212,6106,1572930256097728013,,0.00999999977648,-1.99999994948e-05,-1.99999994948e-05,-0.0100299995393
1572930256205042897,6107,1572930256151612997,,0.00989999994636,-7.00000018696e-05,2.99999992421e-05,-0.00994000025094
1572930256259783128,6108,1572930256205292940,,0.00999999977648,-5.99999984843e-05,-1.99999994948e-05,-0.00997999962419
1572930256314321888,6109,1572930256259063005,,0.00999999977648,-2.99999992421e-05,-0.0,-0.00999999977648
1572930256367243799,6110,1572930256314405918,,0.00989999994636,3.99999989895e-05,-9.99999974738e-06,-0.00994999986142
1572930256420953972,6111,1572930256367317914,,0.0100999996066,4.99999987369e-05,0.0,-0.0100600002334
1572930256476112349,6112,1572930256421087026,,0.00999999977648,-1.99999994948e-05,0.0,-0.00997999962419
1572930256529620687,6113,1572930256476202011,,0.00989999994636,-2.99999992421e-05,3.99999989895e-05,-0.00994999986142
1572930256634952012,6114,1572930256529129028,,0.00999999977648,-0.0,3.99999989895e-05,-0.0100299995393
1572930256689302725,6115,1572930256634093046,,0.00999999977648,9.99999974738e-06,2.99999992421e-05,-0.009990000166
1572930256744099814,6116,1572930256689436912,,0.00999999977648,-9.99999974738e-06,9.99999974738e-06,-0.009990000166
1572930256849816573,6117,1572930256743438959,,0.0100999996066,1.99999994948e-05,-1.99999994948e-05,-0.0100600002334
1572930256902478654,6118,1572930256848778009,,0.0100999996066,3.99999989895e-05,0.0,-0.0100699998438
1572930256956363875,6119,1572930256902488946,,0.00999999977648,1.99999994948e-05,-0.0,-0.00997999962419
1572930257010700414,6120,1572930256956084012,,0.00999999977648,-9.99999974738e-06,9.99999974738e-06,-0.0100400000811
1572930257111634595,6121,1572930257009965896,,0.00999999977648,-2.99999992421e-05,-0.0,-0.00997000001371
1572930257165169197,6122,1572930257111390113,,0.00999999977648,0.0,-2.99999992421e-05,-0.009990000166
1572930257217659419,6123,1572930257165390968,,0.00999999977648,9.99999974738e-06,-4.99999987369e-05,-0.0100499996915
1572930257269829092,6124,1572930257217505931,,0.00999999977648,-9.99999974738e-06,-3.99999989895e-05,-0.00999999977648
1572930257323703703,6125,1572930257269437074,,0.00999999977648,2.99999992421e-05,-4.99999987369e-05,-0.0100299995393
1572930257378998822,6126,1572930257322854042,,0.00999999977648,5.99999984843e-05,-1.99999994948e-05,-0.0100100003183
1572930257433730081,6127,1572930257378190994,,0.00999999977648,4.99999987369e-05,-3.99999989895e-05,-0.00996000040323
1572930257487228308,6128,1572930257432742118,,0.00989999994636,9.99999974738e-06,-0.0,-0.00994000025094
1572930257540568368,6129,1572930257486429929,,0.00999999977648,-3.99999989895e-05,9.99999974738e-06,-0.009990000166
1572930257646765869,6130,1572930257540497064,,0.00999999977648,-9.99999974738e-06,-0.0,-0.00997999962419
1572930257700477205,6131,1572930257646186113,,0.00999999977648,-1.99999994948e-05,-9.99999974738e-06,-0.00997000001371
1572930257754394315,6132,1572930257699820041,,0.00999999977648,-4.99999987369e-05,2.99999992421e-05,-0.009990000166
1572930257807683007,6133,1572930257753669023,,0.00989999994636,-3.99999989895e-05,4.99999987369e-05,-0.00992999970913
1572930257861506112,6134,1572930257807914972,,0.00999999977648,-9.99999974738e-06,7.00000018696e-05,-0.00994999986142
1572930257915440613,6135,1572930257861071109,,0.00989999994636,-7.00000018696e-05,4.99999987369e-05,-0.00990999955684
1572930257967686185,6136,1572930257914777040,,0.00999999977648,-7.9999997979e-05,2.99999992421e-05,-0.00996000040323
1572930258019302923,6137,1572930257967998981,,0.00999999977648,-7.9999997979e-05,9.99999974738e-06,-0.00994999986142
1572930258073109089,6138,1572930258019351005,,0.00999999977648,-7.00000018696e-05,-9.99999974738e-06,-0.009990000166
1572930258127578071,6139,1572930258073090076,,0.00999999977648,0.0,-7.9999997979e-05,-0.009990000166
1572930258232042104,6140,1572930258127769947,,0.00989999994636,-1.99999994948e-05,-1.99999994948e-05,-0.00992999970913
1572930258285068121,6141,1572930258231307983,,0.00999999977648,-3.99999989895e-05,-1.99999994948e-05,-0.00997999962419
1572930258339356313,6142,1572930258285135030,,0.00999999977648,-9.99999974738e-06,-1.99999994948e-05,-0.00997999962419
1572930258394013622,6143,1572930258339365959,,0.00999999977648,-9.99999974738e-06,-4.99999987369e-05,-0.00999999977648
1572930258445336604,6144,1572930258393390893,,0.0100999996066,-0.0,-7.9999997979e-05,-0.0100600002334
1572930258497843164,6145,1572930258445122003,,0.00999999977648,-9.99999974738e-06,-3.99999989895e-05,-0.0100100003183
1572930258552023560,6146,1572930258497245073,,0.00999999977648,-0.0,-5.99999984843e-05,-0.00997000001371
1572930258605194913,6147,1572930258551325082,,0.00980000011623,5.99999984843e-05,9.99999974738e-06,-0.00985000003129
1572930258659314796,6148,1572930258605252981,,0.0097000002861,-0.000150000007125,-9.99999974738e-06,-0.0096899997443
1572930258762639683,6149,1572930258658935070,,0.0105999996886,-1.99999994948e-05,7.00000018696e-05,-0.0105999996886
1572930258814342991,6150,1572930258762147903,,0.0122999995947,-0.0,-2.99999992421e-05,-0.0122600002214
1572930258866033503,6151,1572930258814006090,,0.0131999999285,9.99999974738e-06,-0.0,-0.0132499998435
1572930258917401857,6152,1572930258866025924,,0.0141000002623,-0.0,3.99999989895e-05,-0.0141399996355
1572930258971755162,6153,1572930258917331933,,0.0147000001743,3.99999989895e-05,1.99999994948e-05,-0.0147399995476
1572930259022697377,6154,1572930258971045017,,0.0147000001743,-1.99999994948e-05,-9.99999974738e-06,-0.0147099997848
1572930259073748058,6155,1572930259022404909,,0.0148000000045,4.99999987369e-05,-2.99999992421e-05,-0.0148000000045
1572930259125072898,6156,1572930259073584079,,0.0148000000045,1.99999994948e-05,9.99999974738e-06,-0.014790000394
1572930259177776085,6157,1572930259124784946,,0.0149999996647,-3.99999989895e-05,-9.99999974738e-06,-0.0149800004438
1572930259232094394,6158,1572930259177776098,,0.0151000004262,0.000169999999343,3.99999989895e-05,-0.0151300001889
1572930259285769724,6159,1572930259231494903,,0.0142000000924,2.99999992421e-05,9.99999974738e-06,-0.0141599997878
1572930259336709854,6160,1572930259285327911,,0.0126000000164,7.00000018696e-05,4.99999987369e-05,-0.0125900004059
1572930259391018039,6161,1572930259336517095,,0.0116999996826,9.99999974738e-05,3.99999989895e-05,-0.0116999996826
1572930259441754356,6162,1572930259390131950,,0.01070000045,7.9999997979e-05,-2.99999992421e-05,-0.01070000045
1572930259496206222,6163,1572930259441812992,,0.0100999996066,1.99999994948e-05,2.99999992421e-05,-0.0100600002334
1572930259551581114,6164,1572930259495557069,,0.00999999977648,5.99999984843e-05,3.99999989895e-05,-0.0100299995393
1572930259602225560,6165,1572930259550869941,,0.00999999977648,0.0,7.00000018696e-05,-0.00999999977648
1572930259655220920,6166,1572930259601939916,,0.00999999977648,1.99999994948e-05,3.99999989895e-05,-0.0100100003183
1572930259706969438,6167,1572930259655345916,,0.00999999977648,2.99999992421e-05,9.99999974738e-06,-0.0100299995393
1572930259760882825,6168,1572930259706732988,,0.00999999977648,3.99999989895e-05,-2.99999992421e-05,-0.0100299995393
1572930259813733497,6169,1572930259760256052,,0.00999999977648,4.99999987369e-05,-2.99999992421e-05,-0.0100499996915
1572930259865795790,6170,1572930259813795089,,0.00999999977648,-9.99999974738e-06,-1.99999994948e-05,-0.0100199999288
1572930259917312606,6171,1572930259865705013,,0.00999999977648,-5.99999984843e-05,-9.99999974738e-06,-0.00996000040323
1572930259968791577,6172,1572930259917081117,,0.00989999994636,-7.9999997979e-05,5.99999984843e-05,-0.00994999986142
1572930260021000689,6173,1572930259968836069,,0.00999999977648,-3.99999989895e-05,-1.99999994948e-05,-0.00999999977648
1572930260072923527,6174,1572930260020776033,,0.00999999977648,1.99999994948e-05,2.99999992421e-05,-0.00999999977648
1572930260126708551,6175,1572930260072839021,,0.00999999977648,2.99999992421e-05,-9.99999974738e-06,-0.0100299995393
1572930260179002004,6176,1572930260126724958,,0.00999999977648,2.99999992421e-05,-1.99999994948e-05,-0.0100400000811
1572930260230215567,6177,1572930260178786993,,0.00999999977648,9.99999974738e-06,-0.0,-0.0100299995393
1572930260283661819,6178,1572930260230114936,,0.00999999977648,0.0,9.99999974738e-06,-0.0100100003183
1572930260336441501,6179,1572930260283010005,,0.00999999977648,-1.99999994948e-05,-9.99999974738e-06,-0.00999999977648
1572930260387294591,6180,1572930260336177110,,0.00999999977648,-1.99999994948e-05,4.99999987369e-05,-0.00997000001371
1572930260438678699,6181,1572930260387331008,,0.00999999977648,2.99999992421e-05,7.00000018696e-05,-0.0100100003183
1572930260492253384,6182,1572930260438587903,,0.00999999977648,5.99999984843e-05,-1.99999994948e-05,-0.0100299995393
1572930260544753325,6183,1572930260492503881,,0.00999999977648,4.99999987369e-05,4.99999987369e-05,-0.00999999977648
1572930260599276114,6184,1572930260544836044,,0.00999999977648,3.99999989895e-05,9.99999974738e-06,-0.0100499996915
1572930260654074857,6185,1572930260598917007,,0.00999999977648,9.99999974738e-06,2.99999992421e-05,-0.00999999977648
1572930260708743836,6186,1572930260653661966,,0.00999999977648,-2.99999992421e-05,3.99999989895e-05,-0.00997999962419
1572930260760036703,6187,1572930260706923961,,0.00999999977648,-2.99999992421e-05,9.99999974738e-06,-0.00997999962419
1572930260813304120,6188,1572930260759608030,,0.00999999977648,1.99999994948e-05,-0.0,-0.00997000001371
1572930260866938851,6189,1572930260813234090,,0.00999999977648,0.0,-9.99999974738e-06,-0.009990000166
1572930260920896345,6190,1572930260866900920,,0.00999999977648,-9.99999974738e-06,-3.99999989895e-05,-0.0100400000811
1572930260974139139,6191,1572930260920603990,,0.0100999996066,-0.0,-7.00000018696e-05,-0.0100600002334
1572930261028053496,6192,1572930260973838090,,0.00999999977648,9.99999974738e-06,-1.99999994948e-05,-0.009990000166
1572930261080442840,6193,1572930261027373075,,0.00999999977648,-9.99999974738e-06,-4.99999987369e-05,-0.0100499996915
1572930261134196837,6194,1572930261079875946,,0.00999999977648,-3.99999989895e-05,-3.99999989895e-05,-0.00996000040323
1572930261187259846,6195,1572930261133474111,,0.00989999994636,-3.99999989895e-05,-2.99999992421e-05,-0.00994000025094
1572930261290997593,6196,1572930261187304973,,0.00999999977648,-1.99999994948e-05,-3.99999989895e-05,-0.00997999962419
1572930261344058909,6197,1572930261291259050,,0.00999999977648,2.99999992421e-05,2.99999992421e-05,-0.009990000166
1572930261398339677,6198,1572930261343796014,,0.00999999977648,-2.99999992421e-05,-0.0,-0.0100199999288
1572930261452034169,6199,1572930261397747039,,0.00999999977648,1.99999994948e-05,1.99999994948e-05,-0.0100499996915
1572930261503777055,6200,1572930261451446056,,0.00999999977648,4.99999987369e-05,3.99999989895e-05,-0.009990000166
1572930261558871916,6201,1572930261503432989,,0.00999999977648,3.99999989895e-05,2.99999992421e-05,-0.00997999962419
1572930261612602603,6202,1572930261558237075,,0.00999999977648,9.99999974738e-06,1.99999994948e-05,-0.0100400000811
1572930261665472672,6203,1572930261611610889,,0.00989999994636,-9.99999974738e-06,1.99999994948e-05,-0.00992000009865
1572930261719275872,6204,1572930261665117979,,0.00999999977648,-0.0,9.99999974738e-06,-0.0100299995393
1572930261775870998,6205,1572930261719417095,,0.00999999977648,2.99999992421e-05,-9.99999974738e-06,-0.0100400000811
1572930261829463756,6206,1572930261775151014,,0.00999999977648,4.99999987369e-05,-9.99999974738e-06,-0.00999999977648
1572930261882230606,6207,1572930261829068899,,0.00999999977648,0.0,-2.99999992421e-05,-0.0100400000811
1572930261935839710,6208,1572930261881788969,,0.00999999977648,1.99999994948e-05,0.0,-0.00999999977648
1572930262042847306,6209,1572930261935762882,,0.00999999977648,-0.0,-2.99999992421e-05,-0.00997999962419
1572930262096673479,6210,1572930262042031049,,0.00999999977648,-9.99999974738e-06,-4.99999987369e-05,-0.00997999962419
1572930262150560440,6211,1572930262096050977,,0.00999999977648,-1.99999994948e-05,-4.99999987369e-05,-0.00997999962419
1572930262203685591,6212,1572930262150016069,,0.00999999977648,-2.99999992421e-05,-4.99999987369e-05,-0.00997999962419
1572930262258518613,6213,1572930262203922033,,0.0100999996066,1.99999994948e-05,-4.99999987369e-05,-0.0100699998438
1572930262311926214,6214,1572930262257812976,,0.00999999977648,-0.0,-1.99999994948e-05,-0.009990000166
1572930262363979654,6215,1572930262311212062,,0.00999999977648,-4.99999987369e-05,2.99999992421e-05,-0.00997999962419
1572930262417536274,6216,1572930262363935947,,0.00989999994636,-7.9999997979e-05,4.99999987369e-05,-0.00994000025094
1572930262472294468,6217,1572930262417557001,,0.00999999977648,-5.99999984843e-05,9.99999974738e-06,-0.00994999986142
1572930262575521056,6218,1572930262471549034,,0.00999999977648,-1.99999994948e-05,1.99999994948e-05,-0.00999999977648
1572930262629492946,6219,1572930262575542926,,0.00999999977648,-2.99999992421e-05,9.99999974738e-06,-0.00996000040323
1572930262682689680,6220,1572930262629515886,,0.00999999977648,-3.99999989895e-05,1.99999994948e-05,-0.0100100003183
1572930262735536016,6221,1572930262682219028,,0.00999999977648,-1.99999994948e-05,9.99999974738e-06,-0.00996000040323
1572930262840958364,6222,1572930262735582113,,0.00999999977648,-1.99999994948e-05,0.0,-0.00997000001371
1572930262894559341,6223,1572930262840694904,,0.00989999994636,-7.00000018696e-05,1.99999994948e-05,-0.00992999970913
1572930262947103682,6224,1572930262894452095,,0.00999999977648,-3.99999989895e-05,9.99999974738e-06,-0.00997999962419
1572930263000455120,6225,1572930262947285890,,0.00999999977648,0.0,-1.99999994948e-05,-0.00994999986142
1572930263054554823,6226,1572930262999836921,,0.0100999996066,4.99999987369e-05,-3.99999989895e-05,-0.0100499996915
1572930263108251968,6227,1572930263053704023,,0.00999999977648,2.99999992421e-05,-5.99999984843e-05,-0.0100100003183
1572930263160700280,6228,1572930263107609987,,0.00989999994636,-4.99999987369e-05,-3.99999989895e-05,-0.00994999986142
1572930263213445220,6229,1572930263160162925,,0.00989999994636,-5.99999984843e-05,-9.99999974738e-06,-0.00994999986142
1572930263268144974,6230,1572930263213418960,,0.00989999994636,-7.00000018696e-05,-3.99999989895e-05,-0.00987999979407
1572930263371342867,6231,1572930263267283916,,0.00989999994636,3.99999989895e-05,-1.99999994948e-05,-0.00992000009865
1572930263425951747,6232,1572930263371614933,,0.00839999970049,-1.99999994948e-05,-1.99999994948e-05,-0.00844000000507
1572930263478952991,6233,1572930263425291061,,0.00740000000224,-9.99999974738e-06,-1.99999994948e-05,-0.00740000000224
1572930263532960016,6234,1572930263478951930,,0.00650000013411,-1.99999994948e-05,-2.99999992421e-05,-0.00645999982953
1572930263587168893,6235,1572930263533027887,,0.00559999980032,-4.99999987369e-05,-4.99999987369e-05,-0.00557000003755
1572930263641202050,6236,1572930263586373090,,0.00460000010207,-7.00000018696e-05,-9.99999974738e-06,-0.0046199997887
1572930263696317385,6237,1572930263641310930,,0.00370000000112,-7.00000018696e-05,3.99999989895e-05,-0.00368000008166
1572930263749314799,6238,1572930263696404933,,0.00279999990016,-0.0,-2.99999992421e-05,-0.00282999989577
1572930263800423867,6239,1572930263749375104,,0.00190000003204,9.99999974738e-06,-2.99999992421e-05,-0.00193000002764
1572930263904926698,6240,1572930263800462961,,0.00109999999404,1.99999994948e-05,-0.0,-0.00107999995816
1572930263957432569,6241,1572930263904367923,,0.000199999994948,-7.9999997979e-05,-1.99999994948e-05,-0.000150000007125
1572930264011142039,6242,1572930263957480907,,0.0,-9.99999974738e-06,1.99999994948e-05,1.99999994948e-05
1572930264065758342,6243,1572930264011459112,,0.0,9.99999974738e-06,-9.99999974738e-06,0.0
1572930264118987812,6244,1572930264065197944,,0.0,-9.99999974738e-06,9.99999974738e-06,2.99999992421e-05
1572930264173181672,6245,1572930264118532896,,0.0,9.99999974738e-06,9.99999974738e-06,9.99999974738e-06
1572930264226731075,6246,1572930264173299074,,0.0,-0.0,0.0,9.99999974738e-06
1572930264281264841,6247,1572930264226775884,,0.0,1.99999994948e-05,-1.99999994948e-05,-0.0
1572930264333574047,6248,1572930264280555009,,0.0,2.99999992421e-05,3.99999989895e-05,-0.0
1572930264637426308,6249,1572930264333482980,,0.0,1.99999994948e-05,9.99999974738e-06,0.0
1572930264691394868,6250,1572930264637510061,,0.0,-1.99999994948e-05,9.99999974738e-06,1.99999994948e-05
1572930264744395105,6251,1572930264691464900,,0.0,-1.99999994948e-05,1.99999994948e-05,9.99999974738e-06
1572930264796980163,6252,1572930264743916988,,0.0,-2.99999992421e-05,0.0,9.99999974738e-06
1572930264850738141,6253,1572930264796451091,,0.0,-3.99999989895e-05,9.99999974738e-06,1.99999994948e-05
1572930264903894521,6254,1572930264850188970,,0.0,-1.99999994948e-05,9.99999974738e-06,9.99999974738e-06
1572930264957104212,6255,1572930264903129100,,0.0,-1.99999994948e-05,9.99999974738e-06,9.99999974738e-06
1572930265010510067,6256,1572930264956686019,,0.0,-1.99999994948e-05,1.99999994948e-05,9.99999974738e-06
1572930265064165091,6257,1572930265010278940,,0.0,-2.99999992421e-05,9.99999974738e-06,9.99999974738e-06
1572930265117873942,6258,1572930265064238071,,9.99999974738e-05,-4.99999987369e-05,-9.99999974738e-06,1.99999994948e-05
1572930265219711844,6259,1572930265117403984,,9.99999974738e-05,-3.99999989895e-05,1.99999994948e-05,1.99999994948e-05
1572930265273493237,6260,1572930265219146013,,0.0,-0.0,9.99999974738e-06,9.99999974738e-06
1572930265326845585,6261,1572930265272998094,,0.0,-1.99999994948e-05,-9.99999974738e-06,9.99999974738e-06
1572930265380037357,6262,1572930265326793909,,0.0,1.99999994948e-05,-1.99999994948e-05,-1.99999994948e-05
1572930265434110192,6263,1572930265379736900,,0.0,-0.0,9.99999974738e-06,0.0
1572930265487521242,6264,1572930265433419942,,0.0,-9.99999974738e-06,-1.99999994948e-05,0.0
1572930265540891087,6265,1572930265486829042,,0.0,9.99999974738e-06,-9.99999974738e-06,-9.99999974738e-06
1572930265594699163,6266,1572930265540780067,,0.0,-0.0,-9.99999974738e-06,-0.0
1572930265649507765,6267,1572930265594786882,,0.0,9.99999974738e-06,-9.99999974738e-06,-9.99999974738e-06
1572930265702971541,6268,1572930265648674011,,0.0,-9.99999974738e-06,1.99999994948e-05,9.99999974738e-06
1572930265758856947,6269,1572930265703285932,,0.0,9.99999974738e-06,-1.99999994948e-05,-1.99999994948e-05
1572930265812736219,6270,1572930265758394956,,0.0,0.0,9.99999974738e-06,-9.99999974738e-06
1572930265867219444,6271,1572930265812743902,,0.0,9.99999974738e-06,1.99999994948e-05,0.0
1572930265920334819,6272,1572930265866471052,,0.0,-0.0,1.99999994948e-05,9.99999974738e-06
1572930266023735618,6273,1572930265919905900,,0.0,9.99999974738e-06,1.99999994948e-05,-0.0
1572930266077652465,6274,1572930266023926019,,0.0,-9.99999974738e-06,1.99999994948e-05,9.99999974738e-06
1572930266131951116,6275,1572930266077658891,,0.0,-0.0,9.99999974738e-06,0.0
1572930266184223759,6276,1572930266131042957,,0.0,-0.0,0.0,0.0
1572930266237961813,6277,1572930266184257030,,0.0,-1.99999994948e-05,0.0,9.99999974738e-06
1572930266292179266,6278,1572930266238050937,,0.0,1.99999994948e-05,-2.99999992421e-05,-9.99999974738e-06
1572930266346341736,6279,1572930266292351007,,0.0,-9.99999974738e-06,1.99999994948e-05,1.99999994948e-05
1572930266399183401,6280,1572930266345947027,,0.0,-0.0,-0.0,0.0
1572930266501615637,6281,1572930266398643016,,0.0,9.99999974738e-06,0.0,-0.0
1572930266554009541,6282,1572930266501368045,,0.0,-0.0,-9.99999974738e-06,-0.0
1572930266608276218,6283,1572930266553736925,,0.0,0.0,-9.99999974738e-06,-0.0
1572930266662083917,6284,1572930266607661962,,0.0,1.99999994948e-05,-0.0,-1.99999994948e-05
1572930266716240492,6285,1572930266661251068,,0.0,-1.99999994948e-05,-0.0,9.99999974738e-06
1572930266770166779,6286,1572930266715641975,,0.0,-9.99999974738e-06,-0.0,9.99999974738e-06
1572930266825196467,6287,1572930266770256042,,0.0,-0.0,9.99999974738e-06,0.0
1572930266878640838,6288,1572930266824563980,,0.0,-9.99999974738e-06,2.99999992421e-05,1.99999994948e-05
1572930266932699178,6289,1572930266878165960,,0.0,0.0,-2.99999992421e-05,-9.99999974738e-06
1572930267036327417,6290,1572930266932054042,,0.0,-9.99999974738e-06,-1.99999994948e-05,0.0
1572930267090091985,6291,1572930267035885095,,0.0,-0.0,0.0,0.0
1572930267144098651,6292,1572930267089515924,,0.0,-0.0,-0.0,0.0
