%time,field.header.seq,field.header.stamp,field.header.frame_id,field.value
1573194155807716306,113,1573194155756026029,,80.0
1573194155860605411,114,1573194155807326078,,80.0
1573194155911337269,115,1573194155859915018,,80.0
1573194155965400944,116,1573194155911139011,,80.0
1573194156017427885,117,1573194155964931964,,80.0
1573194156068286987,118,1573194156016736030,,80.0
1573194156122020774,119,1573194156067874908,,80.0
1573194156175113469,120,1573194156120966911,,80.0
1573194156227022580,121,1573194156174417018,,80.0
1573194156328434088,122,1573194156226681947,,80.0
1573194156379369593,123,1573194156328056097,,80.0
1573194156430259903,124,1573194156378946065,,80.0
1573194156485121118,125,1573194156429882049,,80.0
1573194156536018726,126,1573194156484267950,,80.0
1573194156589865028,127,1573194156535826921,,80.0
1573194156691006843,128,1573194156589451074,,80.0
1573194156742004904,129,1573194156690458059,,80.0
1573194156795625796,130,1573194156741730928,,80.0
1573194156849346760,131,1573194156794795989,,80.0
1573194156899624410,132,1573194156848121881,,80.0
1573194156955513746,133,1573194156899405002,,80.0
1573194157006624453,134,1573194156954921007,,80.0
1573194157057461318,135,1573194157006264925,,80.0
1573194157111011111,136,1573194157057260990,,80.0
1573194157163316114,137,1573194157110819101,,80.0
1573194157264372858,138,1573194157163001060,,80.0
1573194157317511208,139,1573194157263984918,,80.0
1573194157369539104,140,1573194157317085027,,80.0
1573194157420771289,141,1573194157369220972,,80.0
1573194157474542660,142,1573194157420583963,,80.0
1573194157578511073,143,1573194157473953008,,80.0
1573194157629466515,144,1573194157577517986,,79.9499969482
1573194157683832772,145,1573194157629213094,,80.0
1573194157735271330,146,1573194157683089971,,80.0
1573194157837001008,147,1573194157734962940,,80.0
1573194157890297668,148,1573194157836698055,,80.0
1573194157941037032,149,1573194157889358997,,80.0
1573194157992127801,150,1573194157940501928,,80.0
1573194158045549827,151,1573194157991683006,,80.0
1573194158096532901,152,1573194158045166015,,80.0
1573194158150470726,153,1573194158096335887,,80.0
1573194158253548159,154,1573194158149363994,,79.9499969482
1573194158304557575,155,1573194158252892971,,80.0
1573194158359099937,156,1573194158304399013,,80.0
1573194158410126644,157,1573194158357960939,,80.0
1573194158511579018,158,1573194158409908056,,80.0
1573194158562408367,159,1573194158511039018,,80.0
1573194158617010524,160,1573194158562177896,,80.0
1573194158667821764,161,1573194158615459918,,80.0
1573194158721160865,162,1573194158667092084,,80.0
1573194158772393938,163,1573194158720674037,,80.0
1573194158823505267,164,1573194158772203922,,80.0
1573194158877901923,165,1573194158823074102,,80.0
1573194158929479951,166,1573194158876363992,,80.0
1573194158980387110,167,1573194158929162025,,80.0
1573194159035296791,168,1573194158980266094,,80.0
1573194159086756809,169,1573194159034672021,,80.0
1573194159187868965,170,1573194159086519956,,80.0
1573194159241788596,171,1573194159187577009,,80.0
1573194159294100122,172,1573194159241558074,,80.0
1573194159347252150,173,1573194159293730020,,80.0
1573194159398774325,174,1573194159346575975,,80.0
1573194159452134046,175,1573194159398164987,,80.0
1573194159553819253,176,1573194159451586008,,80.0
1573194159606581560,177,1573194159553281068,,80.0
1573194159658733500,178,1573194159606091976,,80.0
1573194159709918887,179,1573194159658480882,,80.0
1573194159811536706,180,1573194159709832906,,80.0
1573194159866931377,181,1573194159811058998,,80.0
1573194160267876532,182,1573194159865636110,,80.0
1573194160321630914,183,1573194160267610073,,80.0
1573194160375002451,184,1573194160320730924,,79.25
1573194160427334130,185,1573194160374341011,,76.75
1573194160481474289,186,1573194160426630020,,74.4000015259
1573194160532611861,187,1573194160481095075,,73.3000030518
1573194160586365100,188,1573194160532458066,,73.4499969482
1573194160637225400,189,1573194160585357904,,73.8000030518
1573194160688580259,190,1573194160636836051,,73.9000015259
1573194160740000604,191,1573194160688410997,,73.3499984741
1573194160843471188,192,1573194160739722013,,72.8000030518
1573194160895108319,193,1573194160843199014,,66.1500015259
1573194160946854980,194,1573194160894881010,,64.3499984741
1573194160997550046,195,1573194160946269035,,61.3499984741
1573194161051478211,196,1573194160997194051,,57.0999984741
1573194161155581129,197,1573194161051009893,,53.5499992371
1573194161205761677,198,1573194161154206991,,51.2999992371
1573194161259466889,199,1573194161205594062,,50.5499992371
1573194161311716130,200,1573194161259248971,,49.5499992371
1573194161365394984,201,1573194161311084032,,49.0
1573194161416052595,202,1573194161364434003,,48.0
1573194161470541144,203,1573194161415661096,,46.6500015259
1573194161520889704,204,1573194161468905925,,45.75
1573194161575353984,205,1573194161520704030,,44.7999992371
1573194161626120640,206,1573194161574043989,,44.1500015259
1573194161727100146,207,1573194161625741958,,43.2000007629
1573194161829295043,208,1573194161726907968,,42.0499992371
1573194161880303891,209,1573194161828911066,,41.3999977112
1573194161934221698,210,1573194161879822969,,41.0
1573194161985104761,211,1573194161932847023,,40.4000015259
1573194162086954402,212,1573194161984811067,,40.1500015259
1573194162140690434,213,1573194162086699008,,39.5
1573194162191868576,214,1573194162140230894,,39.6000022888
1573194162242759293,215,1573194162191298961,,39.8000030518
1573194162293950131,216,1573194162242594957,,38.75
1573194162347636567,217,1573194162293653964,,38.0
1573194162448680169,218,1573194162347242116,,36.0499992371
1573194162499626111,219,1573194162448189020,,34.0
1573194162554843584,220,1573194162499381065,,32.6499977112
1573194162608732350,221,1573194162554474115,,32.0
1573194162660911725,222,1573194162608112096,,33.5499992371
1573194162711728668,223,1573194162660366058,,34.3499984741
1573194162762669342,224,1573194162711251020,,34.3499984741
1573194162816417228,225,1573194162762478113,,34.3499984741
1573194162867488335,226,1573194162815872907,,35.4000015259
1573194162921121101,227,1573194162867028951,,36.3000030518
1573194162973021922,228,1573194162920799970,,37.7000007629
1573194163026905628,229,1573194162972822904,,40.5499992371
1573194163131844261,230,1573194163026372909,,44.8500022888
1573194163184235513,231,1573194163131465911,,51.5499992371
1573194163236756719,232,1573194163183510065,,53.2999992371
1573194163287600749,233,1573194163236331939,,56.0999984741
1573194163340542653,234,1573194163287429094,,58.2000007629
1573194163391529535,235,1573194163339979887,,59.1499977112
1573194163443866346,236,1573194163391297101,,59.6500015259
1573194163494735880,237,1573194163443223953,,59.5999984741
1573194163546074979,238,1573194163494498968,,59.5999984741
1573194163596956951,239,1573194163545572042,,59.2999992371
1573194163648266803,240,1573194163596702098,,59.25
1573194163700009157,241,1573194163647710084,,60.1499977112
1573194163800959882,242,1573194163699316024,,61.0
1573194163854015303,243,1573194163800673961,,60.9500007629
1573194163904546192,244,1573194163853032112,,59.9500007629
1573194163958015292,245,1573194163904340982,,57.7000007629
1573194164060959767,246,1573194163956944942,,53.5499992371
1573194164112345202,247,1573194164060739994,,47.4500007629
1573194164164515571,248,1573194164112085103,,41.6499977112
1573194164219296103,249,1573194164164094924,,37.75
1573194164270386902,250,1573194164217538118,,36.7999992371
1573194164321623447,251,1573194164270291090,,36.4500007629
1573194164376726601,252,1573194164321446895,,35.9500007629
1573194164427430652,253,1573194164376020908,,35.4000015259
1573194164481730726,254,1573194164427263021,,34.9000015259
1573194164532815381,255,1573194164480550050,,33.9500007629
1573194164583698843,256,1573194164532099962,,33.4000015259
1573194164634966102,257,1573194164583158016,,31.9000015259
1573194164738437002,258,1573194164634763002,,31.4000015259
1573194164788849812,259,1573194164737272024,,30.4499988556
1573194164840737809,260,1573194164788333892,,29.4500007629
1573194164891855988,261,1573194164840164899,,28.6999988556
1573194164945377388,262,1573194164891377925,,28.3999977112
1573194164996597864,263,1573194164945122957,,27.8500003815
1573194165049271835,264,1573194164996128082,,26.8999996185
1573194165100178072,265,1573194165048899888,,26.6000003815
1573194165153332153,266,1573194165099972963,,26.1500015259
1573194165203648801,267,1573194165152215957,,25.4500007629
1573194165257776926,268,1573194165203293085,,25.2000007629
1573194165308652147,269,1573194165256726980,,24.4499988556
1573194165361264274,270,1573194165308147907,,24.8000011444
1573194165413561635,271,1573194165360892057,,25.7999992371
1573194165465757673,272,1573194165413044929,,26.8000011444
1573194165516623886,273,1573194165465415954,,28.25
1573194165570723165,274,1573194165516450881,,30.25
1573194165622085264,275,1573194165570183038,,33.0
1573194165675718377,276,1573194165621881961,,36.7000007629
1573194165727406781,277,1573194165675957918,,42.25
1573194165780711306,278,1573194165727071046,,47.5
1573194165831667464,279,1573194165780289888,,52.8500022888
1573194165932627251,280,1573194165831270933,,57.25
1573194166033712740,281,1573194165932317972,,62.8999977112
1573194166087252277,282,1573194166033440113,,65.8499984741
1573194166137986639,283,1573194166086363077,,64.0
1573194166189245973,284,1573194166137784004,,60.5
1573194166240727939,285,1573194166189018964,,56.3999977112
1573194166292618213,286,1573194166240226984,,53.2999992371
1573194166343373742,287,1573194166291896104,,50.7999992371
1573194166394863540,288,1573194166342858076,,49.0499992371
1573194166446303721,289,1573194166394277095,,47.1499977112
1573194166496975639,290,1573194166445688009,,44.4000015259
1573194166550514347,291,1573194166496743917,,39.8499984741
1573194166602785671,292,1573194166550141096,,41.1000022888
1573194166653944199,293,1573194166601958036,,44.4000015259
1573194166759100310,294,1573194166653671979,,48.4499969482
1573194166812835386,295,1573194166758610963,,60.2000007629
1573194166864075483,296,1573194166812124013,,66.5500030518
1573194166915188219,297,1573194166863909959,,72.6999969482
1573194167017391546,298,1573194166914973974,,76.8499984741
1573194167122333725,299,1573194167017118930,,72.1999969482
1573194167175997413,300,1573194167123168945,,66.1999969482
1573194167226752837,301,1573194167175169944,,61.2999992371
1573194167277931428,302,1573194167226500988,,58.7000007629
1573194167379622903,303,1573194167277636051,,59.0499992371
1573194167430441070,304,1573194167379120111,,61.7000007629
1573194167483297989,305,1573194167430263996,,62.1000022888
1573194167534454842,306,1573194167482961893,,62.25
1573194167586697455,307,1573194167534214973,,61.2999992371
1573194167637574191,308,1573194167586301088,,59.5999984741
1573194167691159692,309,1573194167637392997,,53.9000015259
1573194167743042026,310,1573194167690741062,,44.0499992371
1573194167848022856,311,1573194167742521047,,37.8500022888
1573194167898029282,312,1573194167846128940,,33.2999992371
1573194167951294379,313,1573194167897526025,,31.75
1573194168002347367,314,1573194167950789928,,29.7499980927
1573194168054391580,315,1573194168002068042,,28.8999996185
1573194168105662379,316,1573194168054049015,,28.9500007629
1573194168158265729,317,1573194168105377912,,29.2999992371
1573194168211171935,318,1573194168157242059,,29.5499992371
1573194168262948079,319,1573194168210547924,,33.6999969482
1573194168316966824,320,1573194168262362957,,41.75
1573194168368064264,321,1573194168315773010,,51.7000007629
1573194168422275653,322,1573194168367737054,,64.6500015259
1573194168473607076,323,1573194168421134948,,74.4000015259
1573194168524448467,324,1573194168472934961,,72.6500015259
1573194168577348884,325,1573194168523960113,,63.0499992371
1573194168628338166,326,1573194168576617002,,53.0
1573194168729435123,327,1573194168627975940,,43.2999992371
1573194168780508906,328,1573194168729381084,,34.8499984741
1573194168834259563,329,1573194168780164957,,29.7499980927
1573194168885960847,330,1573194168833642959,,27.9500026703
1573194168936643538,331,1573194168885348081,,27.9000015259
1573194168989338707,332,1573194168936450004,,27.9000015259
1573194169040606671,333,1573194168988979101,,28.75
1573194169091505534,334,1573194169040397882,,29.8500003815
1573194169145935831,335,1573194169091337919,,31.1499996185
1573194169196634009,336,1573194169145169019,,32.5
1573194169249839811,337,1573194169196273088,,33.7999992371
1573194169301107875,338,1573194169249331951,,33.7999992371
1573194169355595743,339,1573194169300873994,,36.9500007629
1573194169407559705,340,1573194169354927062,,42.5499992371
1573194169460441515,341,1573194169407236099,,48.3500022888
1573194169513290177,342,1573194169460093975,,53.5999984741
1573194169564896822,343,1573194169512775897,,57.75
1573194169666128321,344,1573194169564407110,,60.5499992371
1573194169719981217,345,1573194169665879011,,62.0
1573194169770932016,346,1573194169719479084,,61.1000022888
1573194169824442534,347,1573194169770721912,,58.7999992371
1573194169875412563,348,1573194169824080944,,55.4500007629
1573194169926589501,349,1573194169875201940,,52.5
1573194169980163747,350,1573194169926342010,,50.1499977112
1573194170032047122,351,1573194169979715108,,48.2999992371
1573194170082755077,352,1573194170031498908,,46.3499984741
1573194170136563017,353,1573194170082560062,,43.75
1573194170189060534,354,1573194170136141061,,41.6499977112
1573194170294223419,355,1573194170188025951,,36.7999992371
1573194170343905910,356,1573194170292568922,,33.25
1573194170395472826,357,1573194170343691110,,31.4500007629
1573194170449095476,358,1573194170395121097,,29.9000015259
1573194170500206518,359,1573194170448575973,,29.6000003815
1573194170554380900,360,1573194170499758958,,31.9499988556
1573194170606440588,361,1573194170552874088,,36.0999984741
1573194170656928899,362,1573194170605592966,,41.3500022888
1573194170708655384,363,1573194170656688928,,47.0999984741
1573194170762367084,364,1573194170708173036,,50.6500015259
1573194170813701267,365,1573194170761771917,,53.1500015259
1573194170868796992,366,1573194170813117980,,57.75
1573194170919929663,367,1573194170868233919,,60.5999984741
1573194170973497672,368,1573194170919761896,,62.5
1573194171025723144,369,1573194170973248958,,63.1000022888
1573194171077195709,370,1573194171025355100,,62.1499977112
1573194171131466071,371,1573194171076689004,,60.0
1573194171182603315,372,1573194171130837917,,58.9500007629
1573194171236347023,373,1573194171182060956,,59.0499992371
1573194171287643312,374,1573194171235235929,,63.2999992371
1573194171342256018,375,1573194171287147045,,69.0999984741
1573194171392900968,376,1573194171340867996,,73.9000015259
1573194171443876082,377,1573194171392597913,,74.0999984741
1573194171544979792,378,1573194171443557024,,68.6999969482
1573194171600861262,379,1573194171544816017,,57.0
1573194171651163667,380,1573194171599287986,,49.8499984741
1573194171702059118,381,1573194171650726079,,45.7000007629
1573194171803799826,382,1573194171701874971,,44.6500015259
1573194171859305894,383,1573194171803596019,,47.4500007629
1573194171910637316,384,1573194171858380079,,47.7000007629
1573194171961343521,385,1573194171910020112,,47.6500015259
1573194172015940269,386,1573194171961076974,,48.6499977112
1573194172066745974,387,1573194172015300989,,51.7000007629
1573194172117891952,388,1573194172066586017,,56.9000015259
1573194172171326347,389,1573194172117676973,,66.75
1573194172223022722,390,1573194172170716047,,74.0
1573194172274180363,391,1573194172222528934,,78.3000030518
1573194172328282319,392,1573194172273716926,,79.6500015259
1573194172428816251,393,1573194172327414989,,76.5999984741
1573194172482556440,394,1573194172428508043,,72.3000030518
1573194172533902542,395,1573194172482232093,,65.5500030518
1573194172584994625,396,1573194172533622980,,58.9500007629
1573194172688231672,397,1573194172584736108,,54.0
1573194172788927682,398,1573194172687076091,,51.75
1573194172843146722,399,1573194172788824081,,51.5
1573194172894894006,400,1573194172841782093,,52.7000007629
1573194172948330661,401,1573194172894407987,,53.5499992371
1573194173000223427,402,1573194172947830915,,52.7000007629
1573194173051403073,403,1573194172999667882,,50.5
1573194173106211298,404,1573194173051181077,,49.1499977112
1573194173157466344,405,1573194173105650901,,50.0
1573194173208964203,406,1573194173157170057,,52.3499984741
1573194173310040121,407,1573194173208713054,,54.7999992371
1573194173363708465,408,1573194173309703111,,58.8499984741
1573194173415481329,409,1573194173363369941,,61.2000007629
1573194173468363957,410,1573194173415298938,,63.75
1573194173519336140,411,1573194173468067884,,67.4499969482
1573194173573937768,412,1573194173519124984,,69.25
1573194173624565112,413,1573194173572797060,,68.0
1573194173725599132,414,1573194173624139070,,64.8499984741
1573194173777315517,415,1573194173725344896,,59.1499977112
1573194173830614187,416,1573194173776644945,,55.75
1573194173884853490,417,1573194173829842090,,53.9500007629
1573194173934991490,418,1573194173883552074,,55.8499984741
1573194173986580123,419,1573194173934767961,,60.0499992371
1573194174089381449,420,1573194173986284017,,63.7999992371
1573194174140506358,421,1573194174088875055,,71.0500030518
1573194174192371154,422,1573194174139981031,,73.8499984741
1573194174243538907,423,1573194174192204952,,74.8499984741
1573194174298265677,424,1573194174243185043,,76.0500030518
1573194174350504906,425,1573194174296755075,,75.4000015259
1573194174451748699,426,1573194174349786043,,71.25
1573194174502898732,427,1573194174451271057,,65.1500015259
1573194174556758779,428,1573194174502690076,,62.3499984741
1573194174607905040,429,1573194174556210994,,63.2000007629
1573194174658942982,430,1573194174607620000,,64.4000015259
1573194174713730900,431,1573194174658643960,,66.0500030518
1573194174765205233,432,1573194174713351011,,64.8000030518
1573194174816151219,433,1573194174764998912,,61.6500015259
1573194174870185268,434,1573194174815927982,,59.5
1573194174924114042,435,1573194174869652032,,57.9500007629
1573194174975321122,436,1573194174923614978,,58.2000007629
1573194175078026082,437,1573194174974945068,,61.1499977112
1573194175128917505,438,1573194175077397108,,65.5
1573194175183466598,439,1573194175128587961,,65.3000030518
1573194175235320405,440,1573194175183105945,,65.0999984741
1573194175289325861,441,1573194175234927892,,66.3000030518
1573194175340572290,442,1573194175288871049,,66.25
1573194175391546366,443,1573194175340320110,,64.25
1573194175446674139,444,1573194175391354084,,62.1000022888
1573194175496528762,445,1573194175444864988,,59.0
1573194175551286380,446,1573194175496311902,,56.7999992371
1573194175655162188,447,1573194175551001071,,55.0999984741
1573194175706399237,448,1573194175654648065,,57.0499992371
1573194175760906147,449,1573194175706176996,,57.2999992371
1573194175811119771,450,1573194175759607076,,60.5
1573194175862785084,451,1573194175810954093,,65.5999984741
1573194175917750478,452,1573194175862272977,,71.0
1573194175970272568,453,1573194175918101072,,76.3000030518
1573194176021865279,454,1573194175969671964,,72.6999969482
1573194176076221986,455,1573194176021555900,,65.5
1573194176127336131,456,1573194176074832916,,58.0
1573194176229093449,457,1573194176126785039,,49.7999992371
1573194176280274173,458,1573194176228447914,,42.0499992371
1573194176332332475,459,1573194176279952049,,38.0500030518
1573194176383209738,460,1573194176331707000,,36.3499984741
1573194176484708479,461,1573194176383121967,,36.2000007629
1573194176536029624,462,1573194176484247922,,35.75
1573194176587531593,463,1573194176535917997,,36.0999984741
1573194176642162763,464,1573194176587012052,,36.0
1573194176691858526,465,1573194176640358924,,35.75
1573194176745428479,466,1573194176691653966,,35.8500022888
1573194176796616164,467,1573194176745147943,,35.8500022888
1573194176850444020,468,1573194176796408891,,35.4499969482
1573194176902107344,469,1573194176849664926,,35.4499969482
1573194176955425914,470,1573194176901532888,,35.75
1573194177006631862,471,1573194176954905986,,38.25
1573194177057632600,472,1573194177006443977,,42.3499984741
1573194177111366263,473,1573194177057413101,,46.5499992371
1573194177162520263,474,1573194177110939979,,52.1500015259
1573194177214075277,475,1573194177162065029,,59.9500007629
1573194177316385102,476,1573194177213741064,,64.9000015259
1573194177367745871,477,1573194177316082954,,64.9000015259
1573194177421280481,478,1573194177367367029,,68.9000015259
1573194177472794195,479,1573194177420578002,,73.4499969482
1573194177574692696,480,1573194177472155094,,74.6500015259
1573194177675217273,481,1573194177573945999,,70.3000030518
1573194177726221069,482,1573194177674864053,,67.0
1573194177779777662,483,1573194177725931882,,66.4499969482
1573194177830431180,484,1573194177779145956,,64.0
1573194177884926330,485,1573194177830250978,,60.4500007629
1573194177936531240,486,1573194177884277105,,62.2000007629
1573194177987468619,487,1573194177935967922,,68.8499984741
1573194178038455111,488,1573194177987288951,,68.8000030518
1573194178092694224,489,1573194178038347005,,66.3000030518
1573194178143431436,490,1573194178091464996,,68.5500030518
1573194178198143993,491,1573194178143259048,,74.5
1573194178248448201,492,1573194178196753025,,79.4000015259
1573194178351216917,493,1573194178247860908,,79.8499984741
1573194178402575636,494,1573194178350935935,,77.4000015259
1573194178456687900,495,1573194178402219057,,76.3499984741
1573194178507546375,496,1573194178455188035,,77.5
1573194178611595748,497,1573194178507188081,,75.5999984741
1573194178664018652,498,1573194178611490964,,77.0500030518
1573194178715013028,499,1573194178663358926,,79.5
1573194178768698249,500,1573194178714790105,,79.8000030518
1573194178822559520,501,1573194178768172979,,79.9000015259
1573194178928254194,502,1573194178821993112,,79.9499969482
1573194178979402451,503,1573194178926738977,,79.9499969482
1573194179030372991,504,1573194178978583097,,79.9499969482
1573194179083980239,505,1573194179029848098,,80.0
1573194179134934989,506,1573194179082757949,,80.0
1573194179186475098,507,1573194179134279012,,80.0
1573194179237993597,508,1573194179185780048,,80.0
1573194179290800940,509,1573194179237579107,,80.0
1573194179343295369,510,1573194179290080070,,80.0
1573194179395314013,511,1573194179342959880,,80.0
1573194179499674274,512,1573194179394912004,,79.9499969482
1573194179550695271,513,1573194179498311996,,80.0
1573194179602009773,514,1573194179550388097,,80.0
1573194179655522517,515,1573194179601860046,,80.0
1573194179707344135,516,1573194179655013084,,80.0
1573194179758043922,517,1573194179706651926,,80.0
1573194179809316709,518,1573194179757586956,,80.0
1573194179865273418,519,1573194179808677911,,80.0
1573194179916754205,520,1573194179864582061,,80.0
1573194179970381918,521,1573194179916121959,,80.0
1573194180023499232,522,1573194179969383001,,80.0
1573194180075325228,523,1573194180023226022,,80.0
1573194180179358938,524,1573194180075145006,,80.0
1573194180230065105,525,1573194180178658962,,80.0
1573194180283615210,526,1573194180229665040,,80.0
1573194180335536139,527,1573194180283297061,,80.0
1573194180387149635,528,1573194180335335016,,80.0
1573194180488058849,529,1573194180386851072,,80.0
1573194180543547966,530,1573194180487967967,,80.0
1573194180847184857,531,1573194180542996883,,80.0
1573194180898937859,532,1573194180846260070,,80.0
1573194180951468860,533,1573194180898226022,,80.0
1573194181002626018,534,1573194180951119899,,80.0
1573194181055266282,535,1573194181002388954,,80.0
1573194181109120676,536,1573194181055032968,,80.0
1573194181160323908,537,1573194181108064889,,80.0
1573194181211647247,538,1573194181160096883,,79.9499969482
1573194181266185011,539,1573194181211447000,,79.9499969482
1573194181316824239,540,1573194181264952898,,80.0
1573194181370290754,541,1573194181316530942,,80.0
1573194181473258498,542,1573194181369385957,,80.0
1573194181524828916,543,1573194181472779035,,80.0
1573194181577692426,544,1573194181524370908,,80.0
1573194181628027639,545,1573194181576728105,,80.0
1573194181681544626,546,1573194181627827882,,80.0
1573194181732495952,547,1573194181680588960,,80.0
1573194181784483354,548,1573194181732244968,,80.0
1573194181835996446,549,1573194181783824920,,80.0
1573194181887437667,550,1573194181835320949,,80.0
1573194181941568940,551,1573194181887161970,,80.0
1573194181992883433,552,1573194181940469026,,80.0
1573194182043714035,553,1573194181992351055,,80.0
1573194182147346730,554,1573194182043492078,,80.0
1573194182199577889,555,1573194182147159099,,80.0
1573194182252919544,556,1573194182199002981,,80.0
1573194182304051957,557,1573194182252695083,,80.0
1573194182405199873,558,1573194182303783893,,80.0
1573194182457298977,559,1573194182405054092,,80.0
1573194182508976556,560,1573194182457068920,,80.0
1573194182563257811,561,1573194182508486986,,80.0
1573194182614159863,562,1573194182562112092,,80.0
1573194182665417150,563,1573194182613940954,,80.0
1573194182767603496,564,1573194182665180921,,80.0
1573194182819369022,565,1573194182767371892,,80.0
1573194182872984572,566,1573194182819083929,,80.0
1573194182924431060,567,1573194182872538089,,80.0
1573194182979052532,568,1573194182924184083,,80.0
