%time,field.header.seq,field.header.stamp,field.header.frame_id,field.value
1573095777700047565,909,1573095777645452976,,80.0
1573095777753801942,910,1573095777699521064,,80.0
1573095777807191056,911,1573095777753762006,,80.0
1573095777861576571,912,1573095777806854009,,80.0
1573095777915373046,913,1573095777861058950,,80.0
1573095777971160133,914,1573095777915266990,,80.0
1573095778025488494,915,1573095777970828056,,80.0
1573095778129936973,916,1573095778025602102,,80.0
1573095778184076048,917,1573095778129637956,,80.0
1573095778237844148,918,1573095778183618068,,80.0
1573095778292388525,919,1573095778237462043,,80.0
1573095778394986189,920,1573095778291766881,,80.0
1573095779301369409,921,1573095778394601106,,80.0
1573095779354541380,922,1573095779301282882,,80.0
1573095779406691034,923,1573095779354351997,,80.0
1573095779460246970,924,1573095779406574010,,80.0
1573095779512976155,925,1573095779459742069,,80.0
1573095779565675875,926,1573095779512600898,,80.0
1573095779619880575,927,1573095779565500974,,80.0
1573095779674165867,928,1573095779620009899,,80.0
1573095779778607203,929,1573095779674073934,,80.0
1573095779832976844,930,1573095779778309106,,80.0
1573095779887071527,931,1573095779832645893,,80.0
1573095779941719734,932,1573095779886883020,,80.0
1573095779995580446,933,1573095779940958023,,80.0
1573095780050443710,934,1573095779995560884,,80.0
1573095780101268298,935,1573095780049535036,,80.0
1573095780154424156,936,1573095780101250886,,80.0
1573095780208039039,937,1573095780153621912,,80.0
1573095780311010712,938,1573095780207853078,,80.0
1573095780365169236,939,1573095780311032056,,80.0
1573095780419425644,940,1573095780364900112,,80.0
1573095780471920637,941,1573095780419301033,,80.0
1573095780523410655,942,1573095780471246004,,80.0
1573095780579247889,943,1573095780523205041,,80.0
1573095780633700110,944,1573095780579008102,,80.0
1573095780686281597,945,1573095780633064031,,80.0
1573095780790113668,946,1573095780685997962,,80.0
1573095780844492049,947,1573095780789808034,,80.0
1573095780898087570,948,1573095780844125986,,80.0
1573095780951887776,949,1573095780897910118,,80.0
1573095781006882945,950,1573095780951966047,,65.852180481
1573095781361700066,951,1573095781006189107,,80.0
1573095781415335128,952,1573095781360064983,,80.0
1573095781470378717,953,1573095781415261030,,25.0
1573095781524119220,954,1573095781469357013,,10.0
1573095781577188724,955,1573095781523664951,,10.0
1573095781631400894,956,1573095781576867103,,10.0
1573095781685668927,957,1573095781631053924,,10.0
1573095781738691268,958,1573095781685409069,,65.0
1573095781791867605,959,1573095781738728046,,80.0
1573095781846164136,960,1573095781791750907,,80.0
1573095781897933334,961,1573095781845827102,,25.0
1573095782003202757,962,1573095781897615909,,10.0
1573095782057528076,963,1573095782003123998,,10.0
1573095782110701969,964,1573095782057117938,,10.0
1573095782163101000,965,1573095782109777927,,10.0
1573095782217236182,966,1573095782162779092,,10.0
1573095782271354363,967,1573095782216814041,,10.0
1573095782324864318,968,1573095782271542072,,10.0
1573095782377811781,969,1573095782324649095,,10.0
1573095782483538516,970,1573095782377526044,,10.0
1573095782536171180,971,1573095782483011960,,10.0
1573095782590698501,972,1573095782536098957,,10.0
1573095782642875570,973,1573095782590147018,,10.0
1573095782698119016,974,1573095782642704963,,10.0
1573095782749412717,975,1573095782696721076,,10.0
1573095782802938637,976,1573095782748644113,,10.0
1573095782857081317,977,1573095782802175045,,10.0
1573095782911712667,978,1573095782857304096,,10.0
1573095783016275507,979,1573095782911304950,,10.0
1573095783070904143,980,1573095783014919996,,10.0
1573095783124051594,981,1573095783069277048,,10.0
1573095783227820731,982,1573095783123670101,,10.0
1573095783282339346,983,1573095783227888107,,10.0
1573095783336327380,984,1573095783282043933,,10.0
1573095783389037086,985,1573095783335908889,,10.0
1573095783443302180,986,1573095783388680934,,10.0
1573095783547672041,987,1573095783443322896,,10.0
1573095783601563179,988,1573095783547420978,,10.0
1573095783654490674,989,1573095783601335048,,10.0
1573095783708839957,990,1573095783654390096,,10.0
1573095783813794857,991,1573095783708498954,,10.0
1573095783867447712,992,1573095783812592029,,65.0
1573095783922462680,993,1573095783867117881,,80.0
1573095783976449764,994,1573095783922068119,,25.0
1573095784030450516,995,1573095783976196050,,80.0
1573095784083967419,996,1573095784030148983,,80.0
1573095784138384168,997,1573095784083692073,,80.0
1573095784194192576,998,1573095784138154983,,80.0
1573095784245623978,999,1573095784192336082,,80.0
1573095784298004439,1000,1573095784245498895,,80.0
1573095784351032815,1001,1573095784297772884,,80.0
1573095784405584539,1002,1573095784351135969,,80.0
1573095784459205205,1003,1573095784405986070,,80.0
1573095784513877462,1004,1573095784458882093,,80.0
1573095784566673741,1005,1573095784513190031,,80.0
1573095784671585469,1006,1573095784566435098,,65.9965438843
1573095784724267956,1007,1573095784671202898,,10.996547699
1573095784778732195,1008,1573095784724137067,,65.9965438843
1573095784833161021,1009,1573095784778546094,,80.0
1573095784888302577,1010,1573095784832551002,,80.0
1573095784943323393,1011,1573095784888163089,,80.0
1573095784995603394,1012,1573095784941900014,,27.6161651611
1573095785049904944,1013,1573095784995433092,,10.0
1573095785154063805,1014,1573095785049582958,,10.0
1573095785209106622,1015,1573095785153666973,,10.0
1573095785262168534,1016,1573095785207906007,,10.0
1573095785317272165,1017,1573095785261636018,,10.0
1573095785421234808,1018,1573095785316664934,,10.0
1573095785476159791,1019,1573095785420835018,,10.0
1573095785529377527,1020,1573095785474787950,,10.0
1573095785583658404,1021,1573095785528819084,,10.0
1573095785686191534,1022,1573095785583219051,,10.0
1573095785740463364,1023,1573095785685961008,,10.0
1573095785793424775,1024,1573095785740262031,,10.0
1573095785847812804,1025,1573095785793454885,,10.0
1573095785904934630,1026,1573095785847645044,,10.0
1573095785959451946,1027,1573095785904589891,,10.0
1573095786013835130,1028,1573095785958762884,,10.0
1573095786067843928,1029,1573095786013552904,,10.0
1573095786171879760,1030,1573095786067481040,,10.0
1573095786225815871,1031,1573095786171428918,,10.0
1573095786279585172,1032,1573095786225229978,,10.0
1573095786333699808,1033,1573095786279205083,,10.0
1573095786388920561,1034,1573095786333461046,,10.0
1573095786441170178,1035,1573095786387722015,,10.0
1573095786495916410,1036,1573095786440808057,,10.0
1573095786549090117,1037,1573095786494602918,,65.0
1573095786650635573,1038,1573095786548093080,,80.0
1573095786704650163,1039,1573095786650270938,,80.0
1573095786758712028,1040,1573095786704459905,,80.0
1573095786812374168,1041,1573095786758394956,,80.0
1573095786865510086,1042,1573095786811319112,,80.0
1573095786919550432,1043,1573095786865422964,,80.0
1573095786971764277,1044,1573095786919152975,,80.0
1573095787025747923,1045,1573095786971410036,,80.0
1573095787079330631,1046,1573095787024688005,,80.0
1573095787135803091,1047,1573095787078811883,,80.0
1573095787188901690,1048,1573095787134602069,,80.0
1573095787243489531,1049,1573095787189016103,,25.0
1573095787348165573,1050,1573095787243238925,,10.0
1573095787401024858,1051,1573095787346777915,,10.0
1573095787454078442,1052,1573095787400796890,,10.0
1573095787508030889,1053,1573095787453567028,,10.0
1573095787562091551,1054,1573095787507698059,,10.0
1573095787616165912,1055,1573095787561722993,,10.0
1573095787669036129,1056,1573095787615674972,,10.0
1573095787723370555,1057,1573095787668903112,,10.0
1573095787776730176,1058,1573095787723167896,,65.0
1573095787830777165,1059,1573095787776329994,,80.0
1573095787935962678,1060,1573095787830624103,,80.0
1573095787991352635,1061,1573095787935818910,,80.0
1573095788044011623,1062,1573095787989789962,,80.0
1573095788097517790,1063,1573095788043780088,,80.0
1573095788151143605,1064,1573095788097047090,,25.0
1573095788207841995,1065,1573095788152597904,,10.0
1573095788261845098,1066,1573095788207437038,,10.0
1573095788316172808,1067,1573095788261348009,,10.0
1573095788369215973,1068,1573095788315830945,,10.0
1573095788421845442,1069,1573095788368890047,,65.0
1573095788477119293,1070,1573095788421921968,,80.0
1573095788531229561,1071,1573095788476629972,,80.0
1573095788633945425,1072,1573095788530751943,,80.0
1573095788687871853,1073,1573095788633779048,,25.0
1573095788743579499,1074,1573095788687897920,,10.0
1573095788798993944,1075,1573095788743346929,,10.0
1573095788851681799,1076,1573095788798294067,,10.0
1573095788905271304,1077,1573095788851345062,,10.0
1573095788959661412,1078,1573095788905308008,,10.0
1573095789013532057,1079,1573095788959289073,,10.0
1573095789068212973,1080,1573095789013649940,,10.0
1573095789121540364,1081,1573095789067929029,,10.0
1573095789176727976,1082,1573095789120953083,,10.0
1573095789230465305,1083,1573095789176240921,,10.0
1573095789284797608,1084,1573095789230400085,,65.0
1573095789338053227,1085,1573095789284971952,,10.0
1573095789393801761,1086,1573095789338058948,,65.0
1573095789448046395,1087,1573095789393420934,,80.0
1573095789502383406,1088,1573095789447546005,,80.0
1573095789557543845,1089,1573095789502002954,,80.0
1573095789660851003,1090,1573095789556191921,,80.0
1573095789715306801,1091,1573095789660490989,,25.0
1573095789767524371,1092,1573095789714783906,,10.0
1573095789820101617,1093,1573095789767056941,,10.0
1573095789872838083,1094,1573095789819912910,,10.0
1573095789927290026,1095,1573095789872412919,,10.0
1573095789978947380,1096,1573095789926084041,,10.0
1573095790032776570,1097,1573095789978298902,,10.0
1573095790086848186,1098,1573095790032545089,,10.0
1573095790140004540,1099,1573095790086539030,,58.3067131042
1573095790241237797,1100,1573095790139975070,,80.0
1573095790294360778,1101,1573095790241158008,,80.0
1573095790348201434,1102,1573095790293900966,,80.0
1573095790403577323,1103,1573095790348191022,,80.0
1573095790509149052,1104,1573095790403270006,,80.0
1573095790564615798,1105,1573095790508829116,,80.0
1573095790619154095,1106,1573095790564192056,,80.0
1573095790671523020,1107,1573095790617993116,,80.0
1573095790774361775,1108,1573095790671133041,,80.0
1573095790827516978,1109,1573095790774435043,,80.0
1573095790880736622,1110,1573095790827447891,,80.0
1573095790934997529,1111,1573095790880348920,,80.0
1573095790989694134,1112,1573095790934386968,,25.0
1573095791044522437,1113,1573095790989887952,,10.0
1573095791098392711,1114,1573095791044051885,,10.0
1573095791153059488,1115,1573095791097881078,,10.0
1573095791207847760,1116,1573095791152462959,,10.0
1573095791261711703,1117,1573095791207278013,,10.0
1573095791316698232,1118,1573095791261617898,,10.0
1573095791369838868,1119,1573095791315433025,,10.0
1573095791423915405,1120,1573095791369594097,,10.0
1573095791529219369,1121,1573095791423568964,,10.0
1573095791583367105,1122,1573095791528969049,,10.0
1573095791636882296,1123,1573095791583147048,,10.0
1573095791690571184,1124,1573095791636584043,,65.0
1573095791745174379,1125,1573095791690342903,,80.0
1573095791799549705,1126,1573095791745069026,,80.0
1573095791854009827,1127,1573095791798810958,,80.0
1573095791909580377,1128,1573095791853684902,,80.0
1573095791963405806,1129,1573095791908827066,,80.0
1573095792016008802,1130,1573095791962944984,,80.0
1573095792070597785,1131,1573095792016010046,,80.0
1573095792124771426,1132,1573095792069777965,,80.0
1573095792229382038,1133,1573095792124855995,,80.0
1573095792284010194,1134,1573095792229196071,,25.0
1573095792337862407,1135,1573095792283243894,,80.0
1573095792391082845,1136,1573095792337635993,,80.0
1573095792446035930,1137,1573095792390832901,,80.0
1573095792500689538,1138,1573095792444813013,,80.0
1573095792554000726,1139,1573095792498910903,,80.0
1573095792608396479,1140,1573095792553586006,,25.0
1573095792712072489,1141,1573095792607992887,,10.0
1573095792766139572,1142,1573095792711777925,,10.0
1573095792820045039,1143,1573095792765919923,,10.0
1573095792874708559,1144,1573095792820266962,,10.0
1573095792929436761,1145,1573095792874294996,,10.0
1573095792983029962,1146,1573095792928819894,,65.0
1573095793037930234,1147,1573095792982667922,,80.0
1573095793090851047,1148,1573095793036351919,,80.0
1573095793144269630,1149,1573095793090318918,,80.0
1573095793198164276,1150,1573095793143876075,,80.0
1573095793252993275,1151,1573095793198127985,,80.0
1573095793307737570,1152,1573095793253032922,,80.0
1573095793412234231,1153,1573095793307308912,,80.0
1573095793467336455,1154,1573095793411911964,,80.0
1573095793520003233,1155,1573095793465723037,,25.0
1573095793574680039,1156,1573095793519809961,,10.0
1573095793679985864,1157,1573095793574369907,,10.0
1573095793732956067,1158,1573095793678167104,,10.0
1573095793787224284,1159,1573095793732547998,,10.0
1573095793842403274,1160,1573095793787172079,,10.0
1573095793895965944,1161,1573095793842005968,,10.0
1573095793950741552,1162,1573095793896112918,,10.0
1573095794004736109,1163,1573095793950042009,,65.0
1573095794061192551,1164,1573095794004268884,,80.0
1573095794115187527,1165,1573095794058134078,,25.0
1573095794168454562,1166,1573095794114840984,,10.0
1573095794221791056,1167,1573095794168181896,,10.0
1573095794274816524,1168,1573095794220957994,,23.0328407288
1573095794376008563,1169,1573095794274568080,,78.0328445435
1573095794427251580,1170,1573095794375861883,,80.0
1573095794531312941,1171,1573095794427093982,,80.0
1573095794586758969,1172,1573095794532402992,,80.0
1573095794640953646,1173,1573095794586530923,,80.0
1573095794695280667,1174,1573095794640633106,,80.0
1573095794749468627,1175,1573095794694943904,,80.0
1573095794802976531,1176,1573095794748821020,,25.0
1573095794857192651,1177,1573095794802530050,,10.0
1573095794913184560,1178,1573095794856578111,,10.0
1573095794964285147,1179,1573095794911417007,,10.0
1573095795066512930,1180,1573095794963438034,,10.0
1573095795120028410,1181,1573095795066162109,,65.0
1573095795174473528,1182,1573095795119700908,,80.0
1573095795227946348,1183,1573095795173846960,,80.0
1573095795281794352,1184,1573095795226819992,,80.0
1573095795335097449,1185,1573095795280643939,,80.0
1573095795388138012,1186,1573095795334853887,,80.0
1573095795441568311,1187,1573095795387752056,,80.0
1573095795495957585,1188,1573095795441708087,,25.0
1573095795600031912,1189,1573095795495560884,,10.0
1573095795654474415,1190,1573095795599867105,,10.0
1573095795708723683,1191,1573095795654351949,,10.0
1573095795763740683,1192,1573095795708046913,,65.0
1573095795818713183,1193,1573095795763308048,,80.0
1573095795869627903,1194,1573095795817189931,,80.0
1573095795923671668,1195,1573095795869436025,,25.0
1573095795976072591,1196,1573095795923309087,,10.0
1573095796080591984,1197,1573095795975919961,,10.0
1573095796183313979,1198,1573095796079874038,,13.375623703
1573095796237235454,1199,1573095796182915925,,68.3756256104
1573095796292179537,1200,1573095796237487077,,80.0
1573095796344869583,1201,1573095796291491031,,80.0
1573095796447551920,1202,1573095796344466924,,25.0
1573095796501933367,1203,1573095796447310924,,80.0
1573095796555384727,1204,1573095796501454114,,80.0
1573095796610006187,1205,1573095796555078983,,25.0
1573095796663760264,1206,1573095796609276056,,10.0
1573095796717824677,1207,1573095796663357973,,10.0
1573095796772167177,1208,1573095796717344999,,10.0
1573095796826794504,1209,1573095796771729946,,10.0
1573095796881308408,1210,1573095796826025009,,65.0
1573095796935200761,1211,1573095796880738019,,80.0
1573095796987949624,1212,1573095796934874057,,80.0
1573095797040875692,1213,1573095796987647056,,80.0
1573095797093974644,1214,1573095797040707111,,80.0
1573095797148169414,1215,1573095797093642950,,25.0
1573095797252887930,1216,1573095797147907018,,10.0
1573095797306712629,1217,1573095797252310991,,10.0
1573095797362379629,1218,1573095797306408882,,10.0
1573095797417179372,1219,1573095797361835956,,10.0
1573095797470756564,1220,1573095797415438890,,10.0
1573095797525779682,1221,1573095797471026897,,10.0
1573095797579766753,1222,1573095797525193929,,10.0
1573095797631581159,1223,1573095797579351902,,10.0
1573095797685892062,1224,1573095797631382942,,10.0
1573095797740805227,1225,1573095797685658931,,65.0
1573095797793564850,1226,1573095797740331888,,10.0
1573095797846658867,1227,1573095797793498992,,10.0
1573095797901041411,1228,1573095797846352100,,10.0
1573095797956024747,1229,1573095797900677919,,46.8853187561
1573095798008909180,1230,1573095797955749034,,10.0
1573095798061913205,1231,1573095798008738040,,10.0
1573095798116179061,1232,1573095798061752080,,65.0
1573095798219696405,1233,1573095798115607976,,80.0
1573095798272844693,1234,1573095798218450069,,80.0
1573095798326791026,1235,1573095798272624969,,80.0
1573095798381071893,1236,1573095798326437950,,80.0
1573095798485691832,1237,1573095798380558967,,80.0
1573095798538875270,1238,1573095798484302043,,80.0
1573095798593191659,1239,1573095798538403987,,80.0
1573095798647826646,1240,1573095798592745065,,80.0
1573095798751686500,1241,1573095798647376060,,80.0
1573095798806499339,1242,1573095798751816034,,25.0
1573095798860475240,1243,1573095798806076049,,10.0
1573095798913022264,1244,1573095798860348939,,10.0
1573095798967772638,1245,1573095798912723064,,10.0
1573095799021398825,1246,1573095798966655015,,10.0
1573095799076112347,1247,1573095799021008968,,65.0
1573095799131280277,1248,1573095799076390981,,80.0
1573095799186515198,1249,1573095799130541086,,25.0
1573095799289875056,1250,1573095799184969902,,10.0
1573095799343462301,1251,1573095799290007114,,65.0
1573095799398419501,1252,1573095799343065023,,80.0
1573095799451189204,1253,1573095799397095918,,80.0
1573095799505193973,1254,1573095799451123952,,80.0
1573095799560600935,1255,1573095799504143953,,25.0
1573095799614779358,1256,1573095799560426950,,10.0
1573095799669200996,1257,1573095799614594936,,65.0
1573095799725038382,1258,1573095799668837070,,10.0
1573095799829043721,1259,1573095799724468946,,65.0
1573095799882756886,1260,1573095799828752994,,80.0
1573095799937128101,1261,1573095799882679939,,80.0
1573095800044530841,1262,1573095799936834096,,80.0
1573095800097321691,1263,1573095800042857885,,80.0
1573095800151836529,1264,1573095800097109079,,80.0
1573095800204640044,1265,1573095800151377916,,80.0
1573095800259360285,1266,1573095800204543113,,80.0
1573095800312203484,1267,1573095800259809017,,80.0
1573095800366515643,1268,1573095800312167882,,80.0
1573095800421045055,1269,1573095800366413116,,80.0
1573095800527709258,1270,1573095800420744895,,80.0
1573095800580623306,1271,1573095800526422023,,80.0
1573095800634128061,1272,1573095800580665111,,80.0
1573095800688123918,1273,1573095800633855104,,80.0
1573095800743197515,1274,1573095800687800884,,80.0
1573095800796675000,1275,1573095800742362022,,80.0
1573095800849659022,1276,1573095800796508073,,80.0
1573095800903879323,1277,1573095800849544048,,80.0
1573095801008071701,1278,1573095800903577089,,80.0
1573095801062696937,1279,1573095801008410930,,80.0
1573095801116722054,1280,1573095801062087059,,80.0
1573095801171365118,1281,1573095801116154909,,80.0
1573095801224589178,1282,1573095801170730113,,80.0
1573095801278692412,1283,1573095801224188089,,80.0
1573095801334051578,1284,1573095801278148889,,80.0
1573095801387148721,1285,1573095801332477092,,80.0
1573095801440705443,1286,1573095801386765003,,80.0
1573095801495458016,1287,1573095801440443038,,80.0
1573095801550051118,1288,1573095801495296955,,80.0
1573095801605134428,1289,1573095801549670934,,80.0
1573095801709443979,1290,1573095801605098962,,80.0
1573095801763675074,1291,1573095801709498882,,80.0
1573095801819431279,1292,1573095801763394117,,80.0
1573095801873288800,1293,1573095801818802118,,80.0
1573095801926802248,1294,1573095801872772932,,80.0
1573095801980711280,1295,1573095801925431013,,80.0
1573095802033368615,1296,1573095801979429006,,80.0
1573095802087648298,1297,1573095802033004045,,80.0
1573095802190447866,1298,1573095802087209939,,80.0
1573095802245800459,1299,1573095802190262079,,80.0
1573095802298888415,1300,1573095802244368076,,80.0
1573095802352930205,1301,1573095802298621892,,80.0
1573095802407598445,1302,1573095802352969884,,80.0
1573095802462292328,1303,1573095802406928062,,80.0
1573095802516314116,1304,1573095802462912082,,80.0
1573095802570111501,1305,1573095802515995025,,80.0
1573095802625274006,1306,1573095802569807052,,80.0
1573095802729644122,1307,1573095802624811887,,80.0
1573095802783589190,1308,1573095802729314088,,80.0
1573095802836513339,1309,1573095802783402919,,80.0
1573095802889739320,1310,1573095802836337089,,80.0
1573095802944991950,1311,1573095802889390945,,80.0
1573095802997725357,1312,1573095802944681882,,80.0
1573095803054325268,1313,1573095802997052907,,80.0
1573095803108664024,1314,1573095803052669048,,80.0
1573095803212636297,1315,1573095803108053922,,80.0
1573095803267387625,1316,1573095803212743043,,80.0
1573095803320392834,1317,1573095803267462968,,80.0
1573095803372926984,1318,1573095803320235967,,80.0
1573095803427179556,1319,1573095803372255086,,80.0
1573095803481694862,1320,1573095803427046060,,80.0
1573095803536043505,1321,1573095803481348037,,80.0
1573095803589736363,1322,1573095803535345077,,80.0
1573095803694137792,1323,1573095803589735031,,80.0
1573095803748792727,1324,1573095803693919897,,80.0
1573095803803002329,1325,1573095803748558044,,80.0
1573095803856182898,1326,1573095803802884101,,80.0
1573095803909264244,1327,1573095803855842113,,80.0
1573095803964531898,1328,1573095803908935070,,80.0
1573095804016282291,1329,1573095803963005065,,80.0
1573095804069481498,1330,1573095804016060113,,80.0
1573095804123782183,1331,1573095804068995952,,80.0
1573095804177151718,1332,1573095804123486995,,80.0
1573095804233080009,1333,1573095804177566051,,80.0
1573095804286624504,1334,1573095804233026981,,80.0
1573095804340100970,1335,1573095804286279916,,80.0
1573095804443366074,1336,1573095804338835000,,80.0
1573095804497459225,1337,1573095804442594051,,80.0
1573095804551286905,1338,1573095804497139930,,80.0
1573095804604542522,1339,1573095804551357984,,80.0
1573095804656926655,1340,1573095804604104042,,80.0
1573095804711392464,1341,1573095804656733036,,80.0
1573095804763320310,1342,1573095804711069107,,80.0
1573095804817104646,1343,1573095804763020038,,80.0
1573095804871940506,1344,1573095804816941022,,80.0
1573095804976188883,1345,1573095804871581077,,80.0
1573095805030137040,1346,1573095804975826025,,80.0
1573095805084225309,1347,1573095805029762029,,80.0
1573095805191584009,1348,1573095805084389925,,80.0
1573095805242798643,1349,1573095805190040111,,80.0
1573095805296675393,1350,1573095805242512941,,80.0
1573095805351093768,1351,1573095805296663045,,80.0
1573095805405482125,1352,1573095805350991010,,80.0
1573095805458899793,1353,1573095805405328989,,80.0
1573095805513465359,1354,1573095805458528041,,80.0
1573095805566676090,1355,1573095805512773990,,80.0
1573095805620668690,1356,1573095805566387891,,80.0
1573095805676351944,1357,1573095805620212078,,80.0
1573095805730519919,1358,1573095805676021099,,80.0
1573095805785263850,1359,1573095805730479955,,80.0
1573095805890076835,1360,1573095805784806013,,80.0
1573095805944888140,1361,1573095805889889955,,80.0
1573095805998108655,1362,1573095805944030046,,80.0
1573095806051325729,1363,1573095805997854948,,80.0
1573095806105540231,1364,1573095806050872087,,80.0
1573095806160467689,1365,1573095806104964017,,80.0
1573095806214194211,1366,1573095806159790992,,80.0
1573095806266764854,1367,1573095806213546991,,80.0
1573095806321599125,1368,1573095806266522884,,80.0
1573095806426636061,1369,1573095806321014881,,80.0
1573095806727872951,1370,1573095806424774885,,80.0
1573095806782093931,1371,1573095806727847099,,80.0
1573095806834987128,1372,1573095806781846046,,80.0
1573095806889712607,1373,1573095806834950923,,80.0
1573095806944571837,1374,1573095806889142990,,80.0
1573095806997590068,1375,1573095806943922042,,80.0
1573095807051200143,1376,1573095806997962951,,65.8455505371
1573095807105942031,1377,1573095807050784111,,71.0748443604
1573095807159225264,1378,1573095807104866981,,80.0
1573095807211545452,1379,1573095807158679962,,80.0
1573095807264134294,1380,1573095807210927963,,80.0
1573095807315639044,1381,1573095807264236927,,80.0
1573095807369595609,1382,1573095807315301895,,80.0
1573095807422787228,1383,1573095807369714021,,80.0
1573095807476993376,1384,1573095807422545909,,80.0
1573095807531055955,1385,1573095807476507902,,80.0
1573095807585112560,1386,1573095807530414104,,80.0
1573095807689082910,1387,1573095807584407091,,80.0
1573095807742906938,1388,1573095807688430070,,80.0
