%time,field.header.seq,field.header.stamp,field.header.frame_id,field.value
1591675094365866564,3859,1591675094347617239,,2.20000004768
1591675094393860685,3860,1591675094377527388,,2.20000004768
1591675094425120761,3861,1591675094409176143,,2.20000004768
1591675094463477857,3862,1591675094447650890,,2.20000004768
1591675094500713261,3863,1591675094483811041,,2.20000004768
1591675094532872627,3864,1591675094515659577,,2.20000004768
1591675094564409556,3865,1591675094547870162,,2.20000004768
1591675094600450426,3866,1591675094583768390,,2.20000004768
1591675094636334286,3867,1591675094615865312,,2.20000004768
1591675094663940083,3868,1591675094647275538,,2.20000004768
1591675094693829793,3869,1591675094677601669,,2.20000004768
1591675094735998887,3870,1591675094715745360,,2.20000004768
1591675094772506621,3871,1591675094748032407,,2.20000004768
1591675094798296356,3872,1591675094781275929,,2.20000004768
1591675094827979219,3873,1591675094809394466,,2.20000004768
1591675094863637258,3874,1591675094846201872,,2.20000004768
1591675094899595612,3875,1591675094884025082,,2.20000004768
1591675094925746315,3876,1591675094909283586,,2.20000004768
1591675094963218778,3877,1591675094945750023,,2.20000004768
1591675095001784975,3878,1591675094984805457,,2.20000004768
1591675095027648589,3879,1591675095010589372,,2.20000004768
1591675095067028020,3880,1591675095045935114,,2.20000004768
1591675095093383713,3881,1591675095078164671,,2.20000004768
1591675095127639425,3882,1591675095111489979,,2.20000004768
1591675095170079748,3883,1591675095147609071,,2.20000004768
1591675095194805951,3884,1591675095179454172,,2.20000004768
1591675095232898193,3885,1591675095215504341,,2.20000004768
1591675095267792267,3886,1591675095251848872,,2.20000004768
1591675095300218693,3887,1591675095283899184,,2.20000004768
1591675095333174052,3888,1591675095315864714,,2.20000004768
1591675095367981186,3889,1591675095350964187,,2.20000004768
1591675095393531658,3890,1591675095377501320,,2.20000004768
1591675095424357055,3891,1591675095409176642,,2.20000004768
1591675095460728013,3892,1591675095445292535,,2.20000004768
1591675095500734476,3893,1591675095484054273,,2.20000004768
1591675095531410616,3894,1591675095515340707,,2.20000004768
1591675095563165329,3895,1591675095545277856,,2.20000004768
1591675095606499183,3896,1591675095577301575,,2.20000004768
1591675095631899871,3897,1591675095609694688,,2.20000004768
1591675095664592656,3898,1591675095647398383,,2.20000004768
1591675095701479632,3899,1591675095678081353,,2.20000004768
1591675095727484779,3900,1591675095710075444,,2.20000004768
1591675095762053984,3901,1591675095746093344,,2.20000004768
1591675095794617941,3902,1591675095779356569,,2.20000004768
1591675095824861166,3903,1591675095809444802,,2.20000004768
1591675095869087572,3904,1591675095850857603,,2.20000004768
1591675095907140423,3905,1591675095882739830,,2.20000004768
1591675095933606221,3906,1591675095909857089,,2.20000004768
1591675095961069181,3907,1591675095945405695,,2.20000004768
1591675095998972818,3908,1591675095983096968,,2.20000004768
1591675096034924146,3909,1591675096015081814,,2.20000004768
1591675096081203648,3910,1591675096051011616,,2.20000004768
1591675096100976464,3911,1591675096083232888,,2.20000004768
1591675096132639265,3912,1591675096115207705,,2.20000004768
1591675096169189427,3913,1591675096151321174,,2.20000004768
1591675096199600531,3914,1591675096183186359,,2.20000004768
1591675096232127601,3915,1591675096215680803,,2.20000004768
1591675096263372241,3916,1591675096247275910,,2.20000004768
1591675096304923527,3917,1591675096283663719,,2.20000004768
1591675096337046491,3918,1591675096319429410,,2.20000004768
1591675096371931241,3919,1591675096351468715,,2.20000004768
1591675096399064604,3920,1591675096383476196,,2.20000004768
1591675096437560010,3921,1591675096419191570,,2.20000004768
1591675096462145480,3922,1591675096446119828,,2.20000004768
1591675096495982635,3923,1591675096479373045,,2.20000004768
1591675096530395507,3924,1591675096514379334,,2.20000004768
1591675096571980920,3925,1591675096546437940,,2.20000004768
1591675096603452993,3926,1591675096577336678,,2.20000004768
1591675096634481419,3927,1591675096619053032,,2.20000004768
1591675096667987754,3928,1591675096651212946,,2.20000004768
1591675096700472524,3929,1591675096683248623,,2.20000004768
1591675096735346606,3930,1591675096719250618,,2.20000004768
1591675096767049367,3931,1591675096751118143,,2.20000004768
1591675096801756613,3932,1591675096783170062,,2.20000004768
1591675096834918534,3933,1591675096819381126,,2.20000004768
1591675096867886861,3934,1591675096851192484,,2.20000004768
1591675096900541671,3935,1591675096883503664,,2.20000004768
1591675096936292695,3936,1591675096919649321,,2.20000004768
1591675096967205881,3937,1591675096951624967,,2.20000004768
1591675096999084205,3938,1591675096983048964,,2.20000004768
1591675097040654356,3939,1591675097019093707,,2.20000004768
1591675097069016143,3940,1591675097051195380,,2.20000004768
1591675097099648488,3941,1591675097083448274,,2.20000004768
1591675097131559038,3942,1591675097113340214,,2.20000004768
1591675097168122163,3943,1591675097151419041,,2.20000004768
1591675097199728681,3944,1591675097183377873,,2.20000004768
1591675097235447407,3945,1591675097219588480,,2.20000004768
1591675097267761046,3946,1591675097251700126,,2.20000004768
1591675097299789109,3947,1591675097283591920,,2.20000004768
1591675097334362028,3948,1591675097318268220,,2.20000004768
1591675097371801025,3949,1591675097351738448,,2.20000004768
1591675097408410703,3950,1591675097383510181,,2.20000004768
1591675097434613003,3951,1591675097418904057,,2.20000004768
1591675097470290092,3952,1591675097450900622,,2.20000004768
1591675097500161797,3953,1591675097483214799,,2.20000004768
1591675097536314406,3954,1591675097519566097,,2.20000004768
1591675097571806732,3955,1591675097550587146,,2.20000004768
1591675097599815806,3956,1591675097583583039,,2.20000004768
1591675097637168347,3957,1591675097619495785,,2.20000004768
1591675097668574479,3958,1591675097651412420,,2.20000004768
1591675097695997273,3959,1591675097679710209,,2.20000004768
1591675097734995500,3960,1591675097713174791,,2.20000004768
1591675097762890053,3961,1591675097747276097,,2.20000004768
1591675097804378320,3962,1591675097787746188,,2.20000004768
1591675097836940475,3963,1591675097819947651,,2.20000004768
1591675097868822175,3964,1591675097851209507,,2.20000004768
1591675097905889491,3965,1591675097887179180,,2.20000004768
1591675097944783398,3966,1591675097918853492,,2.20000004768
1591675097967941033,3967,1591675097951629129,,2.20000004768
1591675098005027014,3968,1591675097981663207,,2.20000004768
1591675098041523261,3969,1591675098019334839,,2.20000004768
1591675098066980701,3970,1591675098050810062,,2.20000004768
1591675098103584711,3971,1591675098087298593,,2.20000004768
1591675098142572728,3972,1591675098118917243,,2.20000004768
1591675098162120683,3973,1591675098145689334,,2.20000004768
1591675098197380427,3974,1591675098181614576,,2.20000004768
1591675098232445837,3975,1591675098215568303,,2.20000004768
1591675098271624373,3976,1591675098251806931,,2.20000004768
1591675098303040763,3977,1591675098282152066,,2.20000004768
1591675098330437041,3978,1591675098313511056,,2.20000004768
1591675098366994563,3979,1591675098345271243,,2.20000004768
1591675098400180457,3980,1591675098381430674,,2.20000004768
1591675098436774107,3981,1591675098419614968,,2.20000004768
1591675098465846755,3982,1591675098451144739,,2.20000004768
1591675098509646755,3983,1591675098487460793,,2.20000004768
1591675098547927242,3984,1591675098519409734,,2.20000004768
1591675098566394099,3985,1591675098545192742,,2.20000004768
1591675098597962235,3986,1591675098581172707,,2.20000004768
1591675098639102828,3987,1591675098619391990,,2.20000004768
1591675098673851519,3988,1591675098651516970,,2.20000004768
1591675098704218529,3989,1591675098687442789,,2.20000004768
1591675098729130926,3990,1591675098713163543,,2.20000004768
1591675098764309478,3991,1591675098745122535,,2.20000004768
1591675098803311114,3992,1591675098781214425,,2.20000004768
1591675098837548881,3993,1591675098819491402,,2.20000004768
1591675098870027057,3994,1591675098851509861,,2.20000004768
1591675098904701276,3995,1591675098887469277,,2.20000004768
1591675098934366662,3996,1591675098918771043,,2.20000004768
1591675098966842071,3997,1591675098950885094,,2.20000004768
1591675099002947326,3998,1591675098986745370,,2.20000004768
1591675099033121567,3999,1591675099013327044,,2.20000004768
1591675099064603092,4000,1591675099045498681,,2.20000004768
1591675099097913011,4001,1591675099081669330,,2.20000004768
1591675099130296404,4002,1591675099113430949,,2.20000004768
1591675099160916049,4003,1591675099145385973,,2.20000004768
1591675099197062331,4004,1591675099181582414,,2.20000004768
1591675099235572707,4005,1591675099219912476,,2.20000004768
1591675099272072863,4006,1591675099255949336,,2.20000004768
1591675099297102874,4007,1591675099281272846,,2.20000004768
1591675099331480419,4008,1591675099313817784,,2.20000004768
1591675099370195857,4009,1591675099349317677,,2.20000004768
1591675099397726423,4010,1591675099381470684,,2.20000004768
1591675099434948146,4011,1591675099419172096,,2.20000004768
1591675099477269361,4012,1591675099454833534,,2.20000004768
1591675099502605033,4013,1591675099486882012,,2.20000004768
1591675099534836793,4014,1591675099518823108,,2.20000004768
1591675099571861490,4015,1591675099555429266,,2.20000004768
1591675099605175341,4016,1591675099587325717,,2.20000004768
1591675099638564736,4017,1591675099619486521,,2.20000004768
1591675099685171119,4018,1591675099655315536,,2.20000004768
1591675099704921670,4019,1591675099682066343,,2.20000004768
1591675099730668994,4020,1591675099713608270,,2.20000004768
1591675099767128093,4021,1591675099749810851,,2.20000004768
1591675099798950191,4022,1591675099782229245,,2.20000004768
1591675099828984494,4023,1591675099813364745,,2.20000004768
1591675099864453121,4024,1591675099849344129,,2.20000004768
1591675099900240960,4025,1591675099881355634,,2.20000004768
1591675099929311026,4026,1591675099913999098,,2.20000004768
1591675099971892341,4027,1591675099955398065,,2.20000004768
1591675100006923647,4028,1591675099987515836,,2.20000004768
1591675100036648875,4029,1591675100019601339,,2.20000004768
1591675100070917345,4030,1591675100055685569,,2.20000004768
1591675100104032646,4031,1591675100087228041,,2.20000004768
1591675100136580979,4032,1591675100119411811,,2.20000004768
1591675100164637186,4033,1591675100149213844,,2.20000004768
1591675100197803686,4034,1591675100181698759,,2.20000004768
1591675100234867248,4035,1591675100216518103,,2.20000004768
1591675100270483969,4036,1591675100252635448,,2.20000004768
1591675100306588923,4037,1591675100284689788,,2.20000004768
1591675100336171771,4038,1591675100319614329,,2.20000004768
1591675100371873330,4039,1591675100354932416,,2.20000004768
1591675100407767035,4040,1591675100387495071,,2.20000004768
1591675100440240529,4041,1591675100419805462,,2.20000004768
1591675100474093008,4042,1591675100455829453,,2.20000004768
1591675100509429832,4043,1591675100487337810,,2.20000004768
1591675100537605889,4044,1591675100519436329,,2.20000004768
1591675100573736617,4045,1591675100555574611,,2.20000004768
1591675100603788918,4046,1591675100587038898,,2.20000004768
1591675100636874961,4047,1591675100618922491,,2.20000004768
1591675100666430912,4048,1591675100649760133,,2.20000004768
1591675100706787643,4049,1591675100681305059,,2.20000004768
1591675100756912633,4050,1591675100724475013,,2.20000004768
1591675100773480603,4051,1591675100756797916,,2.20000004768
1591675100797885472,4052,1591675100781672676,,2.20000004768
1591675100833684865,4053,1591675100817343719,,2.20000004768
1591675100871199641,4054,1591675100855178685,,2.20000004768
1591675100902890392,4055,1591675100886919678,,2.20000004768
1591675100938868274,4056,1591675100922929380,,2.20000004768
1591675100970986487,4057,1591675100955076547,,2.20000004768
1591675101003143142,4058,1591675100986901098,,2.20000004768
1591675101043669336,4059,1591675101022927384,,2.20000004768
1591675101072561796,4060,1591675101055449195,,2.20000004768
1591675101104041617,4061,1591675101087489769,,2.20000004768
1591675101135131331,4062,1591675101118058309,,2.20000004768
1591675101166092065,4063,1591675101149271732,,2.20000004768
1591675101198080722,4064,1591675101181355023,,2.20000004768
1591675101239288892,4065,1591675101223465300,,2.20000004768
1591675101271665943,4066,1591675101255444877,,2.20000004768
1591675101313912518,4067,1591675101287331475,,2.20000004768
1591675101341605722,4068,1591675101323567897,,2.20000004768
1591675101375095288,4069,1591675101355439557,,2.20000004768
1591675101404103435,4070,1591675101387385288,,2.20000004768
1591675101442392515,4071,1591675101423704809,,2.20000004768
1591675101467646995,4072,1591675101449636479,,2.20000004768
1591675101500272785,4073,1591675101481550247,,2.20000004768
1591675101534337450,4074,1591675101517521657,,2.20000004768
1591675101567297779,4075,1591675101550172354,,2.20000004768
1591675101597066749,4076,1591675101581325868,,2.20000004768
1591675101632700594,4077,1591675101617298454,,2.20000004768
1591675101665529771,4078,1591675101649390250,,2.20000004768
1591675101712971133,4079,1591675101686883848,,2.20000004768
1591675101743106495,4080,1591675101722835255,,2.20000004768
1591675101772149446,4081,1591675101754782271,,2.20000004768
1591675101804727615,4082,1591675101787447669,,2.20000004768
1591675101840804148,4083,1591675101823494250,,2.20000004768
1591675101875560892,4084,1591675101855219897,,2.20000004768
1591675101900750784,4085,1591675101881624392,,2.20000004768
1591675101933690141,4086,1591675101917390767,,2.20000004768
1591675101969817838,4087,1591675101952264744,,2.20000004768
1591675102003606734,4088,1591675101987416134,,2.20000004768
1591675102038467048,4089,1591675102023109896,,2.20000004768
1591675102069838561,4090,1591675102055276746,,2.20000004768
1591675102102305801,4091,1591675102087422397,,2.20000004768
1591675102150530957,4092,1591675102123419438,,2.20000004768
1591675102174900012,4093,1591675102155422086,,2.20000004768
1591675102208573043,4094,1591675102191305293,,2.20000004768
1591675102239542700,4095,1591675102223392365,,2.20000004768
1591675102272649078,4096,1591675102255420770,,2.20000004768
1591675102306333724,4097,1591675102290119573,,2.20000004768
1591675102335755951,4098,1591675102317059266,,2.20000004768
1591675102369070126,4099,1591675102349205090,,2.20000004768
1591675102403205008,4100,1591675102385231379,,2.20000004768
1591675102436724576,4101,1591675102417232289,,2.20000004768
1591675102470284031,4102,1591675102449224903,,2.20000004768
1591675102509477250,4103,1591675102485667592,,2.20000004768
1591675102538240920,4104,1591675102517189307,,2.20000004768
1591675102567211009,4105,1591675102549416401,,2.20000004768
1591675102608312373,4106,1591675102590936026,,2.20000004768
1591675102636800628,4107,1591675102619790439,,2.20000004768
1591675102672237637,4108,1591675102655050964,,2.20000004768
1591675102708629331,4109,1591675102690933589,,2.20000004768
1591675102739114438,4110,1591675102723014933,,2.20000004768
1591675102772205979,4111,1591675102755172999,,2.20000004768
1591675102806730868,4112,1591675102791249258,,2.20000004768
1591675102839465679,4113,1591675102822921578,,2.20000004768
1591675102872791891,4114,1591675102855329305,,2.20000004768
1591675102902120556,4115,1591675102885507954,,2.20000004768
1591675102941457759,4116,1591675102917247283,,2.20000004768
1591675102966277620,4117,1591675102950262796,,2.20000004768
1591675103012036950,4118,1591675102985310481,,2.20000004768
1591675103042189133,4119,1591675103023158773,,2.20000004768
1591675103072952464,4120,1591675103055285146,,2.20000004768
1591675103109330992,4121,1591675103092293552,,2.20000004768
1591675103140258661,4122,1591675103124289137,,2.20000004768
1591675103173899156,4123,1591675103155046690,,2.20000004768
1591675103207561660,4124,1591675103191023994,,2.20000004768
1591675103239409338,4125,1591675103222805359,,2.20000004768
1591675103270797207,4126,1591675103254854956,,2.20000004768
1591675103308503498,4127,1591675103290800635,,2.20000004768
1591675103339190906,4128,1591675103323017110,,2.20000004768
1591675103382001860,4129,1591675103355361522,,2.20000004768
1591675103412200284,4130,1591675103391076668,,2.20000004768
1591675103439732940,4131,1591675103423187626,,2.20000004768
1591675103471807606,4132,1591675103454890420,,2.20000004768
1591675103500735729,4133,1591675103485380551,,2.20000004768
1591675103533065100,4134,1591675103517298893,,2.20000004768
1591675103567292040,4135,1591675103549288828,,2.20000004768
1591675103610750785,4136,1591675103585264935,,2.20000004768
1591675103639341097,4137,1591675103623685157,,2.20000004768
1591675103679210822,4138,1591675103660429652,,2.20000004768
1591675103710113937,4139,1591675103692652059,,2.20000004768
1591675103736263817,4140,1591675103717885774,,2.20000004768
1591675103775601707,4141,1591675103759239510,,2.20000004768
1591675103802794671,4142,1591675103785739345,,2.20000004768
1591675103837247495,4143,1591675103819920560,,2.20000004768
1591675103873914606,4144,1591675103855474778,,2.20000004768
1591675103901915260,4145,1591675103885305718,,2.20000004768
1591675103932565316,4146,1591675103917137762,,2.20000004768
1591675103970816847,4147,1591675103953521267,,2.20000004768
1591675104004456261,4148,1591675103985311463,,2.20000004768
1591675104037029363,4149,1591675104017237604,,2.20000004768
1591675104082173464,4150,1591675104058937673,,2.20000004768
1591675104107051734,4151,1591675104091070169,,2.20000004768
1591675104139739388,4152,1591675104123059600,,2.20000004768
1591675104182600708,4153,1591675104159190678,,2.20000004768
1591675104207968084,4154,1591675104191213696,,2.20000004768
1591675104240033450,4155,1591675104222856719,,2.20000004768
1591675104274989949,4156,1591675104258863124,,2.20000004768
1591675104311405132,4157,1591675104291708563,,2.20000004768
1591675104338781936,4158,1591675104322963557,,2.20000004768
1591675104382860779,4159,1591675104358911231,,2.20000004768
1591675104408440531,4160,1591675104391321388,,2.20000004768
1591675104433203186,4161,1591675104417577400,,2.20000004768
1591675104469638351,4162,1591675104453826392,,2.20000004768
1591675104508826706,4163,1591675104492081905,,2.20000004768
1591675104534855703,4164,1591675104518683517,,2.20000004768
1591675104570300471,4165,1591675104554071697,,2.20000004768
1591675104609000721,4166,1591675104591458291,,2.20000004768
1591675104649671747,4167,1591675104623516173,,2.20000004768
1591675104682829583,4168,1591675104659573311,,2.20000004768
1591675104708602156,4169,1591675104691550854,,2.20000004768
1591675104743256033,4170,1591675104724373257,,2.20000004768
1591675104774019295,4171,1591675104754577239,,2.20000004768
1591675104810089435,4172,1591675104785554618,,2.20000004768
1591675104836000891,4173,1591675104819799515,,2.20000004768
1591675104886720110,4174,1591675104859677590,,2.20000004768
1591675104908308812,4175,1591675104891515710,,2.20000004768
1591675104940222494,4176,1591675104923455829,,2.20000004768
1591675104976183244,4177,1591675104959507931,,2.20000004768
1591675105008800652,4178,1591675104991486405,,2.20000004768
1591675105040654445,4179,1591675105023786110,,2.20000004768
1591675105081903913,4180,1591675105060061811,,2.20000004768
1591675105105358759,4181,1591675105087816144,,2.20000004768
1591675105145251256,4182,1591675105127887960,,2.20000004768
1591675105175983971,4183,1591675105159478390,,2.20000004768
1591675105207256164,4184,1591675105191525870,,2.20000004768
1591675105244363139,4185,1591675105227508763,,2.20000004768
1591675105276505576,4186,1591675105259532084,,2.20000004768
1591675105309488834,4187,1591675105291863909,,2.20000004768
1591675105344699088,4188,1591675105327781073,,2.20000004768
1591675105369742738,4189,1591675105353480321,,2.20000004768
1591675105407606867,4190,1591675105391778380,,2.20000004768
1591675105441518596,4191,1591675105425947675,,2.20000004768
1591675105468738808,4192,1591675105453482950,,2.20000004768
1591675105511897202,4193,1591675105485906693,,2.20000004768
1591675105537950402,4194,1591675105521562006,,2.20000004768
1591675105569347485,4195,1591675105553621706,,2.20000004768
1591675105602024700,4196,1591675105585477943,,2.20000004768
1591675105639468012,4197,1591675105621565217,,2.20000004768
1591675105685334661,4198,1591675105653504815,,2.20000004768
1591675105702648567,4199,1591675105685756831,,2.20000004768
1591675105747069714,4200,1591675105721562766,,2.20000004768
1591675105769694232,4201,1591675105753496324,,2.20000004768
1591675105802763738,4202,1591675105785518644,,2.20000004768
1591675105843308251,4203,1591675105827530154,,2.20000004768
1591675105875132514,4204,1591675105859467368,,2.20000004768
1591675105907679066,4205,1591675105891508536,,2.20000004768
1591675105944916778,4206,1591675105927550541,,2.20000004768
1591675105975568961,4207,1591675105959173052,,2.20000004768
1591675106008207547,4208,1591675105991498449,,2.20000004768
1591675106045638116,4209,1591675106027540214,,2.20000004768
1591675106076662547,4210,1591675106059631938,,2.20000004768
1591675106110156781,4211,1591675106091538696,,2.20000004768
1591675106143948865,4212,1591675106127516271,,2.19606518745
1591675106174129113,4213,1591675106159139722,,2.19606518745
1591675106207688398,4214,1591675106191146367,,2.19313025475
1591675106244067366,4215,1591675106227166275,,2.19313025475
1591675106268903465,4216,1591675106253369327,,2.19144511223
1591675106303545478,4217,1591675106287851553,,2.19144511223
1591675106340067569,4218,1591675106323880679,,2.19179201126
1591675106375093182,4219,1591675106359158446,,2.19179201126
1591675106401349507,4220,1591675106385359346,,2.19131994247
1591675106442183837,4221,1591675106426745239,,2.19131994247
1591675106474066914,4222,1591675106458970815,,2.19027996063
1591675106515407708,4223,1591675106490624170,,2.19027996063
1591675106542721215,4224,1591675106526491137,,2.1891348362
1591675106583795888,4225,1591675106558470228,,2.1891348362
1591675106610605604,4226,1591675106594516945,,2.18943309784
1591675106643087386,4227,1591675106626492952,,2.18943309784
1591675106674281870,4228,1591675106658521997,,2.19043898582
1591675106711797065,4229,1591675106689377661,,2.19043898582
1591675106737997758,4230,1591675106721380835,,2.19240880013
1591675106775127085,4231,1591675106759127435,,2.19240880013
1591675106811781853,4232,1591675106795231816,,2.19303011894
1591675106843829066,4233,1591675106828378283,,2.19303011894
1591675106869543034,4234,1591675106853949848,,2.19267749786
1591675106907456528,4235,1591675106891801663,,2.19267749786
1591675106944491935,4236,1591675106927102382,,2.19079422951
1591675106975050047,4237,1591675106959067246,,2.19079422951
1591675107011998537,4238,1591675106994972219,,2.18950843811
1591675107044049902,4239,1591675107027122223,,2.18950843811
1591675107075394264,4240,1591675107059102725,,2.18917298317
1591675107105635501,4241,1591675107089283929,,2.18917298317
1591675107143047898,4242,1591675107126493586,,2.19004869461
1591675107174130200,4243,1591675107157908707,,2.19004869461
1591675107211794962,4244,1591675107195167024,,2.18995118141
1591675107242165508,4245,1591675107226918267,,2.18995118141
1591675107278855356,4246,1591675107258802492,,2.18974781036
1591675107311086601,4247,1591675107294886484,,2.18974781036
1591675107346175728,4248,1591675107326809418,,2.18903470039
1591675107378944221,4249,1591675107358857502,,2.18903470039
1591675107416513410,4250,1591675107395192587,,2.18949604034
1591675107444647728,4251,1591675107426099339,,2.18949604034
1591675107474237256,4252,1591675107453236820,,2.19159245491
1591675107505223134,4253,1591675107489326224,,2.19159245491
1591675107536228125,4254,1591675107521462048,,2.19317150116
1591675107569052812,4255,1591675107553388858,,2.19317150116
1591675107604829804,4256,1591675107589328826,,2.19434070587
1591675107636867259,4257,1591675107621672242,,2.19434070587
1591675107668300338,4258,1591675107653433510,,2.19424819946
1591675107704060835,4259,1591675107689232430,,2.19424819946
1591675107741888500,4260,1591675107726693769,,2.19332408905
1591675107774924994,4261,1591675107758731579,,2.19332408905
1591675107810142788,4262,1591675107794893587,,2.19408249855
1591675107842903052,4263,1591675107826869302,,2.19408249855
1591675107873625820,4264,1591675107858784993,,2.19634151459
1591675107909630047,4265,1591675107894830388,,2.19634151459
1591675107942270636,4266,1591675107927394486,,2.19841623306
1591675107977122853,4267,1591675107962339393,,2.19841623306
1591675108003973407,4268,1591675107989738517,,2.20000004768
1591675108037492758,4269,1591675108021718442,,2.20000004768
1591675108072535314,4270,1591675108057779616,,2.20000004768
1591675108103770884,4271,1591675108089408441,,2.20000004768
1591675108137767684,4272,1591675108121618329,,2.19929385185
1591675108181279485,4273,1591675108163669510,,2.19929385185
1591675108212060291,4274,1591675108195876613,,2.19865393639
1591675108243925304,4275,1591675108228064260,,2.19865393639
1591675108279934107,4276,1591675108264061478,,2.20000004768
1591675108312317175,4277,1591675108295897980,,2.20000004768
1591675108345846341,4278,1591675108328083004,,2.20000004768
1591675108386909890,4279,1591675108363820621,,2.20000004768
1591675108411514194,4280,1591675108396089655,,2.20000004768
1591675108443691056,4281,1591675108427911011,,2.20000004768
1591675108486839392,4282,1591675108463776179,,2.20000004768
1591675108517022125,4283,1591675108495842093,,2.20000004768
1591675108549361166,4284,1591675108527696897,,2.19875025749
1591675108580807950,4285,1591675108563793968,,2.19875025749
1591675108612460460,4286,1591675108595872471,,2.19866657257
1591675108644712009,4287,1591675108627499366,,2.19866657257
1591675108679637645,4288,1591675108663124782,,2.19896841049
1591675108711918920,4289,1591675108695238209,,2.19896841049
1591675108742762202,4290,1591675108727405828,,2.19993042946
1591675108778319468,4291,1591675108763217117,,2.19993042946
1591675108811530894,4292,1591675108795330329,,2.20000004768
1591675108843943111,4293,1591675108827253573,,2.20000004768
1591675108878421803,4294,1591675108857161944,,2.19995379448
1591675108904025425,4295,1591675108889128411,,2.19995379448
1591675108956518813,4296,1591675108926920891,,2.19876241684
1591675108984347868,4297,1591675108963071846,,2.19876241684
1591675109010535477,4298,1591675108995077533,,2.20000004768
1591675109043335954,4299,1591675109027091490,,2.20000004768
1591675109080462372,4300,1591675109063728339,,2.20000004768
1591675109108394254,4301,1591675109091862014,,2.20000004768
1591675109145704408,4302,1591675109123135695,,2.20000004768
1591675109175661344,4303,1591675109159919239,,2.20000004768
1591675109209112184,4304,1591675109191656305,,2.19847106934
1591675109237097664,4305,1591675109221310154,,2.19847106934
1591675109272835975,4306,1591675109257202818,,2.19689226151
1591675109304703472,4307,1591675109289214140,,2.19689226151
1591675109336059802,4308,1591675109321312820,,2.19334173203
1591675109375498357,4309,1591675109359736184,,2.19334173203
1591675109407187711,4310,1591675109391704710,,2.18949198723
1591675109443094707,4311,1591675109425209676,,2.18949198723
1591675109481399713,4312,1591675109457168622,,2.18986654282
1591675109508795712,4313,1591675109489211244,,2.18986654282
1591675109547852749,4314,1591675109525119097,,2.19143509865
1591675109582164621,4315,1591675109557230131,,2.19143509865
1591675109613080288,4316,1591675109589260182,,2.19156646729
1591675109641233857,4317,1591675109625289214,,2.19156646729
1591675109675521963,4318,1591675109657591749,,2.18411040306
1591675109714783127,4319,1591675109689408163,,2.18411040306
1591675109743551658,4320,1591675109725558004,,2.18252944946
1591675109774798100,4321,1591675109757463077,,2.18252944946
1591675109808097419,4322,1591675109789358593,,2.18225693703
1591675109840891874,4323,1591675109825404978,,2.18225693703
1591675109873243722,4324,1591675109857523201,,2.18381428719
1591675109909164395,4325,1591675109889921839,,2.18381428719
1591675109941162445,4326,1591675109925555357,,2.18509554863
1591675109979016406,4327,1591675109957343301,,2.18509554863
1591675110005336441,4328,1591675109989383501,,2.18566441536
1591675110039997248,4329,1591675110025421937,,2.18566441536
1591675110071765263,4330,1591675110057135637,,2.18396019936
1591675110109761896,4331,1591675110089238960,,2.18396019936
1591675110147562596,4332,1591675110130269467,,2.18094062805
1591675110195672617,4333,1591675110162329493,,2.18094062805
1591675110211973685,4334,1591675110189946627,,2.17912769318
1591675110241062242,4335,1591675110225474527,,2.17912769318
1591675110288604223,4336,1591675110263820244,,2.17974591255
1591675110306661083,4337,1591675110289696018,,2.17974591255
1591675110345164545,4338,1591675110325589159,,2.17865157127
1591675110372887512,4339,1591675110357311727,,2.17865157127
1591675110413263524,4340,1591675110395431344,,2.1774456501
1591675110458883514,4341,1591675110430812037,,2.1774456501
1591675110478868349,4342,1591675110463080258,,2.17619943619
1591675110505537485,4343,1591675110489613897,,2.17619943619
1591675110541241773,4344,1591675110525226017,,2.17599105835
1591675110573325746,4345,1591675110557450977,,2.17599105835
1591675110606264552,4346,1591675110589568412,,2.17548203468
1591675110641011271,4347,1591675110625444213,,2.17548203468
1591675110679439148,4348,1591675110657307585,,2.17618918419
1591675110707912493,4349,1591675110689285363,,2.17618918419
1591675110741368440,4350,1591675110725330376,,2.17823219299
1591675110775759901,4351,1591675110759488329,,2.17823219299
1591675110811027005,4352,1591675110794929106,,2.17823839188
1591675110847649672,4353,1591675110831093373,,2.17823839188
1591675110881170000,4354,1591675110863658265,,2.17692637444
1591675110915643659,4355,1591675110899748774,,2.17692637444
1591675110946458360,4356,1591675110931311133,,2.17718291283
1591675110979088927,4357,1591675110962814199,,2.17718291283
1591675111015538500,4358,1591675110998717532,,2.18480968475
1591675111047909574,4359,1591675111031151683,,2.18480968475
1591675111082149986,4360,1591675111063237751,,2.18703222275
1591675111118617673,4361,1591675111098886550,,2.18703222275
1591675111145972996,4362,1591675111130874017,,2.18879437447
1591675111179405862,4363,1591675111162745636,,2.18879437447
1591675111215387191,4364,1591675111198785198,,2.19052529335
1591675111248461832,4365,1591675111231324071,,2.19052529335
1591675111273871121,4366,1591675111257391168,,2.1902680397
1591675111318731090,4367,1591675111294128172,,2.1902680397
1591675111347547338,4368,1591675111331947302,,2.18996834755
1591675111380421281,4369,1591675111363748281,,2.18996834755
1591675111414691446,4370,1591675111398814934,,2.19048380852
1591675111446305461,4371,1591675111430774293,,2.19048380852
1591675111479927104,4372,1591675111463289160,,2.19332695007
1591675111515400441,4373,1591675111499434534,,2.19332695007
1591675111554001863,4374,1591675111531379616,,2.19708824158
1591675111580249828,4375,1591675111559985808,,2.19708824158
1591675111617814209,4376,1591675111595868520,,2.19837284088
1591675111647533356,4377,1591675111630752716,,2.19837284088
1591675111673262702,4378,1591675111657198948,,2.19880366325
1591675111709533810,4379,1591675111693281676,,2.19880366325
1591675111744385641,4380,1591675111727642933,,2.19679546356
1591675111778228353,4381,1591675111757367405,,2.19679546356
1591675111820488228,4382,1591675111793566157,,2.19823551178
1591675111847526283,4383,1591675111825663441,,2.19823551178
1591675111877846561,4384,1591675111857520771,,2.19857597351
1591675111923934484,4385,1591675111899661984,,2.19857597351
1591675111947529909,4386,1591675111931541508,,2.20000004768
1591675111979768295,4387,1591675111963611932,,2.20000004768
1591675112015842617,4388,1591675111999589561,,2.20000004768
1591675112046058183,4389,1591675112030292865,,2.20000004768
1591675112072002081,4390,1591675112057061419,,2.19936752319
1591675112110311872,4391,1591675112093471475,,2.19936752319
1591675112143335711,4392,1591675112126462800,,2.19876265526
1591675112175667375,4393,1591675112158172146,,2.19876265526
1591675112212983012,4394,1591675112194474095,,2.19990634918
1591675112243981320,4395,1591675112225537492,,2.19990634918
1591675112277753257,4396,1591675112257501032,,2.20000004768
1591675112317103706,4397,1591675112299329126,,2.20000004768
1591675112347065225,4398,1591675112330934190,,2.19976806641
1591675112383374032,4399,1591675112366948234,,2.19976806641
1591675112415008180,4400,1591675112398990853,,2.19853878021
1591675112440861751,4401,1591675112425249853,,2.19853878021
1591675112477425456,4402,1591675112461141994,,2.19638466835
1591675112509753446,4403,1591675112493680115,,2.19638466835
1591675112541921605,4404,1591675112525240480,,2.19237327576
1591675112577053064,4405,1591675112561425348,,2.19237327576
1591675112609520564,4406,1591675112593695602,,2.19148635864
1591675112647752579,4407,1591675112631478156,,2.19148635864
1591675112685101341,4408,1591675112667423084,,2.19183087349
1591675112714148333,4409,1591675112699478472,,2.19183087349
1591675112745304181,4410,1591675112730644993,,2.1922929287
1591675112789479456,4411,1591675112766938215,,2.1922929287
1591675112815169313,4412,1591675112799528272,,2.19213271141
1591675112848152585,4413,1591675112831503259,,2.19213271141
1591675112884240851,4414,1591675112867367350,,2.18988490105
1591675112914648412,4415,1591675112898672555,,2.18988490105
1591675112946445919,4416,1591675112930625043,,2.18923854828
1591675112983298346,4417,1591675112961679133,,2.18923854828
1591675113014310433,4418,1591675112995622373,,2.18928027153
1591675113043072784,4419,1591675113027403449,,2.18928027153
1591675113076852358,4420,1591675113061637553,,2.1923520565
1591675113113021802,4421,1591675113093847247,,2.1923520565
1591675113144069328,4422,1591675113125341472,,2.19201636314
1591675113176542297,4423,1591675113161155711,,2.19201636314
1591675113211697585,4424,1591675113193247647,,2.19241285324
1591675113241354642,4425,1591675113225711517,,2.19241285324
1591675113277072950,4426,1591675113261186242,,2.19028663635
1591675113311042026,4427,1591675113293170686,,2.19028663635
1591675113340583490,4428,1591675113325381623,,2.1856470108
1591675113383344062,4429,1591675113362068665,,2.1856470108
1591675113409822898,4430,1591675113393326875,,2.18323421478
1591675113440676579,4431,1591675113425145494,,2.18323421478
1591675113480866420,4432,1591675113461232481,,2.18437981606
1591675113512758165,4433,1591675113493165174,,2.18437981606
1591675113541523732,4434,1591675113525293058,,2.1853749752
1591675113583006835,4435,1591675113561102563,,2.1853749752
1591675113608892378,4436,1591675113593146644,,2.18416690826
1591675113640530898,4437,1591675113625053554,,2.18416690826
1591675113678112016,4438,1591675113661804305,,2.18284893036
1591675113709357744,4439,1591675113693059524,,2.18284893036
1591675113742829778,4440,1591675113727171208,,2.18237328529
1591675113778652340,4441,1591675113763324509,,2.18237328529
1591675113824302482,4442,1591675113799260792,,2.1831817627
1591675113859111055,4443,1591675113835450976,,2.1831817627
1591675113886310776,4444,1591675113861820283,,2.1850643158
1591675113911758882,4445,1591675113893753409,,2.1850643158
1591675113952882838,4446,1591675113930205972,,2.18605232239
1591675113993159833,4447,1591675113967449127,,2.18605232239
1591675114015085529,4448,1591675113999454425,,2.18551754951
1591675114051182862,4449,1591675114035205320,,2.18551754951
1591675114088979897,4450,1591675114067268383,,2.18418717384
1591675114114418792,4451,1591675114098169069,,2.18418717384
1591675114147462679,4452,1591675114129824199,,2.18422007561
1591675114184270808,4453,1591675114166914619,,2.18422007561
1591675114220801309,4454,1591675114199566070,,2.18596982956
1591675114248303619,4455,1591675114229404679,,2.18596982956
1591675114284749054,4456,1591675114266773010,,2.18826556206
1591675114316611774,4457,1591675114299001914,,2.18826556206
1591675114352326048,4458,1591675114334878094,,2.19051790237
1591675114387240520,4459,1591675114368131117,,2.19051790237
1591675114410580151,4460,1591675114393672152,,2.19200849533
1591675114446771175,4461,1591675114430434376,,2.19200849533
1591675114492373022,4462,1591675114467700939,,2.19365525246
1591675114510949922,4463,1591675114493744908,,2.19365525246
1591675114552198679,4464,1591675114535717604,,2.19458174706
1591675114585232866,4465,1591675114567441512,,2.19458174706
1591675114626197267,4466,1591675114599680037,,2.19597101212
1591675114649942019,4467,1591675114631644942,,2.19597101212
1591675114681095404,4468,1591675114663529644,,2.20000004768
1591675114715753491,4469,1591675114693784504,,2.20000004768
1591675114751524684,4470,1591675114729671593,,2.20000004768
1591675114777210496,4471,1591675114761311769,,2.20000004768
1591675114816832013,4472,1591675114800401238,,2.20000004768
1591675114858875964,4473,1591675114835758867,,2.20000004768
1591675114877722028,4474,1591675114861750529,,2.19963765144
1591675114910952383,4475,1591675114893272815,,2.19963765144
1591675114945931643,4476,1591675114929208597,,2.19887065887
1591675114991416879,4477,1591675114963419359,,2.19887065887
1591675115012446143,4478,1591675114993968894,,2.20000004768
1591675115047787772,4479,1591675115031452488,,2.20000004768
1591675115077694764,4480,1591675115061644683,,2.20000004768
1591675115114527349,4481,1591675115098825415,,2.20000004768
1591675115153349825,4482,1591675115135671599,,2.20000004768
1591675115176588001,4483,1591675115161623094,,2.20000004768
1591675115209062321,4484,1591675115193286785,,2.19996643066
1591675115244537119,4485,1591675115229254951,,2.19996643066
1591675115293329150,4486,1591675115267048967,,2.19806241989
1591675115318736935,4487,1591675115303334420,,2.19806241989
1591675115351221402,4488,1591675115335353808,,2.19748592377
1591675115383927335,4489,1591675115367392000,,2.19748592377
1591675115419338023,4490,1591675115403410992,,2.19908165932
1591675115449535834,4491,1591675115429804665,,2.19908165932
1591675115487473435,4492,1591675115461350282,,2.19906163216
1591675115518635336,4493,1591675115502863799,,2.19906163216
1591675115558126630,4494,1591675115535896172,,2.19779276848
1591675115585985019,4495,1591675115568403805,,2.19779276848
1591675115616634484,4496,1591675115599316949,,2.19571995735
1591675115644667120,4497,1591675115629302637,,2.19571995735
1591675115676160774,4498,1591675115661246079,,2.19316768646
1591675115714187131,4499,1591675115697782111,,2.19316768646
1591675115746023817,4500,1591675115729573695,,2.1816804409
1591675115788120516,4501,1591675115767037678,,2.1816804409
1591675115819134230,4502,1591675115803167570,,2.17943954468
1591675115852669990,4503,1591675115835280891,,2.17943954468
1591675115890757729,4504,1591675115867936522,,2.17884778976
1591675115921024726,4505,1591675115903379031,,2.17884778976
1591675115951714141,4506,1591675115935075061,,2.17917537689
1591675115984005716,4507,1591675115966904075,,2.17917537689
1591675116020509295,4508,1591675116003490840,,2.17814397812
1591675116045996527,4509,1591675116029296875,,2.17814397812
1591675116080986358,4510,1591675116063466099,,2.17762756348
1591675116121257763,4511,1591675116103271249,,2.17762756348
1591675116149372345,4512,1591675116129641826,,2.17712497711
1591675116183208560,4513,1591675116166847119,,2.17712497711
1591675116218230509,4514,1591675116202944795,,2.17629599571
1591675116252762906,4515,1591675116235125041,,2.17629599571
1591675116283456323,4516,1591675116267455178,,2.17878437042
1591675116320250377,4517,1591675116303210040,,2.17878437042
1591675116352357390,4518,1591675116335332331,,2.17953395844
1591675116384282744,4519,1591675116367494699,,2.17953395844
1591675116420243605,4520,1591675116403275441,,2.17829394341
1591675116451318140,4521,1591675116435263289,,2.17829394341
1591675116478033995,4522,1591675116461348650,,2.1756799221
1591675116516390272,4523,1591675116497623338,,2.1756799221
1591675116547600178,4524,1591675116529363169,,2.17270565033
1591675116579979105,4525,1591675116561337186,,2.17270565033
1591675116615249483,4526,1591675116597560718,,2.17209935188
1591675116645771177,4527,1591675116629350884,,2.17209935188
1591675116686367661,4528,1591675116667742886,,2.17279148102
1591675116719430764,4529,1591675116703636350,,2.17279148102
1591675116751107032,4530,1591675116735669244,,2.17330312729
1591675116788755768,4531,1591675116771660699,,2.17330312729
1591675116820829805,4532,1591675116803835927,,2.17272591591
1591675116853586924,4533,1591675116835786372,,2.17272591591
1591675116888977990,4534,1591675116871827839,,2.17191910744
1591675116917902065,4535,1591675116898480496,,2.17191910744
1591675116949975024,4536,1591675116930480889,,2.1711628437
1591675116982172082,4537,1591675116965490895,,2.1711628437
1591675117013940697,4538,1591675116997284187,,2.17108893394
1591675117051196344,4539,1591675117031550830,,2.17108893394
1591675117085542902,4540,1591675117067722987,,2.18049907684
1591675117120897408,4541,1591675117098021244,,2.18049907684
1591675117155103079,4542,1591675117135448870,,2.17087459564
1591675117188406033,4543,1591675117171030108,,2.17087459564
1591675117219616136,4544,1591675117203112707,,2.16976070404
1591675117252064305,4545,1591675117235847708,,2.16976070404
1591675117294621976,4546,1591675117271656372,,2.16827511787
1591675117320094256,4547,1591675117303956101,,2.16827511787
1591675117350998560,4548,1591675117335467857,,2.16858959198
1591675117387500618,4549,1591675117371212109,,2.16858959198
1591675117419675828,4550,1591675117403164407,,2.16922998428
1591675117451817160,4551,1591675117435181516,,2.16922998428
1591675117487565671,4552,1591675117471170814,,2.17080640793
1591675117522700954,4553,1591675117503166405,,2.17080640793
1591675117561909654,4554,1591675117535212332,,2.17350721359
1591675117587884076,4555,1591675117571210949,,2.17350721359
1591675117619134941,4556,1591675117603102022,,2.17420697212
1591675117652478023,4557,1591675117635154678,,2.17420697212
1591675117689159719,4558,1591675117671318294,,2.17377710342
1591675117720069111,4559,1591675117703170448,,2.17377710342
1591675117752810429,4560,1591675117735113682,,2.17430758476
1591675117787853992,4561,1591675117771089388,,2.17430758476
1591675117820031047,4562,1591675117803200671,,2.17657089233
1591675117856303071,4563,1591675117835051576,,2.17657089233
1591675117889125051,4564,1591675117871107589,,2.18071961403
1591675117920269842,4565,1591675117903386678,,2.18071961403
1591675117950903257,4566,1591675117935153660,,2.18381619453
1591675117997634710,4567,1591675117971124110,,2.18381619453
1591675118021566344,4568,1591675118003249557,,2.18491864204
1591675118053683612,4569,1591675118035234679,,2.18491864204
1591675118087968215,4570,1591675118071107662,,2.18400502205
1591675118120309814,4571,1591675118103198412,,2.18400502205
1591675118153583250,4572,1591675118135151045,,2.18362092972
1591675118191797082,4573,1591675118171101954,,2.18362092972
1591675118220855970,4574,1591675118203151411,,2.17827963829
1591675118257061545,4575,1591675118239228199,,2.17827963829
1591675118296672301,4576,1591675118271184248,,2.1800801754
1591675118319868721,4577,1591675118303144473,,2.1800801754
1591675118360789412,4578,1591675118333312307,,2.1819050312
1591675118386538579,4579,1591675118367901567,,2.1819050312
1591675118413376810,4580,1591675118397350746,,2.1815340519
1591675118455688592,4581,1591675118439372124,,2.1815340519
1591675118492283658,4582,1591675118471816392,,2.19140434265
1591675118515044972,4583,1591675118498839540,,2.19140434265
1591675118551117130,4584,1591675118533692766,,2.19170188904
1591675118581785782,4585,1591675118565695846,,2.19170188904
1591675118613136605,4586,1591675118597594598,,2.19303059578
1591675118656169266,4587,1591675118639663410,,2.19303059578
1591675118681204027,4588,1591675118665847554,,2.19247412682
1591675118716324988,4589,1591675118698092633,,2.19247412682
1591675118754126800,4590,1591675118733545074,,2.19132328033
1591675118786949152,4591,1591675118771443379,,2.19132328033
1591675118827978192,4592,1591675118803416232,,2.18962836266
1591675118855609700,4593,1591675118839157093,,2.18962836266
1591675118888688286,4594,1591675118871218911,,2.1859703064
1591675118920393625,4595,1591675118903126929,,2.1859703064
1591675118957257280,4596,1591675118939111667,,2.1836271286
1591675118986278131,4597,1591675118970902178,,2.1836271286
1591675119020024304,4598,1591675119003106627,,2.18257784843
1591675119056835996,4599,1591675119039390041,,2.18257784843
1591675119090573537,4600,1591675119070895380,,2.18322229385
1591675119119296184,4601,1591675119102869864,,2.18322229385
1591675119164197193,4602,1591675119139233758,,2.18282437325
1591675119194956205,4603,1591675119171478655,,2.18282437325
1591675119219959420,4604,1591675119197834998,,2.18191218376
1591675119255433084,4605,1591675119239508750,,2.18191218376
1591675119285764129,4606,1591675119265656871,,2.18004631996
1591675119318818510,4607,1591675119303033500,,2.18004631996
1591675119355236853,4608,1591675119339132491,,2.1789252758
1591675119387306678,4609,1591675119371238634,,2.1789252758
1591675119413837612,4610,1591675119397456865,,2.17930626869
1591675119449635308,4611,1591675119433639133,,2.17930626869
1591675119483347555,4612,1591675119465969090,,2.18110346794
1591675119520138092,4613,1591675119497404424,,2.18110346794
1591675119550441096,4614,1591675119533609390,,2.18854427338
1591675119583395257,4615,1591675119565829052,,2.18854427338
1591675119615204660,4616,1591675119597531635,,2.18783283234
1591675119653653650,4617,1591675119633425941,,2.18783283234
1591675119686927221,4618,1591675119665390028,,2.18452906609
1591675119732265705,4619,1591675119701828948,,2.18452906609
1591675119755884270,4620,1591675119738929680,,2.18265867233
1591675119784487454,4621,1591675119767192925,,2.18265867233
1591675119820702173,4622,1591675119803497162,,2.1819422245
1591675119852964798,4623,1591675119835594222,,2.1819422245
1591675119895607123,4624,1591675119865350287,,2.18327188492
1591675119926727647,4625,1591675119907559874,,2.18327188492
1591675119967670440,4626,1591675119939409994,,2.18267297745
1591675119989625195,4627,1591675119965902417,,2.18267297745
1591675120017933163,4628,1591675120002102173,,2.18131160736
1591675120057224654,4629,1591675120039147346,,2.18131160736
1591675120088763065,4630,1591675120071366233,,2.18008494377
1591675120127526695,4631,1591675120107245615,,2.18008494377
1591675120156469234,4632,1591675120139034397,,2.17969703674
1591675120190063410,4633,1591675120171200806,,2.17969703674
1591675120227499397,4634,1591675120207784983,,2.18111348152
1591675120256028280,4635,1591675120239442273,,2.18111348152
1591675120284583352,4636,1591675120267964166,,2.18211221695
1591675120320862453,4637,1591675120301513392,,2.18211221695
1591675120355149050,4638,1591675120333244373,,2.18286037445
1591675120388833107,4639,1591675120371029774,,2.18286037445
1591675120424157051,4640,1591675120406947520,,2.18143224716
1591675120457814148,4641,1591675120439931715,,2.18143224716
1591675120489663123,4642,1591675120471764908,,2.17952036858
1591675120527473821,4643,1591675120507959956,,2.17952036858
1591675120556588718,4644,1591675120539206121,,2.18068957329
1591675120589039064,4645,1591675120571248494,,2.18068957329
1591675120630317323,4646,1591675120607209377,,2.18220996857
1591675120654766774,4647,1591675120635975146,,2.18220996857
1591675120687928151,4648,1591675120665424058,,2.18424606323
1591675120718409698,4649,1591675120702049712,,2.18424606323
1591675120750374113,4650,1591675120733469761,,2.187240839
1591675120789625421,4651,1591675120771095966,,2.187240839
1591675120823859041,4652,1591675120807275670,,2.18841743469
1591675120855302526,4653,1591675120839471887,,2.18841743469
1591675120887128746,4654,1591675120871174784,,2.18730902672
1591675120923431764,4655,1591675120907608746,,2.18730902672
1591675120953793049,4656,1591675120934100990,,2.18799567223
1591675120985931765,4657,1591675120965971977,,2.18799567223
1591675121020045911,4658,1591675121001558738,,2.19188690186
1591675121051247748,4659,1591675121035567466,,2.19188690186
1591675121091935709,4660,1591675121075710503,,2.1964609623
1591675121117363568,4661,1591675121101351568,,2.1964609623
1591675121157227098,4662,1591675121139939503,,2.19818472862
1591675121199175442,4663,1591675121176009853,,2.19818472862
1591675121224535381,4664,1591675121208175986,,2.19742918015
1591675121255872193,4665,1591675121240172651,,2.19742918015
1591675121292498552,4666,1591675121276291061,,2.1973028183
1591675121324578355,4667,1591675121307869340,,2.1973028183
1591675121357786406,4668,1591675121339823074,,2.19770359993
1591675121393964610,4669,1591675121375872684,,2.19770359993
1591675121424575720,4670,1591675121408123501,,2.19928574562
1591675121459954305,4671,1591675121439751080,,2.19928574562
1591675121491329151,4672,1591675121475181176,,2.20000004768
1591675121523686986,4673,1591675121507258369,,2.20000004768
1591675121550432484,4674,1591675121533718469,,2.20000004768
1591675121586286038,4675,1591675121569528439,,2.20000004768
1591675121618028468,4676,1591675121601583152,,2.20000004768
1591675121650600369,4677,1591675121633619510,,2.20000004768
1591675121685450805,4678,1591675121669611203,,2.19798827171
1591675121718702202,4679,1591675121702134579,,2.19798827171
1591675121752461156,4680,1591675121735466881,,2.19865703583
1591675121787916477,4681,1591675121771382016,,2.19865703583
1591675121823495904,4682,1591675121807122256,,2.20000004768
1591675121858786522,4683,1591675121839079287,,2.20000004768
1591675121890036322,4684,1591675121869426631,,2.19939088821
1591675121917820116,4685,1591675121901355294,,2.19939088821
1591675121953857482,4686,1591675121933244640,,2.19856905937
1591675121992661536,4687,1591675121976037119,,2.19856905937
1591675122023876178,4688,1591675122008251410,,2.19688940048
1591675122056815607,4689,1591675122040289660,,2.19688940048
1591675122091344126,4690,1591675122075674283,,2.1923148632
1591675122119143818,4691,1591675122101718375,,2.1923148632
1591675122149390981,4692,1591675122133222795,,2.18824529648
1591675122185280709,4693,1591675122169358422,,2.18824529648
1591675122224062954,4694,1591675122201453910,,2.18748569489
1591675122257954617,4695,1591675122233388698,,2.18748569489
1591675122285272561,4696,1591675122269305342,,2.18726181984
1591675122318957794,4697,1591675122303378204,,2.18726181984
1591675122351542832,4698,1591675122333566699,,2.18618965149
1591675122390298301,4699,1591675122370317261,,2.18618965149
1591675122423578844,4700,1591675122407097985,,2.18399715424
1591675122455636925,4701,1591675122439578126,,2.18399715424
1591675122493047024,4702,1591675122476484134,,2.18265676498
1591675122526230250,4703,1591675122508122807,,2.18265676498
1591675122559651722,4704,1591675122543801681,,2.18277835846
1591675122585778693,4705,1591675122569601488,,2.18277835846
1591675122625428291,4706,1591675122608041736,,2.18444061279
1591675122662036003,4707,1591675122644251478,,2.18444061279
1591675122685757603,4708,1591675122669940905,,2.1854391098
1591675122723780800,4709,1591675122706876544,,2.1854391098
1591675122759206916,4710,1591675122742972370,,2.18572354317
1591675122790427200,4711,1591675122775017138,,2.18572354317
1591675122822068693,4712,1591675122806881006,,2.17658901215
1591675122861237352,4713,1591675122842873842,,2.17658901215
1591675122897262379,4714,1591675122874869625,,2.17153048515
1591675122922070788,4715,1591675122907156507,,2.17153048515
1591675122957510050,4716,1591675122942082561,,2.16795229912
1591675122986423903,4717,1591675122969800038,,2.16795229912
1591675123024147094,4718,1591675123007674628,,2.16863036156
1591675123060159034,4719,1591675123044311621,,2.16863036156
1591675123091383912,4720,1591675123075222820,,2.16995835304
1591675123122507828,4721,1591675123107292437,,2.16995835304
1591675123158797048,4722,1591675123143308685,,2.16924715042
1591675123197561955,4723,1591675123175243978,,2.16924715042
1591675123217663436,4724,1591675123201482292,,2.16759467125
1591675123260932166,4725,1591675123243216486,,2.16759467125
1591675123291815535,4726,1591675123275083237,,2.16612029076
1591675123323163093,4727,1591675123307441382,,2.16612029076
1591675123358838601,4728,1591675123342990413,,2.16541171074
1591675123392745208,4729,1591675123375207256,,2.16541171074
1591675123419153882,4730,1591675123401528751,,2.1673078537
1591675123461893809,4731,1591675123444180386,,2.1673078537
1591675123495043361,4732,1591675123476260086,,2.16932749748
1591675123524997466,4733,1591675123508278398,,2.16932749748
1591675123561589868,4734,1591675123544147071,,2.16920208931
1591675123591677631,4735,1591675123576298147,,2.16920208931
1591675123624427364,4736,1591675123607838989,,2.16863226891
1591675123660510223,4737,1591675123643809773,,2.16863226891
1591675123692850454,4738,1591675123676113791,,2.1673874855
1591675123725079993,4739,1591675123707818258,,2.1673874855
1591675123761291403,4740,1591675123744111605,,2.16802120209
1591675123796171222,4741,1591675123776247275,,2.16802120209
1591675123826722571,4742,1591675123808401727,,2.16908764839
1591675123859464110,4743,1591675123844015865,,2.16908764839
1591675123886781516,4744,1591675123869770272,,2.16908764839
1591675123919928956,4745,1591675123901311328,,2.16908764839
1591675123952927762,4746,1591675123937270592,,2.16908764839
1591675123985733877,4747,1591675123969711452,,2.16908764839
1591675124027961677,4748,1591675124012171149,,2.16908764839
1591675124059287358,4749,1591675124043964205,,2.16908764839
1591675124090926131,4750,1591675124075730777,,2.16908764839
1591675124127290550,4751,1591675124111719809,,2.16908764839
1591675124159687847,4752,1591675124143882376,,2.16908764839
1591675124192668969,4753,1591675124176033227,,2.16908764839
1591675124224417673,4754,1591675124207539643,,2.16908764839
1591675124259498140,4755,1591675124243391296,,2.16908764839
1591675124291015361,4756,1591675124275163553,,2.16908764839
1591675124319904054,4757,1591675124305189436,,2.16908764839
1591675124352685160,4758,1591675124337157207,,2.16908764839
1591675124386041208,4759,1591675124369876793,,2.16908764839
1591675124428605034,4760,1591675124410965503,,2.16908764839
1591675124457029511,4761,1591675124442583018,,2.16908764839
1591675124501348315,4762,1591675124472729295,,2.16908764839
1591675124533824837,4763,1591675124508798933,,2.16908764839
1591675124554624167,4764,1591675124538133701,,2.16908764839
1591675124591882954,4765,1591675124575494545,,2.16908764839
1591675124627492354,4766,1591675124611505420,,2.16908764839
1591675124658468183,4767,1591675124643151839,,2.16908764839
1591675124689763315,4768,1591675124675297596,,2.16908764839
1591675124725881715,4769,1591675124711349645,,2.16908764839
1591675124759251173,4770,1591675124743354019,,2.16908764839
1591675124791375547,4771,1591675124775601149,,2.16908764839
1591675124827677265,4772,1591675124811528574,,2.16908764839
1591675124859341179,4773,1591675124843469039,,2.16908764839
1591675124884743792,4774,1591675124869351274,,2.16908764839
1591675124921166490,4775,1591675124905232654,,2.16908764839
1591675124952565969,4776,1591675124937128886,,2.16908764839
1591675124987327684,4777,1591675124971684086,,2.16908764839
1591675125020125828,4778,1591675125005323351,,2.16908764839
1591675125052642330,4779,1591675125037106736,,2.16908764839
1591675125083850505,4780,1591675125069151131,,2.16908764839
1591675125123961705,4781,1591675125108300421,,2.16908764839
1591675125156314080,4782,1591675125140477975,,2.16908764839
1591675125192059027,4783,1591675125175283404,,2.16908764839
1591675125219653128,4784,1591675125205127302,,2.16908764839
1591675125251917255,4785,1591675125237478383,,2.16908764839
1591675125283670699,4786,1591675125269351095,,2.16908764839
1591675125326504987,4787,1591675125311374656,,2.16908764839
1591675125359267739,4788,1591675125343678279,,2.16908764839
1591675125390630227,4789,1591675125375358804,,2.16908764839
1591675125432728374,4790,1591675125410963926,,2.16908764839
1591675125460335862,4791,1591675125443408109,,2.16908764839
1591675125495668519,4792,1591675125480417434,,2.16908764839
1591675125523176509,4793,1591675125505778626,,2.16908764839
1591675125552915409,4794,1591675125537625875,,2.16908764839
1591675125588271572,4795,1591675125573647502,,2.16908764839
1591675125620915522,4796,1591675125605595218,,2.16908764839
1591675125652511865,4797,1591675125637512703,,2.16908764839
1591675125697363696,4798,1591675125679565880,,2.16908764839
1591675125725847462,4799,1591675125710897323,,2.16908764839
1591675125756115923,4800,1591675125737484941,,2.16908764839
1591675125795110891,4801,1591675125780064487,,2.16908764839
1591675125828259376,4802,1591675125811365182,,2.16908764839
1591675125859938488,4803,1591675125843460709,,2.16908764839
1591675125897651526,4804,1591675125879732557,,2.16908764839
1591675125926647110,4805,1591675125912029531,,2.16908764839
1591675125952215241,4806,1591675125937272187,,2.16908764839
1591675125989755904,4807,1591675125973531600,,2.16908764839
1591675126020872364,4808,1591675126005318688,,2.16908764839
1591675126053042603,4809,1591675126037009410,,2.16908764839
1591675126087165305,4810,1591675126073193458,,2.16908764839
1591675126120057828,4811,1591675126104984802,,2.16908764839
1591675126151250188,4812,1591675126137065050,,2.16908764839
1591675126189863427,4813,1591675126174255976,,2.16908764839
1591675126220058529,4814,1591675126205216023,,2.16908764839
1591675126264682363,4815,1591675126237716846,,2.16908764839
1591675126286926016,4816,1591675126273030236,,2.16908764839
1591675126319520219,4817,1591675126305062559,,2.16908764839
1591675126353110511,4818,1591675126337630003,,2.16908764839
1591675126388931830,4819,1591675126373845520,,2.16908764839
1591675126426564929,4820,1591675126411138139,,2.16908764839
1591675126452951544,4821,1591675126438590376,,2.16908764839
1591675126487255832,4822,1591675126473109257,,2.16908764839
1591675126519617122,4823,1591675126505284740,,2.16908764839
1591675126552815537,4824,1591675126537367196,,2.16908764839
1591675126589394465,4825,1591675126574817359,,2.16908764839
1591675126619996178,4826,1591675126605402970,,2.16908764839
1591675126655238316,4827,1591675126640043343,,2.16908764839
1591675126687497933,4828,1591675126673018399,,2.16908764839
1591675126719750870,4829,1591675126705318317,,2.16908764839
1591675126752080039,4830,1591675126737102037,,2.16908764839
1591675126788232736,4831,1591675126773640927,,2.16908764839
1591675126822735191,4832,1591675126805045874,,2.16908764839
1591675126852940058,4833,1591675126837092274,,2.16908764839
1591675126897737774,4834,1591675126876296510,,2.16908764839
1591675126921464434,4835,1591675126905443561,,2.16908764839
1591675126959615753,4836,1591675126944012741,,2.16908764839
1591675126988498748,4837,1591675126973561365,,2.16908764839
1591675127022562389,4838,1591675127006359807,,2.16908764839
1591675127058022989,4839,1591675127042791380,,2.16908764839
1591675127092191033,4840,1591675127076271770,,2.16908764839
1591675127127812254,4841,1591675127111547263,,2.16908764839
1591675127162973145,4842,1591675127147474494,,2.16908764839
1591675127194333869,4843,1591675127178876041,,2.16908764839
1591675127225858290,4844,1591675127210986863,,2.16908764839
1591675127272704594,4845,1591675127246849264,,2.16908764839
1591675127294966666,4846,1591675127279174686,,2.16908764839
1591675127329515131,4847,1591675127311169985,,2.16908764839
