# .PCD v0.7 - Point Cloud Data file format
VERSION 0.7
FIELDS x y z
SIZE 4 4 4
TYPE F F F
COUNT 1 1 1
WIDTH 516
HEIGHT 1
VIEWPOINT 0 0 0 1 0 0 0
POINTS 516
DATA ascii
-0.035059001 0.075436004 0.009943
-0.035636999 0.077085003 0.009935
-0.035362501 0.078316003 0.0098755006
-0.035364248 0.071310259 0.01178275
-0.034701087 0.073194481 0.011157435
-0.032786217 0.073580451 0.011704557
-0.028339 0.073743999 0.011899
-0.024429001 0.073870003 0.011919
-0.034844611 0.075006038 0.011019306
-0.032920502 0.075135812 0.011420181
-0.031193849 0.075319849 0.011520385
-0.028978001 0.07509882 0.011873272
-0.026949 0.075138822 0.011596182
-0.0254608 0.074687198 0.011821
-0.022096001 0.075106002 0.011995
-0.021726999 0.074819997 0.011988
-0.018895499 0.075710498 0.0118395
-0.022977332 0.077154286 0.011655809
-0.021067601 0.077210695 0.0118042
-0.018950002 0.077141136 0.011745134
-0.017300429 0.077186003 0.011813285
-0.010996 0.077006996 0.011926999
-0.0091800001 0.077273995 0.011844833
-0.036672499 0.063589498 0.013989
-0.036156252 0.064836249 0.013565751
-0.035368636 0.065496638 0.013606182
-0.026594 0.065764003 0.013977
-0.036319248 0.067520246 0.012481499
-0.03542909 0.066979215 0.013449741
-0.033034999 0.067037255 0.01389425
-0.031288233 0.067010157 0.013711076
-0.028689999 0.06696675 0.013805375
-0.0274105 0.0678785 0.013752
-0.025415499 0.067309991 0.01382525
-0.023753 0.067822002 0.013937
-0.036237203 0.069024734 0.012758734
-0.035113242 0.069078624 0.013272033
-0.033102699 0.068997599 0.013764801
-0.030900789 0.06904231 0.013723316
-0.029137211 0.068834856 0.013841714
-0.026976593 0.069101363 0.013619772
-0.025063291 0.068998992 0.013655528
-0.022790199 0.0688508 0.0137822
-0.021274166 0.06900733 0.013685999
-0.012199501 0.0696785 0.013874
-0.036064997 0.070332006 0.012524
-0.034846999 0.070945375 0.013091039
-0.028776571 0.071420647 0.013262001
-0.026992381 0.07117077 0.013420384
-0.025047632 0.071225904 0.013607
-0.023091666 0.071682222 0.013733445
-0.021284198 0.071449198 0.0137191
-0.019110547 0.071532361 0.013609728
-0.017147874 0.071366124 0.013819249
-0.0154235 0.071787499 0.013966501
-0.012813857 0.071454428 0.013868715
-0.01145 0.071557201 0.0138562
-0.027048267 0.072895542 0.012986046
-0.024999371 0.072932474 0.013220815
-0.022842562 0.073081769 0.012828349
-0.021062968 0.07292679 0.01324045
-0.018962199 0.072979294 0.0132828
-0.016926669 0.073095836 0.013261867
-0.01488904 0.072897077 0.013530399
-0.012927407 0.073182292 0.013337185
-0.010804639 0.073215805 0.013317491
-0.022788811 0.075091995 0.012428905
-0.020918962 0.07506761 0.012524655
-0.019024594 0.074944936 0.012544719
-0.017056601 0.074947499 0.0128282
-0.014947536 0.074998245 0.012877145
-0.013008568 0.075041093 0.012949632
-0.010721649 0.074880168 0.013198348
-0.009889666 0.07579267 0.012853333
-0.019084778 0.076467671 0.012161556
-0.016774625 0.07659363 0.012194063
-0.015105125 0.076651827 0.012287375
-0.013039222 0.076722667 0.012278667
-0.010920352 0.076553412 0.012399353
-0.0095000835 0.076535128 0.012427208
-0.036178999 0.0618435 0.015799001
-0.025278002 0.061682001 0.015842669
-0.036673456 0.062987871 0.014716041
-0.035150502 0.063114442 0.015480625
-0.033065002 0.063306227 0.015572444
-0.031636 0.062872499 0.015803
-0.028835706 0.063396417 0.015455353
-0.027336283 0.063399144 0.015598571
-0.025058234 0.062964998 0.015574411
-0.0230358 0.063449398 0.015620699
-0.016162001 0.063955002 0.01599
-0.0360955 0.064276002 0.0143285
-0.035199214 0.064804465 0.015109858
-0.032929637 0.064926781 0.01485
-0.03098394 0.065323293 0.014520355
-0.029141538 0.064919919 0.014857769
-0.027066864 0.064951003 0.015093568
-0.024670931 0.064937137 0.0149548
-0.02314304 0.065084115 0.014978614
-0.021206433 0.065177605 0.015005086
-0.018835999 0.065060109 0.01551789
-0.017349668 0.065204225 0.015634665
-0.014813284 0.065145068 0.015477643
-0.034932651 0.066918217 0.014443956
-0.033106834 0.066942334 0.014364
-0.030976212 0.067000844 0.014310054
-0.029252816 0.066862635 0.014347362
-0.026976606 0.06685961 0.014468305
-0.025149107 0.067028947 0.014574316
-0.023099335 0.067005068 0.014650067
-0.021100242 0.066939786 0.014749175
-0.019138144 0.067035101 0.015131856
-0.017015217 0.067038484 0.015054174
-0.014897154 0.067044765 0.015074114
-0.013296565 0.067042284 0.015333568
-0.02921753 0.069097772 0.014345176
-0.026990669 0.069179215 0.014377667
-0.025033051 0.068967104 0.014407156
-0.022933504 0.068930618 0.014414542
-0.020900846 0.069048285 0.014629219
-0.018962065 0.06892316 0.014871293
-0.016808037 0.068940073 0.014814692
-0.014925909 0.068840981 0.014924548
-0.012928528 0.068964019 0.015172767
-0.026602 0.07067167 0.014040333
-0.023024669 0.070732169 0.014274333
-0.021218846 0.070755467 0.014284154
-0.019039262 0.070747949 0.014300263
-0.016925957 0.070772827 0.014370564
-0.01496528 0.070877366 0.01434304
-0.01261251 0.070706658 0.014568487
-0.011756683 0.071300738 0.014320684
-0.016111 0.072063997 0.01403
-0.01262475 0.072168499 0.014138
-0.011516667 0.072308667 0.014091667
-0.038490109 0.054939665 0.017415999
-0.037887748 0.0551145 0.017723002
-0.038962282 0.05728643 0.01723443
-0.037388001 0.057631001 0.017697001
-0.034277502 0.056727752 0.017878251
-0.038553949 0.05910315 0.01715935
-0.034999501 0.059408501 0.017672248
-0.028690999 0.0587775 0.017631501
-0.027946001 0.058860999 0.017712001
-0.029040249 0.061222248 0.0177355
-0.024742873 0.0615335 0.0164
-0.022904111 0.061226327 0.017824667
-0.021046143 0.061561432 0.017802855
-0.019235572 0.061724573 0.017765429
-0.016435668 0.061489001 0.017926665
-0.015482133 0.061505403 0.017220134
-0.036442 0.062578 0.0160625
-0.0328224 0.063085593 0.0166074
-0.031197499 0.062794253 0.016253499
-0.0274796 0.063241407 0.016106799
-0.024702832 0.062792167 0.0165495
-0.022572666 0.062774777 0.01692789
-0.021126959 0.063036785 0.017018922
-0.019250561 0.062904879 0.017172839
-0.016856913 0.063098833 0.017060783
-0.01507674 0.062914215 0.016819589
-0.026520001 0.064291 0.016221
-0.020893224 0.064420551 0.016556
-0.018868571 0.064909711 0.016469
-0.016959272 0.064794816 0.016537637
-0.014677691 0.064735107 0.016610552
-0.013895 0.065955997 0.016108001
-0.019207001 0.066170998 0.016122
-0.017220002 0.066213503 0.016174
-0.01384 0.066388004 0.016148668
-0.037770376 0.049272999 0.019797001
-0.037644118 0.05100929 0.019347001
-0.038604911 0.052999638 0.018473273
-0.037176747 0.053078603 0.018994952
-0.034465797 0.053639002 0.019711798
-0.032376666 0.053054333 0.019883167
-0.031148667 0.053473163 0.019774999
-0.028915999 0.053525001 0.01991
-0.027331602 0.053636998 0.019841801
-0.025853001 0.053702999 0.01976
-0.038587898 0.055161297 0.018757101
-0.037295256 0.054821365 0.018998297
-0.034765664 0.054595277 0.019463612
-0.033051383 0.05533823 0.019613924
-0.031280182 0.054841366 0.019666273
-0.029081443 0.054467224 0.019722
-0.026897784 0.054826789 0.019464144
-0.024805199 0.055204101 0.019735701
-0.023172002 0.05502113 0.019802436
-0.020946333 0.055135 0.0197655
-0.01856254 0.055130001 0.019562207
-0.017911499 0.055693753 0.0192295
-0.038750038 0.056854922 0.018639794
-0.033303 0.056559689 0.018992249
-0.031006251 0.056772877 0.019221624
-0.029166 0.056952499 0.019024
-0.026797334 0.056906242 0.018674085
-0.025014818 0.056925926 0.019402221
-0.022928631 0.05697196 0.019462295
-0.021074072 0.057004545 0.019465828
-0.018787064 0.056861684 0.019564725
-0.017629748 0.057320952 0.019268751
-0.030966634 0.05921473 0.018373579
-0.02918133 0.059242137 0.018420763
-0.027021652 0.059143741 0.018511174
-0.024999581 0.059061125 0.01862854
-0.023142071 0.058938887 0.018779779
-0.020943388 0.059067681 0.018710647
-0.019014621 0.059012383 0.018831277
-0.017280532 0.058934201 0.019000467
-0.027344666 0.060173001 0.018327
-0.024915665 0.060291335 0.018170668
-0.022663355 0.060544644 0.018196287
-0.02093412 0.060663 0.018189177
-0.019172212 0.060627215 0.018275931
-0.016784687 0.060526401 0.018300373
-0.037551705 0.047358409 0.02121141
-0.034573 0.047991 0.021826999
-0.032665499 0.0479385 0.0217255
-0.030824499 0.047454499 0.0217725
-0.02857 0.047898501 0.021715
-0.026869999 0.047789667 0.021680335
-0.024851499 0.047631301 0.021844501
-0.038283002 0.048253 0.020266
-0.037138656 0.049050421 0.021140765
-0.03515419 0.049152002 0.021831814
-0.032977078 0.048812006 0.021767693
-0.031088665 0.049552169 0.021865835
-0.028978501 0.048996374 0.021748874
-0.026479499 0.049133502 0.021703001
-0.024955317 0.048868209 0.021698894
-0.022692835 0.049209502 0.021826833
-0.020789715 0.049574923 0.021669429
-0.03692776 0.050990965 0.020788431
-0.034848213 0.051103789 0.021143941
-0.032887135 0.050892357 0.021063136
-0.031154761 0.051035199 0.021257201
-0.029123582 0.05114815 0.021357425
-0.027043773 0.050919589 0.021279089
-0.025564749 0.051618002 0.02137425
-0.022399001 0.050209001 0.021483
-0.020722572 0.050746214 0.021622356
-0.036530104 0.052712101 0.020548901
-0.035055455 0.052759457 0.020587541
-0.033014223 0.053105224 0.020242944
-0.031037821 0.05289359 0.020413999
-0.029076958 0.052977171 0.020475918
-0.027015802 0.052842196 0.020468934
-0.025491083 0.052813083 0.021007335
-0.022552999 0.053044498 0.020398999
-0.0208128 0.052728899 0.021179
-0.019411447 0.053174797 0.020723172
-0.033292599 0.054422401 0.020202801
-0.0311395 0.054169498 0.0203085
-0.029034333 0.05433033 0.020223832
-0.026991751 0.054795001 0.020073
-0.025032703 0.0548307 0.0201842
-0.022928061 0.054829877 0.020295814
-0.021043794 0.054858219 0.020323375
-0.018887296 0.054987818 0.020284925
-0.018275999 0.056491002 0.020018999
-0.038648035 0.042851496 0.022630997
-0.037258666 0.043260816 0.023640428
-0.035025001 0.043683 0.023345301
-0.033097751 0.043430872 0.023768125
-0.031067628 0.043356124 0.023718437
-0.028852811 0.043237187 0.023683872
-0.026931245 0.04319125 0.023798052
-0.024838001 0.043228153 0.023814769
-0.038253214 0.044824932 0.022565572
-0.037127417 0.045019936 0.023107292
-0.034959938 0.045026105 0.022898832
-0.033052035 0.045019463 0.023091463
-0.031205626 0.045070332 0.023235044
-0.029020412 0.044978689 0.023091935
-0.026827654 0.044940885 0.023187844
-0.025107915 0.045067921 0.023232162
-0.022893505 0.045072962 0.023298999
-0.038112 0.046190999 0.022232
-0.03684612 0.046860971 0.022471344
-0.034953907 0.046936516 0.022608448
-0.03281004 0.046925854 0.022599263
-0.030965799 0.046894431 0.022522401
-0.029169684 0.046879075 0.022751415
-0.027044751 0.047164936 0.022446437
-0.02502225 0.046592943 0.022518549
-0.022780454 0.046902589 0.022761326
-0.021700144 0.047362238 0.022565048
-0.036892142 0.048615571 0.022116572
-0.034919366 0.048903216 0.022179948
-0.032862 0.048934005 0.022159217
-0.030984366 0.048786946 0.022214422
-0.028919032 0.048896436 0.022242142
-0.027291454 0.048750184 0.022191091
-0.025040237 0.048881173 0.022256942
-0.023038961 0.048892751 0.022416415
-0.021463063 0.048700605 0.022521837
-0.030200001 0.050078999 0.022220001
-0.023282999 0.050060999 0.022212001
-0.021834999 0.050283998 0.022152999
-0.039556 0.035292123 0.025558
-0.040505003 0.03701967 0.024697166
-0.039346717 0.036980525 0.025302801
-0.037362002 0.037756 0.025903
-0.034947999 0.0378475 0.025586
-0.032744467 0.036934603 0.025765268
-0.030849591 0.036990356 0.025763767
-0.029027399 0.0373253 0.025824502
-0.040228669 0.038413666 0.024568999
-0.038877212 0.038958993 0.02487535
-0.036933191 0.038907714 0.025296381
-0.034913663 0.039172079 0.025224961
-0.033044241 0.039057333 0.025201146
-0.031029476 0.038827438 0.025475655
-0.028927337 0.038904715 0.02524624
-0.02717139 0.039060142 0.025349572
-0.038402807 0.040869188 0.02434257
-0.036985032 0.04096191 0.024700398
-0.034875773 0.040992744 0.024840003
-0.032918364 0.041052066 0.024886403
-0.030973457 0.041021287 0.024756292
-0.02899891 0.041139636 0.024651771
-0.027018527 0.040894944 0.024896238
-0.024708735 0.041002847 0.024899866
-0.0239475 0.041942 0.024389001
-0.038314 0.042066 0.024256
-0.036982112 0.042587504 0.024280276
-0.034743901 0.042670239 0.024573138
-0.032832056 0.042761333 0.024403611
-0.030892076 0.042694308 0.024358617
-0.029172875 0.042632502 0.024371501
-0.026937725 0.042582002 0.024256909
-0.024950391 0.042642672 0.02421372
-0.02369353 0.042864528 0.024279062
-0.032965001 0.044234999 0.024095999
-0.031907499 0.044591002 0.024075501
-0.025653999 0.044183001 0.024110001
-0.023352999 0.044324502 0.024179999
-0.039903667 0.031282332 0.027585998
-0.040458962 0.032936968 0.026629131
-0.039692331 0.033210889 0.027253889
-0.040367998 0.034134001 0.026391
-0.039151851 0.034935854 0.026811048
-0.037068874 0.035388 0.027204812
-0.035574667 0.035619002 0.027045334
-0.032795738 0.034979522 0.026285477
-0.038898189 0.036894567 0.026467241
-0.037021656 0.036894497 0.026879312
-0.03540067 0.036242664 0.026904335
-0.032419667 0.036694001 0.026195666
-0.030998867 0.036818266 0.026212463
-0.028987238 0.036926884 0.026191235
-0.026566751 0.036533918 0.026336582
-0.038415499 0.038152501 0.026081501
-0.036462002 0.038284 0.0262895
-0.027683999 0.038339 0.026074
-0.041096751 0.027038453 0.029103331
-0.036566999 0.027588001 0.029959001
-0.034869 0.027532499 0.029826
-0.040385421 0.028731959 0.02888629
-0.039275624 0.029317811 0.029642003
-0.037048854 0.028632998 0.029805142
-0.033344001 0.029297125 0.028654501
-0.029752063 0.029535316 0.029265687
-0.0401785 0.03079975 0.028166501
-0.039284267 0.031051543 0.029070813
-0.037098166 0.03117075 0.029165206
-0.035234779 0.031650223 0.028784888
-0.032712337 0.031304333 0.028723666
-0.030792827 0.030971553 0.029109377
-0.029457305 0.030748868 0.029542565
-0.039060827 0.03292878 0.028648496
-0.035099067 0.032757599 0.0289448
-0.032603845 0.032600462 0.028882615
-0.030990133 0.032484669 0.0291538
-0.029111182 0.032609109 0.029093888
-0.041695286 0.02140143 0.031373572
-0.041261379 0.023124721 0.031134816
-0.039082859 0.023268715 0.031808574
-0.034883164 0.023520248 0.031709917
-0.032572556 0.023682334 0.031801
-0.04072937 0.024877623 0.030940907
-0.039017249 0.025196416 0.031140871
-0.037167277 0.02522428 0.031270999
-0.035056774 0.024947384 0.031414069
-0.032960568 0.024980512 0.031476025
-0.031600967 0.025292238 0.031187264
-0.040381189 0.026804501 0.030354813
-0.039034568 0.026983567 0.030563332
-0.037035447 0.026984632 0.030523444
-0.034976143 0.026864642 0.030724678
-0.033081781 0.027095625 0.030672032
-0.031091735 0.027002195 0.030714022
-0.038867768 0.028929081 0.0301935
-0.037183501 0.0289462 0.030162502
-0.035154831 0.028207665 0.0302215
-0.032915 0.028394617 0.030298926
-0.030409271 0.028661666 0.030285232
-0.030029001 0.030195501 0.030259501
-0.042973835 0.017018694 0.032936744
-0.041352 0.017914999 0.033978499
-0.042455364 0.018827999 0.032861758
-0.041105725 0.01912762 0.033512864
-0.039006002 0.019160295 0.033586331
-0.036839649 0.019278649 0.033539798
-0.034746505 0.019289132 0.03364021
-0.033941001 0.019888667 0.033211999
-0.042211335 0.020243332 0.032386001
-0.040879056 0.020981528 0.032608416
-0.038947299 0.020989234 0.032873001
-0.036880817 0.020946 0.032956243
-0.034894463 0.021080367 0.032845698
-0.033636127 0.021067597 0.032988172
-0.0407928 0.0228808 0.032354865
-0.039022256 0.022840075 0.032430809
-0.037058346 0.022806887 0.032483652
-0.034931354 0.022731472 0.03244888
-0.033178639 0.022888348 0.032590285
-0.039341331 0.024318667 0.032240666
-0.037135888 0.024513558 0.032174334
-0.032873638 0.024546182 0.032214999
-0.044235498 0.01055275 0.03577175
-0.04350416 0.011164157 0.035368629
-0.043152932 0.013066838 0.035114419
-0.041439246 0.01335825 0.0356545
-0.0391353 0.0136176 0.035558499
-0.036845427 0.013674429 0.035703573
-0.042554803 0.014910536 0.034764387
-0.041005619 0.015066578 0.035239164
-0.039104678 0.015019965 0.035436288
-0.036598664 0.015175181 0.035412185
-0.035935212 0.015406357 0.034927003
-0.042298995 0.016759899 0.0343384
-0.041035432 0.016962498 0.03453983
-0.038920071 0.017094465 0.034460288
-0.037110321 0.016851706 0.034839939
-0.03558702 0.017092492 0.034754731
-0.04100325 0.018392749 0.034114003
-0.038765334 0.018467002 0.034234889
-0.037201501 0.018450374 0.034447748
-0.035021156 0.018536501 0.034368996
-0.028974209 0.049078345 0.022380222
-0.043504387 0.0072010956 0.037473287
-0.041900001 0.0078440001 0.037367001
-0.039312501 0.0078237997 0.037729401
-0.044135332 0.0084983325 0.036323331
-0.043001924 0.0089505361 0.037134022
-0.041176401 0.009117933 0.037588801
-0.038965389 0.0090572694 0.037557196
-0.04273371 0.010927035 0.036571469
-0.041019678 0.011055973 0.037277516
-0.038737651 0.011019435 0.037444305
-0.037936401 0.0117964 0.036938
-0.042790834 0.012653832 0.036206331
-0.041161995 0.012753741 0.036734775
-0.038820319 0.012740837 0.036873195
-0.037603501 0.012993862 0.036713727
-0.040634252 0.01446225 0.03612325
-0.038813997 0.014874626 0.036206748
-0.037357889 0.014456611 0.036300555
-0.023179553 0.069672614 0.013361332
-0.045471832 0.0011840555 0.039547663
-0.045022458 0.003024606 0.038848508
-0.043638453 0.0034839092 0.039303821
-0.041444 0.0035162498 0.039865002
-0.044209335 0.0043417779 0.038641885
-0.043242123 0.0051676678 0.039278723
-0.041109022 0.0052349088 0.039535727
-0.042973343 0.0067566303 0.038642924
-0.040858544 0.0067930622 0.038866285
-0.039749123 0.0072966875 0.038328566
-0.040855519 0.0087901307 0.038494263
-0.039330333 0.0091860006 0.03816117
-0.046445668 -0.0049453336 0.041745335
-0.045175835 -0.0044811671 0.041881997
-0.046463542 -0.0027986923 0.040849771
-0.045579504 -0.002966318 0.041400816
-0.046223499 -0.00113525 0.040585749
-0.045291081 -0.00090813515 0.041177191
-0.043453999 -0.00020719999 0.041694801
-0.044639807 0.00089370256 0.040784735
-0.043228645 0.0010783696 0.041644976
-0.044240892 0.0023196666 0.040519554
-0.041827336 0.0037803336 0.040517446
-0.041640751 0.0043237503 0.040391877
-0.023788605 0.075009055 0.012503121
-0.046718713 -0.0088299569 0.043412216
-0.046515524 -0.0071972711 0.043131296
-0.045815956 -0.0064716674 0.043391287
-0.046244338 -0.0054268893 0.042368449
-0.045443986 -0.0049524736 0.043252472
-0.044906694 -0.0029684615 0.042951897
-0.043812938 -0.0005679375 0.042264562
-0.019084778 0.076467671 0.012161556
-0.048007 -0.0126155 0.045162
-0.047851998 -0.012407668 0.044983584
-0.047320437 -0.010982982 0.044529658
-0.046677198 -0.0090480391 0.044174381
-0.046290569 -0.0071867621 0.044129714
-0.021917176 0.068989456 0.01452188
-0.028915999 0.053525001 0.01991
-0.015530001 0.06630075 0.016161334
-0.019207001 0.066170998 0.016122
-0.022694286 0.064600356 0.016345
-0.021741275 0.049392212 0.021748131
-0.027729001 0.049064938 0.021725938
-0.030057389 0.05293538 0.020444959
-0.024955317 0.048868209 0.021698894
-0.02502225 0.046592943 0.022518549
-0.028504305 0.045970231 0.022938481
-0.030026432 0.045002345 0.023151573
-0.027330799 0.05183059 0.020977367
-0.037738182 0.038863111 0.024991423
-0.029958682 0.042667538 0.024347659
-0.032922532 0.041022032 0.024827564
-0.036082387 0.031294212 0.028936144
