-6.16627e-07
-2.04851e-06
-1.61006e-06
-2.62981e-06
-3.06269e-06
-5.75501e-07
-1.61395e-06
-2.78274e-06
-4.80964e-06
-2.96315e-06
-3.92958e-06
-2.06178e-06
-3.04119e-06
3.79973e-08
1.2055e-06
-2.45652e-06
-4.04672e-06
-2.26834e-06
-2.04769e-06
-2.89693e-06
-4.12253e-06
-4.28404e-06
2.59372e-06
2.42528e-06
2.27521e-06
-2.4969e-07
-3.98886e-06
-2.93592e-06
-3.33716e-06
-4.76854e-06
-8.59276e-07
4.83627e-07
-1.478e-06
1.2236e-06
1.22586e-06
1.36663e-06
1.79033e-06
-5.96419e-07
1.73781e-06
1.03831e-06
-3.10507e-07
6.80371e-07
2.88537e-06
2.30621e-06
-1.08621e-06
-2.07213e-06
1.71911e-06
2.69684e-06
5.7717e-07
-2.2369e-07
4.86273e-07
6.53484e-07
2.80295e-07
1.12645e-06
9.48597e-07
2.87859e-06
-9.65137e-07
-5.24739e-07
1.10046e-06
4.28489e-07
-2.09591e-06
-1.40426e-06
-9.00079e-07
1.13426e-06
2.78305e-06
3.24936e-06
2.43627e-06
1.01625e-06
1.8001e-06
4.93341e-09
-1.74057e-06
-2.4477e-06
-2.7649e-06
-3.52232e-06
-2.48378e-06
1.22376e-08
-6.83307e-08
-2.60643e-06
2.16381e-06
-1.93423e-06
-8.33679e-07
-5.97233e-07
1.13493e-07
8.20853e-07
6.14259e-07
1.86005e-06
1.22195e-06
1.69588e-08
-6.08578e-07
1.03546e-07
2.80871e-07
-1.19794e-06
2.55304e-06
-9.45101e-07
1.37119e-07
-8.20334e-07
-9.86746e-07
-3.50814e-08
5.9825e-07
1.19564e-06
1.42504e-06
-1.1964e-06
-1.07586e-06
9.82419e-07
1.33037e-06
1.59519e-06
1.99272e-06
8.55802e-07
-1.0326e-06
-1.3066e-06
-1.50317e-06
-2.01494e-06
-2.79946e-06
8.56909e-07
1.14221e-06
-1.06557e-06
-1.59358e-06
-7.2074e-08
-2.7692e-07
2.98284e-06
1.08832e-06
1.63047e-06
2.70141e-06
2.00199e-06
-3.05517e-07
-1.99794e-06
-1.59113e-06
-7.42145e-07
-7.28115e-07
-6.35444e-07
-2.36382e-06
-1.7773e-06
4.03523e-07
8.85806e-07
-5.39553e-07
-1.03469e-06
-1.18835e-06
-6.89509e-07
-1.75844e-06
-2.113e-06
-9.24148e-07
-8.6142e-07
-2.19362e-06
-2.06082e-07
3.94309e-06
2.27513e-06
2.28701e-07
1.5167e-06
1.84173e-06
9.80934e-07
1.75571e-06
3.72764e-06
2.72845e-06
1.96308e-06
1.02954e-06
4.15473e-07
7.89388e-07
6.45849e-07
-3.53735e-07
-1.00936e-06
-4.675e-07
1.5427e-06
6.77371e-07
1.26965e-06
-1.61359e-06
-1.62695e-06
-1.39769e-06
-9.74802e-07
-5.56744e-07
1.19995e-06
-3.35138e-07
-7.54739e-07
-9.25601e-07
-6.20629e-07
1.96809e-06
-2.1288e-06
1.55446e-06
-6.82148e-07
-2.41408e-06
-2.43959e-06
-2.15623e-06
-2.52951e-06
-1.81932e-06
3.11189e-06
2.35502e-06
1.49368e-06
1.97336e-06
-8.46032e-07
-1.94645e-06
-5.94967e-07
-7.82509e-07
-8.27739e-07
-1.01813e-06
-2.35954e-06
-1.6721e-06
-5.70239e-07
1.20684e-08
6.93698e-07
2.02935e-06
2.28421e-06
-4.51293e-07
2.64738e-07
4.99141e-07
1.13809e-06
4.53819e-07
3.6986e-07
1.97224e-06
-6.86926e-09
-2.48851e-07
-6.58276e-07
-5.61957e-07
5.83825e-07
1.32417e-06
7.90244e-07
-1.8915e-07
5.54702e-07
2.56072e-06
1.01791e-06
-1.23414e-07
-1.25446e-06
-7.51214e-07
-3.25619e-07
-3.4321e-06
2.42482e-06
7.35996e-07
-1.85078e-06
-2.50794e-06
-2.00391e-06
-1.32567e-06
-7.34768e-07
-1.14746e-06
-4.18628e-07
1.16321e-06
2.24111e-07
-3.97348e-07
-1.0321e-06
-1.73994e-06
-8.09726e-07
-6.71463e-08
-1.68004e-06
2.65099e-06
2.8885e-06
-3.86226e-07
-2.00162e-06
-3.3664e-07
1.50662e-06
-7.00208e-07
-2.99782e-07
6.2445e-07
1.80403e-06
2.19591e-06
1.93294e-06
-4.9224e-09
-2.52495e-06
2.35897e-06
7.23677e-07
1.32287e-07
7.81724e-07
2.60214e-06
3.42381e-06
1.4744e-06
-9.82738e-08
-8.03979e-07
-6.76438e-07
1.01931e-06
6.46162e-07
1.11726e-06
3.42998e-06
5.45724e-06
3.2576e-06
1.54501e-06
2.30527e-06
9.71112e-07
1.06577e-06
8.81895e-07
1.8198e-06
4.51646e-07
1.28482e-06
2.91607e-06
3.84828e-06
4.17122e-06
2.15841e-06
