-0.000872853
0.00016424
-0.000369476
-0.00111764
-0.000373513
-0.000376442
-0.00103298
-0.000382439
-0.000368985
-0.000361345
-0.000359616
-0.000361604
-0.000356391
-0.000353052
-0.000340121
-0.000334841
-0.000334536
-0.00035329
-0.000348718
-0.000332672
-0.00032824
-0.00032585
-0.000315081
-0.000167396
-0.000183731
0.000202853
-0.000372761
-0.000365393
-0.000363831
-0.000372026
-0.000369267
-0.00036024
-0.000368798
-0.000361091
-0.000369218
-0.000368681
-0.00036853
-0.000891591
-0.000370901
-0.000635705
-0.000360432
-0.000648288
-0.000643342
-0.000886296
-0.000374106
-0.000896537
-0.000374277
-0.000355645
-0.000642649
-0.000641587
-0.000891275
-0.000366147
-0.000637305
-0.000365787
-0.00035143
-0.000612983
-0.000864902
-0.000363977
-0.000624906
-0.000865843
-0.000634699
-0.000857146
-0.000366136
-0.000646825
-0.000885447
-0.000374659
-0.000640555
-0.000865933
-0.000371686
-0.000645432
-0.000668921
-0.000871979
-0.000615691
-0.000616539
-0.000602705
-0.000599668
-0.000592873
-0.000593692
-0.000630635
-0.000597008
-0.000778582
-0.000607056
-0.000615075
-0.000606737
-0.000604203
-0.000611533
-0.000577724
-0.000583532
-0.000310203
-0.00031144
-0.000307411
-0.000309374
-0.000303736
-0.000302318
-3.10085e-05
-0.00013475
-0.000124378
-3.52459e-05
-3.07852e-05
0.000313534
-2.74231e-05
-4.28245e-05
-9.98542e-06
-6.32533e-05
0.000324224
0.00034153
0.000354101
-0.000356573
-0.000358471
-0.000361137
-0.000354696
-0.000365199
-0.000361016
-0.000356929
-0.000353391
-0.000352505
-0.000343703
-0.000356115
-0.000353759
-0.000608979
-0.000355027
-0.000357806
-0.000362407
-0.000363323
-0.00035958
-0.000601263
-0.000367884
-0.000620745
-0.000374307
-0.000617355
-0.000276486
-0.000604344
-0.000351041
-0.000599671
-0.000177507
-0.000599246
-0.000584888
-0.000166545
-0.000598876
-0.000586464
-0.000180255
-0.000602861
-0.000177033
-0.000180919
-0.000622082
-0.000333168
-0.000623581
-0.000184669
-0.000618218
-0.000173305
-0.000311136
-0.000597974
-0.000621981
-0.000621104
-0.000160512
-0.000162043
-0.000326796
-0.000121396
-0.000330035
-0.00011015
-0.000330347
-9.25146e-05
-4.87841e-05
-0.000106067
-0.000338242
-4.83653e-05
-5.71714e-05
-0.000339226
-6.25163e-05
-0.000108001
-0.000337481
-5.86711e-05
-0.000336981
-0.000716402
-6.62482e-05
-0.000168057
-0.00033029
-6.95674e-05
-0.000346935
-6.81264e-05
-0.000341696
-0.000344459
2.32824e-05
-6.8594e-05
-7.40105e-05
-0.000344226
-0.00034699
-0.000335073
-0.000333977
-6.92619e-05
-7.38071e-05
-0.00031914
-6.16082e-05
-6.95962e-05
-0.000314402
-6.77493e-05
-0.000308609
0.000224192
-6.23457e-05
-6.60205e-05
-0.000312585
0.000245689
0.000230028
-6.34416e-05
-6.41536e-05
-0.000303973
0.000240879
0.000237838
-6.43068e-05
-0.000303036
-6.31194e-05
0.000242005
0.00021165
-5.60132e-05
-0.000298755
0.000241921
0.000211566
-5.38412e-05
0.000246656
-4.81918e-05
-3.84901e-07
0.000236629
-3.71412e-05
-4.70739e-05
-3.68808e-06
0.000248309
4.45377e-05
-4.19068e-05
2.03776e-06
-0.000278493
5.1615e-05
-4.09411e-05
1.71779e-05
0.000249613
5.26151e-05
-1.81106e-06
0.000254519
0.000249538
5.69959e-05
7.37044e-06
0.000256674
5.77123e-05
-3.65561e-06
0.00025777
6.02534e-05
0.000264971
0.000252716
6.08351e-05
0.000267071
0.000243065
-2.12272e-05
0.000271021
0.000257301
3.61461e-05
1.69857e-05
0.000273027
0.000257864
9.07907e-05
0.000276874
0.000254705
0.00027757
0.000243961
0.000282059
0.000246497
0.00028002
0.00025469
0.000283775
0.000279105
0.000338046
0.000325806
0.000402048
-0.00034665
-0.00034901
-0.000347485
-0.000353804
-0.000357798
-0.000357014
-0.000358007
-0.000357204
-0.00035058
-0.000349755
-0.000352091
-0.000350528
-0.000356668
-0.000351965
-0.000360929
-0.000359411
-0.000361682
-0.00035626
-0.000186761
-0.000190822
-0.00018661
-0.000313568
-0.000185837
-0.000320249
-0.000177913
-0.000598476
-0.000177879
-0.000330863
-0.000335118
-0.000572914
-0.000100763
-0.000333571
-0.000131962
-0.000316544
-0.000120211
-0.0003111
-6.52513e-05
-0.000327028
-5.78797e-05
-0.000133631
-0.000140356
-0.000331515
-6.07838e-05
-0.000192221
-0.000308358
-7.13573e-05
-0.000317912
-7.08003e-05
-6.14529e-05
-5.79856e-05
-0.000321631
-7.73337e-05
-0.000314754
4.40498e-05
-6.55511e-05
-0.000312431
4.53618e-05
-5.56502e-05
-5.95069e-05
-7.2198e-05
0.000226704
3.76157e-05
-8.1717e-05
-0.000309555
-1.27557e-05
-3.18854e-05
-6.72311e-06
0.000266418
0.000245579
-6.45948e-05
-6.33697e-05
-1.89029e-05
0.000244842
-1.64768e-05
-1.07428e-05
0.00026579
0.000252001
-3.18149e-05
8.01432e-09
0.000262341
-1.01457e-05
-1.7733e-05
0.00025859
0.000240542
4.37377e-05
-1.15766e-06
0.000251311
0.000234794
4.41579e-05
0.000236074
4.64334e-05
0.000251055
-8.28331e-07
0.000239091
4.87866e-05
0.000249087
0.00024369
3.76473e-05
-0.000636063
-0.000669341
0.000260341
0.000236994
-0.000638325
0.000262672
0.00023765
3.33672e-05
-1.61254e-05
0.000263002
0.000242383
3.11445e-05
0.000262839
-1.63185e-05
0.000242504
0.000242452
0.000253277
0.000251147
0.000397549
0.000385853
0.000391466
0.000379825
0.000375364
0.000386441
0.000418651
0.000403565
0.000429365
0.000423938
0.00044453
0.000455059
0.000423581
0.000418046
-0.000373178
-0.000369474
-0.000373665
-0.000371162
-0.000360506
-0.000359379
-0.000364157
-0.000360107
-0.000363144
-0.000344277
-0.000348979
-0.000346615
-0.000345762
-0.000355144
-0.000360641
-0.000361523
-0.000368228
-0.000381083
-0.000377286
-0.000370673
-0.000360647
-0.000349762
-0.000342619
-0.000337978
-0.000344259
-0.000309735
-0.000312051
-7.32819e-05
-7.43668e-05
-0.000312834
-7.47922e-05
-5.72317e-05
-5.46439e-05
-4.00122e-05
-0.000129262
-0.000128733
-4.42887e-05
-0.000320214
-4.66186e-05
-7.47293e-05
-0.000317943
-5.81495e-05
-0.000308056
-7.92741e-05
-0.000307854
-3.76256e-05
-5.88322e-05
-7.61234e-05
-0.000316922
-4.41294e-05
-0.000324627
3.73725e-05
-6.22489e-05
-0.000315833
-5.16941e-05
-7.40337e-05
-4.37819e-05
-7.38313e-05
-0.000307017
-3.96944e-05
-7.36047e-05
-6.9406e-05
0.00027152
0.000260775
-5.61723e-05
0.000264859
4.64417e-06
0.000271343
0.000277187
-2.05935e-05
0.000275555
0.000262864
0.000275066
4.17442e-05
0.000270563
3.70213e-05
0.000277685
0.000274859
3.43641e-05
-4.82882e-05
0.000268643
3.53924e-05
0.00027115
3.4433e-05
0.000277832
3.40578e-05
0.000269324
3.94592e-05
-3.78651e-05
0.000274848
0.000268028
0.000272191
0.000261415
4.29725e-05
0.000259137
0.000257492
4.45288e-05
0.000253774
0.000246883
0.000258018
0.000240708
0.000253185
-0.000128174
0.000259344
0.000259002
0.000365776
-1.09865e-05
0.000253552
0.000382259
0.000391912
0.000376597
0.00038047
0.000388331
0.000393293
-0.000136008
5.36958e-05
0.000385962
0.000388379
0.000396509
0.000408434
8.2337e-05
-6.20229e-05
0.000391484
8.78488e-05
-7.00411e-05
7.59079e-05
-9.15459e-05
-7.08254e-05
-7.84214e-05
0.000387008
6.96175e-05
-5.98968e-05
0.000393487
8.63996e-05
9.747e-05
-7.05088e-05
0.000393209
-0.000100845
0.000398826
0.000104299
-6.92419e-05
9.19913e-05
-7.5964e-05
0.000106072
-7.40569e-05
-4.77215e-05
0.000123594
-7.67061e-05
0.00011485
-4.44317e-05
9.83039e-05
0.000149969
0.000175624
0.000663473
0.000891304
-0.000346157
-0.000337001
-0.000325359
-0.000323907
-0.000320659
-0.000321674
-0.000343069
-0.000644778
-0.000338117
-0.000654823
-0.000348155
-0.000348155
-0.00061297
-0.00034908
-0.000643945
-0.000352409
-0.000351317
-0.000594811
-0.000359802
-0.000361271
-0.000364307
-0.000586618
-0.000174695
-0.000369147
-0.000376044
-0.000380069
-0.000169116
-0.000334228
-0.000331226
-7.4511e-05
-7.74258e-05
-6.51146e-05
-7.87438e-05
-3.73433e-05
-5.67415e-05
-2.71796e-05
-7.63185e-05
-7.49753e-05
-2.75264e-05
-2.48253e-05
-7.22682e-05
-4.6119e-05
-7.12612e-05
-0.000311079
-5.26013e-05
-0.000318009
-3.39172e-05
-5.90034e-05
-6.0508e-05
-3.4967e-05
-7.66449e-05
-7.39155e-05
-3.80372e-05
-7.68533e-05
-3.32644e-05
-5.61682e-05
-3.54875e-05
0.000279448
-3.46336e-05
0.000275449
0.000272383
-3.50583e-05
0.000269446
0.000286247
0.000276872
0.000275787
3.7385e-05
0.000279246
0.000276925
0.000272729
0.000279245
0.000264858
0.00027354
0.000264076
0.000332159
0.000278433
0.000353094
0.000282381
0.000272795
0.000352724
0.000376425
0.000321516
0.000274073
0.000387817
0.000382544
0.000362073
-0.00011255
0.000414261
0.000411489
0.000396369
0.000380009
9.1593e-05
0.000386789
9.20058e-05
-0.000111433
0.000388358
0.000107965
0.00040532
0.000110335
0.000391469
0.00010684
0.000394941
0.000105319
0.000141584
8.55995e-05
9.56509e-05
9.9194e-05
7.96991e-05
6.54199e-05
7.48684e-05
7.67144e-05
2.6345e-05
-0.000354199
-0.000368904
-0.000369048
-0.000367951
-0.00036002
-0.000348276
-0.000348584
-0.000353775
-0.000358756
-0.000348875
-0.000345838
-0.000345454
-0.000350436
-0.000633031
-0.000343765
-0.000339187
-0.00034833
-0.000357699
-0.000163747
-0.000366912
-0.000161523
-0.000365699
-0.000358537
-0.000359629
-0.00019462
-0.000349516
-0.000352581
-0.000349366
-0.000346359
-0.000634561
-0.000344616
-0.000154061
-0.000600952
-0.000150849
-0.000591524
-0.000608995
-0.00014419
-0.000169445
-0.000605668
-5.76935e-05
-6.43638e-05
-6.65297e-05
-4.8805e-05
-7.8315e-05
-2.92055e-05
-8.4286e-05
-3.70859e-05
-4.11211e-05
-8.63757e-05
-6.35266e-05
-7.98047e-05
-2.87505e-05
-6.84437e-05
-5.46291e-05
-4.62798e-05
-6.54154e-05
-5.81711e-05
-9.06166e-06
-3.3945e-05
-1.24618e-05
-5.96611e-05
-6.01465e-05
-2.12929e-05
-6.84629e-05
-6.95579e-05
1.37586e-05
-2.73117e-05
0.000291983
-3.2141e-05
0.000298232
0.00033139
0.000272744
0.000258227
0.000265033
0.000254286
0.000268717
4.09474e-05
0.000337303
0.000306057
0.000295254
0.000345658
0.000287028
0.000351003
0.000282723
0.000380808
0.000284247
0.000378508
0.000348673
0.000383753
0.000352003
0.000281913
0.000381699
0.000349954
0.000343028
0.000360329
0.000377606
0.000365446
0.00036242
0.000366145
0.000353716
0.000369401
0.000383175
0.000384774
0.000354968
0.000382424
0.000399391
0.000385495
0.000127246
0.000375503
0.000130233
0.000384839
0.000127566
0.000384445
0.000122766
0.000119897
0.000121465
0.000119157
0.000126529
0.000118441
0.000114106
0.000113473
0.000125037
0.000115484
0.000111642
0.00010211
0.000137096
0.00120392
-0.000343881
-0.000352837
-0.000351623
-0.000359969
-0.000357333
-0.000356692
-0.000363108
-0.000238998
-0.000365258
-0.000227056
-0.000358554
-0.000346383
-0.000341983
-0.000209546
-0.000333586
-0.000333013
-0.000332019
-0.00015231
-0.000337156
-0.000219352
-0.000202787
-0.000347987
-0.000344979
-0.000231847
-0.000267213
-0.000123973
-0.00020107
-0.000165785
-0.000195255
-0.000150776
-0.000202857
-0.000186318
-0.000596612
-0.000181052
-0.000597269
0.000167658
-0.000572776
0.000163199
-0.000149944
-0.000138319
-0.000141977
-0.000135798
-0.000586009
-5.5844e-05
-0.000124149
-0.000154384
-6.91211e-05
-0.00014346
-7.81113e-05
-1.93517e-05
-4.83638e-05
-4.41036e-05
-6.06519e-05
-9.59772e-06
-5.55219e-05
-6.12028e-07
6.45458e-06
-4.45996e-05
-1.57485e-05
8.54211e-06
1.10179e-05
4.30055e-05
2.31133e-05
-2.5175e-05
-1.01081e-05
-4.5304e-05
9.35017e-05
-2.07723e-05
6.73879e-05
-4.92249e-05
-4.82321e-05
1.80074e-06
-4.52686e-05
-5.39042e-05
-4.03441e-05
-3.12909e-05
-3.67156e-05
-8.58405e-06
-4.06488e-05
-1.13701e-05
-4.46753e-05
-1.3536e-05
-5.64166e-05
4.13731e-05
2.77569e-05
0.000335785
-7.85869e-05
0.00033464
-6.35292e-05
0.000339564
-6.58346e-05
0.000354821
-4.8791e-05
0.000341097
0.000329355
0.000340212
0.000343325
0.000346789
0.000307219
0.000350283
0.000310926
0.000385888
0.000325741
0.000373534
0.000398699
0.000361182
0.000333135
0.000366483
0.000315641
0.000398204
0.000382795
0.000380744
0.000378688
0.000331649
0.000355967
0.000371321
0.000384764
0.000356631
0.000368002
0.000332396
0.000350955
0.000384616
0.00039359
0.000356074
0.000359338
0.000396854
0.000382688
0.000369706
0.000381234
0.000133652
0.000133867
0.000130051
-0.000353568
-0.000354665
-0.000358867
-0.000359964
-0.000360202
-0.000361299
-0.000344333
-0.000337663
-0.0003388
-0.000343598
-0.000348681
-0.000346007
-0.00033756
-0.00033542
-0.000329767
-0.000331296
-0.000335246
-0.000207006
-0.000203275
-0.000323623
-0.000324393
-0.00018258
-0.000262246
-0.000344972
-0.000116849
0.000172532
-0.000236027
0.000174324
-0.000127775
-0.000144884
0.00019555
-0.000140779
-9.18142e-05
-0.000124948
-0.000112158
-0.000101898
-7.23932e-05
0.000175599
-0.000136424
-5.24319e-05
-0.000182368
-4.99447e-05
-0.000179885
0.000116901
-0.000145143
-0.000181272
-5.13022e-05
-0.000113394
-7.09023e-05
0.000139077
-6.57362e-05
-9.62967e-05
0.000160981
-2.45319e-05
0.000169273
-6.54178e-06
-6.7246e-05
1.86615e-05
-8.72017e-05
-3.39944e-05
-1.25308e-05
-1.87993e-05
-3.09406e-05
0.00017927
-4.70239e-07
-2.09481e-05
-3.24563e-06
5.26455e-05
-1.89952e-05
-3.03042e-05
6.25267e-05
1.53274e-05
-4.14796e-05
3.44696e-05
-4.69074e-05
-5.0901e-05
4.43999e-06
-5.23792e-05
4.96946e-05
-5.63857e-05
2.94215e-05
-5.41554e-05
1.42247e-05
-4.12222e-05
-1.39024e-05
2.9442e-05
-2.43768e-05
3.36178e-05
-1.73293e-05
3.30417e-05
-2.37924e-05
-2.05799e-05
4.02033e-05
4.33666e-05
1.47525e-05
-1.91569e-05
5.62072e-05
-1.38909e-05
5.94241e-05
-2.79231e-06
6.39853e-06
1.25165e-05
0.000363189
0.000380886
0.000335873
0.000374625
-0.000106316
0.000391097
-0.000141464
0.000377987
0.000371587
0.000415826
0.000376371
0.000375371
-0.00011931
0.000414831
-0.000100442
0.000379753
0.000386579
0.000388524
0.00034618
0.000383774
0.000356401
0.000401656
0.000411114
0.000356204
0.000391731
0.000346447
0.000393504
0.00034245
0.000340363
0.000381763
0.000377762
0.000115226
0.00038087
0.000390133
-0.000367019
-0.000360653
-0.000356363
-0.000348165
-0.000343883
-0.000339554
-0.000338261
-0.000340666
-0.000351848
-0.000239127
-0.000350752
-0.000345417
-0.000347753
-0.000234223
-0.000348213
-0.000228826
-0.000248584
-0.000346589
-0.00034863
-0.000238977
-0.000227753
-0.000350997
-0.000345499
-0.000338467
-0.000337537
-0.000216445
-0.000342478
-0.000231284
-8.81548e-05
-0.000180031
0.000160787
-7.16257e-05
-0.000233139
-0.000207166
-0.000121638
-0.00011118
-9.71972e-05
-9.06857e-05
-8.80109e-05
-0.000138521
-7.93643e-05
-6.59718e-05
-0.000101046
-6.40884e-05
-4.40544e-05
-0.000170732
-7.74596e-05
-7.38584e-05
-7.21502e-05
2.33109e-05
4.90362e-05
-3.33252e-05
5.97203e-06
-8.56291e-05
-5.88065e-05
3.25865e-05
-8.15149e-05
-7.01221e-05
-1.77057e-05
-9.39116e-06
-1.56026e-05
1.52969e-05
-2.1526e-06
-5.10286e-06
5.12817e-06
-2.64727e-05
-2.39854e-05
2.83161e-05
-3.3057e-05
4.42181e-06
6.51253e-05
3.72612e-05
0.000259505
4.55236e-05
-2.31598e-05
2.45589e-05
-4.13455e-05
2.39254e-05
-6.70714e-05
6.45833e-05
-4.30734e-05
-3.51575e-05
-2.54138e-05
0.000361258
-1.16777e-05
0.000350986
0.000345644
0.000361261
0.000385008
0.000393919
0.000373247
0.000377329
0.000428383
0.000387367
0.00038575
0.000374575
0.000367122
0.000355842
-8.63901e-05
0.000344623
-9.51419e-05
0.000345957
-0.000111512
0.000397011
0.000388695
0.00034344
0.000399603
0.000356287
0.000367188
0.000137634
0.000416298
0.000401708
0.000126853
0.000407917
0.000429995
0.000116955
0.000417935
0.000110979
0.000423242
0.00042458
0.000108112
0.000128278
0.00012987
-0.000345073
-0.000347804
-0.000330388
-0.000350544
-0.00035214
-0.000354976
-0.000351185
-0.000349052
-0.000348769
-0.000346658
-0.000344517
-0.000342864
-0.000347021
-0.000353002
-0.00035316
-0.000357193
-0.000157042
-0.00015456
-0.000146416
-0.000140133
-0.000352971
-9.48049e-05
-0.000137755
-0.000232689
-0.000135342
-0.000353426
-0.000351558
-0.000126369
-0.000342279
-0.000162594
-0.000111816
-7.71628e-05
-0.000327554
-6.6278e-05
-0.00012384
-0.000167144
-0.000339581
-0.000147885
-0.000348306
-0.000326471
-0.000138278
-0.000113794
-9.87727e-05
-1.49055e-05
-6.47529e-05
-0.000334126
-0.000118586
-0.000342632
-0.000119572
-0.000332174
-0.000111276
-3.89786e-05
-6.9598e-05
-5.83332e-05
-5.21722e-05
-4.51099e-05
-0.000111192
-3.69789e-05
4.11405e-05
2.64945e-05
-2.29844e-05
-1.25887e-05
0.000267916
9.3898e-06
0.000278445
0.000277592
7.00984e-05
6.33095e-05
1.80842e-05
0.000258278
5.32322e-05
0.00026286
4.53478e-05
2.75179e-05
0.000244298
7.28026e-05
3.36882e-05
3.92207e-05
3.31968e-05
8.03667e-05
7.43358e-05
0.00032261
0.00030957
0.000332949
0.000346734
0.000358592
0.000364736
0.000363071
0.000357556
0.000330885
0.000324692
0.000369615
0.000376077
0.000382419
0.000431528
0.000382977
0.000363401
0.000121701
0.000372422
0.00036397
0.000133656
0.00041114
0.000118439
1.41192e-05
0.00011292
-2.39624e-06
0.000402035
0.000109356
2.05618e-05
0.000114574
1.80378e-05
0.000133364
1.75221e-05
3.0522e-05
-3.1386e-06
2.19055e-06
0.000135922
4.74503e-05
0.000137254
5.08364e-05
0.000140592
2.95575e-05
2.46929e-05
0.000151654
0.000155037
1.34685e-05
0.000158429
0.000163652
0.000150019
0.000129919
0.00014241
-0.000343688
-0.000340299
-0.000340635
-0.000340984
-0.00029232
-0.000341435
-0.000321485
-0.000352352
-0.000337136
-0.000321916
-0.000349024
-0.000344183
-0.000343702
-0.000193256
-0.000367286
-0.00034713
-0.000344878
-0.000332636
-0.0003175
-0.000342324
-0.000148639
-0.000318318
-0.000322977
-0.000147504
-0.000317998
-0.000151035
-0.00033432
-0.000149901
-0.000334611
-0.000154649
-0.000338767
-0.000145062
-0.000342838
-0.000144869
-0.000346882
-0.000142677
-0.000350915
-0.000140536
-0.000354941
-0.00013839
-0.000348575
-0.000138682
-0.000346196
-0.000140893
-0.000321453
-0.000345708
-0.000150734
-0.00031713
-0.00034527
-0.000152833
-0.000340912
-0.000156866
-0.000335764
-0.000328515
3.72103e-05
-0.000327007
4.14951e-05
-0.000344859
5.13591e-05
5.75862e-05
6.00051e-05
5.18582e-05
0.000231664
-2.36335e-05
0.000253336
-3.18037e-05
3.89376e-05
0.000263888
4.62501e-05
0.000267091
0.000294957
4.94017e-05
0.000279072
0.00026663
4.55043e-05
0.000283997
1.64199e-05
0.00026188
0.000271792
0.000287434
0.00035717
0.000286979
3.64525e-05
0.000342981
0.00028349
0.000359206
4.12666e-05
0.000257853
0.00025548
0.00023779
0.0003473
0.000273787
0.000343997
0.000271105
0.000286891
0.000368843
0.000375898
0.000363546
0.000295104
0.00034755
0.000344743
0.000280151
0.000351821
0.000360767
0.000292354
0.000347145
0.000361189
0.000288067
0.000342183
0.000371962
0.000327457
0.000328174
0.000338587
0.000343398
0.000345289
0.000374106
0.000354742
0.000103455
0.000102419
0.000118504
0.000360645
0.000111311
0.000377813
0.000131303
0.000367927
0.00013767
0.000134398
0.000128302
0.000116044
0.000144231
0.000118336
9.83792e-05
9.68383e-05
0.000104805
0.000130117
0.000122613
0.000120792
0.000132618
0.000121403
-0.000338543
-0.000254403
-0.000245988
-0.000252817
-0.000175946
-0.000302356
-0.00018083
-0.000299515
-0.000174207
-0.000178967
-0.000267009
-0.000258107
-0.000174052
-0.000304868
-0.000169165
-0.000305754
-0.000171882
-0.000303317
-0.000170856
-0.000143809
-0.000284925
-0.00016453
-0.000151918
-0.000295039
-0.000348142
-0.000162956
-0.000148528
-0.000353587
-0.00015959
-0.000146954
-0.00028767
-0.000354956
-0.000288014
-0.000159932
-0.000141504
-0.000364159
-0.00016413
-0.000145805
-0.000357932
-0.000170376
-0.000153308
-0.000166347
-0.00016049
-0.000348981
-0.00017356
-0.000345323
-0.000173141
-0.00017448
-0.000337902
-0.000179798
-0.000334836
-0.00033758
-0.000342251
-0.000164675
-0.000343075
-0.000319603
-0.000347742
-0.000155223
-0.000348635
-0.00015171
-0.000346782
-0.000344654
-0.000340516
5.6706e-05
-0.000338376
5.7821e-05
5.12689e-05
5.61473e-05
4.64296e-05
5.04728e-05
5.07607e-05
0.000284119
5.28954e-05
0.000282978
5.88966e-05
0.000299524
0.000279309
0.000303315
5.11441e-05
0.000297739
0.000277558
5.05984e-05
0.000285034
5.23222e-05
0.000268416
4.25086e-05
0.00028245
0.000326834
4.23302e-05
0.000372349
0.000281318
3.44493e-05
0.000275222
0.000375386
0.000263987
0.000327045
0.000254174
0.000320103
0.00033499
0.000317078
0.00025982
0.000291711
0.000341304
0.000355138
0.000298437
0.000339794
0.000349882
0.00031458
0.000346077
0.000346428
0.00031788
0.00034842
0.000359329
0.000281226
0.000350834
0.000335322
0.000286066
0.000345812
0.000354008
0.000372339
0.000349692
0.000371115
0.000351202
0.000361029
0.000343027
0.000360564
0.00034263
0.000360134
0.000332521
0.000369386
0.000334389
0.000328219
0.000325852
0.000333265
0.000340547
0.000369603
0.000100032
0.000106061
0.000108359
0.000106703
0.000112757
-0.000330698
-0.000320882
-0.000345733
-0.000300092
-0.000127126
-0.000256526
-0.000131288
-0.000249515
-0.00014875
-0.00035517
-0.000244508
-0.000170189
-0.000242303
-0.000345138
-0.000159319
-0.000236393
-0.000233289
-0.000342011
-0.00028354
-0.000184093
-0.000139014
-0.000137718
-0.00023427
-0.000229189
-0.000343381
-0.00013843
-0.00023756
-0.000340531
-0.000189578
-0.000341651
-0.000134465
-0.000190329
-0.000313542
-0.00014059
-0.000325604
-0.000125499
-0.000193826
-0.000337637
-0.000336629
-0.000138789
-0.000335453
-0.000180754
-0.000143659
-0.000334423
-0.000142749
-0.000331957
-0.000145781
-0.000328501
-0.000148601
-0.000325081
-0.000143681
-0.000327367
-0.000138794
-0.000333515
-0.000141511
-0.000142425
-0.000332055
-0.000337618
-0.000341033
5.33564e-05
6.42123e-05
4.48154e-05
5.21769e-05
4.20767e-05
4.80831e-05
5.40981e-05
5.08441e-05
5.11885e-05
4.59652e-05
0.000325943
3.67919e-05
0.000324498
4.1079e-05
0.0003135
0.000315492
0.000321042
5.38598e-05
0.000317754
5.36333e-05
0.000314381
5.91146e-05
0.000297994
0.000335511
6.60415e-05
5.94367e-05
0.00032226
0.00028275
0.000330237
0.000364559
0.000338623
0.000306905
0.00036184
0.000364278
0.000364903
0.00033604
0.000356364
0.000337164
0.000353672
0.000352228
0.000294969
0.000304276
0.000360485
0.000353385
0.000356567
0.000354433
0.00035676
0.00036017
0.000360927
0.000358447
0.000361093
0.0003645
0.000369038
0.000370495
0.000364921
0.000360765
0.000402184
0.000362494
0.00035848
0.000348647
-0.000165792
-0.000219412
-0.00016535
-0.000166807
-0.00021625
-0.000154495
-0.000147686
-0.00022108
-0.000218122
-0.000138928
-0.000211284
-0.00013212
-0.000131081
-0.000208306
-0.000205717
-0.000169063
-0.000357333
-0.000182748
-0.000350418
-0.000188669
-0.000150109
-0.000311437
-0.000347291
-0.000163642
-0.000338368
-0.000165773
-0.000338112
-0.000162611
-0.000322708
-0.000161459
-0.000326246
-0.000325911
-0.000152619
-0.000333529
-0.000145629
-0.000329839
-0.000315073
-0.000144441
-0.000316014
-0.000344153
-0.000307456
-0.000341395
-0.00034239
-0.000315242
0.000349015
0.000363478
0.000364393
0.000363281
0.000347469
0.000326952
0.000314317
0.000361516
0.00032115
0.000334945
0.000356721
0.000334257
0.000347718
0.000342066
0.000370926
0.000345488
0.000333118
0.000370466
0.000360985
0.000373984
0.000337882
0.000328471
0.00036978
0.000358248
0.000371249
0.000355959
0.000328098
0.00036183
0.000357458
0.000327652
0.000360385
0.000357694
0.000355187
0.000348509
0.000351676
0.000344538
0.00033922
0.000347362
0.000355338
0.00035992
0.000361518
-0.00036675
-0.00018571
-0.000174023
-0.000206372
-0.000166146
-0.000168522
-0.00019587
-0.000382228
-0.000161112
-0.000387702
-0.000167327
-0.000377887
-0.000199623
-0.00037297
-0.000182997
-0.000343592
-0.000190308
-0.000371424
-0.000171771
-0.000217667
-0.000370027
-0.000342166
-0.000179025
-0.000362709
-0.000180521
-0.000364635
-0.000186
-0.000226552
-0.00035648
-0.000180481
-0.000348128
-0.000179016
-0.000175554
-0.000168363
-0.000168784
-0.000166855
-0.000164465
0.000349375
0.000328302
0.000341558
0.000318454
0.000319756
0.000332934
0.000337921
0.000325911
0.000342915
0.000346026
0.000359074
0.000370898
0.000335049
0.000368442
0.000370301
0.000338307
0.000360962
0.00035658
0.000368075
0.000357808
0.000332479
0.000355858
0.000347344
0.00035517
0.000365791
0.000356442
0.00036489
0.000351995
0.000365737
0.000366515
0.000325261
0.00036475
0.000363511
0.000363764
0.000362735
0.000357769
0.000351059
0.000365659
0.000368601
0.000369739
0.00037271
-0.000337547
-0.000336831
-0.000341788
-0.000343944
-0.000344168
-0.00034091
-0.000341662
-0.000336153
-0.000347922
-0.000172055
-0.000180911
-0.000184009
-0.000367804
-0.000367716
-0.000182719
-0.000186376
-0.000369617
-0.000364603
-0.000360478
-0.000356567
-0.000189728
-0.000366516
-0.000347461
-0.00019532
-0.000339473
-0.000365672
-0.000195056
-0.000363705
-0.000341638
-0.000349099
-0.000353134
-0.000189197
-0.000356298
-0.000191065
-0.000345289
-0.000350443
-0.000187201
-0.00035228
-0.000183281
-0.000362778
-0.000177487
-0.000355049
-0.000354493
-0.000173599
-0.000369977
-0.00034791
-0.00016773
-0.000371513
-0.000347506
-0.000352846
-0.000365609
-0.000367551
-0.000347024
0.000311432
0.000321153
0.000330528
0.000343557
0.00033927
0.000338178
0.000338723
0.000342186
0.000355132
0.000358074
0.000339029
0.000338977
0.000344874
0.000349484
0.000313883
0.00034305
0.000353831
0.000368348
0.000346038
0.000373219
0.000348963
0.000341099
0.000353836
0.000376181
0.000361338
0.000370882
0.000364301
0.000372876
0.000369198
0.000375488
0.000356472
0.000376036
0.000360823
0.00036897
0.000369
0.000363077
0.000359218
0.000333022
0.000337425
0.000330471
0.000328249
0.000350589
0.000349806
0.000332426
0.00035865
0.000361766
-0.00034381
-0.00034951
-0.00035338
-0.000355279
-0.000361107
-0.000359012
-0.000353838
-0.000354537
-0.000353134
-0.000342274
-0.000337033
-0.000204875
-0.000336677
-0.000204519
-0.000337062
-0.000197188
-0.000341137
-0.000197408
-0.000337686
-0.000265014
-0.000340334
-0.000138909
-0.000152703
-0.000134213
-0.000139295
-0.000146711
-0.000142994
-0.00014061
-0.00032143
-0.000138888
-0.00013952
-0.000332676
-0.000333801
-0.000136412
-0.000339691
-0.000139067
-0.00035051
-0.000135906
-0.000356665
-0.0001348
-0.000366374
-0.000142439
-0.000359289
-0.000364886
-0.000154241
-0.000163147
-0.000367287
-0.000338232
-0.000368069
-0.000349508
-0.000349466
0.000339141
0.000343064
0.000348905
0.000343125
0.000347044
0.000347049
0.000348991
0.000354865
0.000354534
0.000365621
0.000355983
0.000363672
0.00035374
0.000357463
0.000339922
0.000361034
0.000358408
0.000332642
0.000338666
0.000349158
0.000329412
0.000338455
0.000337301
0.000335015
0.000333903
0.000324756
0.000318099
0.000338499
0.00033075
0.000347276
0.00032496
0.000359825
0.000348668
0.000324413
0.000327876
0.000352132
0.000342878
0.000343323
0.000334697
0.000362837
0.000361369
-0.000372501
-0.000385299
-0.000394304
-0.000391009
-0.00038776
-0.000376749
-0.000373577
-0.000364486
-0.000351421
-0.000355695
-0.000354249
-0.000356617
-0.000224453
-0.00035895
-0.000230642
-0.000363289
-0.000231126
-0.00036287
-0.000226852
-0.000361901
-0.000223943
-0.000357055
-0.000217187
-0.000359887
-0.000218075
-0.000347456
-0.000276071
-0.000133046
-0.000206565
-0.000213592
-0.000205782
-0.000209627
-0.00021732
-0.000217379
-0.000326378
-0.000224938
-0.000326767
-0.000223619
-0.000319719
-0.000216579
-0.000325485
-0.000215205
-0.000327754
-0.000204316
-0.000311209
-0.000313532
-0.000326222
-0.000329236
-0.000325067
-0.000333466
-0.000328611
-0.000329555
-0.000336006
-0.000132736
-0.000147366
-0.000335269
-0.000327613
-0.00033836
-0.000331373
-0.000322566
-0.000323276
-0.000330167
-8.10358e-05
-0.000322613
-0.000322055
-0.000319014
0.000370232
0.000363291
0.000365112
0.000348583
0.000363954
0.000345512
0.000373553
0.000367183
0.000334704
0.000363531
0.0003699
0.000336024
0.000340081
0.000363648
0.000358234
0.000358853
0.000343479
0.000360923
0.00034079
0.000369023
0.000362654
0.000362153
0.000356401
0.000357798
0.00035698
0.000362784
0.000365543
0.000363601
9.59282e-05
9.50806e-05
0.000362788
0.00010421
0.000359443
0.000105679
0.000361978
0.000114935
0.000357118
0.000114422
0.00036401
0.000358724
0.000107934
0.000114019
0.000117472
-0.000436012
-0.000376721
-0.000374606
-0.000370616
-0.000364516
-0.000365456
-0.000355405
-0.000359765
-0.000360683
-0.000332792
-0.000354945
-0.000351886
-0.000354625
-0.000353628
-0.000350573
-0.0003457
-0.000343816
-0.000352682
-0.000361648
-0.000236487
-0.00033713
-0.000229849
-0.000343408
-0.000228468
-0.000337808
-0.00034199
-0.000221203
-0.000327384
-0.000225476
-0.000329812
-0.00022209
-0.000328789
-0.000329867
-0.00032404
-0.00033158
-0.000320829
-0.000330413
-0.000339219
-0.000341149
-0.000330433
-0.000335745
-0.000346991
-0.0003343
-0.000342437
-0.000338156
-0.000325752
-0.000340387
-0.000322434
-0.000335124
-0.00033389
-0.000323964
-0.000314044
0.000404035
0.000380927
0.000406537
0.000394051
0.000389097
0.00038029
0.000447327
0.000404016
0.000423069
0.000374278
0.000410627
0.000387184
0.000399095
0.000392232
0.000417112
0.00040366
0.000471429
0.000396269
0.000405175
0.000388853
0.00040447
0.000398926
9.34651e-05
0.000403991
0.000393203
9.37254e-05
0.000401212
0.000115792
0.000392337
0.000104837
0.000399374
0.000380197
0.00038537
9.96565e-05
0.000382885
0.000108214
0.000375235
0.000112102
0.00010546
0.00037342
0.000106881
0.000374177
0.000109396
0.000114104
0.000122388
0.000124292
0.000122428
0.000131235
0.000126375
0.000127467
0.00012705
0.000139741
0.00012151
0.000120926
0.000118325
0.000103991
0.000109327
-0.00034897
-0.000354407
-0.000764767
-0.000358076
-0.000365505
-0.000365288
-0.000438935
-0.000368967
-0.000370779
-0.000374386
-0.000445641
-0.000374206
-0.000460242
-0.000364832
-0.000230181
-0.000347782
-0.000373733
-0.000371571
-0.00044487
-0.000111613
-0.000222049
-0.000448606
-0.000375072
-0.000440714
-0.000248743
-0.000373013
-0.00012465
-0.000246679
-0.000352715
-0.000350599
-0.000229109
-0.00034661
-0.000137587
-0.000217374
-0.000217205
-0.000125874
-0.000211139
-0.000135376
-0.000125522
-0.000217879
-0.000218843
-0.000206389
-0.000116407
-0.000117371
-0.000201567
-0.000313404
-0.000107778
-0.000333273
-0.000206045
-0.000342241
-0.00020105
-0.000353216
-0.000349926
-0.000346656
-0.000343359
-0.000332447
-0.000325696
-0.000329993
-0.000334347
-0.000319742
-0.000330363
0.000336125
0.000342942
0.000347676
0.000328133
0.000398836
0.00036145
0.000403344
0.000134563
0.0003762
0.00013655
0.000404524
0.000124732
0.000119685
0.000112691
0.00010572
9.87709e-05
9.81169e-05
0.000104633
9.8017e-05
0.000113616
-0.00037375
-0.000376644
-0.000378382
-0.000375417
-0.000376375
-0.000375263
-0.000374312
-0.000373358
-0.000369576
-0.000373426
-0.000371563
-0.00037174
-0.000371806
-0.000368804
-0.000779832
-0.000359984
-0.000218171
-0.000354907
-0.000289196
-0.000274484
-0.000212659
-0.000347542
-0.000382614
-0.000382885
-0.000214533
-0.000373599
-0.000224003
-0.000389896
-0.000233346
-0.000366954
-0.0003629
-0.00023504
-0.000370905
-0.000225209
-0.000389142
-0.000238645
-0.000373344
-0.000366697
-0.000238372
-0.00037322
-0.000366577
-0.000226593
-0.000388492
-0.00036643
-0.000355073
-0.000351049
-0.000340687
-0.00033765
-0.000342035
-0.000342592
-0.000347295
-0.000321302
-0.000333963
-0.000330996
-0.00032796
-0.00032184
-0.000313941
-0.000308965
-0.000304118
-0.000313209
-0.000304453
-0.000304509
0.000372375
0.000366548
0.000341874
0.000334842
0.000334357
0.000325438
0.000327774
0.000361632
0.000350377
0.000345896
0.000392915
0.000353027
0.000358124
0.000357565
0.000350907
0.000125319
0.000130437
0.000129474
0.000134065
0.000137531
0.000139251
0.000320231
0.000319677
0.000134958
0.000325798
0.00031576
0.000130361
0.0003136
0.000131238
0.000132801
0.000132371
0.000133678
0.000134866
0.00084812
-0.000361867
-0.000362118
-0.000368097
-0.000370284
-0.00037058
-0.000374356
-0.000370366
-0.000366486
-0.000364602
-0.000362552
-0.00035102
-0.000354472
-0.000363181
-0.000109643
-0.000369929
-9.42271e-05
-0.000370894
-9.96225e-05
-0.000348592
-0.000355141
-0.000359581
-0.000352967
-0.000105118
-0.000359516
-0.000354095
-0.000352025
-0.000367726
-0.000351938
-0.000356861
-0.000353786
-0.00034498
-0.000341929
-0.000366489
-0.000340976
-0.000349337
-0.000368376
-0.000370572
-0.000372748
-0.000361425
-0.000369903
-0.000376918
-0.000374155
-0.000375967
0.000266575
0.000266784
0.00026904
0.000261541
0.000259906
0.000269832
0.000273843
0.000312504
0.000350025
0.000365672
0.000289743
0.000358156
0.000265232
0.00028466
0.000345813
0.000395669
0.000395808
0.000401875
0.000395106
0.000384492
0.000362147
0.000398886
0.000377157
0.000399823
0.000404827
0.000404002
0.000393434
0.000392606
0.00012057
0.000117934
0.000117514
0.000374138
0.000118675
0.000120079
0.000128788
0.000145663
0.000324734
0.000124494
0.000139787
0.00032811
0.000127157
0.000326614
0.000133975
0.000152431
0.000331468
0.000132748
0.0001261
0.00033052
0.000137765
0.000335392
0.000343973
0.000135284
0.000343081
0.000106894
0.000123161
0.000334109
0.000114023
0.00032841
0.000119426
0.000110248
0.00033034
0.000118835
0.000322642
0.000123941
0.000124496
0.000314873
0.000316963
0.000320226
0.000317618
0.000324791
0.000853068
0.000836444
0.000835293
0.000837965
0.00083734
0.000827888
0.000826487
0.000815083
0.000825003
0.000838601
0.000848268
0.000830918
0.000850288
0.00085417
-0.000368727
-0.000385475
-0.000425554
-0.000539167
-0.000376756
-0.000540483
-0.000370374
-0.000367715
-0.000262027
-0.000360497
-0.000368015
-0.000346502
-0.000334675
-0.000347955
-0.000351245
-0.000337606
-0.000350292
-0.000339579
-0.000348416
-0.000340708
-0.000341369
-0.000347067
-0.000338509
-0.000338232
-0.000335602
-0.0003461
-0.000342775
-0.000351865
-0.000356263
-0.000357489
-0.00035373
-0.000355396
-0.000360349
-0.00035823
-0.000359905
-0.000360285
-0.000355582
-0.000355333
-0.00035062
-0.000360568
-0.000351153
-0.0003511
-0.000348647
-0.000353932
-0.000348539
-0.000350179
-0.000352176
-0.000349046
0.000294176
0.000301039
0.000261026
0.000353825
0.000295056
0.000281982
0.000273439
0.000347497
0.000359961
0.000366531
0.000370505
0.000324484
0.000313162
0.000302244
0.000300949
0.000306188
0.000123155
0.000151289
0.000319088
0.000128949
0.000320445
0.000125331
0.000325562
0.000132982
0.000140274
0.000330794
0.000139855
0.000332288
0.00032993
0.000329431
0.000329013
0.000869941
0.000874506
0.000844703
0.000861247
0.000860494
0.000878844
0.000866801
0.000865961
0.000871833
0.000867495
-0.00139824
-0.00129631
-0.00111849
-0.00100046
-0.00104383
-0.000773578
-0.000712725
-0.000412
-0.000271569
-0.000251164
-0.000429023
-0.00043009
-0.00043532
-0.000473846
-0.000371181
-0.000213226
-0.000544929
-0.000415171
-0.000397017
-0.000243712
-0.000149856
-0.000189249
-0.000326709
-0.000322069
-0.00031021
-0.000330104
-0.000326102
-0.00012654
-0.000329297
-0.000118178
-0.000325956
-0.000329142
-0.000331811
-0.000314197
-0.000340397
-0.000339132
-0.000335932
-0.000352524
-0.000343972
-0.000357227
-0.000343888
-0.000350531
-0.000343206
-0.000339355
-0.000342281
-0.000347533
-0.000337918
0.000266999
0.000304214
0.000310088
0.000304393
0.000305341
0.000270019
0.000287344
0.0002665
0.000321827
0.000321257
0.000342094
0.00032351
0.000306771
0.000324509
0.000339212
0.000313544
0.000340242
0.000304834
0.000340881
0.000288516
0.000341903
0.000373897
0.000355991
0.000357104
0.000333636
0.000369242
0.000360976
0.000373976
0.000341981
0.000340072
0.000370126
0.00036758
0.000341728
0.000415941
0.000347461
0.000356264
0.000387423
0.000103386
9.78885e-05
0.000120229
0.00011313
0.000364533
0.00012454
0.000102224
0.000419413
0.000383317
0.000112198
0.000295181
0.000117663
0.000297295
0.000113941
0.000295603
0.00011495
0.00012536
0.000120002
0.000333745
0.000292097
0.000130942
0.000337754
0.000112198
0.000341756
0.000134294
0.000341956
0.000139129
0.000118978
0.000338235
0.000131432
0.000141934
0.000348191
0.000133882
0.000341456
0.000134782
0.000338547
0.000134658
0.000345237
0.000149015
0.0003231
0.000356971
0.000328186
-0.00130658
-0.00128544
-0.00120492
-0.00123241
-0.00108706
-0.00116472
-0.00106942
-0.00102256
-0.00104607
-0.0010467
-0.000914402
-0.000927275
-0.000924983
-0.000771688
-0.000725734
-0.000972705
-0.000948028
-0.000800218
-0.000765456
-0.000552652
-0.000822547
-0.000530373
-0.000468432
-0.00054621
-0.000561874
-0.000543169
-0.000437321
-0.000420804
-0.000451613
-0.000449455
-0.000668353
-0.000252211
-0.000394358
-0.00089408
-0.000219129
-0.000672544
-0.000145062
-0.000365772
-0.000418897
-0.00043228
-0.00070443
-0.000692269
-0.00018206
-0.00029882
-0.000580624
5.56855e-07
-0.000342147
6.87526e-05
-0.000204444
-0.000132733
-0.000253281
-0.000551744
-0.000184719
-0.000285617
-0.000553288
-0.000195714
-0.000292696
-0.000271273
-0.00021085
-0.000276408
-0.000167287
-0.000228451
-0.000109673
-0.000164068
-0.000202368
-0.000272877
-0.000110782
-0.000181561
-0.000275636
-2.48772e-05
-0.000190637
-0.00026278
-0.000474943
-1.28599e-05
-4.25846e-05
-9.16984e-05
1.63844e-05
-0.000101988
-0.000140057
3.70661e-05
5.09619e-06
-0.000396592
0.000149554
-1.51463e-05
-3.55464e-05
-5.13466e-05
-0.000126658
-0.000147058
-0.000335936
-2.38713e-05
-0.000112297
-0.000354173
0.000196455
7.58547e-05
5.02092e-05
-8.69676e-05
-0.000337034
0.00011914
8.05797e-05
-0.000123428
0.000189601
-2.08358e-06
0.000129059
7.27108e-05
-0.000332075
5.90631e-05
-0.000317439
-4.85118e-05
-0.000325269
0.000287797
-0.000336648
-0.000123113
0.000235326
-0.000148231
-0.000329471
-0.000132726
-0.00014534
0.000135494
-0.000110583
-0.000113595
-9.40355e-05
-0.00033856
-0.000334904
-0.00036328
-0.000347121
-0.000111599
-0.000323663
-0.000338794
-0.000320241
-0.000332184
-0.000330601
-0.000322256
-0.00031536
-0.000292798
-0.000316211
0.000306589
0.000296976
0.000299966
0.000298634
0.000262712
0.000337764
0.000329501
0.000366597
0.000353884
0.000388083
0.000342867
0.00037012
0.000331661
0.000357883
0.000310967
0.000344119
0.000314596
0.000353588
0.00030115
0.00034714
0.000316095
0.000306459
0.000335682
0.000329961
0.00032818
0.000304764
0.000330116
0.000318243
0.000341655
0.000377112
0.000345118
0.000368009
0.000381308
0.000323518
0.000320596
0.000372876
0.000327357
0.000334221
0.000341125
0.000355856
0.000318062
0.00034249
0.000333975
0.000362115
0.000348209
0.000127752
0.000351596
0.000140194
0.000343259
0.000134575
0.000124073
0.000326487
0.00012458
0.000354597
0.000114799
0.000336015
0.000131066
0.000347385
0.000319245
0.000125482
0.000343705
0.000317511
0.000313754
0.000343809
0.000327104
0.000308387
0.000348121
0.000344539
0.000344739
0.000344991
0.000716181
0.000718415
0.000715558
0.000716669
0.000715771
0.000721509
0.000678076
-0.00115605
-0.00113759
-0.00104195
-0.00112455
-0.00106871
-0.00105788
-0.00104831
-0.00108193
-0.00108056
-0.00101397
-0.00110794
-0.000940932
-0.000969753
-0.000796747
-0.00084798
-0.000809652
-0.000719773
-0.000675426
-0.000655773
-0.000719242
-0.000682404
-0.000665649
-0.000554911
-0.000719566
-0.000491079
-0.000710442
-0.000705825
-0.000352793
-0.000657623
-0.000754354
-0.000304876
-0.00037074
-0.000754832
-0.000763643
-0.000303076
-0.000266745
-0.000563937
-0.000753058
-0.000221599
-0.000300623
-0.000600913
-0.00065416
-0.000755895
-0.000208072
-0.000205805
-0.000565088
-0.000749107
-0.000182688
-0.000208331
-0.000255506
-0.00030599
-9.32861e-05
-0.000229948
-6.34358e-05
-0.000276636
-0.000113839
-0.000126388
-0.000256218
-0.000322716
-0.000656692
-9.63956e-05
-0.000533934
-5.8316e-07
-0.000591802
-0.000460634
-0.000246787
-0.000495924
-0.000560429
-0.000561252
-0.000221262
-0.000526792
0.000166739
0.00014003
-0.00012527
-0.000158685
-0.000509742
0.000134961
-5.79635e-05
-0.000261546
-0.000541252
0.000277798
0.00028231
-0.000142587
-0.000155904
-0.000147272
-0.000119009
-0.000148378
-0.000106851
-0.000269343
0.000173045
-0.000258622
0.000355187
0.000145648
5.04996e-05
-0.000139807
-0.000325792
-2.49696e-05
7.44662e-07
-1.74723e-05
-6.76984e-05
0.000165143
0.000216981
4.86716e-05
0.000192686
0.000212036
0.000335658
0.000256669
0.00019841
0.000245679
5.31504e-06
0.000188769
0.000108153
0.000133798
-6.26675e-05
0.000371823
0.000232877
0.000225119
-9.11104e-05
0.000236306
0.000340094
0.000170665
0.000158166
0.000334067
0.000265901
0.000323134
1.38141e-06
0.000323955
0.000293871
0.000281841
0.000339915
0.0002686
0.000285263
0.000299895
0.000318001
0.000305401
0.000327394
0.000329944
0.000326337
0.000344616
0.000345713
0.000382135
0.000373482
0.00035333
0.000350244
0.000352437
0.000341398
0.000304136
0.000351165
0.000348119
0.000331828
0.000353242
0.000331429
0.000345545
0.000344062
0.00034817
0.000319025
0.000339089
0.000361156
0.000357024
0.000367176
0.000381514
0.00040497
0.00037392
0.000318526
0.000337391
0.00034123
0.000344728
0.000324327
0.000313723
0.000334124
0.000310589
0.000317958
0.000294655
0.000322799
0.000323906
0.000309408
0.000321956
0.000312199
0.000314096
0.000317746
0.000374455
0.000708777
0.00117743
0.00117569
0.00120563
0.00117579
0.00117218
0.00120199
0.00118437
0.00071047
0.00117029
0.00114796
0.00119488
0.000716237
0.00118405
0.0011993
0.00117144
0.00119945
0.0011677
0.00116039
0.00117526
0.00117833
0.00117232
0.00116003
-0.00102229
-0.000879776
-0.000836849
-0.000843673
-0.000632903
-0.000653027
-0.000655504
-0.00062622
-0.000654334
-0.000597692
-0.000559979
-0.000530048
-0.000460793
-0.000653886
-0.000365417
-0.000542551
-0.000597794
-0.000664885
-0.000392776
-0.000214364
-0.000231532
-0.000467448
-0.000198336
-0.000240892
-0.000391688
-0.000174143
-0.000462559
-8.29728e-05
-0.000113767
-0.000434622
-4.39494e-06
-0.000416845
3.59845e-05
-0.000407676
4.49285e-05
-0.000270826
-0.000392461
-6.42205e-06
-0.000402133
9.33455e-07
-0.000125062
-0.000361538
-0.000376013
0.000114995
-0.00043429
0.000151883
-0.000406859
0.000128781
-0.000352411
0.000117664
0.000232044
4.91268e-05
0.000344468
0.000316598
4.99502e-05
0.000391716
0.000335131
0.000127154
0.000432275
0.000492823
0.000141515
0.000446242
8.54824e-05
6.14718e-05
7.62558e-05
-0.000179048
0.000484762
0.000197061
0.000300919
0.000100746
0.000148132
0.00013469
0.000305249
0.000524827
0.000398123
0.000365825
0.000325376
0.000364466
0.000359549
0.000281374
0.000290343
0.000399248
0.000334714
0.000344887
0.000359517
0.000343598
0.000333536
0.00034318
0.000341215
0.0003597
0.000346301
0.000325895
0.000329281
0.000344727
0.000340691
0.000353381
0.000953967
0.000947065
0.000946859
0.000948732
0.000951711
0.0011865
0.00117913
0.00120724
0.00121129
-0.000735772
-0.000654681
-0.000621402
-0.00044694
-0.000430718
-0.00044313
-0.000507089
-0.000488858
-0.000419429
-0.000496134
-0.00019757
-0.00025765
-0.000273482
-0.000288092
-0.000257039
-0.000283777
2.86154e-05
-0.000405729
-4.70345e-06
-0.000394979
7.85135e-05
0.000105245
0.000252391
0.000303308
0.000286883
0.000234505
0.000369347
0.000224208
0.000306083
0.00018108
0.000166435
0.000578939
0.000518091
0.000419226
0.000532711
0.000317244
0.000295965
0.000304512
0.000552703
0.000335182
0.0003178
0.00027103
0.000256678
0.000308303
0.000280417
0.000307681
0.000295014
0.000647486
0.000641126
0.000266298
0.000372648
0.000319683
0.000345872
0.000330149
0.000340386
0.000986592
0.000982678
0.000970838
0.000975406
0.000980235
0.000973525
0.00096125
0.000938268
0.000948019
0.000949131
-0.00057484
-0.00059516
-0.000330595
-0.00030582
-0.000109017
-0.000200586
-0.000145515
-0.00015818
-9.03904e-05
-4.69675e-05
-0.000122313
2.5254e-05
0.00016097
0.000278883
0.000212867
0.000307245
0.000254277
0.000433487
0.000404782
0.000377367
0.000391998
0.000326031
0.000364459
0.000585191
0.000660496
2.71127e-05
0.000684746
0.000488368
0.000410402
0.00076218
0.000545387
0.000546484
0.000549243
0.00051719
0.000982714
0.00116766
0.00101934
0.00117252
0.000998324
0.00119623
0.000990835
0.000974222
0.00097643
0.000979882
0.00121895
0.000979626
0.000979435
0.00119988
0.00121172
0.000982804
0.000978644
0.000972923
0.000984652
-0.000459882
-0.000106768
-4.91827e-05
-0.000110119
-0.000146345
-0.000166749
1.93998e-05
0.000375599
0.000390694
0.000589122
0.000578372
0.000578213
0.000601966
0.000540094
0.000517301
0.000706225
0.000930235
0.000973195
0.000982754
0.00100283
0.000988216
0.000989717
0.000974259
0.0009937
0.00101818
0.00102261
-0.000141711
0.000143229
0.000137963
0.000190201
0.00033366
0.000436261
0.000470937
0.000739288
0.000734213
0.000628479
0.000633435
0.000251155
0.000292935
0.000301103
0.000413334
0.000542488
0.000756363
0.00069623
0.000729875
0.000495411
0.000457748
0.000576847
0.000618311
0.000719549
0.00145117
0.00155503
0.00152178
0.0012939
0.0016542
