-0.00174519
-0.00171824
-0.00178666
-0.00173092
-0.00177405
-0.00168478
-0.00167365
-0.00176131
-0.0017352
-0.00176904
-0.00167607
-0.0017529
-0.00176169
-0.00170915
-0.00179795
-0.0017728
-0.00176113
-0.0017285
-0.00170796
-0.00171643
-0.00170231
-0.00170883
-0.00167184
-0.00167139
-0.00169561
-0.0017322
-0.00171181
-0.0017148
-0.0017387
-0.00244984
-0.0019841
-0.00199621
-0.00200781
-0.0020169
-0.00201747
-0.00200707
-0.00199609
-0.00196967
-0.00194674
-0.00190729
-0.00188573
-0.00172109
-0.00255837
-0.00242325
-0.00220223
-0.00173133
-0.00171654
-0.00178178
-0.00142115
-0.00159887
-0.00157646
-0.00148284
-0.00164257
-0.00139865
-0.00143651
-0.00146419
-0.00150923
-0.00141277
-0.00156
-0.001474
-0.0015071
-0.0015509
-0.00137764
-0.00153074
-0.00139895
-0.00154376
-0.00140875
-0.00155074
-0.0013876
-0.00152208
-0.00145128
-0.00158209
-0.0014436
-0.00157942
-0.00141312
-0.00154375
-0.00144388
-0.00155921
-0.00160157
-0.00141217
-0.00151505
-0.0014304
-0.00154675
-0.00139426
-0.00155522
-0.00139658
-0.0015738
-0.00139984
-0.00158153
-0.00140332
-0.00153557
-0.00139685
-0.00152115
-0.00136454
-0.00153623
-0.00150455
-0.00152684
-0.00152393
-0.00148016
-0.00150562
-0.00150978
-0.00136689
-0.00145021
-0.00142421
-0.00139271
-0.00141852
-0.00149092
-0.00134431
-0.0013628
-0.00233378
-0.00215545
-0.00173116
-0.00177781
-0.00182397
-0.00186513
-0.00189675
-0.00192989
-0.00195549
-0.00187246
-0.00183148
-0.00178608
-0.00173217
-0.00167778
-0.00163138
-0.00156828
-0.0015294
-0.00138007
-0.00146846
-0.00162274
-0.00232934
-0.00192376
-0.00191533
-0.00194699
-0.00192987
-0.00193563
-0.0019257
-0.00192529
-0.00190937
-0.001923
-0.00191256
-0.00192752
-0.00192677
-0.00193187
-0.00197508
-0.00200421
-0.00207197
-0.00170188
-0.00163253
-0.00156019
-0.00152036
-0.00151796
-0.00153269
-0.00158797
-0.00163795
-0.00117344
-0.00133677
-0.001202
-0.00132385
-0.00119627
-0.00113499
-0.00127082
-0.00111469
-0.00123854
-0.00110089
-0.00113203
-0.00109281
-0.00127048
-0.00119387
-0.00131915
-0.00116613
-0.00135181
-0.00123404
-0.00111719
-0.00125399
-0.00116372
-0.00129423
-0.00122268
-0.00132806
-0.00133219
-0.0013004
-0.00133753
-0.0013683
-0.00136808
-0.0013629
-0.00114861
-0.00132736
-0.00134973
-0.00130154
-0.00134399
-0.00107426
-0.0011751
-0.00133409
-0.00124651
-0.00129995
-0.00124546
-0.00130607
-0.00130896
-0.00131559
-0.00125515
-0.00132268
-0.00129885
-0.00113714
-0.00125502
-0.001236
-0.00125966
-0.00119615
-0.00122351
-0.0012989
-0.00114563
-0.00124595
-0.00111947
-0.00120385
-0.00109092
-0.00116428
-0.00112029
-0.00117912
-0.00129775
-0.00143246
-0.00148762
-0.00151932
-0.00154493
-0.00157813
-0.00158619
-0.00160536
-0.00160295
-0.00160209
-0.00158367
-0.00157679
-0.00154739
-0.0015195
-0.00147005
-0.00144367
-0.00138676
-0.00133189
-0.00127082
-0.00109924
-0.00124913
-0.00200343
-0.00148435
-0.00152784
-0.00156553
-0.00162829
-0.00169599
-0.00171459
-0.00150015
-0.00145774
-0.00140133
-0.00131402
-0.00124619
-0.00119015
-0.00108431
-0.00115978
-0.00127886
-0.00205069
-0.00192416
-0.00180073
-0.00169591
-0.00171113
-0.00172245
-0.00173193
-0.00175413
-0.00179036
-0.00181155
-0.00185327
-0.00189703
-0.0019117
-0.00116577
-0.000871155
-0.000853433
-0.000838734
-0.000837768
-0.0018005
-0.000859181
-0.000962159
-0.00104957
-0.0016175
-0.000909835
-0.00104826
-0.0009436
-0.000828939
-0.000974557
-0.000797135
-0.000922972
-0.000901651
-0.000886053
-0.00104114
-0.000781868
-0.000911257
-0.00106057
-0.000817128
-0.000924321
-0.000859761
-0.00100014
-0.000928957
-0.00101236
-0.000919772
-0.0010616
-0.000911871
-0.00101979
-0.000954638
-0.00107143
-0.000870329
-0.000813172
-0.0010673
-0.000813212
-0.000886108
-0.0010422
-0.00106571
-0.00100807
-0.00101908
-0.000879028
-0.000777416
-0.000797705
-0.00180527
-0.000875824
-0.000927788
-0.000776232
-0.000914786
-0.000981241
-0.00080263
-0.000843569
-0.00167512
-0.00100338
-0.000840992
-0.000941543
-0.0009478
-0.00102274
-0.000880804
-0.00100265
-0.00091566
-0.00103891
-0.0008486
-0.00098939
-0.000795187
-0.000948972
-0.000783309
-0.000889705
-0.000852435
-0.000788254
-0.000809827
-0.000792664
-0.00100898
-0.000830542
-0.000812197
-0.000972703
-0.00107622
-0.00106685
-0.00105717
-0.000898331
-0.00101022
-0.0011542
-0.00118233
-0.00121856
-0.0012723
-0.0013255
-0.00136671
-0.00139833
-0.00124358
-0.00120864
-0.00115134
-0.00110528
-0.00104357
-0.00100174
-0.000943412
-0.00090448
-0.000797931
-0.000885341
-0.00101078
-0.00171907
-0.00158853
-0.00123948
-0.00124857
-0.00125979
-0.0012711
-0.00128608
-0.0013153
-0.00134149
-0.00137819
-0.00142041
-0.00145755
-0.00115897
-0.00111503
-0.00105521
-0.000999386
-0.000931064
-0.000864782
-0.000828521
-0.000824619
-0.000841253
-0.000886332
-0.00092141
-0.0010177
-0.00171635
-0.0016137
-0.00153682
-0.00151487
-0.00150247
-0.00155083
-0.00161122
-0.00164046
-0.00167676
-0.00168591
-0.000851348
-0.00130642
-0.00130507
-0.00127154
-0.000841706
-0.000808326
-0.000752362
-0.000720228
-0.000675434
-0.00064416
-0.000590195
-0.000574717
-0.000686762
-0.000784215
-0.000809406
-0.000838502
-0.00086052
-0.000826777
-0.000811527
-0.000779124
-0.000725529
-0.000709449
-0.000569754
-0.000698041
-0.00127927
-0.000521502
-0.000664896
-0.000510281
-0.000578789
-0.000503465
-0.00059344
-0.000632476
-0.000682114
-0.000757535
-0.000534677
-0.000584213
-0.000545627
-0.000682471
-0.000600888
-0.000737717
-0.000556187
-0.000612607
-0.000563291
-0.000741755
-0.000573198
-0.000636197
-0.0005451
-0.000678481
-0.00143119
-0.000622615
-0.000761795
-0.000549891
-0.000726205
-0.000514887
-0.000689682
-0.000506765
-0.000597309
-0.00130239
-0.00130343
-0.000592156
-0.000654358
-0.000771558
-0.000608026
-0.000550384
-0.000633288
-0.0005999
-0.000739976
-0.000559674
-0.000658528
-0.000540431
-0.000721732
-0.00149131
-0.000513225
-0.000663038
-0.00122832
-0.000491122
-0.000632397
-0.000529264
-0.000656098
-0.000563984
-0.000711802
-0.00065086
-0.00139427
-0.00139574
-0.000664584
-0.000600823
-0.000580887
-0.000718728
-0.000625275
-0.00137793
-0.00130568
-0.000535052
-0.00124166
-0.000630603
-0.0012325
-0.000501708
-0.00075575
-0.000680212
-0.000493864
-0.000744395
-0.000514155
-0.000653009
-0.00128793
-0.000467771
-0.000677361
-0.000543078
-0.000647484
-0.000476858
-0.000575463
-0.000688623
-0.000539343
-0.000669886
-0.000533692
-0.000670491
-0.000632954
-0.000527742
-0.000563581
-0.000477244
-0.000477276
-0.00054531
-0.000500044
-0.000570461
-0.00055512
-0.000696974
-0.00121603
-0.000525799
-0.000649158
-0.00143345
-0.000846161
-0.000882314
-0.000910069
-0.00094582
-0.000982033
-0.00101423
-0.00103625
-0.00105455
-0.00106689
-0.00105791
-0.00104856
-0.00102362
-0.00100985
-0.000982953
-0.000959735
-0.000922198
-0.000864824
-0.000813495
-0.000767123
-0.000698817
-0.000677889
-0.000548196
-0.000667564
-0.00149029
-0.00129295
-0.000922089
-0.000943305
-0.000963034
-0.000976732
-0.00101845
-0.00106219
-0.00110697
-0.0011376
-0.000855963
-0.000811252
-0.000745491
-0.000688173
-0.000643058
-0.000601101
-0.000572652
-0.000514182
-0.000622802
-0.00146955
-0.00136216
-0.00126782
-0.00107797
-0.0010861
-0.00110538
-0.00111405
-0.00112676
-0.00114749
-0.00117928
-0.00119549
-0.00120718
-0.00121385
-0.00121747
-0.0012106
-0.00122229
-0.00123398
-0.00123511
-0.00123526
-0.00123638
-0.000821491
-0.000552927
-0.000535108
-0.000487841
-0.000491501
-0.000506141
-0.00112969
-0.00109493
-0.00105371
-0.000998764
-0.000985548
-0.000976124
-0.000608671
-0.000615463
-0.000664588
-0.000708656
-0.000720444
-0.000751458
-0.000763441
-0.000786544
-0.000787808
-0.000674207
-0.00064005
-0.000615034
-0.000526811
-0.000496989
-0.000439716
-0.000396374
-0.000250092
-0.000262917
-0.000334055
-0.000413578
-0.000483115
-0.00118547
-0.00108518
-0.00100141
-0.00047852
-0.000481691
-0.000461855
-0.00045606
-0.000442431
-0.00026964
-0.000361548
-0.000453536
-0.000956321
-0.000930779
-0.00110879
-0.00101416
-0.000945493
-0.000243486
-0.000340855
-0.00044833
-0.00104158
-0.000986766
-0.000233544
-0.000303878
-0.000423553
-0.000218192
-0.000309724
-0.000411507
-0.000334343
-0.000441296
-0.000264752
-0.000395681
-0.000965356
-0.000239104
-0.000335575
-0.00046004
-0.00107938
-0.00100847
-0.00024012
-0.000324798
-0.000447297
-0.00112509
-0.00103279
-0.000935422
-0.000261393
-0.000348602
-0.000456068
-0.00119951
-0.000932814
-0.000275882
-0.000390877
-0.00102947
-0.000999937
-0.000237528
-0.000331503
-0.000436467
-0.000997276
-0.000295559
-0.000447113
-0.000223053
-0.000290044
-0.000394107
-0.000482037
-0.000262677
-0.000367517
-0.00045792
-0.000281972
-0.000401611
-0.000247416
-0.000376183
-0.000356722
-0.00111836
-0.00030159
-0.000430053
-0.00108227
-0.000257368
-0.000382636
-0.000280633
-0.000398575
-0.000291432
-0.000436755
-0.00028285
-0.000425767
-0.000280128
-0.000417214
-0.000242431
-0.000373389
-0.00115609
-0.000201357
-0.000339882
-0.000193658
-0.000333465
-0.000323974
-0.000434067
-0.000225219
-0.000376698
-0.000340304
-0.00118354
-0.00117202
-0.000277524
-0.000474819
-0.00105438
-0.000270037
-0.000436499
-0.000314762
-0.000188377
-0.000325298
-0.000327505
-0.000347816
-0.000984535
-0.000321531
-0.000440727
-0.000331032
-0.000316766
-0.000441137
-0.00027084
-0.000377205
-0.000276666
-0.00112444
-0.000192125
-0.000402548
-0.000443738
-0.000175922
-0.000308838
-0.000424721
-0.000330353
-0.000972556
-0.000229042
-0.000443681
-0.00040245
-0.000273327
-0.00043614
-0.000165644
-0.000383906
-0.000368233
-0.000320309
-0.000256754
-0.00038175
-0.000183045
-0.00030411
-0.000430321
-0.000148654
-0.000291826
-0.000182264
-0.000342584
-0.000223862
-0.000363552
-0.00106698
-0.000963248
-0.000506037
-0.000510192
-0.000507882
-0.000505558
-0.000524302
-0.000507981
-0.000473165
-0.000446771
-0.000321925
-0.00104385
-0.000541384
-0.000562532
-0.000598959
-0.000633235
-0.000657952
-0.000685677
-0.000699361
-0.000695027
-0.000690259
-0.000673432
-0.000652078
-0.000629279
-0.000597077
-0.000564576
-0.000513231
-0.000478877
-0.000424048
-0.000294202
-0.00119544
-0.000601761
-0.000614416
-0.00066869
-0.000704975
-0.000771802
-0.000807983
-0.000653348
-0.000598182
-0.000547335
-0.000479483
-0.000417698
-0.000354409
-0.000325989
-0.00022207
-0.000331131
-0.000988687
-0.000730616
-0.000790443
-0.000796679
-0.000814441
-0.000815587
-0.000819252
-0.000828956
-0.000847673
-0.000848847
-0.000864079
-0.000887306
-0.000905978
-0.000478207
-0.000285535
-0.000206629
-0.000240239
-0.000358718
-0.000437748
-0.00115083
-0.00103998
-0.000919117
-0.000875163
-0.000877857
-0.000899638
-0.000984696
-0.00102856
-0.00105183
-0.00105249
-0.00105766
-0.00107053
-0.000469677
-0.000546251
-0.00053586
-0.00052507
-0.000533734
-0.000536952
-0.000534391
-0.000536232
-0.000522764
-0.000517992
-0.00054276
-0.000547969
-0.000559723
-0.000574932
-0.0006011
-0.000257431
-0.000226443
-0.000245145
-0.000199903
-0.000235581
-0.000238833
-0.000466076
-0.000469187
-0.000463334
-0.000425851
-0.000417445
-0.000387632
-0.000358412
-0.000347534
-0.000183906
-0.000883989
-0.000832652
-0.000786944
-0.000770785
-0.000758932
-0.000301338
-0.000311594
-0.000317817
-0.000349591
-0.000362363
-0.000367603
-0.000377845
-0.000394059
-0.000408322
-0.000428527
-0.000445812
-0.000446443
-0.000326098
-0.000292278
-0.000258474
-0.000210224
-0.00015645
-0.000110225
-6.63831e-05
-3.44238e-06
-1.06666e-06
-8.28601e-06
-7.52367e-06
-2.22489e-05
-5.04512e-05
-8.26312e-05
-0.000131295
-0.000891357
-0.000819667
-0.000723084
-0.000668363
-0.000631466
-0.00060858
-0.00059421
-0.000201094
-0.000211812
-0.00023209
-0.000233801
-0.000235034
-0.00022775
-0.000211473
-0.000211216
-0.000184946
-0.000148655
-0.000121893
-0.000103432
4.56394e-05
-2.80135e-05
-0.000109127
-0.000185251
-0.000893576
-0.000683065
-0.000632283
2.20642e-05
-5.4843e-05
-0.00013198
-0.000199521
-0.000926502
-0.00085831
-0.000700786
6.40343e-05
1.24866e-05
-7.61172e-05
-0.000135581
-0.000908056
-0.000760787
3.86948e-05
-2.18695e-05
-0.000141448
-0.000178514
-0.000893568
-0.000740948
-0.000638525
2.88366e-05
-7.12638e-05
-0.000169772
-0.000781957
-0.000678742
1.72376e-05
-4.18666e-05
-0.000109026
-0.000169113
-0.000784163
-0.000684781
5.65821e-05
2.24744e-05
-5.51247e-05
-0.000138248
-0.000186816
-0.000869711
4.37909e-05
1.20183e-06
-0.000103382
-0.000161517
-0.000206094
-0.000911776
-0.000806721
-0.000649818
3.41233e-05
-4.0758e-05
-0.000109914
-0.000181944
-0.000890506
-0.000727021
-0.000630562
3.11086e-05
-5.59916e-05
-0.000165541
-0.000841131
-0.000712813
-0.000641912
4.60517e-05
1.39251e-05
-5.88418e-05
-0.000143731
-0.00021023
-0.000848793
-0.000704395
3.19528e-05
-6.6594e-06
-2.03875e-05
-0.000108612
-0.000188336
-0.000836764
-0.000729385
5.63474e-05
9.23973e-06
-7.78604e-05
-0.000153938
-0.000191982
-0.000655918
4.4435e-05
-4.19308e-05
-0.000139547
4.63262e-05
-6.20014e-05
-0.000149487
-0.000677662
8.57346e-06
-0.000116285
-0.000651256
3.71549e-05
-8.95967e-05
-0.000772622
-0.000645007
2.34698e-05
-0.0001315
-0.000753709
2.07829e-05
-0.000139457
-0.00068894
2.42759e-06
-0.000148558
-0.000901188
-0.000878154
6.9042e-05
-7.34708e-05
-0.000267854
-0.000270012
-0.000265706
-0.000249316
-0.000260206
-0.000244897
-0.000231898
-0.000215275
-0.000216508
-0.000199754
-0.000191443
-0.00018721
-0.000165408
-0.000162173
-0.000150269
6.7773e-05
-4.07423e-05
-0.000165222
-0.000703851
-0.000620489
-0.000281417
-0.000273965
-0.000273493
-0.000262739
-0.000274977
-0.000267707
-0.000262926
-0.000256669
-0.000225353
-0.00022843
-0.000226227
-0.000215979
-0.000194221
-0.000180965
-6.76817e-08
-0.000130562
-0.000822124
-0.000270136
-0.000274274
-0.000267021
-0.000264277
-0.000253971
-0.00025775
-0.000244436
-0.000221144
-0.000221359
-0.00018286
-0.000186529
-0.000178665
3.75416e-05
-9.34406e-05
-0.000720056
-0.000287658
-0.000281809
-0.000272026
-0.000270281
-0.000262491
-0.000248209
-0.000246435
-0.000235681
-0.000231406
-0.000220145
-0.000210462
-0.00019651
5.87491e-05
-6.90638e-05
-0.000278653
-0.00028029
-0.000267498
-0.000260749
-0.000245983
-0.000251229
-0.000241891
-0.000226149
-0.000223377
-0.000210106
-0.00020561
-0.000190015
-0.000172081
-0.000156021
-0.000155111
6.71529e-05
-2.48671e-05
-0.000174748
-0.000825208
-0.0002755
-0.000274865
-0.00026359
-0.000263796
-0.000251539
-0.000246771
-0.000244982
-0.000243714
-0.000229433
-0.000211635
-0.000206667
-0.000195058
-0.000180238
-0.000153207
-0.000143414
7.06648e-05
3.87365e-05
-0.000126335
-0.000269549
-0.000263799
-0.000268502
-0.000258255
-0.000242424
-0.000243195
-0.000254435
-0.000222107
-0.000215314
-0.000205066
-0.000214606
-0.000183411
-0.000164675
-0.000151772
-0.000141062
4.29821e-05
-0.000103001
-0.000837003
-0.000768127
-0.000236921
-0.000230017
-0.000226403
-0.000209751
-0.000200325
-0.000191999
6.18077e-05
-6.01766e-05
-0.000891178
-0.000607026
-0.000234697
-1.48602e-05
-0.000124783
-0.000222764
7.14208e-05
-4.05158e-05
-0.000170393
4.54363e-05
-0.000114951
-0.000185796
5.73909e-05
-7.85705e-05
-0.000253584
-0.000247173
-0.000247228
-0.000235451
-0.000228576
-0.000208237
-0.000202795
-0.000179833
-0.000175848
-0.000162713
7.1351e-05
-5.65773e-05
-0.00075916
8.78302e-05
-3.26071e-05
-0.000169038
-1.46467e-05
-0.000172522
-2.68938e-05
3.44423e-05
-0.000126896
5.50055e-05
-6.09418e-05
-0.000888906
-0.000817293
7.16391e-05
-5.1634e-05
0.000120591
-2.39593e-05
-0.000155177
5.87318e-05
3.12669e-05
-0.000130138
6.16737e-06
7.98856e-05
-0.000748454
-6.29611e-05
-1.38238e-05
5.69187e-06
-1.35539e-06
-7.3524e-05
-0.000147505
-1.57285e-07
-9.91137e-05
8.36242e-05
-7.00529e-05
0.000121413
-6.971e-05
-0.000884339
-0.000219441
-0.000243093
-0.000234841
-0.000246544
-0.000285301
-0.000299028
-0.000297745
-0.000275452
-0.000265842
-0.000240335
-0.000202004
-0.000164715
-0.000132356
0.000111684
-6.00792e-05
-0.000898382
-0.000260404
-0.000283446
-0.000322345
-0.000372151
-0.000378908
-0.000458688
-0.000495884
-0.000422356
-0.000394971
-0.000359186
-0.000314884
-0.000262497
-0.000188248
-0.000123411
0.000113107
2.01583e-05
-0.000307571
-0.000350854
-0.000378593
-0.000433908
-0.000499244
-0.000525919
-0.000357245
-0.000298439
-0.000248685
-0.000195491
-0.000139024
-7.72678e-05
8.86848e-05
-1.92802e-05
-0.000129754
-0.000359136
-0.000368286
-0.000398539
-0.000409317
-0.000438046
-0.000463811
-0.000496626
-0.000534862
-0.00057359
-0.000270175
-0.000200399
-0.000103142
-2.23112e-05
0.000100534
4.39837e-05
-6.22396e-05
-0.00013406
-0.00075279
-0.00063791
-0.000573699
-0.000514778
-0.000528477
-0.000523203
-0.000550002
-0.000582832
-0.00061167
-0.00064992
-0.000687767
-0.000216396
-0.000194527
-0.000171176
-0.000169939
-0.000189535
-0.000464657
-0.000458759
-0.000540278
-0.000432674
-0.000357907
-0.000288849
-0.000251856
-0.000135708
-0.000137029
-0.000142744
-0.000150528
-0.000152569
-0.000149971
-0.000158218
-0.00016097
-0.000163736
-0.000171
-0.000178754
-0.00019452
-0.000218326
-0.000230072
-0.000248354
-0.000265609
-0.000269337
-0.000276043
-2.65322e-05
2.68243e-05
5.65503e-05
6.82885e-05
7.07356e-05
4.48838e-05
1.20039e-05
-0.000409072
-0.00030878
-8.64428e-06
-1.43602e-05
-2.46458e-05
-4.24504e-05
-5.06968e-05
-6.04467e-05
-9.27994e-05
-0.000104545
-0.000129826
-0.000145086
-0.000152841
-0.000167089
-0.000174368
-0.00018554
-5.73055e-05
-2.90682e-05
5.18385e-06
5.79168e-05
0.000116695
0.000162905
0.00021963
0.000260376
0.000262569
0.000257836
0.000224152
0.000165441
0.000156702
0.000137495
0.000145718
0.00011153
8.62913e-05
-0.00057461
-0.000517034
-0.000425867
-0.000378891
-0.000321401
-0.000274893
4.77468e-05
4.10709e-05
1.52249e-05
-2.00082e-06
-1.27927e-05
-1.5559e-05
-3.13251e-05
-4.86246e-05
-6.63587e-05
-6.80372e-05
-8.63191e-05
-9.25704e-05
-7.88236e-05
-8.4524e-05
-6.23034e-05
-4.65018e-05
-2.42511e-05
8.9885e-06
4.02176e-05
7.60349e-05
0.00010482
0.000140027
0.000180281
0.000219002
0.000244847
0.00030061
0.000305655
0.000260998
0.000223728
0.000178058
0.000115887
7.47807e-05
-0.00055361
-0.000438436
-0.00036789
-0.000313492
7.96963e-05
7.39508e-05
6.16991e-05
4.74377e-05
3.75262e-05
2.64336e-05
1.07117e-05
1.94263e-05
1.66597e-05
2.04007e-05
2.01804e-05
2.94452e-05
6.41596e-05
8.99245e-05
0.000120171
0.000155884
0.000186857
0.00021194
0.000316861
0.000272847
0.00017169
0.000102791
-0.000559177
-0.00044742
-0.000393364
-0.000341347
-0.000306848
0.000109839
0.000100583
8.76541e-05
9.0598e-05
8.03121e-05
7.45675e-05
8.23432e-05
8.60401e-05
0.000110807
0.000118524
0.000139255
0.000153047
0.000188821
0.000311652
0.000231001
0.000158362
8.98015e-05
-0.000529498
-0.00043241
-0.000365494
-0.000316214
0.000122961
0.000118323
0.000115917
0.000114338
0.000113077
0.000120853
0.000143073
0.000155823
0.000171046
0.000195791
0.000314882
0.000242765
0.0001716
0.000113435
0.000198671
0.000148548
0.00010739
-0.000550251
-0.000449453
-0.000349512
-0.000322232
0.000305726
0.000252227
-0.000601919
-0.000510158
-0.000349682
-0.000331676
0.00014173
0.000142727
0.000286078
0.00017892
0.000125097
8.33272e-05
-0.000558256
-0.000431057
-0.000329753
0.000294623
0.000258312
0.000197081
0.000145104
8.48905e-05
-0.000581615
-0.000509933
-0.000424275
-0.000343112
0.000310868
0.000252719
0.000203051
0.000135929
8.68398e-05
-0.000565349
-0.000469569
-0.000395985
-0.000328821
0.000134009
0.000136944
0.000144748
0.00032633
0.000292656
0.000226019
0.000166336
0.000101021
-0.000540847
-0.000414135
-0.000365096
9.97109e-05
9.75252e-05
0.000109806
0.000127882
0.000135584
0.000300689
0.00025212
0.000185425
0.000118773
7.54283e-05
-0.000328535
-0.000550275
-0.000475584
-0.000345642
8.76807e-05
9.69243e-05
0.000254769
0.000131157
7.79678e-05
-0.00048778
-0.000434692
-0.000321864
3.28624e-05
6.44076e-05
6.67247e-05
6.9004e-05
7.97606e-05
8.88982e-05
0.000103756
0.000113572
0.000120379
0.000127114
0.000282878
0.000204685
0.000164496
0.000103047
-0.000416939
1.52511e-05
4.97878e-07
4.74501e-06
1.55286e-05
2.17572e-05
1.35105e-05
1.97531e-05
2.30615e-05
3.54957e-05
4.86492e-05
6.19193e-05
6.41268e-05
7.93938e-05
9.91568e-05
0.000122478
0.000129689
0.000153987
0.000330902
0.000310214
0.000275028
0.000215345
0.000124225
7.71749e-05
-0.000433383
-1.5036e-05
-1.61218e-05
-1.61121e-05
-1.71202e-05
-1.58954e-05
-2.56596e-05
-3.33996e-05
-2.91825e-05
-3.39142e-05
-2.31459e-05
-2.7922e-05
-2.71299e-05
-1.63614e-05
-5.10093e-06
8.07137e-06
2.49868e-06
2.22615e-05
3.09762e-05
4.72402e-05
5.75616e-05
5.92787e-05
8.90628e-05
0.000113829
0.000137584
0.000163348
0.000191658
0.000195257
0.000318003
0.000249219
0.000155626
9.70359e-05
-0.000585778
-0.000416423
-0.000312746
-3.1127e-05
-4.78313e-05
-6.16162e-05
-6.3862e-05
-6.60924e-05
-6.41515e-05
-6.3526e-05
-7.67604e-05
-6.34903e-05
-7.9791e-05
-8.00414e-05
-6.97934e-05
-6.04848e-05
-4.62019e-05
-3.24256e-05
-2.46638e-05
-1.10433e-05
-2.6103e-05
1.68613e-06
4.44408e-06
2.37303e-05
2.64442e-05
3.67072e-05
6.59997e-05
8.82798e-05
0.000113523
0.00014432
0.000174734
0.00018836
0.000212173
0.000222899
0.0003396
0.000259675
0.000148078
-0.000522119
-0.000349136
-4.43755e-05
-5.95977e-05
-6.78584e-05
-8.36245e-05
-9.28979e-05
-0.000102171
-9.58845e-05
-8.80946e-05
-8.89927e-05
-9.85424e-05
-0.000105314
-9.85209e-05
-8.92858e-05
-8.89998e-05
-8.17603e-05
-6.59587e-05
-5.91957e-05
-4.44362e-05
-4.31675e-05
-3.38512e-05
-1.9561e-05
1.70657e-06
2.29444e-05
2.82622e-05
5.54869e-05
7.52794e-05
0.000101505
0.000119288
0.000144011
0.000174317
0.000195865
0.000216427
0.000363881
0.000308314
0.000214216
0.00012716
-0.000549688
-0.000414352
-0.000329943
-6.60849e-05
-6.88487e-05
-9.06455e-05
-8.88704e-05
-0.000110145
-0.000125969
-0.000127203
-0.00011642
-0.000120183
-0.000117397
-0.000122145
-0.000123869
-0.000122766
-0.00011332
-0.00010553
-0.00010779
-9.8525e-05
-8.47049e-05
-7.24474e-05
-5.61834e-05
-5.34112e-05
-3.91128e-05
-1.53887e-05
-1.7602e-05
-6.3141e-06
1.54442e-05
4.12379e-05
6.10303e-05
9.92733e-05
0.00011801
0.000148792
0.00017003
0.00019928
0.000350326
0.000272099
0.000171999
-0.000543754
-0.000408819
-0.000328558
-8.8281e-05
-8.84129e-05
-0.00010321
-0.00010495
-0.00010767
-0.000115397
-0.000137714
-0.000141449
-0.00015976
-0.000173039
-0.000160261
-0.000164979
-0.000166732
-0.000162947
-0.00015617
-0.000150404
-0.00015231
-0.000152335
-0.000140568
-0.000133315
-0.000123514
-0.000113222
-9.39367e-05
-9.1685e-05
-7.19364e-05
-4.66635e-05
-4.43978e-05
-2.04436e-05
-1.28239e-05
1.04682e-05
4.26962e-05
6.89658e-05
8.12388e-05
0.000111009
0.000126246
0.000156985
0.000204267
0.000215975
0.00023634
0.000353863
0.000289786
0.000187184
0.000102102
-0.000510787
-0.000318247
-9.52047e-05
-8.94099e-05
-0.000104177
-0.00011147
-0.000118733
-0.000127962
-0.0001508
-0.000170202
-0.000166266
-0.000176016
-0.000180286
-0.000191511
-0.000204269
-0.000204043
-0.000194734
-0.000179975
-0.000182235
-0.000174937
-0.000170504
-0.000169825
-0.000166098
-0.000159827
-0.000144532
-0.00014179
-0.000119973
-0.000110722
-9.54268e-05
-7.91925e-05
-5.79263e-05
-4.793e-05
-2.03657e-05
-2.56848e-06
3.01944e-05
3.19553e-05
4.62077e-05
7.54579e-05
9.5713e-05
0.000136964
0.000159677
0.000180959
0.000224358
0.00024598
0.000341108
0.000269999
0.00016287
-0.000485011
-0.000343537
-8.80905e-05
-0.000102835
-0.000118601
-0.000127904
-0.000139664
-0.000152942
-0.000172758
-0.000180021
-0.000202815
-0.000205823
-0.000215764
-0.000224503
-0.000230218
-0.000221966
-0.000212687
-0.000212416
-0.000208661
-0.000208405
-0.000210695
-0.000214386
-0.000208768
-0.000204286
-0.000188498
-0.000174737
-0.000174988
-0.000153691
-0.000141925
-0.000134163
-9.48651e-05
-9.66045e-05
-7.86321e-05
-7.45314e-05
-5.02711e-05
-2.94951e-05
-1.27108e-05
3.5093e-06
2.22594e-05
5.50377e-05
8.52702e-05
0.00011102
0.000135236
0.00017236
0.000197785
0.000221034
0.000240262
0.000249989
0.000276723
0.000343284
0.000344618
0.000302286
0.000275765
0.000138718
-0.000434866
-0.000331689
-0.000100847
-0.00013969
-0.000151986
-0.000175733
-0.000178037
-0.000197794
-0.000207544
-0.000221358
-0.000230618
-0.000253382
-0.000255734
-0.000255805
-0.000253033
-0.000254772
-0.000257986
-0.000261663
-0.000227904
-0.000138403
-0.000110096
-8.58282e-05
-6.7994e-05
-4.47178e-05
-4.24807e-05
-1.97397e-05
-2.47736e-06
2.77839e-05
6.05324e-05
8.72944e-05
0.000122024
0.000154773
0.000175864
0.000200317
0.000227035
0.000254751
0.000262975
0.000287237
0.00030996
0.000319141
0.000340782
0.000337113
0.000239206
0.000187917
0.000123796
-0.000487362
-0.000335153
-0.000110657
-0.000122851
-0.00014265
-0.00016047
-0.000166707
-0.000189501
-0.00020129
-0.000203074
-0.000223828
-0.000229066
-0.000233337
-0.00025214
-0.000269887
-0.000269619
-0.000272815
-0.000271957
-0.000269259
-0.00014664
-0.000138359
-0.000131133
-0.000100336
-7.75808e-05
-5.9627e-05
-4.19716e-05
-1.92158e-05
3.65536e-05
4.57901e-05
7.10332e-05
0.000108309
0.000125035
0.00016526
0.000184994
0.000222746
0.000238699
0.000263271
0.00028305
0.00029828
0.000342794
0.000291702
0.000230094
0.000149981
-0.000534489
-0.000411684
-0.000299787
-0.000114077
-0.000119626
-0.000145963
-0.000166269
-0.000187067
-0.000199348
-0.000191559
-0.000209349
-0.000217118
-0.000241908
-0.000240148
-0.00024491
-0.000251653
-0.000261403
-0.000264104
-0.000263276
-0.000263974
-0.0001885
-0.000168716
-0.000161749
-0.000148448
-0.000132676
-0.000111945
-8.0613e-05
-5.68591e-05
-2.50793e-05
-4.12718e-06
2.20107e-05
5.42528e-05
7.25127e-05
9.52253e-05
0.000141987
0.00017673
0.000203478
0.000237702
0.000250899
0.000332823
0.000263657
0.000167594
0.000107543
-0.000276595
-0.000265885
-0.000161245
-0.000150954
-0.000136715
-0.000122921
-0.000109483
0.000140713
-0.000484479
-0.000317368
-0.000107401
-0.000122661
-0.000148447
-0.000175275
-0.000199096
-0.000192795
-0.000201086
-0.000221884
-0.000215583
-0.000229368
-0.000251671
-0.000263416
-0.000265142
-0.000262313
-0.000258005
-0.000110929
-9.8224e-05
-7.33775e-05
-4.96078e-05
-3.98369e-05
-2.04234e-05
1.52352e-05
4.44835e-05
7.12311e-05
0.000105007
0.000135746
0.000169
0.000200216
0.00022546
0.000256155
0.000360018
0.000305368
0.000220574
-0.000400996
-0.000100216
-0.000115016
-0.00013868
-0.000160431
-0.000176776
-0.00018952
-0.00019982
-0.000220098
-0.000226899
-0.000231617
-0.000258446
-0.000259114
-0.000271396
-0.000266614
-0.000272202
-0.000263468
-0.00023583
-0.000168637
-0.000157253
-0.000139872
-0.0001224
-0.000101134
-8.58824e-05
-6.01185e-05
-3.28356e-05
-1.88782e-05
9.25162e-06
3.19786e-05
7.27236e-05
0.000106008
0.000138236
0.000164448
0.000174681
0.000210438
0.000234684
0.000264858
0.000279313
0.000294562
0.000339318
0.00025615
0.000141116
-0.000589238
-0.000417898
-0.000104996
-0.000132398
-0.000146041
-0.000166795
-0.000183082
-0.000194395
-0.000211158
-0.000226939
-0.000234694
-0.000256981
-0.00025217
-0.000270005
-0.000271209
-0.000268466
-0.000154299
-0.00015044
-0.000135521
-0.000119697
-0.000107409
-8.06477e-05
-6.08409e-05
-3.56118e-05
-1.2139e-05
1.09578e-05
4.37202e-05
6.79662e-05
0.00010271
0.000127983
0.000152721
0.000178442
0.000211653
0.000213949
0.000239163
0.000265393
0.000287641
0.000350718
0.0003276
0.000280888
0.000196275
0.000137707
-0.000542845
-0.000409777
-9.50877e-05
-0.000111741
-0.000130204
-0.000134784
-0.000167078
-0.00017735
-0.000199144
-0.000214939
-0.000196131
-0.000204393
-0.000256221
-0.000260955
-0.000256693
-0.00025489
-0.00027015
-0.000260501
-0.000243757
-0.000135242
-0.000129137
-0.000100831
-6.75622e-05
-5.37992e-05
-3.60466e-05
-1.37675e-05
1.21926e-05
3.5854e-05
6.30927e-05
0.000109825
0.000114607
0.000158331
0.000199077
0.000211335
0.000223549
0.00025232
0.000313041
0.000185466
0.000131446
-0.00041429
-0.000110062
-0.000136747
-0.000141579
-0.000162897
-0.00016562
-0.000188919
-0.000194708
-0.000203937
-0.000219211
-0.000227964
-0.000231207
-0.000235404
-0.000231635
-0.000233375
-0.000238904
-0.000234293
-0.000233516
-0.000232754
-0.000227987
-0.000226622
-0.000205116
-0.000183123
-0.000174782
-0.00015626
-0.000145682
-0.000129866
-0.000101108
-7.62973e-05
-4.90149e-05
-3.27664e-05
2.48421e-06
2.17706e-05
5.00651e-05
6.91911e-05
9.5146e-05
0.000123413
0.000166138
0.000186408
0.000224146
0.000252398
0.00035235
0.000257269
0.00014923
-0.000415208
-0.000314865
-0.000103401
-0.000121698
-0.000140122
-0.000148658
-0.00016895
-0.000180219
-0.000173918
-0.00020225
-0.000210973
-0.000216748
-0.000223461
-0.000214672
-0.000217887
-0.000213655
-0.000219349
-0.000229047
-0.000212755
-0.000226481
-0.000226776
-0.00021498
-0.000210645
-0.00020086
-0.000161546
-0.000175303
-0.000158027
-0.000143364
-0.000125382
-9.15772e-05
-7.83071e-05
-5.40465e-05
-3.12316e-05
1.05468e-06
2.12796e-05
5.90458e-05
8.13846e-05
9.48313e-05
0.00014441
0.000156177
0.000175419
0.000216179
0.000241945
0.000366635
0.000291062
0.000162995
-0.000389843
-0.000334225
-0.000100455
-0.000121023
-0.000142614
-0.000145006
-0.000159773
-0.000180528
-0.000188774
-0.000193029
-0.000200769
-0.000226541
-0.000230276
-0.000229038
-0.000216736
-0.000217405
-0.000219114
-0.000224688
-0.000232078
-0.000231808
-0.000228499
-0.000215215
-0.000205481
-0.000193619
-0.000181317
-0.000164027
-0.000146751
-0.000144467
-0.000129116
-8.68236e-05
-9.20478e-05
-4.974e-05
-3.74968e-05
1.23304e-05
3.00834e-05
4.33693e-05
6.41151e-05
0.000106435
0.000126216
0.000159977
0.000176227
0.000218997
0.000239238
0.000256016
0.000370972
0.000311392
0.000163392
-0.000371158
-8.983e-05
-0.000110963
-0.000127361
-0.000146425
-0.000150189
-0.000161458
-0.000186709
-0.000190979
-0.000199702
-0.000210956
-0.000212189
-0.00021588
-0.000232643
-0.000224363
-0.000229232
-0.000220754
-0.000212458
-0.000210162
-0.000204888
-0.000191068
-0.000194326
-0.000179002
-0.00015169
-0.000147413
-0.000138936
-0.00012479
-9.39783e-05
-8.36867e-05
-6.99241e-05
-5.66246e-05
-1.43466e-05
9.04326e-07
2.42262e-05
5.34759e-05
8.97232e-05
0.000102997
0.000128832
0.000153571
0.000174346
0.000193588
0.000227872
0.00025199
0.000279438
0.000352778
0.000239874
0.000139392
-0.000324325
-0.000100083
-0.0001189
-0.000146161
-0.000158412
-0.00015597
-0.00016886
-0.000168097
-0.000186842
-0.000207148
-0.000217882
-0.000220098
-0.000217803
-0.000233598
-0.000240296
-0.000226491
-0.000228751
-0.000225103
-0.000221137
-0.0001988
-0.00020103
-0.000194715
-0.000188935
-0.000182157
-0.000165245
-0.00015109
-0.00013776
-0.0001235
-0.000106664
-7.03871e-05
-7.55968e-05
-5.18429e-05
-8.04596e-06
2.32576e-05
5.349e-05
5.47724e-05
9.85414e-05
0.000116294
0.000133801
0.000150414
0.000177148
0.000198416
0.000241648
0.00026442
0.000283715
0.00030226
0.000344976
0.00025338
0.000132415
-0.000408516
-9.44122e-05
-0.000111535
-0.000130338
-0.000143052
-0.000147828
-0.000158084
-0.000177855
-0.00018188
-0.000204295
-0.000212049
-0.000221294
-0.000224523
-0.000224253
-0.000246034
-0.000236204
-0.00023944
-0.000240145
-0.000231959
-0.000213326
-0.000206467
-0.000192097
-0.000176238
-0.000181594
-0.000154642
-0.00015074
-0.000117434
-0.000109152
-8.07054e-05
-6.65599e-05
-6.75453e-06
1.10269e-05
1.93091e-05
4.15599e-05
6.38246e-05
9.50691e-05
0.00011732
0.000150605
0.000181361
0.000197666
0.000232426
0.000262672
0.000271968
0.000376453
0.00027588
0.000153364
-0.000523865
-0.000421043
-9.91715e-05
-0.000113925
-0.000131671
-0.000134943
-0.000145258
-0.000157481
-0.000175792
-0.000188506
-0.000187538
-0.000184956
-0.000206173
-0.000211947
-0.00020715
-0.00021836
-0.000217077
-0.000222359
-0.000218561
-0.000202268
-0.000203978
-0.000195725
-0.000193914
-0.00017958
-0.000167307
-0.000165548
-0.000140217
-0.000120916
-0.000105158
-9.98848e-05
-6.30866e-05
-3.58043e-05
-2.56585e-05
3.28973e-06
3.71094e-05
6.2352e-05
8.96062e-05
0.000120896
0.00014812
0.000184383
0.000212113
0.000235436
0.000377404
0.000295337
0.000163807
-0.000423742
-0.00032243
-0.000103953
-0.000120342
-0.000120622
-0.000133394
-0.00014569
-0.000160399
-0.000173171
-0.0001764
-0.000197675
-0.000186892
-0.000186777
-0.000203356
-0.000206092
-0.000210304
-0.000205536
-0.000205743
-0.000206469
-0.000188703
-0.000179915
-0.000156117
-0.000175859
-0.000172886
-0.000151717
-0.000134412
-0.000111612
-9.48716e-05
-9.30967e-05
-6.78097e-05
-3.05056e-05
-6.75147e-06
1.53073e-06
2.40302e-05
5.96404e-05
7.94175e-05
0.000126178
0.000142428
0.000167701
0.000193393
0.000232275
0.000248004
0.000333774
0.000189758
-0.000358778
-0.000301134
-7.81685e-05
-8.48517e-05
-0.000100646
-0.000107924
-0.000117153
-0.000130938
-0.000135223
-0.000161964
-0.000172249
-0.000181493
-0.00016915
-0.000179375
-0.000172597
-0.000175334
-0.000175554
-0.000166275
-0.000173047
-0.000138172
-0.000141489
-0.000142663
-0.000133919
-0.000121248
-0.00010732
-0.000110504
-8.32363e-05
-6.74639e-05
-2.96836e-05
-2.19077e-05
6.89404e-06
3.26432e-05
3.79033e-05
7.55817e-05
0.000102028
0.000134256
0.000156044
0.000185294
0.000212054
0.000239824
0.000362761
0.000238758
0.000112276
-0.000417871
-5.47077e-05
-7.19185e-05
-8.61656e-05
-9.94882e-05
-0.000111219
-0.000110963
-0.000124748
-0.000129465
-0.000127838
-0.00012888
-0.000122118
-0.000119359
-0.000109082
-0.000116316
-0.000115062
-0.000100274
-8.54702e-05
-8.52139e-05
-8.31135e-05
-5.85993e-05
-4.38102e-05
-4.75891e-05
-2.23164e-05
5.94925e-06
1.12529e-05
3.80152e-05
5.57682e-05
7.70499e-05
0.000106314
0.000126764
0.000150888
0.000177115
0.000207406
0.000229136
0.000237022
0.00032738
0.000179083
-9.78606e-05
-0.000104002
-0.000111756
-0.000116547
-0.000107238
-0.000115608
-0.000124135
-0.000123937
-0.000116147
-0.000114878
-0.000109098
-9.53216e-05
-9.45888e-05
-9.38125e-05
-8.00203e-05
-6.5247e-05
-5.31011e-05
-5.46388e-05
-2.13996e-05
-1.81069e-05
1.52581e-07
1.49275e-05
3.51673e-05
5.44691e-05
9.02104e-05
0.000112491
0.000141646
0.00016699
0.000173387
0.000361938
0.000273102
0.000143998
-4.94571e-05
-6.16785e-05
-7.09518e-05
-8.03321e-05
0.000168135
0.000182572
0.000183247
0.000209562
0.00022301
-4.27989e-05
-5.24685e-05
-6.2739e-05
-7.79986e-05
-8.27463e-05
-9.35526e-05
-0.000101813
-0.000105519
-9.17716e-05
-0.000100338
-0.000113744
-9.69597e-05
-0.000111207
-9.99321e-05
-9.51787e-05
-9.09175e-05
-8.86078e-05
-6.33347e-05
-5.95498e-05
-3.42486e-05
-3.44967e-05
-2.62164e-05
-7.39229e-06
-2.66888e-06
5.4114e-05
7.14191e-05
8.5658e-05
0.000100447
0.000119213
0.000168938
0.000190696
0.000201304
0.000219822
0.000310821
0.000197007
-0.000396114
-3.06204e-05
-4.2321e-05
-4.30778e-05
-5.53293e-05
-5.95409e-05
-5.07821e-05
-6.2095e-05
-5.27788e-05
-6.2015e-05
-5.47314e-05
-5.34481e-05
-4.72496e-05
-4.89593e-05
-4.22103e-05
-2.89103e-05
-9.13328e-06
-3.35297e-06
1.63801e-05
1.1019e-05
3.69796e-05
5.87679e-05
8.35346e-05
0.000101258
0.000129553
0.000164297
0.000174448
0.000354842
0.000216534
-0.000517382
-0.000309007
-7.34815e-06
-1.90716e-05
-9.27041e-06
-2.95636e-05
-1.72904e-05
-1.40261e-05
-2.20914e-05
5.06389e-08
-2.42322e-05
-3.20162e-05
-1.27298e-05
-1.44693e-05
7.30337e-06
5.05801e-06
2.53709e-05
4.20972e-05
4.78336e-05
7.23238e-05
7.74561e-05
9.61922e-05
0.000138456
0.000159065
0.000176016
0.000293524
0.000149617
9.64488e-06
1.78969e-05
1.81092e-05
6.85576e-06
7.82328e-06
1.68977e-05
2.16811e-05
1.73959e-05
2.41447e-05
2.79296e-05
3.57051e-05
4.84248e-05
5.32082e-05
7.24788e-05
9.87206e-05
0.000136836
0.00012629
0.000163852
0.000275567
3.9831e-05
2.86068e-05
3.95374e-05
3.86783e-05
4.64102e-05
5.06571e-05
5.0407e-05
5.51902e-05
7.49674e-05
8.57073e-05
0.000102968
0.000117699
0.000127933
0.000145906
0.000155025
0.000166886
0.000317407
0.000167514
5.04849e-05
4.68382e-05
3.99051e-05
5.58835e-05
6.76786e-05
5.68721e-05
6.65993e-05
7.6891e-05
9.51503e-05
0.000102896
0.000117628
0.000137406
0.000148212
0.000161416
0.000352089
0.000272677
-0.000394576
6.02427e-05
6.55608e-05
7.13181e-05
7.06148e-05
7.43554e-05
9.31358e-05
9.58636e-05
0.000110639
0.000112535
0.000136021
0.0002665
-0.000472106
-0.000465679
9.47758e-05
9.15848e-05
9.73069e-05
0.00011605
0.000284168
8.62103e-05
8.5442e-05
9.0709e-05
0.000100502
0.000113251
0.000124498
0.000129713
0.000294675
0.000192555
9.08925e-05
8.90118e-05
8.74142e-05
0.000106715
0.000116978
0.000128686
0.000136418
0.00036027
0.000223047
8.32745e-05
7.90709e-05
8.18285e-05
7.52133e-05
7.13951e-05
7.55839e-05
8.135e-05
9.25808e-05
0.000119343
0.000124588
0.000161863
0.000331456
0.000182084
-0.00042918
-0.000350925
7.03918e-05
5.72091e-05
3.53985e-05
1.86495e-05
1.98886e-05
1.0645e-05
6.93604e-06
2.71941e-05
3.34946e-05
5.32435e-05
7.60147e-05
0.000103745
0.000128512
0.000153293
0.000185028
0.000393362
5.58364e-05
4.25133e-05
2.42969e-05
1.55298e-05
7.26917e-06
-2.7557e-05
-3.37922e-05
-3.50113e-05
-2.67433e-05
-3.18409e-05
-2.67084e-05
-1.19335e-05
1.78367e-05
5.20886e-05
7.73755e-05
0.00012567
0.000154441
0.000180739
0.000390308
0.000221523
4.05084e-05
3.1808e-05
4.04015e-06
-1.57312e-05
-2.70141e-05
-4.22879e-05
-6.55739e-05
-5.07703e-05
-7.40704e-05
-7.27877e-05
-9.55527e-05
-0.000124981
-0.000113014
-0.000105252
-7.94587e-05
-5.61673e-05
-7.88858e-06
2.63933e-05
5.61337e-05
0.000101434
0.000164247
0.000205154
0.000371179
0.00019204
9.40453e-06
1.22068e-05
-3.79622e-05
-4.03198e-05
-6.76246e-05
-0.000113946
-0.000150736
-0.000176032
-0.000200621
-0.000106474
-7.0138e-05
-1.98635e-05
3.84081e-05
0.000100208
0.000154655
0.000215277
0.000310124
0.000199694
-0.000460507
-1.31765e-05
-2.59927e-05
-4.97693e-05
-6.20508e-05
-0.000114371
-0.000136168
-0.000194013
-0.000229227
-5.86322e-05
-7.68948e-06
3.99365e-05
0.000110225
0.000182465
0.000239262
0.000384119
0.000322061
0.000195089
-0.000416719
-0.000336952
-5.29113e-05
-5.91246e-05
-8.2439e-05
-0.000112246
-0.000144047
-0.000162836
-0.000187639
-0.000223909
-0.00026274
-3.49472e-06
6.12404e-05
0.000155505
0.000246196
0.000295569
0.000366346
0.000307294
0.000237662
0.000161156
-0.00058291
-0.000484584
-0.00035447
-0.000140859
-0.000166152
-0.000176422
-0.000217753
-0.000235052
-0.000246335
-0.000277661
-0.000311444
-0.000330232
-0.000321517
2.0519e-05
5.13308e-05
9.3074e-05
0.000135365
0.000168638
0.00021083
0.000254568
0.000240856
0.000252102
0.000213908
0.000195206
0.000122603
-0.000505527
-0.000448458
-0.000398026
-0.000339973
-0.000348292
-0.000334443
-0.000385404
-0.000409052
-0.000414418
-0.000453276
-0.000468484
-0.000224831
-0.00017792
-0.000135259
-0.000124948
-0.000120167
-0.000105363
-0.000107133
-0.000118921
-0.000128165
-0.000123897
-0.000183927
-8.12641e-05
-4.76e-06
4.13667e-05
6.62881e-05
0.000163359
0.000161212
0.000167958
0.000162185
0.000142862
0.000123525
0.000127309
0.00012904
0.000115718
0.000114427
0.00010164
9.33356e-05
6.75196e-05
4.07206e-05
1.68998e-05
4.77626e-06
-5.16603e-07
-0.000203166
-9.33869e-05
1.32808e-05
0.000237856
0.000231084
0.000219281
0.000201462
0.000182123
0.000174193
0.000160628
0.000145354
0.000129054
0.000107199
9.79554e-05
8.96508e-05
6.58818e-05
0.000268059
0.000304976
0.000349206
0.000369374
0.000372161
0.000364377
0.000330807
0.000314069
-0.000270761
-0.000241806
-0.000200221
-0.000125265
-1.35338e-05
0.000273789
0.000263511
0.000236705
0.000234416
0.000221152
0.000204837
0.000193004
0.000174723
0.000157409
0.000135657
0.000118329
9.34959e-05
8.88369e-05
0.000253177
0.0002874
0.000316144
0.000341344
0.000373051
0.000401795
0.000431479
0.000456187
0.000445424
0.000443179
0.000415308
0.000384751
0.000337658
-0.000271857
-0.000238414
-0.000167867
-7.41666e-05
-1.77872e-06
0.000293635
0.000276895
0.000258584
0.000257307
0.000233472
0.000209682
0.000198861
0.000187086
0.000162789
0.000157476
0.00014122
0.000125395
0.000125145
0.000115982
0.000222648
0.000239512
0.000265578
0.000295048
0.000342271
0.000366966
0.000399194
0.000409398
0.000431128
0.000444818
0.000441575
0.000465807
0.000475982
0.000456239
0.000430691
0.000372824
-0.000284202
-0.000261344
-0.000201801
-0.000124388
-2.45429e-05
2.45252e-05
0.000287093
0.000281178
0.000269068
0.000250251
0.000240978
0.000222161
0.000211326
0.000202038
0.000189251
0.000171996
0.000171687
0.000154433
0.000151131
0.000136884
0.000128438
0.000199802
0.000228547
0.000255771
0.00030502
0.000336774
0.00036955
0.000402241
0.000426949
0.000456691
0.000485375
0.000503114
0.000515792
0.000519534
0.000506776
0.000476505
0.000453278
0.000393551
0.000341426
-0.00026476
-0.000201995
-0.000105363
-4.21582e-05
1.92856e-05
0.000294875
0.000292725
0.000277913
0.000272152
0.000269881
0.000255605
0.000234257
0.000224507
0.00021921
0.000198889
0.000189631
0.000172852
0.000167614
0.000155304
0.000157541
0.000161238
0.000159991
0.00014993
0.00016101
0.000164245
0.000186004
0.000180752
0.000218011
0.00024473
0.000280486
0.000315722
0.000350452
0.000394683
0.000412067
0.000455699
0.000499423
0.000531623
0.0005608
0.000602031
0.000586866
0.00053962
0.000457451
0.000374821
-0.000258809
-0.000185859
-0.000100765
-1.87971e-05
0.000287935
0.000282342
0.00026153
0.000278271
0.000246491
0.000242214
0.000227953
0.000220617
0.000207903
0.000182029
0.000169777
0.00017197
0.000162712
0.000154971
0.000152191
0.000143424
0.000145141
0.00014256
0.000161126
0.000175944
0.000188709
0.000213938
0.00023522
0.000266435
0.000300212
0.000343951
0.000388658
0.000433916
0.000474111
0.000516522
0.000540189
0.00057494
0.000526361
0.000413233
-0.000288131
-0.000214496
-0.000139393
0.000254079
0.000254827
0.000230024
0.000244811
0.000200966
0.000191678
0.000185934
0.000167651
0.000170381
0.000153574
0.000147367
0.000140565
0.000152824
0.000135541
0.000143317
0.000157555
0.000168983
0.000175074
0.000196833
0.000222091
0.000247871
0.000293054
0.000333858
0.000361069
0.00041279
0.000463051
0.000489264
0.000524477
0.000533751
0.000595701
0.000593059
0.000532827
0.000436646
0.00034406
-6.3829e-05
-4.95162e-07
3.41976e-05
0.000287849
0.000267386
0.000260094
0.000552121
0.000586045
0.00058895
-0.00025092
-0.000173823
-0.000132413
-6.18445e-05
2.33484e-05
0.000273487
0.000260716
0.00026197
0.000249689
0.000224365
0.000218548
0.000211317
0.000193583
0.000192321
0.000184061
0.000169755
0.00017046
0.00016321
0.000150438
0.000151172
0.000145904
0.000142155
0.000160921
0.000165154
0.000186421
0.000191967
0.000219471
0.000226726
0.000264954
0.000300205
0.000321965
0.000352718
0.000371961
0.000409149
0.000449895
0.000471639
0.000496863
0.000511629
0.000533331
0.000537073
0.000541276
0.000514029
0.000483298
0.000458537
0.000411796
0.000355584
-0.000279246
-0.00025677
-0.000161121
-6.34467e-05
-9.63723e-06
3.65388e-05
0.000260397
0.000251712
0.000239416
0.000223129
0.000212845
0.000207056
0.000176745
0.000179473
0.000165703
0.000161418
0.000145609
0.000140065
0.000137173
0.000128406
0.000135661
0.000131391
0.000131662
0.000117357
0.000126607
0.00013288
0.000136845
0.000148828
0.000152573
0.000164742
0.000184672
0.000203452
0.000244733
0.00026545
0.000277695
0.000319945
0.000348658
0.000377387
0.000412161
0.000445849
0.000458615
0.000450699
0.000466112
0.000459356
0.000440596
0.00042635
0.000425564
0.000418331
0.000401089
0.000356382
8.87081e-05
9.39891e-05
0.000100812
0.000121084
0.00013601
0.000131374
0.000149435
0.000155794
0.000179043
0.000190414
0.000348816
-0.000240809
-0.000137062
-8.61377e-05
-3.53073e-06
2.84457e-05
0.000220297
0.000200688
0.000198758
0.000194504
0.000175701
0.000167933
0.000145588
0.000137341
0.000130526
0.000111291
0.000113513
0.000106712
0.000103976
0.000103235
9.29644e-05
9.32279e-05
0.000110511
9.08791e-05
0.000147058
0.000202797
0.000226119
0.000241832
0.00027613
0.000306363
0.00034063
0.000372323
0.000414573
0.000432282
0.000472045
0.000500224
0.000487988
0.000496591
0.000489976
0.00049622
0.000489955
0.000442245
0.000397471
-0.000295554
-0.000236742
-0.000137648
-5.40587e-05
2.53609e-06
0.000210623
0.000203432
0.000185107
0.000173304
0.000170032
0.000165134
0.00014955
0.000138758
0.000111945
0.000108658
8.98854e-05
7.30922e-05
9.34057e-05
7.91004e-05
7.63638e-05
8.55849e-05
7.18e-05
7.85633e-05
7.32961e-05
7.90744e-05
9.09021e-05
9.49782e-05
0.000102911
0.000112726
0.000125417
0.00014268
0.000152928
0.000168699
0.00019847
0.000216715
0.000238188
0.000271296
0.000312027
0.000331299
0.000359015
0.000383247
0.0004245
0.000454732
0.00047944
0.000526115
0.000540875
0.000560618
0.000564731
0.000563744
0.000557316
0.000549056
0.000513321
0.000449112
0.000366901
-0.000230537
-0.000146128
-3.80341e-05
0.000195271
0.000187069
0.000166749
0.00015292
0.000154203
0.000139869
0.000124567
0.000114281
9.1473e-05
8.67267e-05
7.83104e-05
6.57228e-05
5.79544e-05
5.62006e-05
6.25014e-05
7.12458e-05
5.39622e-05
4.91565e-05
4.70064e-05
6.42015e-05
6.65488e-05
0.000111445
0.000112896
0.000117563
0.000130268
0.000142006
0.000155351
0.000185583
0.000206344
0.000247639
0.00026605
0.000305199
0.000318947
0.000350654
0.000376405
0.000410629
0.000439372
0.000467074
0.000505795
0.000518546
0.000540739
0.000551478
0.000554563
0.000560972
0.000546219
0.000511453
0.000456759
0.000368532
-0.000229417
-0.000117508
-2.67878e-05
0.000172135
0.000157859
0.000151074
0.000130275
0.000113484
0.000102201
9.83935e-05
7.91002e-05
6.48086e-05
6.50649e-05
3.72109e-05
3.14805e-05
3.2742e-05
3.10401e-05
2.37763e-05
2.60422e-05
0.000165871
0.000198239
0.0002285
0.000243927
0.000278062
0.000306285
0.000325023
0.000356744
0.000370463
0.000399728
0.000444436
0.000461698
0.000489877
0.000482137
0.000472893
0.000479804
0.000473883
0.000451162
0.000429916
0.000368642
0.000343649
-0.000245768
-0.000105647
-1.98095e-05
0.000169139
0.000154046
0.000140233
0.000134936
0.000118145
9.07958e-05
8.40399e-05
6.57575e-05
5.39542e-05
4.36398e-05
2.38542e-05
1.50731e-05
-1.21345e-06
-8.2753e-06
-1.55681e-06
0.000202104
0.000213843
0.000231648
0.000262893
0.000291636
0.000307409
0.000337642
0.000355323
0.000363561
0.000379841
0.000396046
0.000390764
0.000396398
0.000411305
0.000429536
0.000435765
0.000428024
0.000432778
0.000397057
0.000369398
-0.00023184
-0.00011179
-1.85398e-05
0.000150857
0.000124861
0.000122615
0.000101774
8.60075e-05
8.02654e-05
5.74278e-05
4.01301e-05
3.28521e-05
1.80845e-05
2.23187e-06
-2.47184e-06
-1.6777e-05
-2.10023e-05
0.000230044
0.000237761
0.000251091
0.000289306
0.000308072
0.000329311
0.000351532
0.000364729
0.000401485
0.000401206
0.000405992
0.000416729
0.000440441
0.000484671
0.00045994
0.000451173
0.000413485
0.00037232
-0.000252815
-0.000165573
-7.10293e-05
1.31963e-06
0.000134991
0.000121192
9.78492e-05
9.0543e-05
7.17262e-05
4.78914e-05
3.10856e-05
2.63098e-05
9.38447e-06
9.83153e-06
-1.14874e-05
-3.07807e-05
-3.0539e-05
-2.69255e-05
0.000234297
0.000248082
0.000272314
0.000302533
0.000327299
0.00034754
0.000369256
0.000397478
0.000420698
0.000438943
0.000443161
0.000466418
0.00046619
0.000473922
0.000482638
0.000486871
0.00045316
0.000412596
-0.000266784
-0.000187603
-9.26222e-05
-2.184e-05
0.000100424
9.17085e-05
8.03971e-05
7.15874e-05
6.68257e-05
5.45012e-05
3.82147e-05
3.54498e-05
2.00878e-05
6.28894e-06
-9.98222e-06
-2.1295e-05
-2.80367e-05
-5.18573e-05
-5.86286e-05
-5.78496e-05
-6.19674e-05
0.000224411
0.000243333
0.000272569
0.000301774
0.000339512
0.000359737
0.000371461
0.000409199
0.000431392
0.000449637
0.000477846
0.000490581
0.000504129
0.000486642
0.000470846
0.000440605
0.000408903
0.000373755
-0.000230916
-0.0001426
-5.15742e-05
7.69271e-06
9.84062e-05
0.000100262
8.74312e-05
7.29845e-05
6.88863e-05
4.45455e-05
2.77539e-05
2.94849e-05
1.51652e-05
6.35411e-06
-1.89696e-05
-2.92401e-05
-5.35514e-05
-7.28888e-05
-7.40786e-05
0.000246728
0.000264049
0.000291765
0.000333971
0.000355701
0.000376419
0.000408662
0.000423393
0.000450068
0.00047229
0.000472547
0.00048025
0.000477714
0.000448314
0.000417119
0.000386922
-0.000185703
-8.70311e-05
2.15298e-06
0.000106021
9.02492e-05
7.99421e-05
6.86593e-05
5.38336e-05
3.19944e-05
1.3193e-05
-5.14759e-06
-3.64864e-05
-5.37715e-05
-7.40913e-05
0.000276748
0.000296945
0.00030417
0.00031841
0.000361629
0.000384848
0.000398596
0.00043778
0.000440002
0.000448732
0.000428873
0.00040183
0.000365191
-0.000276842
-0.000190105
-0.000113404
5.61068e-05
5.09485e-05
2.70856e-05
3.26497e-06
-1.60425e-05
-3.58722e-05
-6.02417e-05
-7.93646e-05
0.000332926
0.000358648
0.000352397
0.000382094
0.000386764
-5.93255e-05
1.78064e-05
0.00012612
0.000111895
9.15536e-05
6.96633e-05
-0.000268984
-0.000174252
-6.40411e-05
8.62848e-08
0.000109638
0.000103908
8.85912e-05
5.77002e-05
3.88832e-05
6.99433e-06
-2.42998e-06
-3.0581e-05
-5.28825e-05
-7.17137e-05
-8.80302e-05
-8.97395e-05
0.000319949
0.0003574
0.000364611
0.000380879
-0.000209115
-9.13858e-05
-6.29281e-06
9.84312e-05
9.22178e-05
6.88169e-05
3.64216e-05
2.15956e-05
-2.73004e-06
-1.75276e-05
-3.63587e-05
-6.1711e-05
-8.50549e-05
-9.74766e-05
-0.000105478
0.000301905
0.000307572
0.000329429
0.000362149
0.00037289
0.000389617
0.000394341
0.000395566
0.000369894
-0.000263226
-0.000179564
-7.38501e-05
-3.30044e-06
7.28044e-05
3.79815e-05
3.16866e-05
2.38738e-05
-9.01235e-06
-2.832e-05
-3.51353e-05
-4.04321e-05
-5.52295e-05
-8.60918e-05
-8.83658e-05
-9.61202e-05
0.000286165
0.000313431
0.000345692
0.00036839
0.000404089
0.000441827
0.000442531
0.000439258
0.000440483
0.000427725
0.000393522
0.000370838
-0.000265284
-0.000180557
-9.2897e-05
9.50331e-06
9.5613e-05
7.28004e-05
3.64292e-05
2.66354e-05
1.42957e-05
-1.9053e-05
-3.63806e-05
-4.11707e-05
-7.00092e-05
-8.03237e-05
-8.85844e-05
-9.07498e-05
0.000293907
0.000310127
0.000348196
0.000370608
0.000402345
0.00042756
0.000450259
0.000465452
0.000472693
0.000454931
0.000425225
0.000399034
-0.000211224
-8.6337e-05
1.92762e-05
0.000109094
0.000106944
8.55825e-05
5.8711e-05
2.88615e-05
1.05212e-05
-6.80672e-06
-2.9643e-05
-6.04614e-05
-7.82953e-05
-9.40731e-05
0.00031171
0.000345132
0.000376825
0.000417527
0.000436756
0.000409031
0.000418729
0.000400996
-0.000226405
-8.54689e-05
-6.77621e-06
0.000122096
9.32151e-05
6.13558e-05
3.2503e-05
9.16051e-06
-1.26945e-05
-3.70339e-05
-7.13813e-05
-8.86948e-05
0.000333911
0.000358606
0.000389793
0.000377063
0.000377501
-0.000287361
-0.000196252
-5.76684e-05
1.09636e-05
0.000110758
8.74384e-05
6.45865e-05
2.41367e-05
8.37159e-06
-1.29469e-05
-4.23485e-05
-7.16493e-05
-7.15349e-05
0.000308203
0.000323984
0.000318444
0.000338019
0.000375756
0.000393451
0.000433677
0.000436941
0.000440624
0.000403442
0.000387184
-0.00020205
-6.65116e-05
2.48257e-06
0.000113157
8.53021e-05
6.74543e-05
4.41555e-05
2.72899e-05
4.6279e-07
-2.58001e-05
-4.01496e-05
-5.89521e-05
-7.32278e-05
0.000282587
0.000311822
0.000347549
0.00037878
0.000401376
0.000436282
0.000454528
0.000462737
0.000473477
0.00048319
0.000491936
0.000473697
0.000415027
-0.000243357
-0.000132727
-4.01676e-05
0.00011163
0.00010229
7.79221e-05
5.00523e-05
3.62534e-05
1.24343e-05
-9.91135e-06
-2.16566e-05
-3.79858e-05
-5.32742e-05
-8.31239e-05
0.000275185
0.0003099
0.000345657
0.000382354
0.000419079
0.000445016
0.000480097
0.000503822
0.000525031
0.00054575
0.000536967
0.00052476
0.000509514
0.00045281
0.000409701
-0.000263979
-0.000156183
-4.01502e-05
2.33267e-05
0.000121906
0.000102165
7.57861e-05
5.19511e-05
2.35909e-05
1.53302e-05
-8.98103e-06
-2.42691e-05
-5.01135e-05
-6.44048e-05
-8.15786e-05
0.00027192
0.000285199
0.000327465
0.000362209
0.000395435
0.000429153
0.00045841
0.000496141
0.000528355
0.000547585
0.000546814
0.000541069
0.000519361
0.000468643
0.000420053
-0.000246679
-0.000128304
-1.04565e-05
0.000131705
0.000101405
8.25758e-05
5.47502e-05
3.49361e-05
-3.46011e-06
-2.42582e-05
-4.70946e-05
-5.28094e-05
-7.10397e-05
0.000282519
0.000292643
0.000308101
0.000334834
0.000368075
0.000405994
0.000446545
0.000485758
0.000481547
0.000485274
0.000497504
0.00048677
0.000437095
0.000405503
-0.000247536
-0.000113609
-1.03021e-05
0.000143338
0.000118558
9.16864e-05
6.23717e-05
4.10244e-05
1.31704e-05
-2.91729e-05
-4.69628e-05
-6.42464e-05
0.000310937
0.000305068
0.000336624
0.000368317
0.000395601
0.000441983
0.000467072
0.000470843
0.000470564
0.000466323
0.000438121
-0.000250381
-8.78707e-05
1.45119e-05
0.00012546
9.36004e-05
5.77201e-05
3.13695e-05
9.56017e-06
-2.03039e-05
-4.2635e-05
-6.04252e-05
-8.55809e-05
0.00029788
0.000335647
0.000357868
0.000384602
0.000413346
0.000433558
0.000440307
0.00047404
0.000505264
0.000514045
0.000508807
0.000457106
0.000396565
-0.000276958
-0.000147507
-2.56398e-05
0.000123657
0.000102654
8.43291e-05
5.50326e-05
3.32209e-05
1.37566e-06
-1.09198e-05
-3.67642e-05
-5.35712e-05
-7.73907e-05
0.000255273
0.000284119
0.000316071
0.000324182
0.000365926
0.000406628
0.000442877
0.00046358
0.00049429
0.000523019
0.000534728
0.000544457
0.000529718
0.000515485
0.000515257
0.000468075
0.000415495
-0.000249632
-2.70032e-05
-4.19426e-05
-5.41783e-05
-7.84236e-05
0.000247108
0.000264862
0.000292652
0.000327888
0.000366309
0.000386432
0.000427669
0.000459406
0.000538097
0.000488553
0.000422043
-0.00013981
-7.89374e-06
0.000122037
0.00010526
8.54457e-05
5.95871e-05
2.32306e-05
7.42194e-06
8.69791e-06
-5.44603e-06
0.000476294
0.000498084
0.000523285
0.000549006
0.000570201
0.00058246
0.000588674
0.000570406
0.000558258
-0.000184147
-5.75827e-05
0.000145783
0.000125998
8.8094e-05
7.0782e-05
5.14588e-05
3.43566e-05
1.03993e-05
-9.4444e-06
-2.57013e-05
-4.59486e-05
0.000243903
0.000252452
0.000273549
0.000301756
0.000345004
0.000388699
0.000407927
0.000447558
0.00048394
0.000513667
0.000543379
0.000579064
0.00060078
0.000634498
0.000638687
0.000622444
0.000589702
0.000553502
0.000481341
0.000417271
-0.000190839
-3.86501e-05
0.000160911
0.000156216
0.000128418
0.000105107
8.12579e-05
5.19287e-05
2.71254e-05
4.27341e-06
-1.75217e-05
-3.38224e-05
-4.14884e-05
0.000255539
0.000283645
0.000316393
0.000359134
0.000385824
0.000411039
0.000432292
0.000462002
0.000490272
0.000523484
0.000549205
0.000602878
0.000611132
0.000642305
0.000617544
0.000614287
0.000568081
0.000497915
0.000439325
-0.000221718
-9.47679e-05
-6.53512e-06
0.000169406
0.000148102
0.000131044
9.80048e-05
6.76488e-05
3.43289e-05
1.70153e-05
-1.38028e-05
-2.55923e-05
-4.33234e-05
0.000240176
0.000265053
0.000274304
0.000320544
0.000365758
0.000380504
0.000410693
0.000450933
0.000457653
0.000489913
0.00053368
0.00055285
0.000603038
0.000642743
0.000639963
0.000648143
0.000634402
0.000573751
0.000508052
0.000425972
-0.000220518
-8.58759e-05
5.74148e-06
0.000160114
0.000151341
0.000116964
9.54994e-05
8.24272e-05
4.35387e-05
1.21704e-05
-2.11355e-05
-3.29247e-05
-3.72923e-05
0.000244383
0.000271461
0.000303733
0.000344956
0.000369693
0.000399405
0.000438619
0.00046687
0.000503552
0.000536793
0.000565352
0.000584781
0.000611963
0.000622889
0.000672885
0.000648813
0.000576622
0.000504474
0.000405424
-0.000260538
-0.000105008
1.48702e-05
0.000181215
0.000168032
0.000146193
0.000125916
8.29794e-05
6.10423e-05
5.44711e-05
2.91332e-05
1.18637e-05
7.08766e-06
4.82769e-06
-2.2433e-05
0.000191008
0.000203839
0.000230095
0.000264825
0.000287444
0.000314359
0.000341063
0.000382806
0.000416077
0.000450314
0.000494531
0.000538674
0.000565451
0.000587754
0.000623144
0.000521035
0.000443458
-0.000193032
-5.2482e-05
0.000180514
0.000162695
0.000143835
0.000111351
8.77507e-05
8.14713e-05
6.21624e-05
4.78713e-05
2.80574e-05
1.42726e-05
-3.53175e-06
-4.58967e-06
0.000173611
0.000203894
0.000210254
0.000225477
0.000285728
0.000287475
0.000330187
0.000353327
0.000400748
0.000435462
0.000473706
0.000517445
0.000540129
0.000559399
0.000692638
0.000636001
0.000486461
-0.000161832
-4.47446e-05
0.000190099
0.000176342
0.000150528
0.000126231
0.000114413
0.000103144
8.03083e-05
6.85331e-05
5.06992e-05
4.49844e-05
2.86395e-05
2.13757e-05
0.000173065
0.000173703
0.00019307
0.000226845
0.00025261
0.000278822
0.000310037
0.00033829
0.00037701
0.000399775
0.000440498
0.000471773
0.00049946
0.000534191
0.000571423
0.00064296
0.000509949
-3.45115e-05
0.000206803
0.000194155
0.000177847
0.000159074
0.000138174
0.000116827
0.00011062
9.7327e-05
7.89867e-05
7.1709e-05
5.44537e-05
5.11668e-05
5.5906e-05
5.16648e-05
4.4952e-05
0.00019139
0.000215995
0.00023628
0.000261509
0.000286738
0.00033052
0.00034823
0.000383972
0.000425672
0.000452755
0.00046718
0.000500407
0.000537088
0.000563357
0.000653927
0.000502854
-3.08993e-05
0.000217647
0.000197848
0.000181524
0.000170249
0.000141976
0.000132094
0.000112309
0.000103036
8.67204e-05
8.19729e-05
6.46593e-05
6.1431e-05
6.56635e-05
7.04029e-05
5.5694e-05
0.000165465
0.000175825
0.000191677
0.000219408
0.000243192
0.00026242
0.000305204
0.000335423
0.000370659
0.000419892
0.000433105
0.000464857
0.000496013
0.000524774
0.000563046
0.00057678
0.000628392
0.000496706
-5.74531e-05
0.000224588
0.000220884
0.000208024
0.000187927
0.000164448
0.000161175
0.000137891
0.000128069
0.000133819
0.000109016
0.000100725
8.24429e-05
7.11159e-05
7.28908e-05
7.46079e-05
6.94126e-05
8.28821e-05
0.000139777
0.000146202
0.000150318
0.000176604
0.000203336
0.000216619
0.000231411
0.000264666
0.000291384
0.000326114
0.00036336
0.000400085
0.000435336
0.000474549
0.000510247
0.000553637
0.000673312
0.000512884
0.000239346
0.000223074
0.000206759
0.000192342
0.000195227
0.000167878
0.00016063
0.000144792
0.000128505
0.000117698
0.000107963
8.86397e-05
8.13319e-05
8.20505e-05
8.63272e-05
8.10447e-05
9.4315e-05
0.000100049
0.000100851
0.000125059
0.000135776
0.000150595
0.000166815
0.000199577
0.000217317
0.000239552
0.000270312
0.00030411
0.000328833
0.000355075
0.00039183
0.000430014
0.000476718
0.000514918
0.000683639
0.000566658
0.000438744
-5.82196e-05
0.000240553
0.000237773
0.000214644
0.000187139
0.000173355
0.00015552
0.000149761
0.000142469
0.000128655
0.000109896
9.61113e-05
8.42781e-05
9.00582e-05
0.000101781
8.90088e-05
9.03581e-05
0.000157502
0.000204754
0.000217533
0.000233233
0.000265475
0.000309275
0.000318523
0.000353281
0.000383485
0.000415207
0.0004564
0.000522236
0.000544877
0.000605281
0.000463818
0.000264348
0.000245225
0.000220377
0.000204062
0.00018526
0.000164477
0.000139644
0.000141851
0.000129571
0.00011178
0.000107496
9.66898e-05
0.000100951
0.000100672
0.000162688
0.000177926
0.000207189
0.000250436
0.000271197
0.000296631
0.000325199
0.000368431
0.000400182
0.000443921
0.000493156
0.000533335
0.000675332
0.00051693
0.00043296
0.000282099
0.000251831
0.000244046
0.000218216
0.000192906
0.000184632
0.000167838
0.000149498
0.000134196
0.00011843
9.41468e-05
9.00729e-05
0.000187122
0.000208373
0.000242641
0.000270848
0.000303306
0.00032339
0.000369124
0.00040436
0.000448591
0.000494787
0.000530053
0.000637058
0.000486331
0.000282582
0.000257757
0.000232925
0.000208584
0.000189319
0.000165484
0.000141677
0.0001249
0.000100111
7.72736e-05
7.72198e-05
0.000226309
0.000242249
0.000288843
0.000320074
0.000367297
0.000428041
0.000451768
0.000508
0.000556046
0.000652181
0.000535222
-0.000227147
0.000268347
0.000247521
0.000233215
0.000215425
0.000186624
0.000174365
0.000152078
0.000128764
0.000100462
8.4652e-05
6.45116e-05
6.27307e-05
0.000212559
0.000224942
0.000257545
0.00029248
0.000336725
0.00039796
0.00046167
0.000517382
0.000611704
0.000482792
-0.000140627
-3.01839e-05
0.000254061
0.000245801
0.000210933
0.000198161
0.000185389
0.000156536
0.000147755
0.000119816
0.000105697
7.64261e-05
5.46526e-05
0.000226341
0.000247566
0.00031202
0.000372259
0.000429504
0.000500703
0.00054453
0.000716027
0.000620535
0.000482607
-5.57264e-05
0.000220286
0.000205967
0.000184664
0.000161826
0.000127479
0.00012373
0.000110914
8.91329e-05
4.87853e-05
2.55155e-05
0.000279043
0.000348753
0.000427962
0.000496213
0.000540797
0.000664343
0.000538663
0.000432087
-5.83835e-05
9.32404e-06
0.000207594
0.000183848
0.000146984
0.000155251
0.00016404
0.000114639
8.78118e-05
5.94798e-05
7.10104e-06
-6.23574e-06
0.000284147
0.000332948
0.000410654
0.000494376
0.000549062
0.000595383
0.000685723
0.000590137
0.000464068
-0.000243658
-0.000148918
-3.22745e-05
2.70116e-05
0.000163149
0.000135418
0.000128603
0.000110784
9.14911e-05
6.06432e-05
3.98309e-05
2.75366e-05
1.6791e-05
-1.30324e-05
-3.54612e-05
0.000333376
0.000404617
0.000448847
0.000484251
0.000512323
0.000489557
0.000471869
0.000399664
0.00043286
0.000464091
0.000471318
0.000463606
0.000427063
-0.000238752
-0.000217796
-0.00014203
-9.57014e-05
-4.92735e-05
-1.53831e-05
-5.79603e-07
7.15233e-06
1.14132e-05
1.11645e-05
-6.65384e-06
-1.04032e-05
-5.23566e-05
-6.4803e-05
-7.23618e-05
-9.11786e-05
-0.00011549
-0.000115696
9.1572e-05
0.000104446
0.000110212
0.000130987
0.000144257
0.000155532
0.000176828
0.000174554
0.000168201
0.000163462
0.000119306
0.000188531
0.00021133
0.000264235
0.000290057
0.000304846
0.000328108
0.000334843
0.000343587
0.000340807
0.000342479
0.00034071
0.000336963
0.000319174
0.000309799
0.000301004
0.000289676
0.000280375
0.000268051
0.000272342
0.00026048
0.000257699
6.66793e-05
0.000138291
0.000216846
0.000281381
0.000334779
0.00037703
0.000438266
0.000432537
0.000418218
0.000407353
0.000412078
0.000399247
0.000382918
0.000373617
0.000361813
0.00034343
0.000347156
0.000341874
0.000335044
0.000318715
0.000302877
0.00029006
6.70787e-05
0.000159802
0.000269882
0.000340153
0.000371423
0.000462118
0.000452296
0.000443977
0.000428617
0.000419329
0.000409
0.000395187
0.000382863
0.000374038
0.000360181
0.000342853
0.000340072
0.000313216
0.000302945
6.39135e-05
0.000114498
0.000238229
0.000334493
0.000367895
0.000472024
0.000463793
0.000450963
0.000443627
0.000421759
0.000419991
0.000405121
0.000395819
0.000380994
0.00036718
0.000350851
0.000341564
0.000325263
0.00030189
4.99573e-05
0.000139943
0.000207916
0.000249846
0.000299729
0.00035217
0.000467649
0.000462859
0.00046809
0.000442678
0.000420362
0.0004261
0.000400225
0.000386948
0.000381608
0.000358786
0.000346953
0.000338619
0.000322825
0.000305683
0.000569823
0.000588516
0.000612748
0.000613959
0.000612839
8.60518e-05
0.00013702
0.000206512
0.000283016
0.000322416
0.000344781
0.000371096
0.000390449
0.000472906
0.000468055
0.000467977
0.00045062
0.000432295
0.000420984
0.000417653
0.000394847
0.000381004
0.000361233
0.000345351
0.00033456
0.000312215
0.000304432
0.000294704
0.000556991
0.000589321
0.000614508
0.000636208
0.000644403
0.000644631
0.000620348
0.000607642
9.76559e-05
0.000186956
0.000222828
0.000286795
0.000341281
0.00038172
0.000475769
0.000462029
0.000439178
0.000421836
0.000426531
0.000403233
0.000390403
0.000380088
0.00034674
0.000342918
0.000329595
0.00031279
0.000299525
0.000297317
0.00057193
0.000589676
0.000591869
0.000593479
0.000597314
8.94761e-05
0.000180145
0.000281796
0.000364837
0.000469787
0.000446819
0.000438735
0.000421855
0.00039205
0.000380232
0.00036289
0.000346054
0.000336782
0.000322954
0.000298598
0.000297843
0.000290668
0.000110746
0.000192877
0.000288498
0.000352512
0.000443072
0.000433727
0.000422416
0.000417105
0.000410319
0.000389464
0.000381666
0.000347797
0.000338333
0.000321732
0.00030095
0.000297142
0.000286337
0.000267244
6.7985e-05
0.000112997
0.000167479
0.000258053
0.000321992
0.00035033
0.000373621
0.000377236
0.000389159
0.000390399
0.000380071
0.000379286
0.000357448
0.000344111
0.000329271
0.000313954
0.000298131
0.000283826
0.000283503
0.000263197
0.000245393
0.000243133
4.86036e-05
0.000107475
0.000163166
0.000213555
0.000241387
0.000281756
0.000266945
0.000279709
0.000300037
0.000304255
0.000293406
0.00028778
0.000297419
0.000281624
0.000277833
0.000263976
0.000253677
0.000244896
0.000225038
0.000223254
0.000232029
0.000218809
0.000564565
0.000575188
8.42359e-05
0.000111561
0.000192007
0.000236635
0.00026545
0.000277202
0.00027743
0.000262069
0.00025579
0.000269002
0.000270748
0.000276023
0.000257133
0.000258388
0.000247272
0.000233828
0.000229514
0.00021521
0.000205402
0.000203157
0.000197384
2.63368e-05
8.38563e-05
0.000168487
0.000210917
0.000240781
0.00026507
0.000264271
0.000255982
0.000269223
0.000266459
0.000264155
0.000274909
0.00027813
0.000257824
0.000246007
0.000234665
0.000222392
0.000216106
0.000201801
0.000187497
2.29138e-05
8.15399e-05
0.000149541
0.000200973
0.000222161
0.000251677
0.000279524
0.000301326
0.000305559
0.00031682
0.000297944
0.000282107
0.000280802
0.000257951
0.000235577
0.000215271
0.000209916
0.00018912
2.41349e-05
6.61897e-05
0.00014576
0.00020267
0.000236078
0.000274501
0.000286239
0.000288983
0.000295747
0.000297969
0.000290143
0.000268781
0.000250919
0.000234619
0.000212259
0.000192908
0.000166066
0.000162369
4.62881e-05
8.52986e-05
0.000141761
0.000182651
0.000218016
0.000232982
0.000247639
0.000245871
0.000231017
0.000217666
0.000210864
0.000186466
0.000176702
0.000147315
6.97755e-05
0.000102595
0.000126451
0.000144739
0.000150996
0.000132599
0.000143265
0.000130716
4.56915e-05
7.15863e-05
0.00010244
0.000146859
0.000127998
0.000118161
0.00010484
0.000106583
6.96803e-05
0.000110064
0.000130362
0.000148663
0.000142876
0.000153601
0.000158339
0.00012392
0.000123671
0.000121411
4.5809e-05
9.12022e-05
0.000109204
0.00016464
0.000172401
0.000187623
0.000186882
0.000190088
0.000183258
0.000162417
0.000143572
0.000147678
4.21343e-05
8.63145e-05
0.000131073
0.0001609
0.000188731
0.000195942
0.000188174
0.000185335
0.000164986
0.000142076
0.000134858
6.52671e-05
9.91948e-05
0.000131545
0.000143802
0.000159084
0.000138227
0.000128391
0.000108555
4.48113e-05
7.41349e-05
0.000122203
0.000133985
0.000135195
0.000103278
9.60299e-05
4.88427e-05
9.58858e-05
0.000141506
0.000167182
0.000161364
0.000152019
0.000120131
0.000118854
0.000133122
0.000119147
3.65435e-05
8.63975e-05
0.00014085
0.000182089
0.000195575
0.000190278
0.000188987
0.000193176
0.000181358
0.000170032
0.000149668
0.000132011
3.72656e-05
9.32961e-05
0.000165332
0.000201081
0.000242615
0.000258907
0.000254117
0.000246246
0.000244941
0.000227122
0.000200223
0.000174349
0.000144962
5.70418e-05
0.000142191
0.000202645
0.000243416
0.000255359
0.00028267
0.000290374
0.000273061
0.000257239
0.000231798
0.000204436
0.000178577
0.000141642
0.000136962
5.25993e-05
0.000119706
0.000191206
0.000228792
0.000244428
0.00025819
0.00026144
0.000252601
0.000218181
0.000193813
0.000163905
0.000131495
8.35918e-05
0.000157147
0.000220637
0.000239945
0.000242263
0.000245425
0.00020703
0.000161578
0.000132683
0.000130409
0.000132952
7.47552e-05
0.000143955
0.000227024
0.000249868
0.000264144
0.000274979
0.000243554
0.000218663
0.000203347
0.000180973
0.000168649
0.000171943
0.000151147
5.12362e-05
0.000107302
0.000189433
0.000243364
0.000265167
0.00028746
0.000290752
0.000289507
0.000283706
0.000279422
0.000253029
0.00023317
0.000212316
0.000195018
0.000162117
0.000145898
4.3379e-05
0.000127534
0.0001996
0.000263612
0.000300943
0.000326274
0.000334867
0.000338328
0.000327493
0.000306623
0.000288313
0.000260907
0.00023703
0.000202611
0.000177288
0.000157452
5.70892e-05
0.000130702
0.00021529
0.000279272
0.00031565
0.000330931
0.000344187
0.000338891
0.00031899
0.000298514
0.000273824
0.00024344
0.000209513
0.00018821
0.00015836
4.3594e-05
0.000101463
0.000190835
0.000244246
0.000297195
0.00032147
0.000324706
0.000304357
0.000266439
0.000245048
0.000210644
0.000185754
0.000165434
0.000141174
5.52368e-05
0.000101231
0.000190213
0.000262932
0.00030333
0.00032415
0.000314774
0.000274832
0.000217827
0.000209493
0.000187164
0.00016333
0.000147984
0.00014023
2.40382e-05
9.31623e-05
0.000200351
0.000259709
0.000309836
0.000346794
0.000355241
0.000346106
0.000311687
0.000290326
0.000271958
0.00026562
0.000240224
0.000221928
0.000199569
0.000177209
0.000166
5.63028e-05
0.000148086
0.000260277
0.000319467
0.00038556
0.00036618
0.000341811
0.000318916
0.000291538
0.000262644
0.000226765
0.000206907
0.000181764
8.04067e-05
0.00020256
0.000301217
0.000387409
0.00037163
0.000348735
0.000307333
0.000282443
0.000250047
0.000221196
0.000191809
0.000183579
0.000104057
0.000231436
0.000308615
0.000394486
0.000362288
0.000343428
0.000314517
0.000277612
0.00025226
0.000215382
0.00019953
0.000180274
0.000642042
0.000690822
0.000706566
0.000708745
0.000690365
0.000102648
0.000229561
0.000306183
0.000394538
0.000373287
0.000346415
0.000322018
0.000300656
0.000277284
0.000256935
0.000229543
0.000206735
0.000209493
0.000615534
0.000643833
0.000681022
0.000718181
0.000744118
0.000756147
0.000773352
0.000769588
0.00075333
0.000739531
0.00071081
2.73152e-05
0.000123551
0.000250436
0.000380527
0.000366388
0.000347543
0.000328697
0.000304805
0.000276386
0.00025206
0.000224699
0.000209887
0.000599231
0.000620059
0.00065275
0.000686945
0.000724625
0.000787249
0.000802852
0.00082176
0.000828481
0.000842142
0.000838393
0.000837102
0.000792834
0.000736003
0.000311571
0.000406543
0.000397389
7.42382e-05
0.000197594
0.000305427
0.000430169
0.000418433
0.000399573
0.000382202
0.000345772
0.000325452
0.000298076
0.000277726
0.000253371
0.000224996
0.000607584
0.000652783
0.000691982
0.000733146
0.000781802
0.000824991
0.000854154
0.000874254
0.000894146
0.000895848
0.000868585
0.000841295
0.000762626
0.000720007
0.000106273
0.000257916
0.00043707
0.000413542
0.000382621
0.000358252
0.000330398
0.00030448
0.000278174
0.000245778
0.000233065
0.00058523
0.000609021
0.000643722
0.000681908
0.000708077
0.000743762
0.000803408
0.000849085
0.00086133
0.000880471
0.000857578
0.000867984
0.000835719
0.000739061
3.47835e-05
0.000167274
0.000297222
0.00044913
0.000423777
0.000391874
0.000358988
0.000336613
0.000298724
0.000272879
0.000244995
0.000593667
0.000634935
0.00066161
0.000687331
0.000723001
0.000745209
0.000791839
0.000871961
0.000918621
0.000936331
0.000963961
0.000941113
0.000902512
0.000841325
0.000759112
0.000709083
0.000236209
0.00056287
0.000596133
0.000631059
0.000658185
0.000796434
0.000736363
3.53869e-05
0.00017672
0.000285766
0.000451443
0.00042174
0.000390893
0.000362488
0.00035417
0.000316772
0.00029995
0.000268061
0.000247359
0.000676067
0.000706341
0.000742487
0.000783161
0.000830832
0.000858969
0.000890185
0.000920345
0.000935092
0.000958747
0.000910433
0.00085743
8.36091e-05
0.000210002
0.000451139
0.000419266
0.000401895
0.000365986
0.000344638
0.000313718
0.000324502
0.00028155
0.000289832
0.000250512
0.000569155
0.000599388
0.000644558
0.000683727
0.000728645
0.000771192
0.000812356
0.000850036
0.000892199
0.000914531
0.000960764
0.000905452
0.000827455
0.000748348
7.68719e-05
0.000201402
0.000462559
0.000432174
0.000408847
0.000404027
0.000376635
0.00034074
0.000325452
0.000295066
0.000278721
0.000264908
0.000557055
0.000566768
0.000600052
0.000639236
0.000689916
0.000732107
0.000775492
0.000812052
0.000861735
0.000905893
0.000967016
0.00088536
0.000770428
0.000203488
0.000252354
0.000470046
0.000446552
0.000445753
0.000405868
0.000392024
0.000364647
0.000338803
0.000328488
0.000305652
0.000283292
0.000584551
0.000635231
0.000678925
0.000724617
0.000769296
0.000819516
0.000847737
0.000904374
0.000977449
0.000898362
0.000781272
0.000284383
0.000502264
0.000462393
0.000439036
0.000415708
0.000391815
0.000368979
0.000344117
0.000339312
0.00030732
0.000292311
0.00058724
0.000631413
0.000674631
0.000720799
0.000761487
0.000790204
0.000832438
0.000883058
0.000912831
0.000989926
0.000918336
0.000776243
0.000166273
0.000497361
0.000488118
0.00045221
0.000428391
0.000414085
0.000385681
0.000363335
0.000346023
0.000321682
0.000296344
0.000592523
0.000627883
0.000664624
0.000723748
0.000776974
0.0008065
0.000858394
0.000884057
0.000916734
0.000998935
0.000960778
0.000828676
0.000725722
0.000208219
0.000274857
0.000484648
0.000452111
0.000423751
0.000398875
0.000382039
0.000353173
0.000331869
0.000314035
0.000287178
0.000275434
0.000589101
0.000656309
0.000692529
0.000748183
0.000801856
0.000847533
0.000889762
0.000919822
0.000985419
0.00091683
0.0007847
0.000111878
0.000218208
0.000295357
0.000455716
0.000441396
0.000417533
0.000393164
0.000369315
0.00034298
0.000325638
0.000303799
0.000282466
0.000269218
0.00058331
0.000632618
0.000694361
0.00075201
0.000821677
0.000859343
0.000903388
0.000925877
0.000977589
0.000929931
0.000865736
0.000770122
0.000117387
0.000267812
0.000441387
0.000434163
0.000422833
0.000408561
0.000381661
0.000362353
0.000334455
0.000307107
0.000277764
0.000254406
0.000256122
0.000585305
0.000627101
0.000701294
0.000754491
0.000803651
0.000837874
0.000883598
0.000920771
0.000925482
0.00093466
0.000941381
0.000967976
0.000949268
0.000918478
0.000870291
0.000794601
0.000717068
0.000102975
0.000299768
0.000286431
0.000269611
0.000274878
0.000271629
0.000233856
0.000629864
0.000675452
0.00071167
0.000740894
0.000766571
0.000777313
0.000780012
0.000796234
0.000798457
0.000787188
0.000764915
0.000715775
0.000222959
0.000319621
0.000389673
0.000394368
0.000395667
0.000412071
0.000380183
0.000376375
0.000356532
0.000329676
6.00365e-05
0.000120578
0.000175031
0.000205915
0.000216624
0.000238295
0.000250296
0.000249019
0.000250216
0.000247407
0.000232104
0.000207735
0.000191882
0.000175553
0.000167334
0.000389569
0.000403456
0.000427745
0.000455027
0.000447214
0.000445433
0.000450604
0.000446908
0.000407426
0.000445793
0.00046359
0.000479839
0.000491577
0.000491775
0.000504973
0.000503205
0.000490332
0.00048336
0.000481793
0.000480994
0.00039848
0.00044173
0.000468014
0.000480243
0.000494512
0.000496735
0.000507967
0.000501094
0.000500859
0.000492974
0.000492911
0.000483438
0.000482177
0.00039863
0.000422398
0.000438677
0.000452901
0.000457134
0.00046585
0.000470053
0.000476311
0.000482019
0.000482233
0.000477127
0.000409072
0.00044177
0.000447016
0.000461225
0.000481538
0.000481722
0.000484957
0.000485113
0.000483865
0.000481719
0.000403668
0.000425067
0.000459868
0.000488714
0.000504486
0.000509181
0.000510869
0.00050002
0.000496719
0.000494907
0.000489626
0.000490455
0.000413803
0.000452676
0.000478007
0.000500286
0.000507021
0.000505195
0.000502415
0.000499114
0.000494236
0.000497516
0.000492668
0.000394551
0.000413125
0.000429734
0.000445506
0.000465805
0.000468549
0.000454693
0.000451391
0.000366718
0.000370079
0.000368288
0.00040163
0.000403318
0.000415533
0.000415269
0.000404926
0.000369921
0.00041919
0.000455539
0.000463763
0.00047903
0.000473705
0.000439748
0.00042339
0.000414653
0.000345118
0.000393614
0.00044707
0.000492919
0.000509703
0.000505361
0.000504562
0.000457548
0.000424141
0.000411379
0.000361303
0.000407826
0.00044719
0.000491102
0.000508334
0.000511541
0.000482573
0.000444164
0.000409424
0.000388177
0.000457595
0.00050871
0.000570624
0.000567339
0.000544386
0.000501407
0.000444344
0.000417979
0.000414045
0.000379616
0.000454703
0.000544828
0.000572631
0.00060042
0.00058101
0.000549584
0.000537694
0.000521337
0.000498904
0.000482531
0.00046973
0.000449027
0.000396251
0.000500925
0.000556233
0.000617408
0.000621048
0.000632251
0.000628907
0.000623581
0.000608698
0.000605354
0.000577457
0.000565075
0.000530656
0.000506764
0.000471824
0.000458598
0.000352312
0.000457059
0.000557712
0.000617821
0.000647134
0.00068728
0.000680525
0.000663154
0.00063368
0.000600201
0.000575817
0.000543379
0.00051901
0.000484055
0.000380015
0.000500297
0.000598448
0.000687513
0.000662591
0.000631166
0.000596718
0.000577338
0.000543411
0.000512967
0.000480573
0.000466291
0.000962883
0.000994665
0.00100082
0.000995047
0.000361953
0.000486747
0.000598939
0.000669477
0.000634017
0.000620638
0.000600751
0.00056127
0.000528355
0.000500457
0.000475553
0.000940982
0.000975453
0.00100615
0.00102534
0.00103201
0.00101918
0.000997443
0.00098426
0.000333238
0.000397351
0.000543764
0.000629921
0.000689992
0.000670216
0.000662374
0.000645451
0.000618538
0.000598145
0.000577766
0.000553353
0.000523937
0.000493508
0.000474736
0.000954519
0.00100119
0.00102881
0.00105851
0.00106965
0.00108179
0.00106954
0.00103277
0.00100314
0.000351664
0.000563924
0.000536738
0.000504328
0.000493648
0.000965509
0.0010207
0.00104081
0.0010745
0.00109265
0.00109183
0.00108155
0.00105323
0.00101858
0.000463151
0.000581157
0.000713769
0.000686334
0.000657425
0.000629989
0.000598057
0.000580797
0.000356024
0.000461371
0.000584118
0.000635601
0.000727004
0.00070109
0.000673207
0.000640784
0.00060434
0.000573926
0.000550569
0.000521168
0.00051444
0.000968647
0.00102382
0.00107498
0.00108516
0.00112528
0.00111153
0.00105873
0.00101542
0.000351297
0.000507393
0.00060206
0.000727901
0.000703979
0.000660999
0.000627608
0.000606217
0.000564249
0.00053991
0.000508527
0.00096938
0.0010505
0.00109363
0.0011053
0.0010965
0.00105975
0.0010417
0.000405313
0.000500383
0.000606868
0.000715926
0.000685847
0.000669475
0.000628028
0.0006036
0.0005707
0.000545796
0.0005109
0.000494203
0.000934338
0.000954126
0.000962842
0.000990978
0.00103463
0.00107227
0.00106902
0.0010422
0.00101356
0.000402251
0.00052863
0.000625799
0.00066759
0.000649772
0.000610307
0.000596303
0.000587654
0.000554263
0.000537414
0.000508012
0.000494661
0.000946409
0.000979441
0.000996109
0.00100679
0.00100254
0.00100819
0.000996963
0.000987742
0.000408868
0.000521464
0.000584449
0.000629299
0.000655093
0.00065172
0.00062229
0.0005547
0.000549433
0.000532004
0.000508097
0.000500777
0.000477868
0.000456235
0.000976134
0.000368359
0.00038532
0.000403132
0.000388726
0.000397977
0.000425656
0.000441993
0.000672429
0.000696894
0.000713158
0.000712301
0.000697519
0.000660727
0.000699287
0.000725557
0.000739767
0.000735455
0.00071551
0.00069569
0.00067044
0.000723368
0.000756687
0.000770407
0.000750953
0.000720049
0.000657201
0.000709324
0.000767385
0.000797076
0.000810289
0.000759732
0.000714943
0.000635891
0.000682385
0.000757372
0.000812469
0.000801439
0.000807133
0.000781694
0.000756269
0.000765462
0.000742076
0.000738673
0.000677659
0.000749173
0.000790542
0.000827381
0.000854129
0.000864854
0.000857013
0.000851615
0.000845769
0.000826851
0.000802468
0.000762511
0.000751193
0.00067028
0.000735262
0.000796699
0.000848277
0.00087994
0.000889118
0.000887784
0.000881388
0.000869021
0.000846112
0.000815656
0.000784244
0.000759326
0.000648916
0.000724988
0.000793453
0.000827242
0.000840001
0.000846743
0.000838367
0.000829528
0.000808094
0.000773111
0.000739184
0.000731467
0.000663856
0.000728374
0.000786775
0.000789446
0.000753003
0.000736617
0.000728226
0.000714934
