-0.000272612
-0.000259572
-0.000261735
-0.000286358
-0.00028642
-0.000285632
-0.000287105
-0.000287
-0.000285861
-0.000286235
-0.000287007
-0.000285193
-0.000285373
-0.000285696
-0.000286656
-0.000283716
-0.000283812
-0.000285457
-0.000285353
-0.000286223
-0.000285538
-0.000284152
-0.000285022
-0.000284814
-0.000284482
-0.000297762
-0.000297864
-0.000298217
-0.000297782
-0.000310542
-0.000297989
-0.000310979
-0.000310419
-0.000309122
-0.000309038
-0.000310156
-0.00030913
-0.000310198
-0.00025485
-0.000253365
-0.000277193
-0.000276904
-0.000276573
-0.000276739
-0.000277733
-0.000276456
-0.000273722
-0.00027567
-0.000278314
-0.000273224
-0.000275025
-0.000274406
-0.000279073
-0.000277539
-0.000277008
-0.000276206
-0.000277283
-0.000277677
-0.000276995
-0.000276684
-0.000276932
-0.000276372
-0.000276889
-0.000275628
-0.000274447
-0.00027602
-0.000277969
-0.000274537
-0.000274579
-0.00027756
-0.000275822
-0.00027992
-0.000279942
-0.000276506
-0.000276651
-0.000277397
-0.000278411
-0.000274518
-0.000274475
-0.000272324
-0.000276195
-0.000276796
-0.000272821
-0.000275326
-0.000273565
-0.000270729
-0.000273277
-0.000273794
-0.000274539
-0.000274436
-0.000274838
-0.000275458
-0.000275231
-0.0002749
-0.000271379
-0.000272579
-0.000273472
-0.000272664
-0.000272934
-0.000273181
-0.000270726
-0.0002731
-0.000271147
-0.000272355
-0.000270839
-0.000270617
-0.000283589
-0.000282939
-0.000281848
-0.000282105
-0.000282285
-0.000284305
-0.000201413
-0.00020116
-0.000206631
-0.000207318
-0.000207685
-0.000207713
-0.000208329
-0.000208368
-0.000208183
-0.000210633
-0.000217863
-0.000217588
-0.000217151
-0.000218742
-0.000218293
-0.000218826
-0.000219276
-0.000220405
-0.000210052
-0.000218893
-0.000220576
-0.000220671
-0.000220485
-0.000220177
-0.000217971
-0.000218932
-0.000218622
-0.000219862
-0.000215787
-0.000213499
-0.000217227
-0.000220042
-0.000214772
-0.000243241
-0.00022372
-0.000244071
-0.000244735
-0.000242519
-0.000243787
-0.000243724
-0.000243371
-0.000245195
-0.000245236
-0.000244892
-0.000244706
-0.0002434
-0.000244145
-0.000244065
-0.000243754
-0.000245661
-0.000244501
-0.000243383
-0.000242597
-0.000241
-0.000242721
-0.00024475
-0.000243364
-0.000244131
-0.000244273
-0.000244772
-0.000243735
-0.000244608
-0.000245331
-0.00024239
-0.000242888
-0.000247343
-0.000245003
-0.000243228
-0.000245507
-0.00024364
-0.00024356
-0.000244555
-0.000244806
-0.000243997
-0.000243787
-0.000248472
-0.000245882
-0.000245571
-0.000242092
-0.000242943
-0.000241306
-0.000240021
-0.000246506
-0.000246629
-0.000242737
-0.000241574
-0.00024578
-0.000245098
-0.000244063
-0.000244809
-0.000243262
-0.000244131
-0.000244422
-0.000243365
-0.00024198
-0.000242952
-0.000241917
-0.000242269
-0.000241151
-0.000241877
-0.000241669
-0.000242624
-0.00024397
-0.000242458
-0.000243806
-0.000246705
-0.000244698
-0.000243536
-0.00024478
-0.000244676
-0.000243621
-0.000244861
-0.00024286
-0.00024286
-0.000242075
-0.000242695
-0.000242986
-0.000243132
-0.000241725
-0.00024222
-0.000242139
-0.000241828
-0.000242381
-0.000242858
-0.000242734
-0.00026909
-0.000270397
-0.000270332
-0.000269106
-0.000269602
-0.000269521
-0.000269293
-0.00027008
-0.000269977
-0.00026986
-0.000269777
-0.000270048
-0.000270191
-0.000270708
-0.000269301
-0.00027042
-0.000270192
-0.000270131
-0.000270626
-0.000268345
-0.000266359
-0.00026956
-0.000268581
-0.000268457
-0.000155311
-0.000155208
-0.000155518
-0.000155207
-0.000156179
-0.000155951
-0.000155658
-0.000156035
-0.000155242
-0.000177848
-0.00017849
-0.000177952
-0.000178447
-0.000178469
-0.000178251
-0.000178854
-0.000178306
-0.000179606
-0.000178776
-0.000179646
-0.000179916
-0.000177569
-0.000177465
-0.00017954
-0.00017838
-0.000179006
-0.000180212
-0.000179402
-0.000178758
-0.000179605
-0.000179172
-0.000178361
-0.000179463
-0.000179254
-0.000178839
-0.000178028
-0.0001789
-0.00017735
-0.000178525
-0.000179583
-0.000179583
-0.00017784
-0.000178089
-0.00017838
-0.000178046
-0.000177257
-0.000177756
-0.000178649
-0.000177467
-0.000178574
-0.000178966
-0.000177326
-0.000177617
-0.00017965
-0.000178593
-0.000178633
-0.000178447
-0.000178344
-0.000178738
-0.000185041
-0.000182353
-0.000185317
-0.000177264
-0.00018484
-0.00017747
-0.000192616
-0.000177907
-0.000192131
-0.000190513
-0.000191261
-0.000193064
-0.000190264
-0.000190168
-0.0001951
-0.000195804
-0.000191205
-0.000196137
-0.000194365
-0.000200218
-0.000198277
-0.000195868
-0.000195016
-0.000194311
-0.0001951
-0.000194637
-0.000194278
-0.000193295
-0.00019428
-0.000195723
-0.000187765
-0.000194044
-0.000186996
-0.000193026
-0.000193587
-0.000197034
-0.000193637
-0.000194261
-0.000197822
-0.000192932
-0.000193721
-0.000198072
-0.000193245
-0.000193867
-0.000196621
-0.000197741
-0.000193271
-0.000194663
-0.000197367
-0.000196982
-0.000196819
-0.000198367
-0.000199907
-0.000201182
-0.000192226
-0.000201865
-0.000195866
-0.000198787
-0.000197968
-0.00019885
-0.000198745
-0.00019889
-0.000198579
-0.00019993
-0.00019704
-0.000199926
-0.00019923
-0.000199683
-0.0002016
-0.00020079
-0.00020234
-0.000202065
-0.000195995
-0.000201963
-0.000203062
-0.00020169
-0.000200967
-0.000200303
-0.000194514
-0.000203882
-0.00019989
-0.000202001
-0.000200472
-0.000201194
-0.000201286
-0.000201224
-0.000203655
-0.000206249
-0.000203345
-0.000210206
-0.000210097
-0.000206186
-0.000210056
-0.000209664
-0.000210515
-0.000207986
-0.000211855
-0.000212775
-0.000212036
-0.000211551
-0.000213211
-0.000210241
-0.000216989
-0.000210836
-0.000217612
-0.000209174
-0.00021096
-0.000207441
-0.000210026
-0.000211804
-0.000211267
-0.000206951
-0.000211625
-0.000210651
-0.00020972
-0.000210935
-0.000209732
-0.000209547
-0.000214995
-0.000218844
-0.000210613
-0.000208224
-0.000213038
-0.000207395
-0.000212926
-0.000210782
-0.000213472
-0.000212574
-0.000219207
-0.000211726
-0.000209771
-0.000210587
-0.000215217
-0.000205076
-0.000212186
-0.000210967
-0.000212768
-0.000212808
-0.000213017
-0.000213121
-0.000212023
-0.000213183
-0.000212543
-0.000210386
-0.000214452
-0.000211877
-0.000213441
-0.00021311
-0.000211827
-0.00021249
-0.000212242
-0.00021249
-0.000219909
-0.00021359
-0.000220116
-0.000211962
-0.000214976
-0.000205386
-0.00021353
-0.000208183
-0.000213676
-0.000213095
-0.000215789
-0.000213636
-0.000210447
-0.00022155
-0.000211422
-0.000209972
-0.000214932
-0.000210335
-0.000211617
-0.000218494
-0.000211659
-0.000212115
-0.000220732
-0.000214943
-0.000211786
-0.000215163
-0.000219201
-0.00021887
-0.000219064
-0.000220702
-0.000218888
-0.00021875
-0.000220491
-0.000219434
-0.000219706
-0.000219622
-0.000220266
-0.000220284
-0.00021756
-0.000218784
-0.000219177
-0.000218867
-0.000218198
-0.000219551
-0.000218358
-0.000218551
-0.000241118
-0.000241366
-0.000233718
-0.000233521
-0.000241976
-0.000241914
-0.000239328
-0.0002397
-0.000240797
-0.000239657
-0.000241448
-0.000241011
-0.000241655
-0.000241324
-0.000241346
-0.000241614
-0.000243457
-0.0002412
-0.000240042
-0.000241615
-0.000240332
-0.000238208
-0.000239596
-0.000239038
-0.000238272
-0.000238887
-0.000239675
-0.000238971
-0.00023817
-0.000238089
-0.000237882
-0.00023813
-0.000237573
-0.000236663
-0.000237057
-0.000237801
-0.000237946
-0.00023749
-0.000235739
-0.00023665
-0.000236205
-0.000235985
-0.000234793
-0.000234821
-0.000235754
-0.000235671
-0.000234988
-0.000235608
-0.000152107
-0.000152114
-0.000152044
-0.000151816
-0.000152247
-0.000152518
-0.000151953
-0.000151872
-0.000151659
-0.000151909
-0.000151339
-0.000150776
-0.000151426
-0.000151257
-0.000151506
-0.000151671
-0.000151713
-0.000151648
-0.00015165
-0.000152164
-0.000152084
-0.000150093
-0.000151424
-0.000152189
-0.000150446
-0.000152123
-0.000152148
-0.000151852
-0.000152207
-0.000152726
-0.000152038
-0.000152955
-0.00015202
-0.000151485
-0.000152984
-0.00015328
-0.000153447
-0.000152886
-0.000152428
-0.000151555
-0.000152489
-0.000151223
-0.000151243
-0.000151532
-0.000150972
-0.000150659
-0.000151406
-0.00015108
-0.000150727
-0.000151742
-0.000151723
-0.000152362
-0.000151346
-0.000150712
-0.000150494
-0.00015084
-0.00015054
-0.000151051
-0.000150866
-0.000149621
-0.000150491
-0.000149827
-0.000149454
-0.000148519
-0.000149537
-0.00014912
-0.000148766
-0.000149305
-0.000148954
-0.000151553
-0.000149977
-0.000148933
-0.000149431
-0.000148723
-0.00014844
-0.000147505
-0.000147015
-0.000148796
-0.000147008
-0.000148195
-0.000147526
-0.000145371
-0.000144333
-0.000151177
-0.000152207
-0.000152939
-0.000151438
-0.000151218
-0.000176787
-0.000176953
-0.000176891
-0.00017683
-0.000177306
-0.000176394
-0.000176062
-0.000177147
-0.000177438
-0.000176877
-0.000177149
-0.000178953
-0.000177419
-0.000176984
-0.000178581
-0.00017551
-0.000175551
-0.000177039
-0.000174495
-0.000175512
-0.000175159
-0.000175533
-0.000176529
-0.000175389
-0.000175284
-0.00017628
-0.000176427
-0.000176117
-0.000176384
-0.000176042
-0.000175107
-0.000174797
-0.000175066
-0.000174259
-0.000174632
-0.000172765
-0.000172662
-0.000174385
-0.000173596
-0.000175126
-0.000174464
-0.000174948
-0.000173954
-0.000174618
-0.00017416
-0.000173831
-0.000174576
-0.000173894
-0.000173583
-0.000180465
-0.000177995
-0.000174359
-0.000174276
-0.000179998
-0.000174463
-0.000179812
-0.0001795
-0.000179378
-0.000179564
-0.000188353
-0.000177369
-0.000179449
-0.000180124
-0.00017671
-0.000181548
-0.00018233
-0.000181246
-0.000185468
-0.000176149
-0.000182689
-0.000178466
-0.000179668
-0.000177181
-0.00018207
-0.000179395
-0.000182408
-0.000182302
-0.000188146
-0.000181217
-0.000183695
-0.000182963
-0.00018273
-0.000183686
-0.000186177
-0.000183034
-0.000184453
-0.000180813
-0.000186457
-0.000189888
-0.000185431
-0.000192665
-0.000190904
-0.000186279
-0.00018918
-0.000185652
-0.000192792
-0.000184868
-0.000197164
-0.000191957
-0.000191867
-0.000188127
-0.000190204
-0.000192377
-0.000190744
-0.000193207
-0.000188295
-0.00019134
-0.000191816
-0.00019155
-0.000184515
-0.000191303
-0.000191673
-0.000190412
-0.000189853
-0.000194671
-0.000192651
-0.000193694
-0.000193152
-0.000190796
-0.00018955
-0.000196346
-0.000190921
-0.000204129
-0.000190579
-0.000194225
-0.000193135
-0.000191904
-0.000189294
-0.000194586
-0.000191011
-0.000196084
-0.00019591
-0.000196211
-0.000191966
-0.000196315
-0.000195955
-0.000196067
-0.000196834
-0.00019865
-0.000194202
-0.000198025
-0.00019799
-0.000196616
-0.00019786
-0.000195561
-0.000196293
-0.000196833
-0.000196225
-0.00020024
-0.000195556
-0.000204712
-0.000197239
-0.000199746
-0.000190229
-0.000198489
-0.000193168
-0.000197517
-0.000198247
-0.000196558
-0.000196273
-0.00019989
-0.000197731
-0.000199293
-0.00019887
-0.000197668
-0.00019686
-0.000199411
-0.000199471
-0.000196453
-0.000199845
-0.000200821
-0.000201296
-0.000200781
-0.000200564
-0.000205459
-0.000200112
-0.000202406
-0.000201835
-0.000200512
-0.000203977
-0.000200953
-0.000202488
-0.000201491
-0.000201526
-0.000202228
-0.000198997
-0.000204686
-0.000205051
-0.000203872
-0.000201054
-0.000201842
-0.000201657
-0.000201781
-0.000201305
-0.000204625
-0.000203912
-0.000203151
-0.000201756
-0.000216859
-0.000202336
-0.000205546
-0.000207262
-0.000207338
-0.000208283
-0.000208543
-0.000201972
-0.000209926
-0.000202337
-0.000209213
-0.000204637
-0.000206247
-0.000206179
-0.000206746
-0.00020658
-0.000208177
-0.000207298
-0.000208449
-0.000206653
-0.000216899
-0.000205379
-0.000206445
-0.000207044
-0.000206586
-0.000205465
-0.000206616
-0.000209543
-0.00019793
-0.000208816
-0.000206608
-0.000208885
-0.000203408
-0.000209199
-0.000203119
-0.000205116
-0.000202409
-0.000214869
-0.000204846
-0.000215015
-0.000215305
-0.000213168
-0.00021495
-0.000213852
-0.00021473
-0.000213668
-0.000211137
-0.000211062
-0.000210856
-0.000211003
-0.000211272
-0.000211895
-0.000211458
-0.000211255
-0.000210447
-0.000212019
-0.00021229
-0.00011439
-0.000114412
-0.000113495
-0.000113641
-0.000114033
-0.000114075
-0.000114112
-0.000114258
-0.000114914
-0.000114692
-0.000114394
-0.000114893
-0.000112779
-0.000112008
-0.00011212
-0.000112307
-0.000143198
-0.000143633
-0.000150036
-0.000149951
-0.000142135
-0.000146988
-0.000146001
-0.000142342
-0.000146945
-0.000143462
-0.000150894
-0.000146223
-0.000145025
-0.000144893
-0.00014584
-0.000145032
-0.000145779
-0.000144561
-0.000144757
-0.000145151
-0.000142805
-0.000144134
-0.000142931
-0.000141956
-0.000142993
-0.000143575
-0.000144658
-0.000142787
-0.000148927
-0.000140558
-0.000147587
-0.000141671
-0.00014195
-0.000142775
-0.000142859
-0.000141581
-0.000140704
-0.000141703
-0.000141182
-0.00014106
-0.000142074
-0.000141807
-0.000141412
-0.000140688
-0.000140667
-0.000140461
-0.000140731
-0.000147681
-0.000137418
-0.000151192
-0.000150156
-0.000148271
-0.000149493
-0.000145843
-0.00014742
-0.000145928
-0.000143617
-0.000148254
-0.000147798
-0.000147569
-0.000147013
-0.000147053
-0.000147655
-0.000147946
-0.000147388
-0.000146933
-0.000146828
-0.000148053
-0.000145594
-0.000146569
-0.000147672
-0.000146735
-0.000144767
-0.000146469
-0.000146594
-0.000145434
-0.000149167
-0.000148027
-0.000147447
-0.000148048
-0.000146232
-0.000146547
-0.00014849
-0.000149031
-0.000148696
-0.000147311
-0.000148639
-0.000147582
-0.000146193
-0.00014778
-0.000146969
-0.000148673
-0.000147986
-0.000149564
-0.000149481
-0.000150438
-0.000150127
-0.000148491
-0.000147929
-0.000148532
-0.000150156
-0.000171846
-0.000173275
-0.000173236
-0.000173624
-0.000173844
-0.000174228
-0.000173102
-0.000175411
-0.000175416
-0.000174522
-0.000162407
-0.000175331
-0.000174872
-0.000175497
-0.000176242
-0.000175666
-0.000175953
-0.00017492
-0.000177053
-0.000174487
-0.000173907
-0.000176935
-0.000174818
-0.000177088
-0.000177128
-0.000175141
-0.000177046
-0.000175224
-0.000176228
-0.000176105
-0.000173033
-0.000175728
-0.000174193
-0.000176248
-0.000176269
-0.000174904
-0.000175504
-0.000173994
-0.000173784
-0.000175238
-0.000173496
-0.000174812
-0.000174957
-0.000177134
-0.000176927
-0.000177549
-0.000177094
-0.000177738
-0.000176804
-0.000177906
-0.000178421
-0.000176913
-0.000174073
-0.000177092
-0.000176834
-0.000178429
-0.000178221
-0.000176691
-0.000176254
-0.000176649
-0.000179051
-0.000177065
-0.000175181
-0.000177716
-0.000177261
-0.000177181
-0.000178402
-0.000180435
-0.000178942
-0.000182152
-0.000182834
-0.000182794
-0.00018269
-0.000177434
-0.000182484
-0.000188469
-0.000182387
-0.000183247
-0.000182103
-0.000182643
-0.000181829
-0.000182908
-0.000183649
-0.000180133
-0.000181198
-0.000180845
-0.000182816
-0.000182441
-0.000186425
-0.000186291
-0.000186811
-0.000182592
-0.000189527
-0.000182497
-0.000189943
-0.000182392
-0.000182175
-0.000181858
-0.000182646
-0.000185674
-0.000186534
-0.000187086
-0.00017734
-0.000188946
-0.000183217
-0.00018677
-0.000187495
-0.000192897
-0.000192697
-0.000186165
-0.000187021
-0.000191223
-0.00018697
-0.000191265
-0.000184966
-0.000185825
-0.000187561
-0.000189895
-0.000191547
-0.000192656
-0.000189341
-0.000189529
-0.000189631
-0.000191463
-0.00018837
-0.00019253
-0.000193295
-0.00019251
-0.00019266
-0.000193044
-0.000193008
-0.000193598
-0.000190915
-0.000199434
-0.000190004
-0.000191739
-0.000192041
-0.000191609
-0.000192464
-0.000193131
-0.000183285
-0.000192758
-0.00018715
-0.000191459
-0.000191386
-0.000191607
-0.000191884
-0.000192329
-0.000192749
-0.000192918
-0.000192475
-0.000192033
-0.000190696
-0.000192625
-0.00019249
-0.000193433
-0.000192861
-0.000192894
-0.000111666
-0.000112285
-0.000112333
-0.000112767
-0.000113
-0.000112327
-0.000112604
-0.000111826
-0.000111495
-0.000113922
-0.000112865
-0.000112197
-0.000113424
-0.000112135
-0.000111346
-0.000111861
-0.000112113
-0.000111094
-0.000111218
-0.000111922
-0.000111879
-0.000111927
-0.000111761
-0.000112598
-0.000113309
-0.000113868
-0.000113391
-0.00011377
-0.00011404
-0.000112065
-0.000112337
-0.000112006
-0.000112274
-0.000109822
-0.000110447
-0.000110238
-0.000110612
-0.000111131
-0.000110466
-0.0001118
-0.000111386
-0.000111482
-0.000111192
-0.000111981
-0.0001114
-0.000110984
-0.000112311
-0.000111399
-0.000110818
-0.000110494
-0.000111675
-0.000109494
-0.000109889
-0.00011132
-0.000110057
-0.000110096
-0.000111053
-0.000110057
-0.000109704
-0.000110453
-0.000110513
-0.000109613
-0.000109421
-0.00011021
-0.000110389
-0.000111157
-0.000111428
-0.000110307
-0.000110432
-0.000109768
-0.000109415
-0.000110272
-0.000110896
-0.000109756
-0.000109175
-0.000111333
-0.000110668
-0.000111771
-0.000111915
-0.000110297
-0.000111148
-0.000110478
-0.00010989
-0.000110231
-0.00010938
-0.000109537
-0.00010928
-0.000132134
-0.000131386
-0.000131352
-0.000130276
-0.00013193
-0.000132948
-0.000131228
-0.000133052
-0.000129985
-0.000130855
-0.000130049
-0.000130339
-0.000129657
-0.000127892
-0.000131005
-0.000132831
-0.000129432
-0.000129204
-0.000128175
-0.000129026
-0.000126933
-0.000128488
-0.000129713
-0.000127577
-0.000129321
-0.000126564
-0.000126503
-0.000126195
-0.000128579
-0.000124953
-0.000124247
-0.000122737
-0.000124208
-0.00012197
-0.000123443
-0.000127387
-0.000123611
-0.000127084
-0.000126398
-0.000127727
-0.000127646
-0.000126965
-0.000128331
-0.000125246
-0.000126694
-0.000122822
-0.000123547
-0.000121054
-0.000122709
-0.000146642
-0.0001471
-0.000136122
-0.000122333
-0.000137782
-0.000125134
-0.000146553
-0.000123436
-0.000147115
-0.000146628
-0.000146881
-0.000147728
-0.000146607
-0.000147439
-0.000148082
-0.000148332
-0.000147419
-0.000150688
-0.000151357
-0.000147762
-0.000148324
-0.000148112
-0.000146636
-0.000146652
-0.00014805
-0.000147637
-0.000147676
-0.000147348
-0.000147846
-0.000147892
-0.00014708
-0.000150193
-0.000149654
-0.00014549
-0.000147439
-0.000148525
-0.000146866
-0.000152507
-0.000151593
-0.000149628
-0.000150459
-0.000147525
-0.000143588
-0.000147004
-0.000142525
-0.000147691
-0.000147232
-0.000150821
-0.000146697
-0.000150161
-0.000152356
-0.000151653
-0.000150616
-0.000149005
-0.000151282
-0.000150939
-0.000150152
-0.000150651
-0.000153056
-0.000146531
-0.000147401
-0.000148873
-0.000147816
-0.000148794
-0.000149663
-0.000149086
-0.000149065
-0.00015056
-0.000147969
-0.000148593
-0.000150538
-0.000150916
-0.000149754
-0.000149198
-0.000150399
-0.000148648
-0.000148916
-0.000149292
-0.00014898
-0.000149729
-0.000149625
-0.000151099
-0.000150167
-0.000149134
-0.000149401
-0.000154064
-0.000153484
-0.000151341
-0.000152467
-0.000151571
-0.000150109
-0.000150636
-0.000150231
-0.000147498
-0.000148228
-0.000149574
-0.000148762
-0.000148559
-0.000149552
-0.000150901
-0.00015032
-0.000149889
-0.000150488
-0.000149593
-0.000148967
-0.000150279
-0.00015007
-0.000149774
-0.000150022
-0.000150422
-0.000150642
-0.000152386
-0.000152091
-0.000153319
-0.000174024
-0.000174302
-0.000174519
-0.000175206
-0.000176305
-0.000175809
-0.00017575
-0.000175999
-0.000175442
-0.000174984
-0.000174428
-0.000174468
-0.000175339
-0.000175838
-0.000176087
-0.000176002
-0.00017351
-0.000174853
-0.000175602
-0.000175166
-0.000175563
-0.000175353
-0.000175295
-0.000174052
-0.000174531
-0.000173697
-0.000172319
-0.000172444
-0.000172984
-0.000173604
-0.000173627
-0.000173316
-0.000173089
-0.000173462
-0.000172554
-0.00017245
-0.000179293
-0.000176083
-0.000176205
-0.000176058
-0.000172257
-0.000175583
-0.000177262
-0.000178091
-0.000176727
-0.000176332
-0.00010803
-0.000107223
-0.000107666
-0.000108547
-0.000108375
-0.000108063
-0.000108921
-0.000108465
-0.000108612
-0.000109088
-0.000108323
-0.000108818
-0.000108988
-0.000109131
-0.000107742
-0.000108345
-0.000106278
-0.000107012
-0.000107601
-0.000108731
-0.000107625
-0.000107675
-0.000107102
-0.000106439
-0.000107055
-0.000106835
-0.000109151
-0.000107866
-0.000106935
-0.00010793
-0.000107372
-0.000107062
-0.000105653
-0.000107104
-0.000106869
-0.000107778
-0.000107531
-0.000107797
-0.000106083
-0.000106826
-0.000105969
-0.00010599
-0.000107214
-0.000107132
-0.000107508
-0.000107529
-0.000106972
-0.000106782
-0.0001049
-0.000107429
-0.000104264
-0.000107087
-0.000105569
-0.000104962
-0.000106202
-0.00010581
-0.000106642
-0.000106559
-0.000104446
-0.000105546
-0.000101206
-0.000103349
-0.000103021
-0.000104496
-0.000104184
-0.000104582
-0.000104849
-0.000106415
-0.00010488
-0.0001042
-0.000106023
-0.00010698
-0.000104656
-0.000106218
-0.000107562
-0.000105453
-0.000105243
-0.000105819
-0.000104412
-0.000104918
-0.0001198
-0.000104568
-0.000120715
-0.000105745
-0.000119339
-0.000120071
-0.000121912
-0.000116382
-0.000120174
-0.00011984
-0.00012059
-0.000120633
-0.000116012
-0.000116737
-0.000118682
-0.000120577
-0.000120918
-0.000120167
-0.000118609
-0.000119749
-0.000118945
-0.000117577
-0.000117952
-0.000119403
-0.000115158
-0.000114348
-0.000117618
-0.000117853
-0.00011897
-0.000117828
-0.000117346
-0.000114739
-0.000115114
-0.000116561
-0.000116162
-0.000113871
-0.000113819
-0.000115518
-0.000114132
-0.000114026
-0.000111317
-0.000109679
-0.000114718
-0.00011366
-0.000114804
-0.000113371
-0.000115414
-0.000115454
-0.000114174
-0.000114669
-0.000114113
-0.000113658
-0.000113018
-0.000112773
-0.000113067
-0.000113709
-0.000113078
-0.000113779
-0.00014928
-0.000149949
-0.000149749
-0.000149795
-0.000150086
-0.000149154
-0.000150749
-0.000150906
-0.000149782
-0.000149698
-0.000149044
-0.000149088
-0.00014942
-0.00014952
-0.000148755
-0.000149647
-0.000149264
-0.000150255
-0.000148976
-0.000149016
-0.000148191
-0.00014846
-0.000148978
-0.000149351
-0.000149169
-0.000148589
-0.000148951
-0.000149342
-0.000149862
-0.000149778
-0.00014885
-0.000149595
-0.000148562
-0.000148106
-0.000148255
-0.000148524
-0.000147709
-0.00014685
-0.000146437
-0.000146707
-0.000146731
-0.000146418
-0.000146816
-0.000147538
-0.000146506
-0.000146299
-0.000147861
-0.000147198
-0.000147076
-0.000147366
-0.000146313
-0.000147055
-0.00014648
-0.000146044
-0.000145718
-0.000145157
-0.000146407
-0.000146196
-0.000146764
-0.000147091
-5.7567e-05
-5.67351e-05
-5.87481e-05
-5.58861e-05
-5.57401e-05
-5.72559e-05
-5.65829e-05
-5.6712e-05
-5.72092e-05
-5.69673e-05
-5.61924e-05
-5.68154e-05
-5.66267e-05
-5.56906e-05
-5.70408e-05
-5.67301e-05
-5.65176e-05
-5.64168e-05
-5.59778e-05
-5.63742e-05
-5.54656e-05
-5.46482e-05
-5.53601e-05
-5.54836e-05
-5.52635e-05
-5.51579e-05
-5.53937e-05
-5.39063e-05
-5.46742e-05
-5.3882e-05
-5.40097e-05
-5.38007e-05
-5.3967e-05
-5.3758e-05
-5.37793e-05
-5.44233e-05
-5.38412e-05
-5.38834e-05
-5.41542e-05
-5.4242e-05
-5.45337e-05
-5.50663e-05
-5.52191e-05
-5.48312e-05
-5.51801e-05
-5.49843e-05
-5.55119e-05
-9.99787e-05
-0.000100676
-0.000103929
-0.000103922
-0.000104278
-0.000104842
-0.00010403
-0.000104886
-0.000104903
-0.000104957
-0.000103571
-0.000103714
-0.000106126
-0.00010593
-0.000102726
-0.000104674
-0.000105757
-0.000103765
-0.000104445
-0.000104561
-0.000104583
-0.000105235
-0.000105584
-0.000105909
-0.000105954
-0.000106595
-0.000102931
-0.000104857
-0.000102748
-9.98024e-05
-0.000104711
-0.000104241
-0.000104425
-0.000105294
-0.000105581
-0.000104963
-0.00010542
-0.000105098
-0.000103008
-0.000104332
-0.000110075
-0.000107608
-0.000107529
-0.000108957
-0.000104982
-0.000108195
-0.0001037
-0.000104799
-0.000106148
-0.00010451
-0.000108457
-0.000107649
-0.000106968
-0.000108315
-0.000104775
-0.000106224
-0.000107326
-0.000104383
-0.000108155
-0.000106585
-0.000108082
-0.000105989
-0.000105452
-0.000105222
-0.000109075
-0.000107874
-0.000107736
-0.000109368
-0.000108604
-0.000104818
-0.000109498
-0.00010835
-0.000108534
-0.000108263
-0.000108724
-0.000109302
-0.000109037
-0.000108372
-0.00010933
-0.000109866
-0.000110281
-0.000108669
-0.000110288
-0.000108922
-0.000107198
-0.000108194
-0.000108999
-0.000109128
-0.000107668
-0.000107776
-0.000107934
-0.000108095
-0.000108103
-0.000109113
-0.000108831
-0.000109759
-0.000110688
-0.000108146
-0.00010831
-0.000107285
-0.000105658
-0.000106205
-0.000106346
-0.000107026
-0.00010743
-0.000106438
-0.000106353
-0.000106565
-0.000106565
-0.000105077
-0.000105904
-0.000105279
-0.00010512
-0.000106388
-0.000106489
-0.000105693
-0.000106458
-0.000103823
-0.000104077
-0.00010476
-0.000109976
-0.000106316
-0.000104565
-0.000103214
-0.000104303
-0.000105249
-5.43557e-05
-5.46534e-05
-5.49803e-05
-5.51374e-05
-5.38931e-05
-5.44951e-05
-5.21701e-05
-5.25858e-05
-5.23584e-05
-5.2255e-05
-5.32731e-05
-5.27947e-05
-5.29053e-05
-5.2824e-05
-5.27959e-05
-5.16848e-05
-5.30748e-05
-5.26883e-05
-5.20963e-05
-5.30593e-05
-5.33163e-05
-5.37246e-05
-5.27903e-05
-5.38927e-05
-5.416e-05
-5.28961e-05
-5.35191e-05
-5.2835e-05
-5.21703e-05
-5.32437e-05
-5.27348e-05
-5.43247e-05
-5.30137e-05
-5.26199e-05
-5.32239e-05
-5.29499e-05
-5.27365e-05
-5.28817e-05
-5.26973e-05
-5.21161e-05
-5.32185e-05
-5.32583e-05
-5.1988e-05
-5.29696e-05
-5.07454e-05
-5.11165e-05
-5.06361e-05
-5.11908e-05
-5.05285e-05
-5.07854e-05
-5.2408e-05
-5.09643e-05
-5.04604e-05
-5.10825e-05
-5.02965e-05
-5.0317e-05
-4.95116e-05
-5.07327e-05
-4.78965e-05
-4.80813e-05
-5.07199e-05
-4.89556e-05
-4.90903e-05
-4.97098e-05
-4.85741e-05
-4.85919e-05
-5.03822e-05
-4.87829e-05
-5.03429e-05
-5.08605e-05
-4.99702e-05
-4.94755e-05
-0.000105934
-0.00010263
-0.000106135
-0.000105787
-0.000102052
-0.000107425
-0.000106492
-0.000102577
-0.000107541
-0.000103679
-0.000106601
-0.000104509
-0.000103306
-0.000104719
-0.000107167
-0.000102734
-0.000102691
-0.000105056
-0.000103439
-0.000103699
-0.000105086
-0.000102687
-0.000103886
-0.000103477
-0.000102316
-0.000102837
-0.000103581
-0.00010529
-0.000101403
-0.000102351
-0.000103189
-0.000102365
-0.000101594
-0.000100478
-0.000102359
-9.58838e-05
-0.000102403
-9.86413e-05
-9.93278e-05
-9.85324e-05
-9.86878e-05
-9.77772e-05
-9.89815e-05
-9.8876e-05
-0.000103937
-9.78044e-05
-9.87785e-05
-9.8265e-05
-9.73827e-05
-9.73016e-05
-9.73622e-05
-0.000100241
-9.21758e-05
-0.000102561
-0.000103077
-0.000103475
-0.00010184
-0.000100788
-0.000102236
-4.84605e-05
-4.79861e-05
-4.85046e-05
-4.97318e-05
-4.84435e-05
-4.9776e-05
-4.9338e-05
-4.91158e-05
-4.95079e-05
-4.72797e-05
-4.86046e-05
-4.95849e-05
-4.84213e-05
-4.76378e-05
-4.93176e-05
-4.68538e-05
-4.68708e-05
-4.7519e-05
-4.76625e-05
-4.86428e-05
-4.86633e-05
-4.76409e-05
-4.74242e-05
-4.69637e-05
-4.74717e-05
-4.7405e-05
-4.66338e-05
-4.64121e-05
-4.75082e-05
-4.71965e-05
-4.6746e-05
-4.73858e-05
-4.66849e-05
-4.62486e-05
-4.56733e-05
-4.71221e-05
-4.50242e-05
-4.51537e-05
-4.51846e-05
-4.68888e-05
-4.72934e-05
-4.54184e-05
-4.62297e-05
-4.52743e-05
-4.78085e-05
-4.73704e-05
-4.54899e-05
-4.68358e-05
-4.69869e-05
-4.60518e-05
-4.70523e-05
-4.76709e-05
-4.70827e-05
-4.68739e-05
-4.36864e-05
-4.55294e-05
-4.52871e-05
-4.48718e-05
-4.64328e-05
-4.6802e-05
-4.65992e-05
-4.57905e-05
-4.59805e-05
-4.68759e-05
-4.60646e-05
-4.57396e-05
-4.64839e-05
-4.50794e-05
-4.52229e-05
-4.62032e-05
-4.54147e-05
-4.70775e-05
-4.70119e-05
-4.47688e-05
-4.59672e-05
-4.51846e-05
-4.41466e-05
-4.65578e-05
-4.63482e-05
-4.48199e-05
-4.56888e-05
-4.46977e-05
-4.50891e-05
-4.66474e-05
-4.78599e-05
-4.87561e-05
-4.71901e-05
-4.90456e-05
-4.88256e-05
-8.9761e-05
-9.02936e-05
-8.99609e-05
-9.07111e-05
-9.01527e-05
-8.98242e-05
-8.98421e-05
1.71926e-05
1.61752e-05
1.7214e-05
1.6107e-05
1.58775e-05
1.66469e-05
1.61477e-05
1.6708e-05
1.65619e-05
1.65214e-05
1.68549e-05
1.58562e-05
1.6065e-05
1.61483e-05
1.58775e-05
1.63972e-05
1.58777e-05
1.64388e-05
1.57122e-05
1.55459e-05
1.65426e-05
-4.40283e-05
-4.40516e-05
-4.51288e-05
-4.47819e-05
-4.22296e-05
-4.66366e-05
-4.47078e-05
-4.44788e-05
-4.4276e-05
-4.53716e-05
-4.43065e-05
-4.42224e-05
-4.56796e-05
-4.58222e-05
-4.54317e-05
-4.34444e-05
-4.46029e-05
-4.64165e-05
-4.59855e-05
-4.6627e-05
-4.62994e-05
-4.63199e-05
-4.60143e-05
-4.57853e-05
-4.78197e-05
-4.66781e-05
-4.74317e-05
-4.73249e-05
-4.48323e-05
-4.58453e-05
-4.69284e-05
-4.57657e-05
-4.56674e-05
-4.59356e-05
-4.65637e-05
-4.63759e-05
-4.84103e-05
-4.72468e-05
-4.83787e-05
-4.74896e-05
-4.71212e-05
-4.72984e-05
-4.66789e-05
-4.83555e-05
-4.83457e-05
-4.84883e-05
-4.80605e-05
-4.84306e-05
-4.83332e-05
-4.7896e-05
-4.92617e-05
-4.92692e-05
-4.64532e-05
-4.8751e-05
-4.85327e-05
-4.72717e-05
-4.53507e-05
-4.58086e-05
-4.71654e-05
-4.67089e-05
-4.68802e-05
-4.78512e-05
-4.58494e-05
-4.58673e-05
-4.5667e-05
-4.60371e-05
-4.56085e-05
-4.5275e-05
-4.46867e-05
-4.41476e-05
-4.62874e-05
-4.58477e-05
-4.74262e-05
-4.67431e-05
-4.59411e-05
-4.58571e-05
-4.49296e-05
-4.55491e-05
-4.63809e-05
-4.62401e-05
-4.58701e-05
-4.60472e-05
-4.66018e-05
-4.61309e-05
-4.57045e-05
-4.58278e-05
-4.61238e-05
-4.61417e-05
-4.58167e-05
-4.45311e-05
-4.67314e-05
-4.67519e-05
-4.62655e-05
-4.49571e-05
-4.54402e-05
-4.54973e-05
1.79966e-05
1.7831e-05
1.84949e-05
1.79967e-05
1.7602e-05
1.75616e-05
1.78924e-05
1.68039e-05
1.73455e-05
1.7096e-05
1.65977e-05
1.78634e-05
1.69926e-05
1.8383e-05
1.85892e-05
1.91487e-05
1.85475e-05
1.96671e-05
1.93352e-05
1.96656e-05
1.99771e-05
1.87727e-05
1.88349e-05
1.82104e-05
1.86466e-05
1.87493e-05
1.85004e-05
1.77319e-05
1.80627e-05
1.79096e-05
1.7536e-05
1.70353e-05
1.78246e-05
1.68469e-05
1.67246e-05
1.69098e-05
1.73654e-05
1.7426e-05
1.70524e-05
1.80398e-05
1.95335e-05
2.01885e-05
2.04917e-05
2.04281e-05
2.02627e-05
2.04673e-05
2.03238e-05
2.05478e-05
2.06327e-05
1.97514e-05
1.99804e-05
2.07866e-05
2.00389e-05
1.91859e-05
1.9501e-05
1.94746e-05
1.93092e-05
2.11756e-05
2.03251e-05
2.05084e-05
2.06583e-05
2.14239e-05
2.04665e-05
2.20917e-05
2.06555e-05
2.06246e-05
2.08535e-05
2.04775e-05
2.06652e-05
2.05029e-05
2.04953e-05
2.08117e-05
2.04407e-05
2.08694e-05
2.08515e-05
2.06899e-05
2.07403e-05
2.04963e-05
2.00512e-05
2.01792e-05
2.16727e-05
2.14884e-05
2.19579e-05
-4.25361e-05
-4.31038e-05
-4.45264e-05
-4.45374e-05
-4.39122e-05
-4.46556e-05
-4.48075e-05
-4.4121e-05
-4.47473e-05
-4.54907e-05
-4.49163e-05
-4.51836e-05
-4.48805e-05
-4.48985e-05
-4.38148e-05
-4.41014e-05
-4.44801e-05
-4.42923e-05
-4.32225e-05
-4.39835e-05
-4.26844e-05
-4.36781e-05
-4.26268e-05
-4.21905e-05
-4.19828e-05
-4.19277e-05
-4.08142e-05
-4.17851e-05
-4.23077e-05
-4.07735e-05
-4.12971e-05
-4.23927e-05
-4.13275e-05
-4.11187e-05
-4.03159e-05
-4.11858e-05
-4.00088e-05
-3.9822e-05
-3.92283e-05
-3.85426e-05
-4.08474e-05
-4.01608e-05
-4.08066e-05
-3.93474e-05
5.64505e-05
5.69702e-05
5.71763e-05
5.65324e-05
5.61588e-05
5.71368e-05
5.89986e-05
5.92316e-05
5.89823e-05
5.9025e-05
5.91284e-05
6.01446e-05
5.96445e-05
6.10384e-05
6.06648e-05
6.24011e-05
6.20275e-05
6.24622e-05
6.24418e-05
6.27526e-05
6.24617e-05
6.32371e-05
6.26255e-05
6.26532e-05
2.27499e-05
2.19913e-05
2.23883e-05
2.27235e-05
2.17423e-05
2.15997e-05
2.19282e-05
2.16574e-05
2.21114e-05
2.21955e-05
2.34917e-05
2.26411e-05
2.28229e-05
2.38618e-05
2.313e-05
2.21582e-05
2.27142e-05
2.3046e-05
2.34763e-05
2.38107e-05
2.30594e-05
2.40516e-05
2.37834e-05
2.27003e-05
2.36135e-05
2.38156e-05
2.27191e-05
2.49544e-05
2.46845e-05
2.56146e-05
2.49916e-05
2.48333e-05
2.59977e-05
2.53916e-05
2.47711e-05
2.54492e-05
2.54313e-05
2.43254e-05
2.58219e-05
2.46325e-05
2.41158e-05
2.47328e-05
2.65629e-05
2.61071e-05
2.63456e-05
2.85752e-05
2.7229e-05
2.75625e-05
2.51723e-05
2.73926e-05
2.6537e-05
2.62688e-05
2.62416e-05
2.6077e-05
2.69009e-05
2.59072e-05
2.71999e-05
2.68298e-05
2.84211e-05
2.80728e-05
2.61395e-05
2.62393e-05
2.66278e-05
2.91046e-05
2.87134e-05
2.83331e-05
2.92446e-05
2.8266e-05
2.76439e-05
2.86978e-05
2.82004e-05
2.70881e-05
2.76693e-05
2.52564e-05
2.64208e-05
2.79264e-05
2.68307e-05
2.44397e-05
2.666e-05
2.75866e-05
2.61388e-05
2.66918e-05
2.63472e-05
2.47067e-05
6.37492e-05
6.34923e-05
6.35404e-05
6.44383e-05
6.42858e-05
6.47621e-05
6.6378e-05
6.634e-05
6.65446e-05
6.63994e-05
6.6459e-05
6.6211e-05
6.66651e-05
6.64997e-05
6.61375e-05
6.62216e-05
6.64262e-05
6.62617e-05
6.62581e-05
6.6343e-05
6.72547e-05
6.65069e-05
6.91833e-05
6.78558e-05
6.93128e-05
6.92149e-05
6.96754e-05
6.98791e-05
7.06055e-05
7.09553e-05
7.19429e-05
7.09677e-05
7.29579e-05
7.271e-05
7.32668e-05
7.34756e-05
7.47369e-05
7.3969e-05
7.40901e-05
7.44026e-05
7.41993e-05
7.45712e-05
7.48041e-05
2.81212e-05
2.89535e-05
2.84655e-05
2.76081e-05
2.84494e-05
2.87882e-05
2.76918e-05
2.94476e-05
2.84539e-05
2.85504e-05
2.7807e-05
2.92299e-05
3.02679e-05
2.79612e-05
2.77133e-05
2.83015e-05
2.83856e-05
2.90619e-05
2.84432e-05
3.00734e-05
2.97842e-05
2.87187e-05
2.91568e-05
2.8033e-05
2.85675e-05
2.82994e-05
2.93499e-05
2.8834e-05
3.00293e-05
2.9618e-05
3.18692e-05
3.158e-05
2.88183e-05
3.07057e-05
2.77243e-05
2.80393e-05
2.89852e-05
2.762e-05
3.07013e-05
3.26931e-05
2.71928e-05
2.79813e-05
2.9384e-05
2.81636e-05
2.8428e-05
3.00738e-05
2.96601e-05
2.97087e-05
2.97736e-05
3.00252e-05
2.99845e-05
2.91289e-05
3.02697e-05
3.01396e-05
2.98723e-05
3.00918e-05
2.92255e-05
2.9922e-05
2.90337e-05
2.98679e-05
2.99519e-05
2.77902e-05
2.87035e-05
2.88e-05
2.80566e-05
2.95621e-05
2.91895e-05
2.91719e-05
2.98582e-05
2.93467e-05
2.93486e-05
2.90957e-05
2.86819e-05
2.93125e-05
2.85619e-05
2.95775e-05
2.99321e-05
2.87234e-05
2.88083e-05
2.90068e-05
2.89678e-05
2.79346e-05
2.94085e-05
2.95139e-05
2.95624e-05
2.74792e-05
2.90418e-05
2.93534e-05
2.91695e-05
3.01996e-05
2.76637e-05
2.81035e-05
2.72663e-05
2.79336e-05
2.89953e-05
2.7298e-05
2.83485e-05
2.74522e-05
2.79104e-05
2.82011e-05
9.84936e-05
9.92666e-05
9.8753e-05
9.85654e-05
9.83708e-05
9.84751e-05
9.77477e-05
9.78317e-05
9.87443e-05
9.85982e-05
9.78481e-05
9.78275e-05
9.90721e-05
9.83463e-05
0.000100386
0.000100773
0.000100296
9.90542e-05
9.91227e-05
9.95703e-05
9.94634e-05
9.84662e-05
9.94822e-05
9.84219e-05
9.79017e-05
0.000100815
9.96247e-05
0.000100895
0.000101187
0.000100934
0.000100564
0.000100365
7.57197e-05
7.66516e-05
7.78925e-05
7.87679e-05
7.8231e-05
7.82265e-05
7.80611e-05
7.92389e-05
7.85957e-05
7.85728e-05
7.96125e-05
7.87422e-05
7.8487e-05
7.94784e-05
7.90754e-05
8.00129e-05
8.25201e-05
8.23446e-05
8.27905e-05
8.15254e-05
8.17351e-05
8.26652e-05
8.17927e-05
8.23478e-05
8.30353e-05
8.33822e-05
8.21609e-05
8.40222e-05
8.36495e-05
8.42193e-05
8.45308e-05
8.59353e-05
8.53149e-05
8.64699e-05
8.54981e-05
8.70045e-05
8.74443e-05
8.72801e-05
8.80642e-05
8.78537e-05
8.66182e-05
3.08191e-05
2.94892e-05
2.84822e-05
2.82086e-05
2.90151e-05
2.89981e-05
2.94681e-05
2.89931e-05
3.05355e-05
2.95781e-05
2.86965e-05
3.05883e-05
2.88708e-05
3.09972e-05
3.25315e-05
2.92955e-05
3.04354e-05
3.00567e-05
2.85887e-05
3.06098e-05
3.05507e-05
2.97921e-05
2.94233e-05
2.94253e-05
2.92554e-05
3.11214e-05
3.05968e-05
3.16541e-05
2.98455e-05
2.98057e-05
2.94262e-05
2.98852e-05
3.04369e-05
3.01704e-05
3.12393e-05
3.14077e-05
3.08111e-05
3.08986e-05
3.11182e-05
3.09563e-05
3.11758e-05
3.19644e-05
3.10059e-05
3.0989e-05
2.98638e-05
3.03203e-05
3.0474e-05
3.03041e-05
3.06798e-05
3.17244e-05
3.17674e-05
3.34651e-05
3.21226e-05
3.23439e-05
3.36296e-05
3.41812e-05
3.27333e-05
3.48396e-05
3.51521e-05
3.41937e-05
3.42777e-05
3.34351e-05
3.33953e-05
3.32434e-05
3.38271e-05
3.40274e-05
3.31812e-05
3.55343e-05
3.5267e-05
3.49506e-05
3.53426e-05
0.000101637
0.000101088
0.00010029
0.000100247
0.000100091
0.000100262
0.000100118
9.94928e-05
9.99266e-05
0.000101688
0.000101193
0.000101021
0.000101023
0.000102616
0.000101308
0.000102835
0.000103147
0.000103601
0.00010275
0.000102477
0.000103058
0.00010262
0.000102243
0.000102849
0.000102797
0.000103358
0.000102979
0.000102462
0.000102416
0.00010275
0.000103783
0.000102104
0.00010517
0.000105274
0.000103685
0.000104163
0.00010472
0.000104325
0.00010405
0.000103782
0.000103403
0.000103613
0.000104189
0.000103443
0.000104316
0.000105005
0.000103707
0.000103302
0.000103214
0.000103745
0.000103317
0.000103155
0.000104786
0.000103213
0.000104594
0.000105406
0.000103345
0.000104531
0.000104228
0.000104632
0.000103514
0.000104126
0.000104211
0.000104511
0.000102479
0.000103996
0.000100009
0.000103826
0.000105187
9.68392e-05
9.74548e-05
9.68968e-05
9.77189e-05
9.74314e-05
9.75401e-05
9.72732e-05
9.2919e-05
9.65691e-05
9.17953e-05
9.22517e-05
9.21023e-05
9.20819e-05
9.28458e-05
9.45821e-05
9.33678e-05
9.32383e-05
9.45404e-05
9.31745e-05
9.74056e-05
9.51049e-05
9.73386e-05
9.87323e-05
9.68156e-05
9.59466e-05
9.793e-05
9.76846e-05
9.92232e-05
9.98905e-05
9.80995e-05
9.81642e-05
9.88598e-05
9.82412e-05
9.93944e-05
9.94802e-05
9.94521e-05
9.96811e-05
9.92118e-05
0.000100625
0.000101316
0.000101244
3.83636e-05
3.76948e-05
3.99335e-05
3.75478e-05
3.69072e-05
3.87824e-05
3.93444e-05
3.70744e-05
3.65804e-05
3.66551e-05
3.68867e-05
0.000106074
0.000105571
0.000108498
0.000107296
0.000106915
0.000108079
0.0001083
0.000107273
0.000106347
0.000107767
0.000106738
0.000107217
0.000107364
0.000107324
0.000108125
0.000107154
0.000107456
0.000107916
0.000109193
0.000107515
0.000107148
0.00010912
0.00010731
0.000107936
0.000107846
0.000109024
0.00010957
0.000109551
0.000109647
0.000110313
0.00010591
0.000108938
0.000104669
0.000104338
0.000104746
0.00010477
0.000106765
0.000106313
0.00010647
0.000106223
0.000107706
0.000108
0.000106953
0.000107122
0.000107725
0.000107817
0.000107532
0.000108455
0.000110149
0.000108389
0.00011117
0.000109284
0.000110572
0.000109715
0.000108887
0.000110206
0.000109751
0.000108167
0.000109248
0.000109834
0.000108924
0.000109059
0.00010956
0.000109238
0.000108225
0.000112386
0.000111601
0.000111801
0.000112202
0.00011039
0.000111202
0.000111402
0.00011002
0.000110358
0.000110217
0.000112563
0.000110399
0.000109645
0.000112296
0.000108942
0.000108807
0.000172214
0.000171798
0.000171527
0.000172315
0.000172721
0.000172333
0.000172995
0.000172522
0.000172244
0.00011257
0.000111754
0.000112376
0.000113116
0.000114539
0.00011289
0.000112523
0.000111758
0.000113427
0.000117152
0.000112554
0.000111952
0.000113553
0.000114593
0.000113403
0.00011545
0.000115036
0.000114397
0.000114843
0.000114949
0.000114795
0.000114529
0.000117516
0.000117499
0.000115312
0.000117533
0.000116218
0.000115102
0.000116625
0.000116235
0.000117871
0.000114057
0.000116116
0.000116863
0.000116409
0.000118894
0.00012583
0.000118225
0.000118601
0.000117141
0.000117579
0.000118274
0.000116701
0.000115497
0.000119518
0.000116883
0.000116825
0.000117768
0.000116839
0.000110313
0.00011688
0.000112047
0.000110931
0.000110273
0.000113756
0.000111836
0.000112533
0.000111243
0.000112782
0.00011239
0.000110351
0.000111992
0.000110532
0.000110865
0.000110856
0.000109264
0.000112817
0.000112428
0.000112782
0.000113449
0.000111181
0.000110916
0.000110987
0.000111095
0.000111063
0.000110819
0.000111169
0.000111095
0.00011133
0.000110909
0.000112583
0.000112423
0.000114517
0.000110447
0.000109332
0.000112306
0.000111543
0.000112362
0.000112345
0.000112439
0.000112877
0.000112506
0.00011166
0.000110428
0.000112421
0.000111458
0.000110716
0.000111762
0.000112077
0.000111627
0.000183274
0.000184088
0.000183831
0.000184466
0.00018431
0.000181303
0.000184716
0.000179931
0.000179994
0.000180136
0.000179783
0.000180403
0.000180322
0.000180173
0.00018036
0.00018093
0.000180268
0.000180659
0.00018097
0.000176725
0.000181052
0.000177264
0.000182682
0.000177552
0.000183482
0.000182641
0.000181573
0.000186755
0.000182283
0.000186586
0.000182716
0.000182424
0.000182857
0.00018296
0.000183579
0.000183499
0.000183715
0.000182864
0.000181815
0.00018165
0.000181168
0.000181961
0.000180749
0.000180462
0.000181284
0.000181122
0.000180772
0.000180602
0.000180576
0.00018127
0.000181765
0.000183276
0.00018478
0.000184277
0.000184373
0.000184811
0.00018419
0.000184163
0.000126831
0.000126346
0.0001263
0.00012565
0.00012956
0.00012657
0.000125084
0.000127813
0.000126696
0.000124905
0.000125818
0.000129249
0.000127076
0.00012659
0.000129744
0.000124739
0.000124349
0.000127541
0.000127627
0.000128571
0.000127476
0.000131733
0.00013037
0.000131084
0.000131046
0.000129864
0.000128132
0.000130405
0.0001326
0.000129343
0.000130888
0.000127866
0.000130695
0.000132934
0.000132097
0.000129902
0.000133455
0.000133313
0.000132946
0.000133134
0.000134412
0.000135263
0.000134986
0.000134227
0.000136228
0.000135608
0.000135455
0.000135893
0.000113286
0.000136199
0.000113134
0.000113324
0.000112715
0.000113151
0.000113248
0.000112754
0.00011286
0.000113525
0.000111487
0.000111448
0.000112517
0.000112705
0.000112571
0.000112284
0.00011381
0.000113983
0.000114433
0.000113439
0.000114068
0.000113772
0.00011349
0.000113224
0.000114395
0.000113527
0.000113623
0.000115034
0.000113576
0.000112483
0.000114721
0.00011433
0.000115274
0.000114265
0.000115104
0.000115541
0.000115637
0.000115371
0.000115604
0.00011622
0.000116378
0.000116374
0.000116507
0.000116737
0.000116308
0.000116538
0.000116862
0.000117298
0.000117642
0.000116402
0.000118423
0.000118613
0.000119196
0.000118827
0.000119522
0.000119608
0.000119102
0.000118961
0.000120609
0.000119741
0.000120011
0.000119151
0.000118856
0.000188347
0.000187951
0.000188177
0.000188365
0.000188712
0.00018834
0.00018852
0.000188606
0.000188096
0.00018686
0.000187141
0.000187964
0.000187811
0.000187847
0.00018695
0.000187503
0.000187353
0.000188536
0.000186055
0.000186914
0.000185649
0.000187001
0.000187781
0.000186547
0.00018729
0.000187106
0.000187413
0.000188183
0.000188712
0.000188605
0.000188734
0.000189495
0.000188564
0.000188909
0.000189554
0.000189423
0.000188801
0.000189312
0.000189461
0.00018934
0.000189199
0.000190125
0.000189608
0.000190287
0.000190392
0.000190591
0.000190034
0.000190497
0.000190638
0.000190977
0.000191131
0.000191202
0.000190525
0.00019141
0.000190666
0.000191238
0.000191552
0.000192665
0.000191858
0.000192824
0.000193097
0.000192498
0.000192752
0.000189676
0.000193118
0.000189256
0.000189008
0.000190991
0.000193157
0.000190808
0.000191232
0.000191516
0.000191374
0.000191467
0.000191428
0.000192212
0.000191704
0.000192019
0.000136939
0.000136312
0.000136253
0.000139239
0.000137564
0.000138339
0.000139131
0.000137465
0.000137054
0.000139425
0.000138787
0.000137715
0.000138579
0.000138821
0.000139925
0.000139622
0.000140905
0.000139542
0.00014179
0.000142951
0.000141742
0.000140874
0.000141921
0.000141904
0.000141991
0.000142076
0.000142772
0.000141531
0.000144255
0.000143658
0.000144331
0.000144564
0.000145237
0.000146502
0.000146338
0.000146871
0.000147455
0.000147946
0.000147308
0.000149065
0.000149061
0.000148671
0.000196893
0.000196745
0.000198064
0.000197945
0.000197783
0.000199558
0.00019904
0.000198887
0.00019887
0.000196208
0.000199402
0.000200465
0.000199263
0.000196229
0.000196398
0.000196388
0.000196661
0.000197169
0.000196675
0.000196293
0.000196399
0.0001972
0.000197124
0.000198459
0.000199753
0.000198653
0.000198729
0.000197841
0.000198577
0.000198601
0.000198653
0.000199049
0.000198916
0.000198876
0.000200643
0.000199027
0.000200117
0.000200575
0.000201272
0.000200569
0.000202632
0.000202159
0.000202269
0.000202095
0.000201618
0.000198364
0.000195046
0.000195631
0.000196673
0.000196061
0.000195318
0.000195059
0.000195145
0.00019752
0.000196652
0.00019807
0.000197889
0.000199195
0.000197955
0.000196409
0.000197574
0.000196962
0.000196551
0.000197493
0.000197229
0.000196832
0.000197141
0.000194999
0.000195681
0.000196225
0.000198741
0.000197625
0.00019749
0.000198178
0.000199435
0.000196333
0.000198783
0.000197442
0.000198485
0.000196653
0.000197113
0.000195548
0.000195386
0.000196493
0.000196453
0.000196665
0.000149318
0.000149141
0.000149571
0.000151239
0.000149174
0.000150728
0.00015129
0.000150785
0.000150499
0.000152518
0.000151899
0.000152576
0.000152577
0.000153412
0.00015373
0.000155374
0.000155273
0.000157528
0.000157617
0.000160332
0.000156355
0.000156082
0.000257816
0.000256906
0.000257363
0.000256749
0.000256605
0.000257743
0.000257517
0.00025851
0.000258359
0.000257211
0.000257422
0.000257239
0.000208726
0.000210455
0.000208999
0.000210976
0.000211191
0.000210095
0.000211641
0.000211125
0.000211944
0.000211885
0.000210351
0.000211164
0.00021279
0.000211218
0.000212639
0.000212827
0.000214601
0.000213485
0.000213882
0.000213999
0.000216279
0.000218082
0.000214764
0.000209667
0.000212825
0.000213516
0.000211239
0.000217033
0.000215586
0.000209958
0.000217795
0.000214812
0.000216908
0.000208919
0.00021686
0.00020881
0.000217978
0.000219393
0.000208526
0.00021936
0.000213112
0.000219662
0.000216666
0.000217603
0.00020318
0.000219583
0.000218027
0.000218925
0.000198078
0.000211494
0.000198629
0.000198364
0.000198581
0.000198441
0.000199132
0.000199221
0.000200527
0.000198582
0.000198921
0.000200086
0.00019852
0.000198711
0.000197393
0.000198662
0.000198617
0.000196495
0.00019639
0.000197646
0.000199075
0.00019816
0.000199678
0.000197511
0.000196893
0.000199616
0.00019908
0.000197889
0.000198929
0.000199508
0.000198292
0.000201012
0.000199546
0.000199184
0.000201403
0.000196398
0.000196963
0.000199203
0.000197684
0.000199104
0.00019806
0.000198487
0.000198326
0.000198661
0.000198898
0.000198963
0.000197293
0.000197609
0.0001988
0.000198411
0.000196837
0.00019802
0.000198362
0.000196997
0.000198165
0.000199102
0.000197764
0.000198474
0.000196393
0.000196096
0.000195936
0.0001964
0.000196486
0.000197779
0.000196787
0.000199284
0.000199245
0.000196034
0.000196825
0.000198491
0.000197606
0.000198298
0.000198611
0.00019742
0.000196552
0.000197616
0.000196718
0.000197033
0.000196493
0.000198413
0.00019558
0.000197095
0.00019874
0.000196922
0.000198215
0.000198654
0.000198971
0.000198958
0.000198584
0.000198422
0.000197955
0.000198145
0.000197305
0.00019762
0.000196656
0.000196867
0.000197397
0.000198439
0.000197615
0.000197067
0.00026366
0.000263373
0.000263479
0.00026332
0.000263531
0.000264106
0.000264191
0.000262292
0.000264498
0.000265157
0.000262102
0.000264759
0.000264594
0.000262509
0.000261724
0.000261686
0.000261753
0.000264228
0.000261832
0.000264286
0.000263293
0.00026211
0.000263163
0.000263311
0.00026347
0.000263266
0.0002633
0.000263324
0.00026313
0.000263298
0.000263321
0.000263301
0.000263208
0.000264219
0.000264755
0.000264438
0.000264618
0.000264373
0.000264779
0.000264907
0.000265565
0.000265671
0.00026475
0.000264897
0.00026536
0.000264966
0.000265166
0.000265335
0.000265265
0.000265558
0.000265758
0.000265055
0.000266437
0.000265984
0.000266156
0.00026588
0.000265729
0.000266091
0.000266491
0.000267179
0.000267139
0.000266441
0.000267327
0.000267564
0.000267061
0.000267163
0.000267479
0.000267016
0.000266615
0.000267087
0.000220541
0.000221422
0.000222925
0.00022208
0.000222126
0.000222717
0.000221673
0.000221057
0.000220309
0.000223215
0.000221872
0.000224099
0.000223129
0.00022407
0.000225337
0.000223998
0.000224208
0.000224105
0.000224192
0.000223932
0.000224122
0.000224234
0.00022372
0.000220971
0.000222363
0.000224667
0.000222837
0.000225757
0.000226991
0.000229402
0.00022756
0.000228001
0.000227987
0.00022855
0.000226053
0.000227195
0.000228592
0.000227747
0.000228099
0.00022806
0.00022699
0.000227184
0.000228497
0.000227836
0.000227845
0.000228283
0.000230428
0.00022984
0.000228533
0.000229216
0.000229041
0.00022973
0.000229704
0.000198864
0.000198812
0.000199652
0.000198091
0.000198664
0.000197766
0.000198444
0.000198185
0.000197567
0.000199461
0.000199299
0.000198086
0.000198898
0.000198546
0.000198386
0.00019885
0.000198088
0.000197476
0.000198889
0.000197552
0.000196664
0.00019912
0.000200286
0.000200508
0.000201322
0.000199825
0.000201865
0.00019957
0.00020076
0.0002018
0.000201643
0.000201379
0.000202672
0.000201682
0.000202511
0.00020237
0.000201861
0.000201825
0.000201937
0.000202272
0.00020129
0.000202204
0.000202206
0.000202762
0.000202907
0.000202998
0.00020257
0.000203825
0.000203082
0.000203053
0.000203365
0.00020433
0.000204168
0.000204406
0.000204471
0.0002053
0.00020456
0.000205377
0.000206044
0.00020473
0.000204816
0.000205242
0.000269407
0.000269183
0.000269114
0.000268836
0.000268693
0.000268903
0.000268769
0.000268709
0.000269303
0.000269017
0.000269561
0.000268936
0.00026787
0.000268066
0.00026904
0.000267815
0.00026873
0.00026895
0.000268185
0.000269857
0.000269672
0.000269891
0.000269294
0.000270812
0.000271084
0.000269931
0.000270226
0.000270362
0.000270635
0.000270416
0.000270358
0.00027026
0.000270245
0.000270695
0.000270965
0.000271393
0.000271315
0.000271485
0.000271515
0.000271331
0.000272381
0.000271864
0.000271211
0.000271815
0.00027242
0.000272195
0.000272599
0.000272022
0.000272758
0.000272201
0.000272978
0.000272877
0.000273795
0.000273164
0.000274152
0.000274769
0.000274511
0.000273571
0.000275968
0.000275752
0.000274594
0.000275039
0.000275126
0.000275115
0.000275554
0.00027451
0.000275414
0.000275504
0.000274824
0.000274731
0.000275275
0.000274558
0.000274894
0.000273907
0.000274472
0.000273416
0.000273707
0.00027408
0.000230868
0.000230354
0.000230457
0.000230644
0.00023096
0.000231539
0.000231397
0.000231634
0.000231596
0.000229802
0.000231071
0.000233439
0.00023042
0.00023206
0.000231637
0.000232686
0.000232877
0.000234173
0.00023553
0.000235702
0.000234508
0.000235797
0.000233505
0.000233239
0.000234511
0.000234018
0.00023437
0.000234209
0.000237073
0.000234636
0.000237129
0.00023709
0.000236728
0.000236814
0.000236072
0.000236616
0.000237077
0.000237621
0.000236839
0.000237754
0.000237824
0.000236379
0.00023732
0.000238378
0.000237166
0.000237005
0.000239261
0.000239927
0.000239335
0.000238595
0.000239639
0.000239123
0.000238284
0.00023953
0.000238969
0.000239681
0.000239691
0.000277181
0.000278335
0.000277717
0.000278639
0.000278103
0.000278452
0.000279094
0.000279799
0.000277687
0.000277308
0.000277667
0.000277442
0.000277697
0.000277018
0.000278146
0.000277592
0.000279298
0.000279199
0.000278369
0.000278105
0.000278548
0.000279112
0.00027885
0.000278585
0.00027882
0.000278825
0.000279706
0.000279651
0.000279938
0.00027912
0.00028057
0.000280227
0.000281227
0.000280986
0.000280348
0.000280188
0.000280402
0.000280656
0.000280951
0.000282485
0.000282511
0.000280776
0.000281402
0.000281802
0.000281434
0.00028115
0.000281425
0.000280653
0.000280699
0.000282088
0.000282312
0.000281507
0.000286256
0.000282161
0.000282851
0.00027832
0.000278511
0.000277543
0.000277859
0.000276571
0.000277365
0.000279715
0.000278474
0.000279312
0.000279398
0.000278431
0.000279118
0.000278812
0.000278796
0.000280554
0.000278368
0.000279783
0.000278383
0.00027955
0.000279409
0.000278648
0.000277909
0.000278721
0.000278831
0.000278546
0.000277012
0.000278404
0.000279943
0.000278476
0.000279139
0.00027728
0.000277825
0.000241269
0.000240842
0.000240556
0.00024203
0.00024369
0.000242224
0.000243289
0.000244431
0.000243343
0.000243802
0.000243169
0.000242447
0.000245184
0.000244648
0.000244532
0.000244993
0.000245313
0.00024455
0.000245615
0.000245226
0.000244154
0.000246858
0.000247614
0.000247774
0.000249497
0.000248527
0.000249449
0.00024908
0.000249773
0.000249858
0.000252227
0.000250411
0.000250517
0.000251928
0.000252021
0.000250989
0.00025375
0.000253238
0.000253826
0.000253776
0.000253311
0.000287022
0.000287107
0.000287344
0.000286455
0.00028633
0.000288097
0.000286425
0.000286616
0.000287182
0.000285757
0.000286323
0.00028749
0.000286069
0.000287703
0.000287465
0.000286502
0.00028775
0.000288285
0.000289555
0.000288712
0.000288675
0.000289488
0.000289474
0.000290549
0.000290388
0.000288466
0.000289862
0.000289742
0.000288628
0.000284098
0.000285719
0.000285653
0.000290013
0.000285393
0.000286273
0.000285345
0.000284981
0.000284468
0.000288558
0.000285743
0.000287263
0.000289132
0.000286553
0.000290656
0.000285867
0.000286701
0.000284512
0.000284309
0.000284606
0.000284713
0.000280724
0.000286016
0.000286047
0.000285983
0.000286006
0.000286218
0.000285399
0.00029179
0.000285747
0.00028658
0.000284642
0.000285018
0.000284881
0.00028389
0.000283584
0.000288716
0.0002868
0.000286348
0.000284967
0.000286008
0.000279907
0.000286959
0.00028514
0.000279966
0.000280662
0.000280424
0.000280012
0.000279505
0.000279822
0.000279601
0.000279418
0.000279177
0.00027972
0.000278774
0.000278611
0.00028064
0.000279653
0.000280219
0.000281031
0.000281018
0.000280275
0.000278935
0.000280474
0.000279179
0.000279584
0.000279278
0.000279827
0.000280617
0.000280456
0.000279489
0.000280032
0.000280971
0.00027988
0.000278539
0.000279725
0.000281277
0.000280037
0.000280607
0.000280942
0.000280701
0.000280539
0.00028123
0.000281214
0.000280327
0.000279606
0.000277064
0.000280319
0.000281968
0.00028142
0.00028092
0.00025405
0.000255925
0.000255353
0.000255057
0.000254623
0.000293109
0.000293639
0.000293486
0.000293139
0.000292932
0.00029265
0.000294559
0.000293425
0.00029401
0.000294224
0.000293381
0.000293095
0.000295828
0.000295335
0.000294243
0.000294333
0.000295021
0.000295834
0.000295251
0.000296096
0.000294292
0.000295678
0.000295813
0.00029688
0.000295414
0.000295999
0.000295486
0.00029655
0.000297237
0.000295918
0.00029611
0.000296481
0.000296549
0.000294629
0.00029426
0.000294951
0.000295743
0.000294776
0.000294616
0.000297043
0.000298413
0.000297988
0.000296805
0.000296603
0.000300174
0.000297777
0.000295349
0.000302863
0.000291069
0.000291592
0.000287705
0.000293136
0.000288006
0.000294018
0.000291368
0.000291206
0.000292145
0.000292067
0.000282824
0.000293236
0.00028263
0.000294037
0.000291992
0.000291708
0.000282992
0.000283357
0.000282734
0.000284014
0.000284185
0.000284669
0.000284508
0.000285096
0.00028483
0.000285431
0.000285849
0.000285465
0.000284373
0.000286741
0.000286931
0.00028514
0.00028593
0.000285431
0.00028652
0.00028746
0.000287505
0.000286974
0.000287688
0.000287899
0.000287992
0.000287975
0.000289143
0.000288732
0.000288357
0.000288331
0.000302966
0.000302471
0.000303159
0.000301615
0.000301784
0.000301793
0.000300906
0.000303658
0.000303519
0.000303734
0.000303219
0.000305217
0.0003052
0.000305539
0.000305254
0.000304857
0.00030563
0.000307043
0.000308007
0.000308235
0.000307984
0.000308298
0.00030839
0.000307647
0.000308942
0.000308903
0.000309594
0.000309453
0.000309082
0.000308713
0.000309594
