%time,field.header.seq,field.header.stamp,field.header.frame_id,field.x,field.y,field.z
1592020138968205952,1,1592020138916891098,,-1.20080184937,-0.579159617424,-0.866745829582
1592020139019841343,2,1592020138968307018,,-1.20080161095,-0.579151272774,-0.866744875908
1592020139071123122,3,1592020139019556999,,-1.20080769062,-0.579154014587,-0.86674195528
1592020139123248774,4,1592020139071711063,,-1.2007997036,-0.579155504704,-0.866744816303
1592020139175948499,5,1592020139123589992,,-1.20080184937,-0.579151630402,-0.866746902466
1592020139228432371,6,1592020139175539016,,-1.20080053806,-0.579158902168,-0.866746842861
1592020139279836685,7,1592020139228075981,,-1.2008035183,-0.579150378704,-0.866745233536
1592020139331629097,8,1592020139280095100,,-1.20079874992,-0.579155445099,-0.866747438908
1592020139383707610,9,1592020139332039117,,-1.20079863071,-0.579157888889,-0.866748631001
1592020139435095463,10,1592020139383956909,,-1.2007983923,-0.579158246517,-0.866747260094
1592020139486940239,11,1592020139435259103,,-1.20079374313,-0.579163193703,-0.866749048233
1592020139538998316,12,1592020139487183094,,-1.20079994202,-0.579157173634,-0.866745531559
1592020139591392759,13,1592020139539545059,,-1.20079946518,-0.579156279564,-0.866746008396
1592020139642799982,14,1592020139591535091,,-1.2008074522,-0.579147815704,-0.866743266582
1592020139695193292,15,1592020139643225908,,-1.20080316067,-0.579146206379,-0.866746783257
1592020139748011669,16,1592020139694900035,,-1.20079731941,-0.579163730145,-0.866747498512
1592020139798755920,17,1592020139747659921,,-1.20080208778,-0.579152166843,-0.866746246815
1592020139850679455,18,1592020139798903942,,-1.20080161095,-0.579165816307,-0.866744756699
1592020139902580141,19,1592020139851002931,,-1.20080387592,-0.579160511494,-0.866743385792
1592020139954640891,20,1592020139903055906,,-1.20080018044,-0.579157054424,-0.866746246815
1592020140006834665,21,1592020139955060005,,-1.20080161095,-0.579158604145,-0.866744279861
1592020140059154030,22,1592020140007406949,,-1.20080089569,-0.579165101051,-0.86674541235
1592020140160693987,23,1592020140059294939,,-1.20079576969,-0.579158961773,-0.866748094559
1592020140212620446,24,1592020140160989046,,-1.20079612732,-0.579152643681,-0.866748988628
1592020140264719721,25,1592020140213085889,,-1.20080256462,-0.579157829285,-0.866745650768
1592020140316899446,26,1592020140265094041,,-1.20080053806,-0.579162120819,-0.866745471954
1592020140370988150,27,1592020140317143917,,-1.20080208778,-0.579157590866,-0.866744399071
1592020140423305534,28,1592020140371295928,,-1.20080602169,-0.579153895378,-0.866741597652
1592020140475186543,29,1592020140423506021,,-1.20080399513,-0.579150915146,-0.866745114326
1592020140527091008,30,1592020140475466966,,-1.20079600811,-0.579152822495,-0.866748034954
1592020140629117883,31,1592020140527473926,,-1.20080327988,-0.579149544239,-0.86674708128
1592020140681669195,32,1592020140629930973,,-1.20080113411,-0.579157292843,-0.866746604443
1592020140734239354,33,1592020140681934118,,-1.20079493523,-0.579161882401,-0.866750299931
1592020140786259529,34,1592020140734689950,,-1.20079505444,-0.579153895378,-0.866749227047
1592020140843014268,35,1592020140786703109,,-1.2008035183,-0.579154610634,-0.866744160652
1592020140895432170,36,1592020140843614101,,-1.2008035183,-0.57915109396,-0.866743326187
1592020140947310951,37,1592020140895735025,,-1.20079290867,-0.579159557819,-0.866748690605
1592020140999569103,38,1592020140947731018,,-1.20080077648,-0.579158723354,-0.866748034954
1592020141051592551,39,1592020141000046014,,-1.20079171658,-0.579168915749,-0.866750240326
1592020141103591911,40,1592020141051994085,,-1.20080733299,-0.57915365696,-0.86674374342
1592020141156330909,41,1592020141104012966,,-1.20079576969,-0.579152524471,-0.866750121117
1592020141207774244,42,1592020141156064033,,-1.20079815388,-0.579156756401,-0.866749703884
1592020141259885847,43,1592020141208225965,,-1.20080161095,-0.57915699482,-0.866746246815
1592020141312282569,44,1592020141260143995,,-1.20080578327,-0.579163491726,-0.866745114326
1592020141363542798,45,1592020141312024116,,-1.2007932663,-0.579168200493,-0.866748392582
1592020141415280425,46,1592020141363957881,,-1.20080244541,-0.579159736633,-0.86674451828
1592020141467140332,47,1592020141415574073,,-1.20080435276,-0.579153001308,-0.866744458675
1592020141518763396,48,1592020141467220067,,-1.20079994202,-0.579150140285,-0.866747200489
1592020141570653644,49,1592020141519121885,,-1.20080268383,-0.579154133797,-0.86674541235
1592020141622671241,50,1592020141571095943,,-1.2008048296,-0.57915276289,-0.866744041443
1592020141675121770,51,1592020141623063087,,-1.20080029964,-0.579150736332,-0.866748332977
1592020141777122151,52,1592020141676052093,,-1.20079874992,-0.579160749912,-0.866745471954
1592020141828314692,53,1592020141777297019,,-1.20079767704,-0.579153120518,-0.866746008396
1592020141879811295,54,1592020141828495025,,-1.20079290867,-0.57916021347,-0.866750299931
1592020141931611211,55,1592020141879992008,,-1.20080399513,-0.579151988029,-0.86674451828
1592020141983753685,56,1592020141931999921,,-1.20080077648,-0.579163193703,-0.86674451828
1592020142034980323,57,1592020141984018087,,-1.20080149174,-0.579156339169,-0.866747796535
1592020142086765589,58,1592020142035265922,,-1.20080196857,-0.579152405262,-0.866746485233
1592020142138650081,59,1592020142086924076,,-1.20079183578,-0.579166293144,-0.866749465466
1592020142191092970,60,1592020142139513969,,-1.20079660416,-0.579158127308,-0.866750121117
1592020142243907204,61,1592020142191481113,,-1.20080459118,-0.579156160355,-0.866745233536
1592020142344533420,62,1592020142243479967,,-1.20079410076,-0.579163193703,-0.866746544838
1592020142395782573,63,1592020142344695091,,-1.20079159737,-0.579157888889,-0.866751194
1592020142447200288,64,1592020142395952939,,-1.20079576969,-0.579149842262,-0.866750717163
1592020142499070091,65,1592020142447500944,,-1.20079779625,-0.579168081284,-0.866747140884
1592020142550995552,66,1592020142499433040,,-1.20080137253,-0.579155802727,-0.86674374342
1592020142603624192,67,1592020142551351070,,-1.2007958889,-0.579154074192,-0.866749405861
1592020142655008219,68,1592020142603383064,,-1.20079791546,-0.579166948795,-0.86674875021
1592020142706449900,69,1592020142655416011,,-1.20079994202,-0.579150259495,-0.866747200489
1592020142808820698,70,1592020142706800937,,-1.20080125332,-0.579145610332,-0.866747379303
1592020142860220615,71,1592020142809215068,,-1.20079553127,-0.579155802727,-0.866746664047
1592020142912117250,72,1592020142860498905,,-1.20080137253,-0.579158425331,-0.866745233536
1592020142964737402,73,1592020142912579059,,-1.20080780983,-0.57916778326,-0.866739869118
1592020143016521100,74,1592020142964899063,,-1.20079815388,-0.579151153564,-0.866747021675
1592020143068583454,75,1592020143016840934,,-1.20080316067,-0.579160630703,-0.866741776466
1592020143120342967,76,1592020143068850994,,-1.20079302788,-0.579148411751,-0.86675208807
1592020143172422169,77,1592020143120795965,,-1.2007983923,-0.579144656658,-0.866750299931
1592020143225189910,78,1592020143172794103,,-1.20079910755,-0.579163789749,-0.866746783257
1592020143278287509,79,1592020143226491928,,-1.20079624653,-0.579143464565,-0.866749465466
1592020143330257458,80,1592020143278429031,,-1.2008035183,-0.579156041145,-0.866743326187
1592020143381804174,81,1592020143330435037,,-1.20080196857,-0.579160571098,-0.866744816303
1592020143433487943,82,1592020143381938934,,-1.20080244541,-0.579160869122,-0.866744279861
1592020143486033033,83,1592020143434150934,,-1.20080196857,-0.579162240028,-0.866743445396
1592020143537902393,84,1592020143486108064,,-1.20080721378,-0.579156696796,-0.866744101048
1592020143589283994,85,1592020143538213014,,-1.20079886913,-0.579157233238,-0.866745889187
1592020143691268564,86,1592020143589591026,,-1.20079791546,-0.579162120819,-0.866751849651
1592020143742911216,87,1592020143691586017,,-1.20079386234,-0.579157710075,-0.866748869419
1592020144144448429,88,1592020143743228912,,-1.20079743862,-0.579150736332,-0.866748273373
1592020144196358202,89,1592020144144834041,,-1.20076870918,-0.579150915146,-0.86675709486
1592020144247597439,90,1592020144196693897,,-1.20019996166,-0.579223632812,-0.866843223572
1592020144298976848,91,1592020144247869014,,-1.19762337208,-0.580547332764,-0.866762042046
1592020144350257255,92,1592020144299107074,,-1.19407105446,-0.582232892513,-0.866724729538
1592020144402380513,93,1592020144350637912,,-1.19075381756,-0.584025740623,-0.866625726223
1592020144453639982,94,1592020144402647018,,-1.18956291676,-0.584312558174,-0.866690814495
1592020144504842176,95,1592020144453912019,,-1.19056022167,-0.584029138088,-0.866599678993
1592020144557042585,96,1592020144505150079,,-1.19375181198,-0.582245707512,-0.866751134396
1592020144608874896,97,1592020144557126045,,-1.19738256931,-0.580549418926,-0.866781592369
1592020144661577303,98,1592020144609687089,,-1.19994497299,-0.57916867733,-0.866868555546
1592020144713475169,99,1592020144661756992,,-1.20112669468,-0.579168438911,-0.866669952869
1592020144770383865,100,1592020144714555978,,-1.20283854008,-0.578042805195,-0.86671423912
1592020144826478641,101,1592020144770747900,,-1.20598590374,-0.575081527233,-0.866810441017
1592020144878889830,102,1592020144827001094,,-1.20845842361,-0.571670353413,-0.866815447807
1592020144930755530,103,1592020144879436016,,-1.21004450321,-0.567637145519,-0.8668192029
1592020144982504618,104,1592020144931157112,,-1.21084022522,-0.563559174538,-0.86683511734
1592020145084282662,105,1592020144982654094,,-1.21142578125,-0.55977755785,-0.866750061512
1592020145136612592,106,1592020145084920883,,-1.21707653999,-0.555994868279,-0.866730988026
1592020145188092469,107,1592020145136877059,,-1.22129368782,-0.55610460043,-0.86677634716
1592020145239895886,108,1592020145188184022,,-1.22540271282,-0.556175231934,-0.866788983345
1592020145292490041,109,1592020145240907907,,-1.22971129417,-0.556278884411,-0.866769194603
1592020145345989437,110,1592020145294365882,,-1.233933568,-0.556395530701,-0.866771459579
1592020145398215551,111,1592020145346359968,,-1.23812830448,-0.556477427483,-0.86676388979
1592020145450169747,112,1592020145398565053,,-1.24220561981,-0.556577503681,-0.866758286953
1592020145502541007,113,1592020145450579881,,-1.24647819996,-0.556664943695,-0.866754293442
1592020145607419328,114,1592020145502821922,,-1.25059521198,-0.556765556335,-0.866770505905
1592020145659008593,115,1592020145607480049,,-1.258928895,-0.557109892368,-0.866736352444
1592020145710571047,116,1592020145659367084,,-1.26316130161,-0.557537913322,-0.866735041142
1592020145761853033,117,1592020145710771083,,-1.26715004444,-0.558108687401,-0.866715431213
1592020145813063159,118,1592020145761989116,,-1.27127730846,-0.558876574039,-0.866726100445
1592020145914839163,119,1592020145813241958,,-1.27519822121,-0.559709846973,-0.866713643074
1592020145966847628,120,1592020145915251970,,-1.2831350565,-0.561466813087,-0.866740107536
1592020146018857161,121,1592020145967221975,,-1.28728318214,-0.562467098236,-0.866748869419
1592020146070870003,122,1592020146019263982,,-1.29116487503,-0.563542485237,-0.866748511791
1592020146173148673,123,1592020146071346044,,-1.29520392418,-0.564699292183,-0.86675465107
1592020146225874703,124,1592020146174093961,,-1.30289673805,-0.567667722702,-0.866735219955
1592020146277021156,125,1592020146226030111,,-1.30670917034,-0.569354653358,-0.866715431213
1592020146378373149,126,1592020146277256011,,-1.31033325195,-0.571074187756,-0.866707980633
1592020146429957727,127,1592020146378554105,,-1.31762754917,-0.574829161167,-0.866691589355
1592020146482203801,128,1592020146431190013,,-1.32123756409,-0.576869189739,-0.866698145866
1592020146533518144,129,1592020146482534885,,-1.32485425472,-0.578953742981,-0.866681933403
1592020146635488908,130,1592020146533842086,,-1.32816553116,-0.580962777138,-0.866682887077
1592020146687542934,131,1592020146635943889,,-1.33513689041,-0.58565557003,-0.866666615009
1592020146739534802,132,1592020146687947988,,-1.3383936882,-0.588072478771,-0.866678357124
1592020146791610180,133,1592020146739902973,,-1.34141743183,-0.590939164162,-0.866711676121
1592020146843602657,134,1592020146792025089,,-1.34335267544,-0.59439098835,-0.866706490517
1592020146945639786,135,1592020146844029903,,-1.34418070316,-0.598668336868,-0.866668581963
1592020146998127666,136,1592020146946522951,,-1.34426259995,-0.606896579266,-0.86661529541
1592020147050297534,137,1592020146998790025,,-1.34392261505,-0.610929369926,-0.866682469845
1592020147101704131,138,1592020147050549030,,-1.34279859066,-0.614910244942,-0.866763293743
1592020147153211758,139,1592020147101926088,,-1.34069561958,-0.618184864521,-0.866742908955
1592020147205094698,140,1592020147153826951,,-1.33766031265,-0.620886087418,-0.866668224335
1592020147257215959,141,1592020147205986022,,-1.3342165947,-0.62318354845,-0.866615235806
1592020147309654740,142,1592020147258100986,,-1.33061444759,-0.625371992588,-0.866672515869
1592020147362408559,143,1592020147310096025,,-1.32715439796,-0.627343654633,-0.86666059494
1592020147413871866,144,1592020147362184047,,-1.32337105274,-0.629405260086,-0.866679310799
1592020147465686465,145,1592020147414153099,,-1.31977808475,-0.631262123585,-0.866698741913
1592020147518938606,146,1592020147466159105,,-1.31590092182,-0.633121788502,-0.866710364819
1592020147571476952,147,1592020147519932985,,-1.31213545799,-0.634822845459,-0.866708874702
1592020147623770400,148,1592020147572093963,,-1.30820202827,-0.636529028416,-0.86671602726
1592020147674981691,149,1592020147623971939,,-1.30431008339,-0.63813072443,-0.866705298424
1592020147726976551,150,1592020147675318002,,-1.30066275597,-0.639503061771,-0.866692900658
1592020147828514716,151,1592020147727253913,,-1.29652357101,-0.640919983387,-0.866712272167
1592020147880354956,152,1592020147828742027,,-1.28896427155,-0.643067657948,-0.866684317589
1592020147931872313,153,1592020147880796909,,-1.28468382359,-0.644008100033,-0.866709589958
1592020147983757440,154,1592020147932106018,,-1.28074228764,-0.644720137119,-0.866702675819
1592020148035332133,155,1592020147984220027,,-1.27650666237,-0.645347476006,-0.866694509983
1592020148086644621,156,1592020148035572052,,-1.27254807949,-0.645829439163,-0.866707086563
1592020148188271643,157,1592020148086859941,,-1.26835381985,-0.646216750145,-0.86670166254
1592020148240154285,158,1592020148188585042,,-1.26020658016,-0.647065103054,-0.86673104763
1592020148292171914,159,1592020148240709066,,-1.25620138645,-0.647196173668,-0.866737484932
1592020148344631398,160,1592020148292396068,,-1.25200641155,-0.6471118927,-0.866737723351
1592020148395637289,161,1592020148344418048,,-1.24787354469,-0.646986424923,-0.866739571095
1592020148448086469,162,1592020148396514892,,-1.24366021156,-0.646837711334,-0.866723835468
1592020148500285483,163,1592020148448534965,,-1.23965132236,-0.646737575531,-0.866744875908
1592020148552180688,164,1592020148500444889,,-1.23533415794,-0.646641492844,-0.866710305214
1592020148604693333,165,1592020148552402973,,-1.23130297661,-0.646510660648,-0.866714954376
1592020148655453726,166,1592020148604441881,,-1.22697973251,-0.646367132664,-0.866725564003
1592020148706868701,167,1592020148655709028,,-1.22301781178,-0.646243155003,-0.866719067097
1592020148758564059,168,1592020148706958055,,-1.21886777878,-0.646131873131,-0.866709709167
1592020148810742732,169,1592020148759006977,,-1.21474003792,-0.646017670631,-0.866713881493
1592020148862841519,170,1592020148811093091,,-1.21086275578,-0.645432591438,-0.866671979427
1592020148964811831,171,1592020148863087892,,-1.20903110504,-0.642301678658,-0.866672456264
1592020149016319727,172,1592020148965003967,,-1.20800459385,-0.633998215199,-0.866784572601
1592020149068055764,173,1592020149016463994,,-1.20662152767,-0.630029678345,-0.866764008999
1592020149120309730,174,1592020149068712949,,-1.20450091362,-0.626550674438,-0.866750657558
1592020149172200265,175,1592020149120765924,,-1.20156610012,-0.623488068581,-0.866736888885
1592020149223482598,176,1592020149172414064,,-1.19827485085,-0.621236622334,-0.866744160652
1592020149275423512,177,1592020149223603010,,-1.1945400238,-0.619228959084,-0.866755008698
1592020149327148227,178,1592020149275708913,,-1.19093084335,-0.617308676243,-0.866729319096
1592020149379090193,179,1592020149327359914,,-1.18897008896,-0.615351319313,-0.86665314436
1592020149431333796,180,1592020149379513978,,-1.18850839138,-0.612102866173,-0.866792023182
1592020149482668478,181,1592020149431557893,,-1.18870854378,-0.608083426952,-0.866770803928
1592020149533728016,182,1592020149482796907,,-1.18884992599,-0.604226529598,-0.866757154465
1592020149585549508,183,1592020149533986091,,-1.18896508217,-0.599914729595,-0.866755962372
1592020149637058650,184,1592020149585997104,,-1.18908059597,-0.595957279205,-0.866753876209
1592020149690222114,185,1592020149637307882,,-1.18921101093,-0.591631531715,-0.866748690605
1592020149741353739,186,1592020149690340995,,-1.18931400776,-0.587685585022,-0.866746902466
1592020149792844491,187,1592020149741604089,,-1.19087481499,-0.584763288498,-0.866574883461
1592020149844148654,188,1592020149793011903,,-1.19372534752,-0.582936525345,-0.866676986217
1592020149895602848,189,1592020149844271898,,-1.19716060162,-0.58109909296,-0.866728723049
1592020149946991667,190,1592020149895734071,,-1.20003187656,-0.579358994961,-0.866829156876
1592020149998844951,191,1592020149947218894,,-1.20135557652,-0.579084277153,-0.866714179516
1592020150050971792,192,1592020149999433040,,-1.20222139359,-0.580025613308,-0.866647958755
1592020150102763491,193,1592020150051335096,,-1.20372378826,-0.583364903927,-0.86672359705
1592020150154658805,194,1592020150102951049,,-1.20550584793,-0.587006211281,-0.866728544235
1592020150206679996,195,1592020150155093908,,-1.20738637447,-0.590867459774,-0.866724133492
1592020150259170516,196,1592020150207436084,,-1.20919525623,-0.594459056854,-0.866719782352
1592020150362332747,197,1592020150259421110,,-1.2111415863,-0.598379671574,-0.866727888584
1592020150415013040,198,1592020150362123966,,-1.21479845047,-0.605600655079,-0.866726100445
1592020150466248776,199,1592020150415290117,,-1.21676027775,-0.609513938427,-0.86672604084
1592020150567973032,200,1592020150466469049,,-1.21864330769,-0.613216757774,-0.86671423912
1592020150619053074,201,1592020150567819118,,-1.22218263149,-0.620190322399,-0.866719722748
1592020150670835262,202,1592020150619823932,,-1.22409057617,-0.624012291431,-0.866718888283
1592020150722532084,203,1592020150670948982,,-1.22525382042,-0.626666903496,-0.866798937321
1592020150824540322,204,1592020150722939968,,-1.22566056252,-0.627241671085,-0.866729021072
1592020150877320286,205,1592020150824966907,,-1.22501480579,-0.627537608147,-0.866756856441
1592020150929176136,206,1592020150877065896,,-1.22543656826,-0.627622783184,-0.866618931293
1592020150980026480,207,1592020150929002046,,-1.22759509087,-0.627035319805,-0.866637766361
1592020151031286718,208,1592020150980247974,,-1.23085522652,-0.624836325645,-0.866792976856
1592020151132755601,209,1592020151031446933,,-1.2335947752,-0.621814310551,-0.866759538651
1592020151185413751,210,1592020151133683919,,-1.23863339424,-0.615253925323,-0.866647541523
1592020151237482996,211,1592020151185678958,,-1.24194836617,-0.612994909286,-0.866665661335
1592020151289925962,212,1592020151237884044,,-1.24599194527,-0.61190110445,-0.86667817831
1592020151341903657,213,1592020151290321111,,-1.25008285046,-0.612032294273,-0.866696536541
1592020151395158077,214,1592020151342283010,,-1.25414729118,-0.61252874136,-0.86667829752
1592020151447085742,215,1592020151395522117,,-1.25836610794,-0.613390624523,-0.866665005684
1592020151498590354,216,1592020151447498083,,-1.2619343996,-0.61524784565,-0.866632580757
1592020151549750953,217,1592020151498769044,,-1.26485359669,-0.618187189102,-0.866662025452
1592020151601723810,218,1592020151550108909,,-1.26710987091,-0.621404349804,-0.866660892963
1592020151653825877,219,1592020151602113962,,-1.26954317093,-0.625125706196,-0.866657972336
1592020151705837609,220,1592020151654201030,,-1.27176094055,-0.628471791744,-0.866650760174
1592020151757897144,221,1592020151706032991,,-1.27417004108,-0.632068097591,-0.86665469408
1592020151809129168,222,1592020151758040904,,-1.27712786198,-0.634750366211,-0.866649806499
1592020151860933815,223,1592020151809290885,,-1.28096091747,-0.636038243771,-0.866664350033
1592020151913062429,224,1592020151861373901,,-1.28496193886,-0.635534822941,-0.866665124893
1592020152015626687,225,1592020151913495063,,-1.28897356987,-0.634347319603,-0.866631567478
1592020152067282100,226,1592020152015503883,,-1.29654431343,-0.63118904829,-0.866627454758
1592020152119126884,227,1592020152067491054,,-1.30051481724,-0.629426419735,-0.866613924503
1592020152171918780,228,1592020152120397090,,-1.30424547195,-0.627795100212,-0.866602957249
1592020152224414601,229,1592020152172811031,,-1.30820572376,-0.626050889492,-0.866620540619
1592020152276716092,230,1592020152224848985,,-1.31194281578,-0.624421834946,-0.866611301899
1592020152378985781,231,1592020152276798963,,-1.31584107876,-0.62269449234,-0.866602897644
1592020152431482514,232,1592020152379594087,,-1.32267832756,-0.618656635284,-0.866721689701
1592020152483444401,233,1592020152431554079,,-1.32433199883,-0.615129947662,-0.866687059402
1592020152536276216,234,1592020152483614921,,-1.32551217079,-0.611971735954,-0.86646771431
1592020152587639093,235,1592020152536051034,,-1.32787930965,-0.610703229904,-0.86649787426
1592020152690922210,236,1592020152588957071,,-1.33089292049,-0.611816585064,-0.866601109505
1592020152743560816,237,1592020152692013025,,-1.3293094635,-0.617326378822,-0.866713643074
1592020152795967547,238,1592020152743967056,,-1.32630562782,-0.615942716599,-0.866512656212
1592020152848027288,239,1592020152796466112,,-1.32493388653,-0.61312186718,-0.866573989391
1592020152899989514,240,1592020152848464012,,-1.32489693165,-0.609156310558,-0.866600096226
1592020152952035919,241,1592020152900435924,,-1.32491159439,-0.6049015522,-0.866637885571
1592020153003526987,242,1592020152952466964,,-1.32505559921,-0.600681722164,-0.866612434387
1592020153055437705,243,1592020153003761053,,-1.32517313957,-0.596615374088,-0.86660271883
1592020153107363327,244,1592020153055818080,,-1.32618749142,-0.593378186226,-0.866393864155
1592020153210050206,245,1592020153107780933,,-1.32887756824,-0.591374278069,-0.866536200047
1592020153262159907,246,1592020153210474014,,-1.33138561249,-0.595732569695,-0.866868376732
1592020153314110738,247,1592020153262485980,,-1.3286755085,-0.597630977631,-0.866758048534
1592020153367567315,248,1592020153315331935,,-1.32599842548,-0.595999717712,-0.866495847702
1592020153418923507,249,1592020153367331981,,-1.32486319542,-0.591818749905,-0.866735577583
1592020153471772803,250,1592020153420139074,,-1.32298624516,-0.588366448879,-0.866739392281
1592020153524354918,251,1592020153472687005,,-1.31972002983,-0.586356580257,-0.866712272167
1592020153576621476,252,1592020153525583028,,-1.31609225273,-0.584369301796,-0.866653203964
1592020153627821399,253,1592020153576802968,,-1.3135099411,-0.582188785076,-0.866721749306
1592020153729022500,254,1592020153628051996,,-1.31074666977,-0.579527020454,-0.866789281368
1592020153780774902,255,1592020153729242086,,-1.30397999287,-0.578283131123,-0.866750299931
1592020153833783910,256,1592020153781320095,,-1.30081868172,-0.576847076416,-0.866787791252
1592020153884992761,257,1592020153833381891,,-1.29737889767,-0.575231254101,-0.866757273674
1592020153936226801,258,1592020153885226011,,-1.29345095158,-0.573583960533,-0.866757214069
1592020153988126510,259,1592020153936541080,,-1.2898427248,-0.572242796421,-0.866749942303
1592020154040108244,260,1592020153988521099,,-1.28570580482,-0.570873737335,-0.866739034653
1592020154092469192,261,1592020154040714979,,-1.28161752224,-0.569756805897,-0.866760253906
1592020154143985002,262,1592020154092801094,,-1.27768516541,-0.568814814091,-0.86673694849
1592020154195606185,263,1592020154144290924,,-1.27370798588,-0.568304181099,-0.866699397564
1592020154297027099,264,1592020154195761919,,-1.27097249031,-0.570480585098,-0.866550981998
1592020154348363597,265,1592020154297292947,,-1.27409684658,-0.575544834137,-0.866710364819
1592020154405364370,266,1592020154348618984,,-1.27813637257,-0.576234936714,-0.866764366627
1592020154457135802,267,1592020154405044078,,-1.28256392479,-0.577235639095,-0.866763830185
1592020154509359793,268,1592020154457638978,,-1.28679454327,-0.578429102898,-0.86672103405
1592020154561243244,269,1592020154509644031,,-1.29076910019,-0.579880297184,-0.866732239723
1592020154613072736,270,1592020154561620950,,-1.29452073574,-0.581497550011,-0.866697609425
1592020154664515961,271,1592020154613276958,,-1.29834020138,-0.583425760269,-0.866689622402
1592020154719507483,272,1592020154665427923,,-1.30145478249,-0.585396707058,-0.866734921932
1592020154770786863,273,1592020154719340085,,-1.30461025238,-0.588545262814,-0.866566002369
1592020154822403820,274,1592020154770914077,,-1.3078943491,-0.590116024017,-0.866668462753
1592020154874082791,275,1592020154822630882,,-1.31171607971,-0.590556204319,-0.866658866405
1592020154925465151,276,1592020154874224901,,-1.31508255005,-0.591913402081,-0.866612017155
1592020154977969296,277,1592020154925844907,,-1.31737136841,-0.594133794308,-0.8667922616
1592020155029340937,278,1592020154977806091,,-1.31790280342,-0.598378539085,-0.86659014225
1592020155081397453,279,1592020155029786109,,-1.31775057316,-0.602370500565,-0.86661529541
1592020155132979372,280,1592020155081768989,,-1.31765794754,-0.606684029102,-0.86661696434
1592020155184796689,281,1592020155133193969,,-1.31763148308,-0.610992789268,-0.866598367691
1592020155287046930,282,1592020155185226917,,-1.31620073318,-0.614419162273,-0.866886079311
1592020155339294313,283,1592020155287456989,,-1.30959951878,-0.618170797825,-0.866635680199
1592020155390509072,284,1592020155339320898,,-1.30566859245,-0.619855105877,-0.866623580456
1592020155442188728,285,1592020155390799045,,-1.30199611187,-0.621424555779,-0.866634368896
1592020155494041962,286,1592020155442439079,,-1.2980710268,-0.623116135597,-0.866630136967
1592020155546274970,287,1592020155494540929,,-1.2943059206,-0.624710202217,-0.866641044617
1592020155598149848,288,1592020155546581983,,-1.29029858112,-0.626352727413,-0.866677522659
1592020155650350995,289,1592020155598916053,,-1.28643524647,-0.627602815628,-0.86665636301
1592020155702296348,290,1592020155650535106,,-1.28249669075,-0.628611803055,-0.866664946079
1592020155804213634,291,1592020155702564954,,-1.27972435951,-0.628471851349,-0.866524398327
1592020155856521725,292,1592020155804963111,,-1.27746903896,-0.627446591854,-0.866835415363
1592020155908838913,293,1592020155857233047,,-1.27452611923,-0.626784145832,-0.866685211658
1592020155960799354,294,1592020155909226894,,-1.27049875259,-0.625877261162,-0.866657435894
1592020156012970811,295,1592020155961252927,,-1.26633918285,-0.624961137772,-0.866671085358
1592020156064826295,296,1592020156013248920,,-1.26237213612,-0.624060153961,-0.866672217846
1592020156116937266,297,1592020156065344095,,-1.25819242001,-0.623163700104,-0.866688549519
1592020156169109432,298,1592020156117310047,,-1.25421953201,-0.622292220592,-0.866691112518
1592020156220445081,299,1592020156169382095,,-1.25007367134,-0.621360599995,-0.866698920727
1592020156272250388,300,1592020156220626115,,-1.24615001678,-0.620485007763,-0.866712808609
1592020156375026166,301,1592020156272655010,,-1.24200809002,-0.619511246681,-0.866676390171
1592020156426451998,302,1592020156375437974,,-1.23400056362,-0.617726027966,-0.866705775261
1592020156478291575,303,1592020156426656007,,-1.23012495041,-0.616853296757,-0.866679251194
1592020156530382737,304,1592020156478746891,,-1.22592151165,-0.615898132324,-0.866684913635
1592020156632987496,305,1592020156531079053,,-1.22205293179,-0.615062236786,-0.866671562195
1592020156684893364,306,1592020156632956027,,-1.21858942509,-0.614260077477,-0.86669254303
1592020156736632025,307,1592020156685007095,,-1.2185792923,-0.614262998104,-0.866687595844
1592020156838932859,308,1592020156737039089,,-1.21873438358,-0.61432492733,-0.866640090942
1592020156890673757,309,1592020156838992118,,-1.22343206406,-0.616748571396,-0.866648316383
1592020156943532358,310,1592020156891923904,,-1.22718608379,-0.618508338928,-0.866641640663
1592020156996582502,311,1592020156944768905,,-1.23113548756,-0.620367765427,-0.866652131081
1592020157048801405,312,1592020156997077941,,-1.23480498791,-0.622059941292,-0.866643249989
1592020157100850164,313,1592020157049108028,,-1.23875212669,-0.623940765858,-0.866620481014
1592020157152684771,314,1592020157101052999,,-1.24261927605,-0.624852538109,-0.866640329361
1592020157204933512,315,1592020157153089046,,-1.2461669445,-0.625440835953,-0.866715371609
1592020157256772335,316,1592020157205071926,,-1.24827480316,-0.625082671642,-0.866665065289
1592020157308648661,317,1592020157257047891,,-1.2505723238,-0.623080551624,-0.866501927376
1592020157360700754,318,1592020157309070110,,-1.25386857986,-0.621623754501,-0.866552114487
1592020157414347493,319,1592020157361013889,,-1.2575854063,-0.622426152229,-0.866632401943
1592020157465782277,320,1592020157414757013,,-1.26021611691,-0.625342130661,-0.866688847542
1592020157518175033,321,1592020157465907096,,-1.26017320156,-0.629445910454,-0.866706967354
1592020157570236736,322,1592020157518609046,,-1.25790798664,-0.632782518864,-0.866740226746
1592020157621605943,323,1592020157570611000,,-1.25415790081,-0.633981823921,-0.866654217243
1592020157673462031,324,1592020157621838092,,-1.25068247318,-0.632784903049,-0.866586625576
1592020157729178534,325,1592020157676837921,,-1.24837481976,-0.629358649254,-0.866505205631
1592020157780152121,326,1592020157728945970,,-1.24808549881,-0.626344680786,-0.86660194397
1592020157831496592,327,1592020157780606031,,-1.24813354015,-0.625657975674,-0.866629481316
1592020157882966300,328,1592020157831664085,,-1.24881064892,-0.623774468899,-0.866596281528
1592020157935446424,329,1592020157884383916,,-1.25022053719,-0.620175242424,-0.866565704346
1592020157986817734,330,1592020157935760974,,-1.25180459023,-0.616279244423,-0.866588890553
1592020158038090698,331,1592020157986991882,,-1.25332152843,-0.612514019012,-0.866602361202
1592020158089906422,332,1592020158038316965,,-1.25485050678,-0.608752191067,-0.866614043713
1592020158141364476,333,1592020158090343952,,-1.25638866425,-0.60494440794,-0.866621851921
1592020158192553461,334,1592020158141633987,,-1.25800001621,-0.601038098335,-0.866604685783
1592020158245253235,335,1592020158192903041,,-1.2595140934,-0.597284972668,-0.866605997086
1592020158296806105,336,1592020158244985103,,-1.26101350784,-0.593528211117,-0.866609215736
1592020158348527178,337,1592020158296905994,,-1.26264226437,-0.589506626129,-0.866595864296
1592020158451307212,338,1592020158349770069,,-1.26416146755,-0.585687637329,-0.866601765156
1592020158504133005,339,1592020158452548980,,-1.2672162056,-0.578118979931,-0.866587162018
1592020158558469124,340,1592020158505419015,,-1.26883506775,-0.574021816254,-0.866596281528
1592020158611489873,341,1592020158559703111,,-1.26996386051,-0.571101486683,-0.866610527039
1592020158662747326,342,1592020158611584901,,-1.27015900612,-0.570576429367,-0.866608023643
1592020158713739979,343,1592020158662806987,,-1.27016949654,-0.570416390896,-0.866604447365
1592020158765082184,344,1592020158714034080,,-1.26999914646,-0.570330739021,-0.866647362709
1592020158817090645,345,1592020158765312910,,-1.26863193512,-0.570318341255,-0.866744816303
1592020158868862722,346,1592020158817323923,,-1.26534247398,-0.571525096893,-0.866568446159
1592020158921034047,347,1592020158869365930,,-1.26147079468,-0.572731137276,-0.866560220718
1592020158972934368,348,1592020158921322107,,-1.25802218914,-0.573302149773,-0.866554558277
1592020159025526709,349,1592020158973958015,,-1.25531852245,-0.571473896503,-0.866640925407
1592020159077585870,350,1592020159025958061,,-1.25216138363,-0.570627510548,-0.866508126259
1592020159129581201,351,1592020159077977895,,-1.24879205227,-0.573064684868,-0.866576135159
1592020159181781126,352,1592020159129976034,,-1.24623143673,-0.576179563999,-0.866579294205
1592020159233657782,353,1592020159181910037,,-1.24388515949,-0.578624546528,-0.866611599922
1592020159286991131,354,1592020159234008073,,-1.24193239212,-0.578046441078,-0.866657078266
1592020159338253620,355,1592020159286392927,,-1.23882186413,-0.57676255703,-0.866654038429
1592020159389438042,356,1592020159338372945,,-1.23534429073,-0.577269494534,-0.866551280022
1592020159442053585,357,1592020159389542102,,-1.23212492466,-0.579995155334,-0.866540968418
1592020159493511405,358,1592020159441540002,,-1.23084628582,-0.583721935749,-0.866522014141
1592020159595296529,359,1592020159494309902,,-1.23054122925,-0.587780416012,-0.866565227509
1592020159646762803,360,1592020159595552921,,-1.23426318169,-0.590398550034,-0.866574943066
1592020159698734144,361,1592020159647144079,,-1.23799753189,-0.590558350086,-0.866611719131
1592020159750394833,362,1592020159699321985,,-1.24167084694,-0.589515209198,-0.866737484932
1592020159801492655,363,1592020159750546932,,-1.24364292622,-0.586368381977,-0.866656303406
1592020159852771864,364,1592020159801752090,,-1.24616456032,-0.583962619305,-0.866446852684
1592020159904807159,365,1592020159852973937,,-1.24939739704,-0.584384679794,-0.86654573679
1592020159957240916,366,1592020159905843973,,-1.25294673443,-0.582866370678,-0.866637229919
1592020160008700285,367,1592020159957457065,,-1.25584363937,-0.579972505569,-0.866528511047
1592020160060838694,368,1592020160008920907,,-1.25782179832,-0.576591730118,-0.866646766663
1592020160112322156,369,1592020160060506105,,-1.25849509239,-0.574402213097,-0.866586983204
1592020160164636444,370,1592020160112565994,,-1.2580319643,-0.573980331421,-0.866650760174
1592020160216310317,371,1592020160164592027,,-1.25610840321,-0.575014352798,-0.866604268551
1592020160268527312,372,1592020160216475009,,-1.25263845921,-0.577217876911,-0.866510331631
1592020160321009001,373,1592020160268341064,,-1.24908328056,-0.579292237759,-0.866527020931
1592020160372100297,374,1592020160320472955,,-1.24542307854,-0.581397712231,-0.866547167301
1592020160423489357,375,1592020160372482061,,-1.24170136452,-0.583597123623,-0.866544723511
1592020160475497868,376,1592020160423682928,,-1.23826563358,-0.585592985153,-0.866533577442
1592020160527491559,377,1592020160475661039,,-1.23461604118,-0.587685227394,-0.866551935673
1592020160578874957,378,1592020160527672052,,-1.23173761368,-0.589634299278,-0.866456031799
1592020160630854019,379,1592020160579142093,,-1.23039889336,-0.589990437031,-0.866589844227
1592020160732809996,380,1592020160631320953,,-1.23018872738,-0.590090990067,-0.866555213928
1592020160783964697,381,1592020160732853889,,-1.23068130016,-0.590129733086,-0.86654651165
1592020160835460428,382,1592020160784138917,,-1.23051977158,-0.590745031834,-0.866567134857
1592020160887313171,383,1592020160835730075,,-1.23103177547,-0.594230055809,-0.86639636755
1592020160939316512,384,1592020160887727975,,-1.23381400108,-0.595982432365,-0.866564750671
1592020161042057081,385,1592020160940428018,,-1.23799228668,-0.596157848835,-0.866572678089
1592020161094122339,386,1592020161042521953,,-1.24613785744,-0.59601265192,-0.866571366787
1592020161146268810,387,1592020161094549894,,-1.25029313564,-0.594937682152,-0.866562604904
1592020161197664573,388,1592020161146701097,,-1.25403082371,-0.593167960644,-0.86656665802
1592020161249462348,389,1592020161197911024,,-1.25742971897,-0.590811550617,-0.866559326649
1592020161301518539,390,1592020161249957084,,-1.2603969574,-0.587946593761,-0.866531610489
1592020161353568188,391,1592020161301981925,,-1.26305651665,-0.584839642048,-0.866504490376
1592020161405717644,392,1592020161354034900,,-1.26569771767,-0.581628143787,-0.866498112679
1592020161457766051,393,1592020161406116962,,-1.26836323738,-0.578463196754,-0.866502404213
1592020161559794313,394,1592020161458839893,,-1.2706656456,-0.575466394424,-0.866581022739
1592020161611834551,395,1592020161560106039,,-1.27164125443,-0.574670493603,-0.866490483284
1592020161663597853,396,1592020161611929893,,-1.27162539959,-0.574670612812,-0.866508662701
1592020161715770287,397,1592020161663979053,,-1.27162623405,-0.574669241905,-0.866504371166
1592020161767669858,398,1592020161716006994,,-1.2716178894,-0.574674725533,-0.866508305073
1592020161819014292,399,1592020161767987966,,-1.27161574364,-0.574677526951,-0.866509258747
1592020161920826169,400,1592020161819262027,,-1.27160072327,-0.574680805206,-0.866514444351
1592020161973593714,401,1592020161922051906,,-1.27160155773,-0.574674665928,-0.866510391235
1592020162025670566,402,1592020161974061965,,-1.27158820629,-0.574681222439,-0.866516411304
1592020162079200667,403,1592020162026240110,,-1.27159261703,-0.574687302113,-0.866506099701
1592020162180621326,404,1592020162078929901,,-1.27157890797,-0.574684023857,-0.866513729095
1592020162232726461,405,1592020162180821895,,-1.27157306671,-0.574675917625,-0.866518378258
1592020162284314302,406,1592020162232745885,,-1.27157175541,-0.574675440788,-0.866516709328
1592020162387533204,407,1592020162284667968,,-1.2715651989,-0.574691057205,-0.866520524025
1592020162438456518,408,1592020162387329101,,-1.2715498209,-0.574687898159,-0.866529345512
1592020162490315545,409,1592020162438754081,,-1.27155184746,-0.574693620205,-0.866525769234
1592020162542339394,410,1592020162490765094,,-1.2715471983,-0.574683666229,-0.866525530815
1592020162594476251,411,1592020162542768001,,-1.27155554295,-0.574678480625,-0.866520285606
1592020162696584255,412,1592020162594691991,,-1.27154779434,-0.574687898159,-0.866526186466
1592020162748472187,413,1592020162697060108,,-1.27154767513,-0.574693262577,-0.866519570351
1592020162799971212,414,1592020162748723030,,-1.27154755592,-0.574694812298,-0.866521418095
1592020162851815008,415,1592020162800493001,,-1.27154433727,-0.574678421021,-0.866526186466
1592020162903841932,416,1592020162852005958,,-1.2715473175,-0.57468265295,-0.866525709629
1592020162955514782,417,1592020162903958082,,-1.27154791355,-0.574683248997,-0.866522490978
1592020163007642013,418,1592020162955910921,,-1.27154648304,-0.574685513973,-0.866525948048
1592020163059767527,419,1592020163007708072,,-1.2715511322,-0.57467675209,-0.866521596909
1592020163111581004,420,1592020163059536933,,-1.27154874802,-0.574681043625,-0.866523087025
1592020163162585982,421,1592020163111416101,,-1.2715382576,-0.574691772461,-0.866529941559
1592020163215315701,422,1592020163163429975,,-1.27155447006,-0.574688196182,-0.866521179676
1592020163266953346,423,1592020163215840101,,-1.27154994011,-0.574679553509,-0.866522312164
1592020163318748755,424,1592020163267159938,,-1.27155065536,-0.57468688488,-0.866520345211
1592020163370740574,425,1592020163319130897,,-1.27154457569,-0.574683845043,-0.866527855396
1592020163422223971,426,1592020163371102094,,-1.27154684067,-0.574685037136,-0.866522490978
1592020163473903189,427,1592020163422413110,,-1.27155303955,-0.574681460857,-0.866519451141
1592020163525521186,428,1592020163473974943,,-1.27155184746,-0.574688911438,-0.86651968956
1592020163578112283,429,1592020163525969982,,-1.27155184746,-0.574684917927,-0.866519927979
1592020163630097157,430,1592020163577997922,,-1.27155661583,-0.574682235718,-0.866514801979
1592020163681904117,431,1592020163630383968,,-1.27154648304,-0.574688673019,-0.866524636745
1592020163733916150,432,1592020163682189941,,-1.27155005932,-0.574689269066,-0.86652058363
1592020163837741223,433,1592020163735332965,,-1.27154839039,-0.574689090252,-0.866523325443
1592020163889037533,434,1592020163837383985,,-1.27155399323,-0.574676632881,-0.866519272327
