%time,field.header.seq,field.header.stamp,field.header.frame_id,field.acceleration
1592031194618339241,1254,1592031194566430091,,0.0
1592031194721200964,1255,1592031194618524074,,0.0
1592031194773475507,1256,1592031194720809936,,0.0
1592031194824980775,1257,1592031194773283958,,0.0
1592031194877889924,1258,1592031194824974060,,0.0
1592031194929260757,1259,1592031194877454042,,0.0
1592031194982174988,1260,1592031194929119110,,0.0
1592031195034468002,1261,1592031194981952905,,0.0
1592031195087139179,1262,1592031195034096956,,0.0
1592031195138372887,1263,1592031195086008071,,0.0
1592031195190985196,1264,1592031195138412952,,0.0
1592031195243630503,1265,1592031195191090106,,0.0
1592031195295557207,1266,1592031195243307113,,0.0
1592031195346919722,1267,1592031195295066118,,0.0
1592031195398411049,1268,1592031195346590042,,0.0
1592031195499942566,1269,1592031195398385047,,0.0
1592031195553055014,1270,1592031195499979972,,0.0
1592031195605683837,1271,1592031195552737951,,0.0
1592031195660220403,1272,1592031195605673074,,0.0
1592031195712037078,1273,1592031195660363912,,0.0
1592031195764827385,1274,1592031195711827993,,0.0
1592031195815738616,1275,1592031195763995885,,0.0
1592031195867794262,1276,1592031195815448045,,0.0
1592031195920692495,1277,1592031195867458105,,0.0
1592031196024042073,1278,1592031195920799970,,0.0
1592031196076866591,1279,1592031196023757934,,0.0
1592031196129516643,1280,1592031196076617002,,0.0
1592031196185949327,1281,1592031196129092931,,0.0
1592031196238815038,1282,1592031196185939073,,0.0
1592031196290823439,1283,1592031196238431930,,0.0
1592031196343357367,1284,1592031196290899038,,0.0
1592031196395790854,1285,1592031196343396902,,0.0
1592031196449166946,1286,1592031196396584033,,0.000169999999343
1592031196551879540,1287,1592031196449229955,,0.0
1592031196603637836,1288,1592031196551726102,,0.0
1592031196655810961,1289,1592031196603655099,,0.0
1592031196707337235,1290,1592031196655149936,,0.0
1592031196758447225,1291,1592031196706995964,,0.0
1592031196859833225,1292,1592031196758459091,,0.0
1592031196911814535,1293,1592031196859993934,,0.0
1592031196964044895,1294,1592031196911561012,,0.0
1592031197017006389,1295,1592031196964040040,,0.0
1592031197069403605,1296,1592031197016695976,,-0.000159999995958
1592031197122308269,1297,1592031197069499015,,0.0
1592031197173766356,1298,1592031197121942043,,0.0
1592031197225401164,1299,1592031197173791885,,0.0
1592031197280653378,1300,1592031197225429058,,0.0
1592031197333185604,1301,1592031197280670881,,0.0
1592031197386590363,1302,1592031197333215951,,0.000169999999343
1592031197438922897,1303,1592031197386615037,,0.0
1592031197490599788,1304,1592031197438343048,,0.0
1592031197544104704,1305,1592031197489882946,,0.0
1592031197597240592,1306,1592031197544315099,,0.0
1592031197648916293,1307,1592031197596684932,,0.0
1592031197700805177,1308,1592031197649080038,,0.0
1592031197802486260,1309,1592031197700582981,,0.0
1592031197854133531,1310,1592031197802242040,,0.0
1592031197905514470,1311,1592031197853925943,,0.0
1592031197958525360,1312,1592031197905628919,,-0.000169999999343
1592031198011291583,1313,1592031197958173990,,0.0
1592031198062993509,1314,1592031198011147975,,0.0
1592031198115033655,1315,1592031198062726974,,0.0
1592031198167278091,1316,1592031198114694118,,0.0
1592031198219545598,1317,1592031198167331933,,0.0
1592031198271076347,1318,1592031198219130992,,0.0
1592031198323942766,1319,1592031198271167039,,0.0
1592031198376994723,1320,1592031198323611974,,0.0
1592031198429402191,1321,1592031198376657009,,0.0
1592031198482674793,1322,1592031198429372072,,0.0
1592031198535345637,1323,1592031198482870101,,0.0
1592031198638197648,1324,1592031198535391092,,0.0
1592031198690393691,1325,1592031198637850999,,0.0
1592031198743473700,1326,1592031198690465927,,0.0
1592031198795511580,1327,1592031198743066072,,0.0
1592031198848280779,1328,1592031198795618057,,0.0
1592031198900890851,1329,1592031198848387956,,0.0
1592031198955615910,1330,1592031198900937080,,0.0
1592031199008433061,1331,1592031198955353975,,0.0
1592031199059442352,1332,1592031199007698059,,0.0
1592031199162393020,1333,1592031199059243917,,0.0
1592031199216816599,1334,1592031199162106037,,0.0
1592031199270269432,1335,1592031199217050075,,0.0
1592031199322315013,1336,1592031199269870042,,0.0
1592031199376670923,1337,1592031199322335004,,0.0
1592031199429605868,1338,1592031199376312971,,0.0
1592031199484173080,1339,1592031199429223060,,0.0
1592031199535375225,1340,1592031199483545064,,0.0
1592031199587285451,1341,1592031199535012006,,0.0
1592031199639618701,1342,1592031199587348937,,0.0
1592031199694012983,1343,1592031199639671087,,0.0
1592031199746306503,1344,1592031199693655014,,0.0
1592031199798059894,1345,1592031199746064901,,0.0
1592031199899567509,1346,1592031199797816991,,0.0
1592031199953193318,1347,1592031199899350881,,0.0
1592031200056189527,1348,1592031199952311992,,0.0
1592031200107751692,1349,1592031200055094003,,0.0
1592031200159786430,1350,1592031200106987953,,0.0
1592031200212157923,1351,1592031200159478902,,0.0
1592031200264373561,1352,1592031200211906909,,0.0
1592031200318375731,1353,1592031200264444112,,0.0
1592031200370941739,1354,1592031200318576097,,0.0
1592031200423424273,1355,1592031200371015071,,0.0
1592031200475216982,1356,1592031200423494100,,0.0
1592031200526774742,1357,1592031200475286960,,0.0
1592031200579218757,1358,1592031200526798963,,0.0
1592031200633243452,1359,1592031200579278945,,0.0
1592031200686747245,1360,1592031200633434057,,0.0
1592031200738696912,1361,1592031200686363935,,0.0
1592031200791284023,1362,1592031200738766908,,0.0
1592031200844298579,1363,1592031200791085004,,0.0
1592031200896145670,1364,1592031200844372987,,0.0
1592031200948424758,1365,1592031200896167039,,0.0
1592031201001609846,1366,1592031200948092937,,0.0
1592031201055418709,1367,1592031201001842975,,0.0
1592031201157975986,1368,1592031201055562019,,0.0
1592031201210557974,1369,1592031201158077001,,0.0
1592031201262906067,1370,1592031201210637092,,0.0
1592031201315128243,1371,1592031201262634992,,0.0
1592031201367890855,1372,1592031201315187931,,0.0
1592031201420826064,1373,1592031201368031978,,0.0
1592031201473971432,1374,1592031201420435905,,0.0
1592031201526836244,1375,1592031201474065065,,0.0
1592031201628452793,1376,1592031201526540040,,0.0
1592031201680846600,1377,1592031201628093957,,0.0
1592031201733433065,1378,1592031201680500030,,0.0
1592031201786416433,1379,1592031201733228921,,0.0
1592031201888129645,1380,1592031201785725116,,0.0
1592031201940586519,1381,1592031201888257980,,0.0
1592031201993578896,1382,1592031201940620899,,0.0
1592031202045776625,1383,1592031201993196010,,0.0
1592031202098691302,1384,1592031202045871019,,0.0
1592031202151138718,1385,1592031202098772048,,0.0
1592031202204052434,1386,1592031202151213884,,0.0
1592031202257222165,1387,1592031202203707933,,0.0
1592031202308426776,1388,1592031202255908966,,0.0
1592031202361392779,1389,1592031202308558940,,0.0
1592031202412875925,1390,1592031202361037969,,0.0
1592031202464448355,1391,1592031202412885904,,0.0
1592031202516210646,1392,1592031202464505910,,0.0
1592031202568963527,1393,1592031202516294956,,0.0
1592031202621968937,1394,1592031202569026947,,0.0
1592031203574385684,1395,1592031202621532917,,0.0
1592031203626467650,1396,1592031203573842048,,0.0
1592031203679295982,1397,1592031203626519918,,0.0
1592031203731934024,1398,1592031203679100990,,0.0
1592031203787233632,1399,1592031203731477975,,0.0
1592031203840083938,1400,1592031203787309885,,0.0
1592031203891981344,1401,1592031203839833974,,0.0
1592031203946061343,1402,1592031203891979932,,0.0
1592031203997805844,1403,1592031203945101976,,0.0
1592031204049333980,1404,1592031203997520923,,0.0
1592031204101788346,1405,1592031204049129009,,0.0
1592031204155431269,1406,1592031204101849079,,0.0
1592031204257982222,1407,1592031204155534982,,0.0
1592031204310014832,1408,1592031204258094072,,0.0
1592031204361782760,1409,1592031204309746980,,0.0
1592031204413848788,1410,1592031204361558914,,0.0
1592031204466650321,1411,1592031204413944959,,0.0
1592031204520097209,1412,1592031204466326951,,0.0
1592031204572251332,1413,1592031204520302057,,0.0
1592031204624235745,1414,1592031204572241067,,0.0
1592031204678850717,1415,1592031204624216079,,0.0
1592031204731931365,1416,1592031204677393913,,0.0
1592031204784679968,1417,1592031204732059955,,0.0
1592031204836167336,1418,1592031204784440994,,0.0
1592031204887918749,1419,1592031204835959911,,0.0
1592031204989189313,1420,1592031204887706995,,0.0
1592031205041214503,1421,1592031204989289045,,0.0
1592031205092750674,1422,1592031205040951013,,0.0
1592031205144358950,1423,1592031205092509984,,0.0
1592031205196237726,1424,1592031205144383907,,0.0
1592031205247629229,1425,1592031205195897102,,0.0
1592031205300033707,1426,1592031205247623920,,0.0
1592031205352415383,1427,1592031205300143957,,0.0
1592031205404572543,1428,1592031205352106094,,0.0
1592031205457646313,1429,1592031205404686927,,0.0
1592031205561571820,1430,1592031205457344055,,0.0
1592031205614113363,1431,1592031205561765909,,0.0
1592031205666581127,1432,1592031205614197015,,0.0
1592031205719283561,1433,1592031205666698932,,0.0
1592031205772295290,1434,1592031205719340085,,0.0
1592031205824999297,1435,1592031205772363901,,0.0
1592031205878524320,1436,1592031205824666976,,0.0
1592031205931974937,1437,1592031205878541946,,0.0
1592031205983304358,1438,1592031205931559085,,0.0
1592031206035468778,1439,1592031205983119010,,0.0
1592031206088414164,1440,1592031206035531997,,0.0
1592031206141048454,1441,1592031206088059902,,0.0
1592031206193514563,1442,1592031206141253948,,0.0
1592031206295207565,1443,1592031206193264961,,0.0
1592031206346859998,1444,1592031206295239925,,0.0
1592031206403125237,1445,1592031206346874952,,0.0
1592031206455214592,1446,1592031206402755975,,0.0
1592031206507843670,1447,1592031206455261945,,0.0
1592031206610297414,1448,1592031206507885932,,0.0
1592031206663067401,1449,1592031206610341072,,0.0
1592031206716189334,1450,1592031206662705898,,0.0
1592031206769289429,1451,1592031206716398954,,0.0
1592031206821333888,1452,1592031206768942117,,0.0
1592031206872832582,1453,1592031206821106910,,0.0
1592031206925397965,1454,1592031206872951030,,0.0
1592031206978247608,1455,1592031206925487995,,0.0
1592031207030443815,1456,1592031206977911949,,0.0
1592031207134172749,1457,1592031207030386924,,0.0
1592031207185201552,1458,1592031207133510112,,0.0
1592031207236552395,1459,1592031207184968948,,0.0
1592031207289316113,1460,1592031207236644029,,0.0
1592031207342285348,1461,1592031207289024114,,0.0
1592031207394921088,1462,1592031207341929912,,0.0
1592031207447095746,1463,1592031207394428014,,0.0
1592031207502679692,1464,1592031207447181940,,0.0
1592031207555504438,1465,1592031207502646923,,0.0
1592031207607263495,1466,1592031207555521011,,0.0
1592031207659597754,1467,1592031207607301950,,0.0
1592031207713648877,1468,1592031207659754991,,0.0
1592031207766035579,1469,1592031207713284969,,0.0
1592031207867511706,1470,1592031207765733957,,0.0
1592031207919274708,1471,1592031207867568969,,0.0
1592031207972725554,1472,1592031207919120073,,0.0
1592031208024817636,1473,1592031207972341060,,0.0
1592031208127663229,1474,1592031208024955987,,0.0
1592031208179794370,1475,1592031208127357006,,0.0
1592031208232759752,1476,1592031208179959058,,0.0
1592031208335215128,1477,1592031208232830047,,0.0
1592031208388529845,1478,1592031208335443973,,0.0
1592031208440497718,1479,1592031208387835025,,0.0
1592031208492750969,1480,1592031208439455986,,0.0
1592031208544864501,1481,1592031208492192983,,0.0
1592031208646554355,1482,1592031208544574022,,0.0
1592031208698758864,1483,1592031208646368980,,0.0
1592031208751142418,1484,1592031208698812007,,0.0
1592031208804998367,1485,1592031208751329898,,0.0
1592031208907565602,1486,1592031208804075956,,0.0
1592031208959525794,1487,1592031208907304048,,0.0
1592031209012003103,1488,1592031208959230899,,0.0
1592031209064359574,1489,1592031209011655092,,0.0
1592031209118869601,1490,1592031209064034938,,0.0
1592031209221596473,1491,1592031209118330955,,0.0
1592031209274113704,1492,1592031209221822023,,0.0
1592031209326863910,1493,1592031209274187088,,0.0
1592031209379417179,1494,1592031209326478004,,0.0
1592031209430697027,1495,1592031209379039049,,0.0
1592031209534065073,1496,1592031209430697917,,0.0
1592031209586050471,1497,1592031209533575057,,0.0
1592031209638616797,1498,1592031209586122035,,0.0
1592031209691247198,1499,1592031209638751983,,0.0
1592031209743299021,1500,1592031209691298007,,0.0
1592031209796058436,1501,1592031209743351936,,0.0
1592031209848611740,1502,1592031209795731067,,0.0
1592031209901310587,1503,1592031209848750114,,0.0
1592031209954362378,1504,1592031209901401042,,0.0
1592031210057638397,1505,1592031209953799009,,0.0
1592031210108342768,1506,1592031210056221961,,0.0
1592031210161724925,1507,1592031210107815980,,0.0
1592031210214583955,1508,1592031210161407947,,0.0
1592031210267048932,1509,1592031210213778018,,0.0
1592031210319549801,1510,1592031210266632080,,0.0
1592031210370756188,1511,1592031210319236993,,0.0
1592031210422876483,1512,1592031210370780944,,0.0
1592031210474573206,1513,1592031210422585964,,0.0
1592031210578042087,1514,1592031210474591970,,0.0
1592031210628835940,1515,1592031210577071905,,0.0
1592031210680495998,1516,1592031210628972053,,0.0
1592031210733329224,1517,1592031210680550098,,0.0
1592031210785764281,1518,1592031210733020067,,0.0
1592031210838281653,1519,1592031210785428047,,0.0
1592031210889694076,1520,1592031210837925910,,0.0
1592031210942180809,1521,1592031210889451980,,0.0
1592031210994886176,1522,1592031210941939115,,0.0
1592031211047468186,1523,1592031210994468927,,0.0
1592031211100489749,1524,1592031211046938896,,0.0
1592031211151972783,1525,1592031211100152015,,0.0
1592031211204337790,1526,1592031211151622056,,0.0
1592031211256666416,1527,1592031211203998088,,0.0
1592031211310332107,1528,1592031211256366014,,0.0
1592031211363030989,1529,1592031211308967113,,0.0
1592031211419567510,1530,1592031211363219976,,0.0
1592031211471737759,1531,1592031211419312000,,0.0
1592031211524542365,1532,1592031211471798896,,0.0
1592031211577723754,1533,1592031211524611949,,0.0
1592031211628711726,1534,1592031211577079057,,0.0
1592031211680443653,1535,1592031211628725051,,0.0
1592031211732494112,1536,1592031211680551052,,0.0
1592031211783942548,1537,1592031211732501029,,0.0
1592031211836965744,1538,1592031211784141063,,0.0
1592031211888984060,1539,1592031211836571931,,0.0
1592031211992540445,1540,1592031211889004945,,0.0
1592031212044505984,1541,1592031211992172956,,0.0
1592031212097769302,1542,1592031212044547080,,0.0
1592031212155189054,1543,1592031212097251892,,0.0
1592031212207577755,1544,1592031212154872894,,0.0
1592031212260518724,1545,1592031212207257032,,0.0
1592031212363085700,1546,1592031212260668039,,0.0
1592031212419515906,1547,1592031212363163948,,0.0
1592031212472063279,1548,1592031212419153928,,0.0
1592031212525245493,1549,1592031212471853971,,0.0
1592031212578186817,1550,1592031212524907112,,0.0
1592031212680237262,1551,1592031212577600955,,0.0
1592031212733853990,1552,1592031212679915904,,0.0
1592031212787666691,1553,1592031212733395099,,0.0
1592031212840068320,1554,1592031212787731885,,0.0
1592031212892740036,1555,1592031212840118885,,0.0
1592031212945110727,1556,1592031212892366886,,0.0
1592031212996703752,1557,1592031212944596052,,0.0
1592031213048461848,1558,1592031212996069908,,0.0
1592031213101043081,1559,1592031213048520088,,0.0
1592031213154951827,1560,1592031213101387023,,0.0
1592031213206852227,1561,1592031213155050039,,0.0
1592031213259910507,1562,1592031213206594944,,0.0
1592031213311825876,1563,1592031213259499073,,0.0
1592031213363248491,1564,1592031213311198949,,0.0
1592031213416221172,1565,1592031213363327026,,0.0
1592031213468572670,1566,1592031213415852069,,0.0
1592031213522986197,1567,1592031213468317031,,0.0
1592031213575597496,1568,1592031213522619962,,0.0
1592031213628997798,1569,1592031213575273036,,0.0
1592031213680876016,1570,1592031213629117012,,0.0
1592031213732629512,1571,1592031213680793046,,0.0
1592031213785825040,1572,1592031213732536077,,0.0
1592031213839318106,1573,1592031213784966945,,0.0
1592031213944481116,1574,1592031213839134931,,0.0
1592031213995714142,1575,1592031213944001913,,0.0
1592031214048406054,1576,1592031213995402097,,0.0
1592031214150394251,1577,1592031214048146009,,0.0
1592031214202052208,1578,1592031214150149106,,0.0
1592031214259372848,1579,1592031214202117919,,0.0
1592031214307050085,1580,1592031214254775047,,0.0
1592031214358492482,1581,1592031214307095050,,0.0
1592031214411981642,1582,1592031214358608007,,0.0
1592031214464159220,1583,1592031214411034107,,0.0
1592031214517281143,1584,1592031214463470935,,0.0
1592031214572113228,1585,1592031214517478942,,0.0
1592031214624674995,1586,1592031214571764945,,0.0
1592031214676594977,1587,1592031214624308109,,0.0
1592031214730368628,1588,1592031214676753044,,0.0
1592031214782239773,1589,1592031214729623079,,0.0
1592031214885422157,1590,1592031214782305955,,0.0
1592031214939159167,1591,1592031214885452985,,0.0
1592031214991985680,1592,1592031214939215898,,0.0
1592031215044947723,1593,1592031214991683006,,0.0
1592031215098282294,1594,1592031215045111894,,0.0
1592031215149910054,1595,1592031215097753047,,0.0
1592031215201188512,1596,1592031215149594068,,0.0
1592031215254242171,1597,1592031215201277971,,0.0
1592031215355420152,1598,1592031215253756999,,0.0
1592031215408299287,1599,1592031215355207920,,0.0
1592031215460062076,1600,1592031215408031940,,0.0
1592031215512225610,1601,1592031215459886074,,0.0
1592031215565806573,1602,1592031215512312889,,0.0
1592031215617510490,1603,1592031215564796924,,0.0
1592031215669998122,1604,1592031215617152929,,0.000169999999343
1592031215723352376,1605,1592031215669675111,,0.0
1592031215776119829,1606,1592031215723567962,,0.0
1592031215828897732,1607,1592031215776201963,,0.0
1592031215880949700,1608,1592031215828553915,,0.0
1592031215932893632,1609,1592031215880961894,,0.0
1592031215985494459,1610,1592031215932917118,,0.0
1592031216039496888,1611,1592031215986073017,,0.0
1592031216091153878,1612,1592031216039763927,,0.0
1592031216143437832,1613,1592031216091214895,,0.0
1592031216195377676,1614,1592031216142998933,,0.0
1592031216248421228,1615,1592031216195442914,,0.0
1592031216350289705,1616,1592031216247864007,,0.0
1592031216403196523,1617,1592031216350353002,,0.0
1592031216455147652,1618,1592031216402821063,,0.0
1592031216508783398,1619,1592031216455218076,,0.0
1592031216611258100,1620,1592031216507442951,,0.0
1592031216663028871,1621,1592031216611418962,,0.0
1592031216715922958,1622,1592031216663069963,,0.0
1592031216767067362,1623,1592031216715516090,,0.0
1592031216818986349,1624,1592031216767029047,,-0.000159999995958
1592031216871972370,1625,1592031216818646907,,0.0
1592031216924066417,1626,1592031216871061086,,0.0
1592031216976468736,1627,1592031216923574924,,0.0
1592031217028856410,1628,1592031216975975036,,0.0
1592031217079918816,1629,1592031217028069972,,0.0
1592031217134049510,1630,1592031217080019950,,0.0
1592031217187083529,1631,1592031217133491039,,0.0
1592031217241644768,1632,1592031217187277078,,0.0
1592031217344740775,1633,1592031217241800069,,0.0
1592031217396746191,1634,1592031217344269990,,0.0
1592031217449699526,1635,1592031217396886110,,0.0
1592031217501942791,1636,1592031217449306964,,0.0
1592031217554211372,1637,1592031217501781940,,0.0
1592031217655722733,1638,1592031217553962945,,0.0
1592031217707477349,1639,1592031217655479907,,0.0
1592031217759448450,1640,1592031217706973075,,0.0
1592031217812493263,1641,1592031217759258985,,0.0
1592031217865519433,1642,1592031217812920093,,0.0
1592031217966971785,1643,1592031217865278005,,0.0
1592031218018387682,1644,1592031217966768026,,0.0
1592031218071233795,1645,1592031218018364906,,0.0
1592031218126732835,1646,1592031218071320056,,0.0
1592031218228348822,1647,1592031218124495983,,0.0
1592031218280970887,1648,1592031218228490114,,0.0
1592031218333368731,1649,1592031218281006097,,0.0
1592031218385781437,1650,1592031218333436012,,0.0
1592031218437726159,1651,1592031218385809898,,0.0
1592031218490651205,1652,1592031218437366962,,0.0
1592031218542359556,1653,1592031218489973068,,0.0
1592031218596955119,1654,1592031218542434930,,0.0
1592031218646356133,1655,1592031218594769001,,0.0
1592031218748980276,1656,1592031218646369934,,0.0
1592031218800049411,1657,1592031218748271942,,0.0
1592031218852283735,1658,1592031218800134897,,0.0
1592031218904237974,1659,1592031218852546930,,0.0
1592031218956485288,1660,1592031218903995037,,0.0
1592031219007999279,1661,1592031218956100940,,0.0
1592031219060426776,1662,1592031219007977008,,0.0
1592031219113698401,1663,1592031219060525894,,0.0
1592031219165218542,1664,1592031219113272905,,0.0
1592031219216720652,1665,1592031219165008068,,0.0
1592031219319200303,1666,1592031219216535091,,0.0
1592031219371664131,1667,1592031219318965911,,0.0
1592031219422397306,1668,1592031219370826959,,0.0
1592031219523927554,1669,1592031219422178983,,0.0
1592031219575395888,1670,1592031219523691892,,0.0
1592031219627889971,1671,1592031219576039075,,0.0
1592031219680807474,1672,1592031219627923011,,0.0
1592031219732519155,1673,1592031219680955886,,0.0
1592031219784688554,1674,1592031219732605934,,0.0
1592031219837272272,1675,1592031219784363031,,0.0
1592031219889229292,1676,1592031219836817026,,0.0
1592031219940866223,1677,1592031219889277935,,0.0
1592031219992461233,1678,1592031219940917015,,0.0
1592031220045632637,1679,1592031219992538928,,0.0
1592031220097062753,1680,1592031220045128107,,0.0
1592031220150718308,1681,1592031220097203969,,0.0
1592031220204435725,1682,1592031220150796890,,0.0
1592031220256567356,1683,1592031220204107999,,0.0
1592031220308175417,1684,1592031220256084918,,0.0
1592031220360598529,1685,1592031220307733058,,0.0
1592031220417257850,1686,1592031220360441923,,0.0
1592031220469022013,1687,1592031220417251110,,0.0
1592031220520969411,1688,1592031220468767881,,0.0
1592031220573357048,1689,1592031220520977973,,0.0
1592031220625927389,1690,1592031220573416948,,0.0
1592031220678541080,1691,1592031220625971078,,0.0
1592031220731070846,1692,1592031220678611993,,0.0
1592031220783589027,1693,1592031220731209039,,0.0
1592031220835118746,1694,1592031220783605098,,0.0
1592031220886878393,1695,1592031220835139036,,0.000190000006114
1592031220938575027,1696,1592031220886616945,,0.0
1592031220990505136,1697,1592031220938559055,,0.0
1592031221043129778,1698,1592031220990154027,,0.0
1592031221146216454,1699,1592031221042654991,,0.0
1592031221197688025,1700,1592031221145915031,,0.0
1592031221250134340,1701,1592031221197453022,,0.0
1592031221302810395,1702,1592031221249820947,,0.0
1592031221354770952,1703,1592031221302484989,,0.0
1592031221408003696,1704,1592031221354877948,,0.0
1592031221460422938,1705,1592031221407268047,,-0.000169999999343
1592031221514309390,1706,1592031221460062980,,0.0
1592031221566044944,1707,1592031221513952970,,0.000169999999343
1592031221617593968,1708,1592031221565589904,,0.0
1592031221669268372,1709,1592031221617640972,,0.0
1592031221721364357,1710,1592031221669085025,,0.0
1592031221773778174,1711,1592031221721014976,,0.000190000006114
1592031221876832838,1712,1592031221773061037,,0.000190000006114
1592031221929583960,1713,1592031221876847982,,0.0
1592031221982051170,1714,1592031221929234027,,0.0
1592031222084119067,1715,1592031221981698989,,0.0
1592031222137536059,1716,1592031222084204912,,0.0
1592031222190379395,1717,1592031222137454032,,-0.000159999995958
1592031222244790099,1718,1592031222190000057,,0.0
1592031222297833843,1719,1592031222244997978,,0.0
1592031222349689083,1720,1592031222297781944,,0.0
1592031222401897458,1721,1592031222349406003,,-0.000159999995958
1592031222454874692,1722,1592031222401949882,,-0.000159999995958
1592031222507366354,1723,1592031222454543113,,0.0
1592031222560488262,1724,1592031222507567882,,0.0
1592031222612845345,1725,1592031222560148954,,0.0
1592031222715494292,1726,1592031222612528085,,0.0
1592031222766576751,1727,1592031222714476108,,0.0
1592031222818582776,1728,1592031222766613960,,0.0
1592031222870165496,1729,1592031222818605899,,0.0
1592031222922218647,1730,1592031222870239019,,0.0
1592031222973650119,1731,1592031222921896934,,0.0
1592031223027575613,1732,1592031222973447084,,0.0
1592031223131520036,1733,1592031223027776002,,0.0
1592031223183516011,1734,1592031223131055116,,0.0
1592031223238832926,1735,1592031223184448003,,0.0
1592031223290347521,1736,1592031223238435029,,0.0
1592031223343296317,1737,1592031223290127038,,0.0
1592031223395387874,1738,1592031223342952966,,0.0
1592031223448111034,1739,1592031223395479917,,0.0
1592031223500161349,1740,1592031223448182106,,0.0
1592031223553147226,1741,1592031223500232934,,0.0
1592031223605559663,1742,1592031223552814006,,0.0
1592031223657355204,1743,1592031223605249881,,0.0
1592031223709554908,1744,1592031223657023906,,0.0
1592031223762202350,1745,1592031223709202051,,0.0
1592031223815199128,1746,1592031223761895895,,0.0
1592031223867126102,1747,1592031223814740896,,0.0
1592031223919899294,1748,1592031223867242097,,0.0
1592031223977286794,1749,1592031223920402050,,0.0
1592031224031066919,1750,1592031223977509975,,0.0
1592031224083396581,1751,1592031224030752897,,0.0
1592031224139348519,1752,1592031224083009004,,0.0
1592031224191154758,1753,1592031224139422893,,0.0
1592031224243696029,1754,1592031224190918922,,0.0
1592031224294905398,1755,1592031224243413925,,0.0
1592031224346595442,1756,1592031224294914007,,0.0
1592031224398386113,1757,1592031224346617937,,0.0
1592031224450409738,1758,1592031224398102045,,0.0
1592031224552619277,1759,1592031224450480937,,0.0
1592031224604776407,1760,1592031224552299976,,0.0
1592031224657186927,1761,1592031224604896068,,0.0
1592031224710122178,1762,1592031224657275915,,0.0
1592031224762489363,1763,1592031224709798097,,0.0
1592031224815039077,1764,1592031224762269020,,0.0
1592031224867276559,1765,1592031224814428091,,0.0
1592031224919956885,1766,1592031224866951942,,0.000169999999343
1592031224972320657,1767,1592031224919418096,,0.0
1592031225024370915,1768,1592031224971971035,,0.0
1592031225076855954,1769,1592031225024422883,,0.0
1592031225128455933,1770,1592031225076864004,,0.0
1592031225232276985,1771,1592031225128488063,,0.0
1592031225285169707,1772,1592031225232388973,,0.0
1592031225338265674,1773,1592031225285368919,,0.0
1592031225390430019,1774,1592031225337776899,,0.0
1592031225442746026,1775,1592031225390356063,,0.0
1592031225495054396,1776,1592031225442822933,,-0.000169999999343
1592031225550037024,1777,1592031225495135068,,0.0
1592031225602076738,1778,1592031225549555063,,0.0
1592031225653930481,1779,1592031225601535081,,0.0
1592031225706402674,1780,1592031225653677940,,0.0
1592031225758343436,1781,1592031225705666065,,0.0
1592031225810473924,1782,1592031225758017063,,0.0
1592031225862964552,1783,1592031225810516119,,0.0
1592031225915085324,1784,1592031225863028049,,0.0
1592031225966486067,1785,1592031225914779901,,0.0
1592031226019528734,1786,1592031225966607093,,0.0
1592031226072122912,1787,1592031226019184112,,0.0
1592031226125431058,1788,1592031226072259902,,0.0
1592031226177397750,1789,1592031226124784946,,0.0
1592031226229264017,1790,1592031226177220106,,0.0
1592031226282964260,1791,1592031226229427099,,0.0
1592031226334995267,1792,1592031226282202959,,0.0
1592031226387510272,1793,1592031226334659099,,0.0
1592031226441965742,1794,1592031226387073040,,0.0
1592031226843398459,1795,1592031226441464900,,0.0
1592031226895803003,1796,1592031226843432903,,0.0
1592031226947769967,1797,1592031226895836114,,0.0010300000431
1592031226999491454,1798,1592031226947355031,,0.00445999996737
1592031227051375730,1799,1592031226999546051,,0.00937000010163
1592031227103454048,1800,1592031227051167011,,0.0151000004262
1592031227155648541,1801,1592031227103519916,,0.0204799994826
1592031227207816857,1802,1592031227155396938,,0.0261100009084
1592031227260736687,1803,1592031227207892894,,0.0316100008786
1592031227312082038,1804,1592031227260410070,,0.0372099988163
1592031227363855513,1805,1592031227312086105,,0.0427299998701
1592031227416398532,1806,1592031227363653898,,0.134939998388
1592031227468770065,1807,1592031227416081905,,0.145889997482
1592031227521163509,1808,1592031227468462944,,0.14564999938
1592031227574443647,1809,1592031227520807027,,0.138699993491
1592031227625894924,1810,1592031227573309898,,0.128319993615
1592031227679147986,1811,1592031227625699043,,0.119309999049
1592031227732453240,1812,1592031227679289102,,0.10937000066
1592031227784139585,1813,1592031227732011079,,0.0999799966812
1592031227837714236,1814,1592031227784274101,,0.0879999995232
1592031227893787630,1815,1592031227837903976,,0.0701799988747
1592031227997293378,1816,1592031227893845081,,-0.00829999987036
1592031228049305474,1817,1592031227997374057,,-0.0516100004315
1592031228102503122,1818,1592031228049236059,,-0.0771400034428
1592031228205031795,1819,1592031228101816892,,-0.0919099971652
1592031228258938697,1820,1592031228204301118,,-0.0830399990082
1592031228310362030,1821,1592031228258641958,,-0.075989998877
1592031228363754423,1822,1592031228310465097,,-0.0681300014257
1592031228415173506,1823,1592031228363010883,,-0.0595900006592
1592031228467008442,1824,1592031228415231943,,-0.0461199991405
1592031228519531355,1825,1592031228467051029,,-0.0279699992388
1592031228571319211,1826,1592031228518974065,,-0.00624000001699
1592031228624036045,1827,1592031228571373939,,0.033100001514
1592031228676134596,1828,1592031228623684883,,0.0511800013483
1592031228778903883,1829,1592031228676057100,,0.066519998014
1592031228881293706,1830,1592031228778455972,,0.076810002327
1592031228932584863,1831,1592031228880721092,,0.0729800015688
1592031228984727338,1832,1592031228932356119,,0.0683400034904
1592031229040342604,1833,1592031228984796047,,0.0606300011277
1592031229092400117,1834,1592031229040081977,,0.0489699989557
1592031229144365622,1835,1592031229092096090,,0.0374399982393
1592031229196892162,1836,1592031229144433975,,0.0286200009286
1592031229249222209,1837,1592031229196957111,,0.0220599994063
1592031229352010877,1838,1592031229249329090,,0.0247699990869
1592031229404085312,1839,1592031229351627111,,0.0211699996144
1592031229456928783,1840,1592031229404181957,,0.0124700004235
1592031229512687524,1841,1592031229456581115,,0.00365000008605
1592031229561931617,1842,1592031229509172916,,0.00034999998752
1592031229614309402,1843,1592031229561538934,,-0.000869999988936
1592031229666402926,1844,1592031229614013910,,-0.000699999975041
1592031229720391512,1845,1592031229666464090,,-0.000699999975041
1592031229772648146,1846,1592031229720586061,,0.0
1592031229824037012,1847,1592031229772403001,,0.000169999999343
1592031229876607306,1848,1592031229823817968,,-0.00034999998752
1592031229928909710,1849,1592031229876254081,,0.0
1592031229980546457,1850,1592031229928128957,,0.000569999974687
1592031230032184472,1851,1592031229980593919,,0.0
1592031230089956121,1852,1592031230032269954,,-0.00115000002552
1592031230191617418,1853,1592031230090001106,,-0.00435000006109
1592031230244185435,1854,1592031230191648006,,-0.0103900004178
1592031230295536743,1855,1592031230243634939,,-0.0121299996972
1592031230347605407,1856,1592031230295211076,,-0.0151399997994
1592031230400131085,1857,1592031230347700119,,-0.0173799991608
1592031230452202705,1858,1592031230400279045,,-0.0218599997461
1592031230504096828,1859,1592031230452269077,,-0.0236099995673
1592031230556356466,1860,1592031230504138946,,-0.0243100002408
1592031230610329201,1861,1592031230556194067,,-0.019980000332
1592031230710349032,1862,1592031230608606100,,-0.0164800006896
1592031230762915218,1863,1592031230710438966,,-0.009829999879
1592031230816439252,1864,1592031230763014078,,0.000180000002729
1592031230869326352,1865,1592031230816111087,,0.00594000006095
1592031230921128404,1866,1592031230868808984,,0.0120299998671
1592031231024260598,1867,1592031230920772075,,0.0160499997437
1592031231079954937,1868,1592031231023499965,,0.0203799996525
1592031231131500211,1869,1592031231079669952,,0.0218400005251
1592031231184660302,1870,1592031231131661891,,0.021989999339
1592031231237831951,1871,1592031231184185981,,0.017990000546
1592031231340111241,1872,1592031231237632989,,0.0159000009298
1592031231391365879,1873,1592031231339437007,,0.0130399996415
1592031231444030299,1874,1592031231391077041,,0.00844000000507
1592031231496484840,1875,1592031231443706989,,0.00604999996722
1592031231551056452,1876,1592031231496155977,,0.00222999998368
1592031231653469750,1877,1592031231551199913,,0.000790000020061
1592031231705877014,1878,1592031231653527975,,-0.000790000020061
1592031231761832289,1879,1592031231705935001,,-0.000159999995958
1592031231816759963,1880,1592031231761899948,,-0.000479999987874
1592031231869344422,1881,1592031231816539049,,0.000319999991916
1592031231922527740,1882,1592031231869416952,,0.000319999991916
1592031231974987775,1883,1592031231921889066,,0.000339999998687
1592031232076382570,1884,1592031231974853038,,0.00222999998368
1592031232128700834,1885,1592031232076385974,,-0.000790000020061
1592031232181090940,1886,1592031232128772974,,-0.0060100001283
1592031232233914761,1887,1592031232181246995,,-0.013969999738
1592031232287072741,1888,1592031232233998060,,-0.0229100007564
1592031232388596780,1889,1592031232286163091,,-0.0268900003284
1592031232441777157,1890,1592031232388649940,,-0.0225000008941
1592031232498782362,1891,1592031232445543050,,-0.0206700004637
1592031232550581508,1892,1592031232498034954,,-0.0195700004697
1592031232602236762,1893,1592031232550643920,,-0.0166999995708
1592031232653700111,1894,1592031232602197885,,-0.0194499995559
1592031232755358294,1895,1592031232653700113,,-0.0162799991667
1592031232808796752,1896,1592031232755419015,,-0.0102099999785
1592031232860922050,1897,1592031232808281898,,-0.00319000007585
1592031232914986609,1898,1592031232860537052,,0.00319000007585
1592031232967669134,1899,1592031232915080070,,0.00524999992922
1592031233020608517,1900,1592031232967659950,,0.00206999992952
1592031233074628738,1901,1592031233019954919,,-0.00209000008181
1592031233127306260,1902,1592031233074697017,,-0.00641999999061
1592031233179882861,1903,1592031233127377033,,-0.00762999989092
1592031233233812889,1904,1592031233179925918,,-0.00467000016943
1592031233286534576,1905,1592031233233556032,,-0.0158699993044
1592031233338409802,1906,1592031233286145925,,-0.0348600000143
1592031233441486828,1907,1592031233338655948,,-0.0527900010347
1592031233494009503,1908,1592031233441170930,,-0.0613100007176
1592031233546113712,1909,1592031233493621110,,-0.0546200014651
1592031233598548785,1910,1592031233546128034,,-0.0401099994779
1592031233651793807,1911,1592031233598624944,,-0.025399999693
1592031233754015513,1912,1592031233651138067,,-0.0128399999812
1592031233806901865,1913,1592031233754017114,,-0.00159999995958
1592031233858979363,1914,1592031233806961059,,0.00734000001103
1592031233911666563,1915,1592031233858823060,,0.0251100007445
1592031233964231076,1916,1592031233911250114,,0.0462299995124
1592031234016845641,1917,1592031233963917970,,0.0569400005043
1592031234069302616,1918,1592031234017004013,,0.063210003078
1592031234123026048,1919,1592031234069345951,,0.044810000807
1592031234175439913,1920,1592031234122689008,,0.020640000701
1592031234228447560,1921,1592031234175156116,,-0.00381999998353
1592031234279837059,1922,1592031234227890968,,-0.0265299994498
1592031234332199121,1923,1592031234279723882,,-0.0597300007939
1592031234385078890,1924,1592031234332262992,,-0.0736699998379
1592031234438006350,1925,1592031234385020971,,-0.0752599984407
1592031234490076659,1926,1592031234437247037,,-0.0659700036049
1592031234542080540,1927,1592031234490115880,,-0.0456099994481
1592031234593570343,1928,1592031234542139053,,-0.0190399996936
1592031234646172855,1929,1592031234593583106,,0.00762999989092
1592031234698506164,1930,1592031234646013975,,0.0273299999535
1592031234751721830,1931,1592031234698510885,,0.0393600016832
1592031234803796125,1932,1592031234751914024,,0.0469399988651
1592031234907887734,1933,1592031234803616046,,0.0622299984097
1592031234960645406,1934,1592031234908004045,,0.0607899986207
1592031235012684025,1935,1592031234960422992,,0.0585700012743
1592031235064703920,1936,1592031235012734889,,0.0489999987185
1592031235116602509,1937,1592031235064450025,,0.0381300002337
1592031235168987882,1938,1592031235116750001,,0.0234900005162
1592031235220495313,1939,1592031235168648958,,0.0085199996829
1592031235272500515,1940,1592031235220226049,,-0.0019199999515
1592031235374976766,1941,1592031235272222042,,-0.00540000014007
1592031235426437271,1942,1592031235374671936,,-0.000479999987874
1592031235478206328,1943,1592031235426162958,,0.00304999994114
1592031235530543082,1944,1592031235477866888,,0.0112300002947
1592031235583416276,1945,1592031235530487060,,0.010879999958
1592031235686212150,1946,1592031235583199024,,0.0108700003475
1592031235739608959,1947,1592031235685949087,,0.00467000016943
1592031235793336955,1948,1592031235739717006,,0.00626000016928
1592031235844561108,1949,1592031235793032884,,0.00400000018999
1592031235896866317,1950,1592031235844583034,,-0.0051299999468
1592031235998397038,1951,1592031235896614074,,-0.0193799994886
1592031236050125654,1952,1592031235998133897,,-0.0468400008976
1592031236102382092,1953,1592031236050088882,,-0.0535300001502
1592031236155039745,1954,1592031236102440118,,-0.0641999989748
1592031236206461466,1955,1592031236155071020,,-0.0685300007463
1592031236258207727,1956,1592031236206585884,,-0.0693000033498
1592031236311120385,1957,1592031236258219957,,-0.0763600021601
1592031236364609321,1958,1592031236310679912,,-0.0761900022626
1592031236417454106,1959,1592031236364810943,,-0.0650599971414
1592031236469004124,1960,1592031236417313098,,-0.0499400012195
1592031236521034080,1961,1592031236468708038,,-0.0318100005388
1592031236573738882,1962,1592031236521039962,,-0.00803000014275
1592031236626887641,1963,1592031236573800086,,-0.00706000020728
1592031236679528691,1964,1592031236626555919,,-0.00515000009909
1592031236730843350,1965,1592031236678476095,,-0.011269999668
1592031236782978621,1966,1592031236730894088,,-0.0183099992573
1592031236835257427,1967,1592031236783200025,,-0.0112399999052
1592031236937722176,1968,1592031236834954023,,0.00209999992512
1592031236990399819,1969,1592031236937031030,,0.0200999993831
1592031237041255210,1970,1592031236989432096,,0.0360100008547
1592031237093006064,1971,1592031237040993928,,0.0501499995589
1592031237145431568,1972,1592031237093049049,,0.0611900016665
1592031237247881493,1973,1592031237145562887,,0.0682099983096
1592031237300584340,1974,1592031237247556924,,0.0655400007963
1592031237352580711,1975,1592031237300460100,,0.0710600018501
1592031237405628091,1976,1592031237352499008,,0.0732000023127
1592031237459121678,1977,1592031237405371904,,0.0723299980164
1592031237511181613,1978,1592031237458642959,,0.0572400018573
1592031237562997261,1979,1592031237511096000,,0.0245600007474
1592031237615690942,1980,1592031237563016891,,-0.01446999982
1592031237668214384,1981,1592031237615338087,,-0.0491000004113
1592031237720316016,1982,1592031237667866945,,-0.0763700008392
1592031237823827445,1983,1592031237720407962,,-0.0967200025916
1592031237874675688,1984,1592031237822917938,,-0.0768200010061
1592031237927734312,1985,1592031237874480962,,-0.0557500012219
1592031237980918827,1986,1592031237926949977,,-0.0332500003278
1592031238033785760,1987,1592031237980982065,,-0.0114700002596
1592031238086478824,1988,1592031238033440113,,0.00661000004038
1592031238138515064,1989,1592031238085999965,,0.0241800006479
1592031238191481032,1990,1592031238138554096,,0.0450000017881
1592031238243459163,1991,1592031238191126108,,0.0635700002313
1592031238346795325,1992,1592031238243505954,,0.0811299979687
1592031238398865931,1993,1592031238346046924,,0.0839100033045
1592031238451616907,1994,1592031238398526906,,0.0649700015783
1592031238503253882,1995,1592031238451803922,,0.0358599983156
1592031238554965303,1996,1592031238503303050,,0.00658999988809
1592031238658128322,1997,1592031238555246114,,-0.0247300006449
1592031238711433688,1998,1592031238657823085,,-0.0362000018358
1592031238764720368,1999,1592031238713255882,,-0.0290200002491
1592031238816988726,2000,1592031238764734029,,-0.0189999993891
1592031238869060546,2001,1592031238816802978,,-0.00798999983817
1592031238920525342,2002,1592031238868700027,,-0.00112000002991
1592031238972723088,2003,1592031238920243978,,0.013580000028
1592031239026655218,2004,1592031238972767114,,0.0160199999809
1592031239079913436,2005,1592031239026925086,,0.0158200003207
1592031239132770467,2006,1592031239080060958,,0.0157800000161
1592031239184256638,2007,1592031239132452011,,0.0223500002176
1592031239236819428,2008,1592031239184145927,,0.0224200002849
1592031239289260721,2009,1592031239236253023,,0.0105200000107
1592031239340837877,2010,1592031239289407014,,-0.000190000006114
1592031239392415195,2011,1592031239340931892,,-0.00820000004023
1592031239444976068,2012,1592031239392426967,,-0.00917000044137
1592031239496693121,2013,1592031239445091962,,-0.0148600004613
1592031239549785578,2014,1592031239496723890,,-0.00858999975026
1592031239601464757,2015,1592031239549233913,,0.0088099995628
1592031239653821950,2016,1592031239601516962,,0.0256999991834
1592031239756212688,2017,1592031239653914928,,0.0299200005829
1592031239808677267,2018,1592031239756263971,,0.0311099998653
1592031239861444284,2019,1592031239808703899,,0.0298699997365
1592031239962615410,2020,1592031239861079931,,0.0223900005221
1592031240015319216,2021,1592031239962641954,,-0.00079999997979
1592031240068213601,2022,1592031240014959096,,-0.0136500000954
1592031240119393971,2023,1592031240067847013,,-0.0290600005537
1592031240172494514,2024,1592031240119469881,,-0.0505799986422
1592031240224520695,2025,1592031240172029972,,-0.0806000009179
1592031240277195673,2026,1592031240224587917,,-0.108659997582
1592031240329035374,2027,1592031240277273893,,-0.117749996483
1592031240380817661,2028,1592031240329010963,,-0.0953299999237
1592031240433265061,2029,1592031240380573034,,-0.069770000875
1592031240485765109,2030,1592031240433043956,,-0.0452799983323
1592031240538207227,2031,1592031240485450983,,-0.00784000009298
1592031240590233142,2032,1592031240538348913,,0.0101300003007
1592031240643304730,2033,1592031240589977025,,0.0321800000966
1592031240696995811,2034,1592031240644745111,,0.0559699982405
1592031240748370598,2035,1592031240696398973,,0.0810500010848
1592031240800480638,2036,1592031240748509883,,0.0975299999118
1592031240852580765,2037,1592031240800154924,,0.0919900014997
1592031240904763561,2038,1592031240852328062,,0.0353499986231
1592031240957404909,2039,1592031240904874086,,-0.0175500009209
1592031241010368409,2040,1592031240957479953,,-0.0619699992239
1592031241062453121,2041,1592031241009996891,,-0.0974199995399
1592031241114864319,2042,1592031241062520027,,-0.103780001402
1592031241167323718,2043,1592031241114933967,,-0.0990599989891
1592031241223419399,2044,1592031241167390108,,-0.0970100015402
1592031241274566140,2045,1592031241223160028,,-0.0894099995494
1592031241327044737,2046,1592031241274612903,,-0.0663399994373
1592031241379998209,2047,1592031241327115058,,-0.0322600007057
1592031241483243911,2048,1592031241379689931,,0.00872000027448
1592031241535588397,2049,1592031241482470035,,0.0489999987185
1592031241587662280,2050,1592031241534950017,,0.0812200009823
1592031241640360706,2051,1592031241587702035,,0.101609997451
1592031241693293030,2052,1592031241640414953,,0.109190002084
1592031241744395833,2053,1592031241692969083,,0.109849996865
1592031241798449805,2054,1592031241744478940,,0.110380001366
1592031241850900829,2055,1592031241798528909,,0.105149999261
1592031241904673324,2056,1592031241850951910,,0.0904000028968
1592031242009475561,2057,1592031241904944896,,0.069399997592
1592031242064111299,2058,1592031242009665966,,0.0263500008732
1592031242119432493,2059,1592031242064162015,,-0.00343999988399
1592031242171437393,2060,1592031242119132995,,-0.0268799997866
1592031242226678378,2061,1592031242171479940,,-0.0486500002444
1592031242277925350,2062,1592031242226176977,,-0.0716999992728
1592031242378993781,2063,1592031242277627944,,-0.0879099965096
1592031242430722768,2064,1592031242379056930,,-0.0814699977636
1592031242484007025,2065,1592031242430509090,,-0.0783300027251
1592031242536533261,2066,1592031242484155893,,-0.0680700019002
1592031242589717242,2067,1592031242536650896,,-0.0536600016057
1592031242692526347,2068,1592031242589874982,,-0.0229199994355
1592031242744449259,2069,1592031242692174911,,0.00381999998353
1592031242796773239,2070,1592031242744118928,,0.0219199992716
1592031242899624477,2071,1592031242796792984,,0.034699998796
1592031242952612364,2072,1592031242899291038,,0.0355099998415
1592031243004726464,2073,1592031242951855897,,0.029810000211
1592031243056667727,2074,1592031243004223108,,0.0195099990815
1592031243109841610,2075,1592031243056754112,,-0.00159999995958
1592031243161723857,2076,1592031243109214067,,-0.0294400006533
1592031243215760636,2077,1592031243161864995,,-0.0495800003409
1592031243267770449,2078,1592031243215111970,,-0.0508599989116
1592031243319562142,2079,1592031243267179965,,-0.0396500006318
1592031243421895358,2080,1592031243319614887,,-0.0298900008202
1592031243473647522,2081,1592031243421917915,,-0.017119999975
1592031243526288660,2082,1592031243473411083,,0.00662000011653
1592031243578879976,2083,1592031243526436090,,0.00418000016361
1592031243631414681,2084,1592031243578932046,,-0.00905000045896
1592031243683778395,2085,1592031243631481885,,-0.0133999995887
1592031243736832884,2086,1592031243683870077,,-0.014969999902
1592031243788837735,2087,1592031243736380100,,-0.00347999995574
1592031243841490966,2088,1592031243788945913,,0.00540000014007
1592031243893195736,2089,1592031243841300010,,0.000699999975041
1592031243945661038,2090,1592031243892843961,,0.00645000021905
1592031243997963498,2091,1592031243945180892,,0.0259899999946
1592031244050971333,2092,1592031243997778892,,0.011819999665
1592031244104988449,2093,1592031244051122903,,0.0184899996966
1592031244156541595,2094,1592031244103604078,,0.0299200005829
1592031244209223541,2095,1592031244156232118,,0.042500000447
1592031244264977051,2096,1592031244208714008,,0.0455400012434
1592031244316973176,2097,1592031244264560937,,0.0246099997312
1592031244370565510,2098,1592031244317910909,,-0.00132000003941
1592031244423592687,2099,1592031244370249032,,-0.0120999999344
1592031244477415696,2100,1592031244423242092,,-0.0165899991989
1592031244530007342,2101,1592031244477607011,,-0.0274199992418
1592031244582757350,2102,1592031244530416011,,-0.0152099998668
1592031244634474279,2103,1592031244582741022,,0.00546000013128
1592031244685643971,2104,1592031244634149074,,0.0295899994671
1592031244738033449,2105,1592031244685627937,,0.0534599982202
1592031244790887592,2106,1592031244737616062,,0.0775199979544
1592031244843523890,2107,1592031244790389060,,0.0937599986792
1592031244895686521,2108,1592031244843389034,,0.0856399983168
1592031244949782943,2109,1592031244896012067,,0.0585799999535
1592031245000963538,2110,1592031244948503971,,0.0272199995816
1592031245053543985,2111,1592031245001106023,,-0.00381999998353
1592031245106075255,2112,1592031245053606033,,-0.0292399991304
1592031245157871717,2113,1592031245106161117,,-0.0559800006449
1592031245260838162,2114,1592031245157958030,,-0.0834299996495
1592031245312187654,2115,1592031245260504007,,-0.103150002658
1592031245363877098,2116,1592031245311949968,,-0.118919998407
1592031245466504842,2117,1592031245363943099,,-0.126059994102
1592031245518511979,2118,1592031245466640949,,-0.108460001647
1592031245570005172,2119,1592031245518227100,,-0.0982000008225
1592031245622654350,2120,1592031245569729089,,-0.0870900005102
1592031245674908379,2121,1592031245622314929,,-0.0740500018001
1592031245728509278,2122,1592031245675008058,,-0.061629999429
1592031245832285157,2123,1592031245728699922,,-0.0483499988914
1592031245887110887,2124,1592031245832369089,,-0.0332099981606
1592031245989957145,2125,1592031245886522054,,-0.0212500002235
1592031246042361926,2126,1592031245990016937,,-0.00913999974728
1592031246095440042,2127,1592031246042418003,,-0.00132999999914
1592031246148178976,2128,1592031246095010042,,-0.000159999995958
1592031246201543318,2129,1592031246147454023,,-0.000159999995958
1592031246255379914,2130,1592031246201742887,,-0.000159999995958
1592031246306882283,2131,1592031246255151987,,-0.000159999995958
1592031246359059815,2132,1592031246306632041,,-0.000159999995958
1592031246411707436,2133,1592031246359121084,,-0.000159999995958
1592031246464170449,2134,1592031246411755084,,-0.000169999999343
1592031246518133014,2135,1592031246464286088,,0.0
1592031246620249035,2136,1592031246516997098,,-0.000190000006114
1592031246672752714,2137,1592031246620316982,,-0.000169999999343
1592031246724759070,2138,1592031246672854900,,0.0
1592031246777925493,2139,1592031246724828004,,0.0
1592031246830277754,2140,1592031246777599096,,0.0
1592031246882869800,2141,1592031246830368041,,0.0
1592031246936460540,2142,1592031246882968902,,0.0
1592031246989056739,2143,1592031246936599016,,0.0
1592031247040741136,2144,1592031246989198923,,0.0
1592031247092733872,2145,1592031247040741920,,0.0
1592031247145266604,2146,1592031247093065023,,0.0
1592031247247891992,2147,1592031247145855903,,0.0
1592031247301223067,2148,1592031247247889995,,0.0
1592031247355600298,2149,1592031247300849914,,0.0
1592031247408341359,2150,1592031247355793952,,0.0
1592031247461418262,2151,1592031247408591032,,0.0
1592031247514511937,2152,1592031247461177110,,0.0
1592031247567008969,2153,1592031247514736890,,0.0
1592031247620079817,2154,1592031247566907882,,0.0
1592031247672356194,2155,1592031247619318008,,0.0
1592031247774308108,2156,1592031247671732902,,0.0
1592031247828916576,2157,1592031247774353981,,0.0
1592031247881660448,2158,1592031247828985929,,0.0
1592031247939533283,2159,1592031247881905078,,0.0
1592031248042419083,2160,1592031247939248085,,0.0
1592031248094496733,2161,1592031248042038917,,0.0
1592031248147416811,2162,1592031248094563007,,0.0
1592031248200598695,2163,1592031248147401094,,0.0
1592031248254050497,2164,1592031248200700998,,0.0
1592031248306155192,2165,1592031248253401041,,0.0
1592031248364692602,2166,1592031248305767059,,0.0
1592031248416604738,2167,1592031248364161968,,0.0
1592031248469348189,2168,1592031248416668891,,0.0
1592031248573465138,2169,1592031248469098091,,0.0
1592031248626507669,2170,1592031248573163032,,0.0
1592031248680065077,2171,1592031248626168966,,0.0
1592031248783361708,2172,1592031248678822040,,0.0
1592031248835390675,2173,1592031248783488035,,0.0
1592031248887283726,2174,1592031248835069894,,0.0
1592031248940755251,2175,1592031248887049913,,0.0
1592031248992786381,2176,1592031248940903902,,0.0
1592031249044665485,2177,1592031248992558956,,0.0
1592031249098547905,2178,1592031249044747114,,0.0
1592031249151047810,2179,1592031249098640918,,0.0
1592031249203876580,2180,1592031249151134014,,0.0
1592031249305457310,2181,1592031249203659057,,0.0
1592031249357828303,2182,1592031249305232048,,0.0
