%time,field.header.seq,field.header.stamp,field.header.frame_id,field.value
1592031194618686775,1254,1592031194566430091,,8.02499961853
1592031194721127566,1255,1592031194618524074,,8.02499961853
1592031194773025687,1256,1592031194720809936,,8.02499961853
1592031194825089732,1257,1592031194773283958,,8.02499961853
1592031194878686271,1258,1592031194824974060,,8.02499961853
1592031194929270701,1259,1592031194877454042,,8.02499961853
1592031194981495736,1260,1592031194929119110,,8.02499961853
1592031195034396820,1261,1592031194981952905,,8.02499961853
1592031195087114195,1262,1592031195034096956,,8.02499961853
1592031195138679236,1263,1592031195086008071,,8.02499961853
1592031195191417199,1264,1592031195138412952,,8.02499961853
1592031195243457720,1265,1592031195191090106,,8.02499961853
1592031195295186352,1266,1592031195243307113,,8.02499961853
1592031195346777185,1267,1592031195295066118,,8.02499961853
1592031195398558340,1268,1592031195346590042,,8.02499961853
1592031195500220414,1269,1592031195398385047,,8.02499961853
1592031195553586348,1270,1592031195499979972,,8.02499961853
1592031195605883060,1271,1592031195552737951,,8.02499961853
1592031195660056733,1272,1592031195605673074,,8.02499961853
1592031195712025565,1273,1592031195660363912,,8.02499961853
1592031195764836902,1274,1592031195711827993,,8.02499961853
1592031195815749623,1275,1592031195763995885,,8.02499961853
1592031195868177136,1276,1592031195815448045,,8.02499961853
1592031195920806653,1277,1592031195867458105,,8.02499961853
1592031196024051166,1278,1592031195920799970,,8.02499961853
1592031196076870528,1279,1592031196023757934,,8.02499961853
1592031196129504328,1280,1592031196076617002,,8.02499961853
1592031196186302671,1281,1592031196129092931,,8.02499961853
1592031196238827791,1282,1592031196185939073,,8.02499961853
1592031196291287967,1283,1592031196238431930,,8.02499961853
1592031196343563998,1284,1592031196290899038,,8.02499961853
1592031196396032710,1285,1592031196343396902,,8.02499961853
1592031196449503635,1286,1592031196396584033,,8.02588558197
1592031196552467351,1287,1592031196449229955,,8.02499961853
1592031196603909412,1288,1592031196551726102,,8.02499961853
1592031196655826405,1289,1592031196603655099,,8.02499961853
1592031196707322277,1290,1592031196655149936,,8.02499961853
1592031196758879548,1291,1592031196706995964,,8.02499961853
1592031196860352466,1292,1592031196758459091,,8.02499961853
1592031196911835062,1293,1592031196859993934,,8.02499961853
1592031196964630815,1294,1592031196911561012,,8.02499961853
1592031197017019477,1295,1592031196964040040,,8.02499961853
1592031197070291137,1296,1592031197016695976,,8.02416706085
1592031197122291494,1297,1592031197069499015,,8.02499961853
1592031197174608490,1298,1592031197121942043,,8.02499961853
1592031197225707917,1299,1592031197173791885,,8.02499961853
1592031197281277659,1300,1592031197225429058,,8.02499961853
1592031197333907206,1301,1592031197280670881,,8.02499961853
1592031197386784606,1302,1592031197333215951,,8.02588558197
1592031197438939977,1303,1592031197386615037,,8.02499961853
1592031197490172773,1304,1592031197438343048,,8.02499961853
1592031197545017619,1305,1592031197489882946,,8.02499961853
1592031197597251799,1306,1592031197544315099,,8.02499961853
1592031197649182483,1307,1592031197596684932,,8.02499961853
1592031197701134777,1308,1592031197649080038,,8.02499961853
1592031197802345346,1309,1592031197700582981,,8.02499961853
1592031197854242141,1310,1592031197802242040,,8.02499961853
1592031197905888601,1311,1592031197853925943,,8.02499961853
1592031197958519662,1312,1592031197905628919,,8.02411460876
1592031198011446590,1313,1592031197958173990,,8.02499961853
1592031198063375160,1314,1592031198011147975,,8.02499961853
1592031198115682920,1315,1592031198062726974,,8.02499961853
1592031198167530588,1316,1592031198114694118,,8.02499961853
1592031198219590519,1317,1592031198167331933,,8.02499961853
1592031198271461305,1318,1592031198219130992,,8.02499961853
1592031198325017991,1319,1592031198271167039,,8.02499961853
1592031198376891896,1320,1592031198323611974,,8.02499961853
1592031198429417886,1321,1592031198376657009,,8.02499961853
1592031198482471661,1322,1592031198429372072,,8.02499961853
1592031198535733871,1323,1592031198482870101,,8.02499961853
1592031198638635881,1324,1592031198535391092,,8.02499961853
1592031198691018646,1325,1592031198637850999,,8.02499961853
1592031198743894354,1326,1592031198690465927,,8.02499961853
1592031198795880165,1327,1592031198743066072,,8.02499961853
1592031198848506699,1328,1592031198795618057,,8.02499961853
1592031198901252353,1329,1592031198848387956,,8.02499961853
1592031198956468023,1330,1592031198900937080,,8.02499961853
1592031199008410623,1331,1592031198955353975,,8.02499961853
1592031199059651498,1332,1592031199007698059,,8.02499961853
1592031199162861688,1333,1592031199059243917,,8.02499961853
1592031199216036943,1334,1592031199162106037,,8.02499961853
1592031199270336278,1335,1592031199217050075,,8.02499961853
1592031199321841199,1336,1592031199269870042,,8.02499961853
1592031199376063038,1337,1592031199322335004,,8.02499961853
1592031199429589701,1338,1592031199376312971,,8.02499961853
1592031199484231809,1339,1592031199429223060,,8.02499961853
1592031199535368377,1340,1592031199483545064,,8.02499961853
1592031199587676568,1341,1592031199535012006,,8.02499961853
1592031199640007967,1342,1592031199587348937,,8.02499961853
1592031199693476900,1343,1592031199639671087,,8.02499961853
1592031199746471101,1344,1592031199693655014,,8.02499961853
1592031199797949753,1345,1592031199746064901,,8.02499961853
1592031199900290719,1346,1592031199797816991,,8.02499961853
1592031199953176817,1347,1592031199899350881,,8.02499961853
1592031200056194315,1348,1592031199952311992,,8.02499961853
1592031200107805439,1349,1592031200055094003,,8.02499961853
1592031200160324241,1350,1592031200106987953,,8.02499961853
1592031200212218267,1351,1592031200159478902,,8.02499961853
1592031200265297943,1352,1592031200211906909,,8.02499961853
1592031200318146400,1353,1592031200264444112,,8.02499961853
1592031200371209939,1354,1592031200318576097,,8.02499961853
1592031200423640870,1355,1592031200371015071,,8.02499961853
1592031200475442670,1356,1592031200423494100,,8.02499961853
1592031200527095460,1357,1592031200475286960,,8.02499961853
1592031200580058321,1358,1592031200526798963,,8.02499961853
1592031200632421870,1359,1592031200579278945,,8.02499961853
1592031200686753656,1360,1592031200633434057,,8.02499961853
1592031200739432783,1361,1592031200686363935,,8.02499961853
1592031200791294648,1362,1592031200738766908,,8.02499961853
1592031200844186168,1363,1592031200791085004,,8.02499961853
1592031200896737286,1364,1592031200844372987,,8.02499961853
1592031200948288040,1365,1592031200896167039,,8.02499961853
1592031201000801526,1366,1592031200948092937,,8.02499961853
1592031201055264951,1367,1592031201001842975,,8.02499961853
1592031201158407310,1368,1592031201055562019,,8.02499961853
1592031201210927449,1369,1592031201158077001,,8.02499961853
1592031201262919924,1370,1592031201210637092,,8.02499961853
1592031201315319661,1371,1592031201262634992,,8.02499961853
1592031201368361307,1372,1592031201315187931,,8.02499961853
1592031201421342955,1373,1592031201368031978,,8.02499961853
1592031201473661989,1374,1592031201420435905,,8.02499961853
1592031201526849968,1375,1592031201474065065,,8.02499961853
1592031201628800130,1376,1592031201526540040,,8.02499961853
1592031201680852280,1377,1592031201628093957,,8.02499961853
1592031201733696055,1378,1592031201680500030,,8.02499961853
1592031201785867114,1379,1592031201733228921,,8.02499961853
1592031201888580259,1380,1592031201785725116,,8.02499961853
1592031201941223841,1381,1592031201888257980,,8.02499961853
1592031201993452516,1382,1592031201940620899,,8.02499961853
1592031202046182538,1383,1592031201993196010,,8.02499961853
1592031202098877159,1384,1592031202045871019,,8.02499961853
1592031202151600137,1385,1592031202098772048,,8.02499961853
1592031202205159337,1386,1592031202151213884,,8.02499961853
1592031202257655904,1387,1592031202203707933,,8.02499961853
1592031202308681821,1388,1592031202255908966,,8.02499961853
1592031202362552851,1389,1592031202308558940,,8.02499961853
1592031202413529773,1390,1592031202361037969,,8.02499961853
1592031202464810926,1391,1592031202412885904,,8.02499961853
1592031202516465464,1392,1592031202464505910,,8.02499961853
1592031202569224286,1393,1592031202516294956,,8.02499961853
1592031202621936687,1394,1592031202569026947,,8.02499961853
1592031203574237990,1395,1592031202621532917,,8.02499961853
1592031203627526383,1396,1592031203573842048,,8.02499961853
1592031203679458688,1397,1592031203626519918,,8.02499961853
1592031203732193024,1398,1592031203679100990,,8.02499961853
1592031203788036163,1399,1592031203731477975,,8.02499961853
1592031203840020610,1400,1592031203787309885,,8.02499961853
1592031203892154937,1401,1592031203839833974,,8.02499961853
1592031203946548312,1402,1592031203891979932,,8.02499961853
1592031203997696032,1403,1592031203945101976,,8.02499961853
1592031204049468149,1404,1592031203997520923,,8.02499961853
1592031204102239697,1405,1592031204049129009,,8.02499961853
1592031204155764964,1406,1592031204101849079,,8.02499961853
1592031204258167404,1407,1592031204155534982,,8.02499961853
1592031204309870660,1408,1592031204258094072,,8.02499961853
1592031204362275209,1409,1592031204309746980,,8.02499961853
1592031204414359533,1410,1592031204361558914,,8.02499961853
1592031204466639230,1411,1592031204413944959,,8.02499961853
1592031204519304632,1412,1592031204466326951,,8.02499961853
1592031204572456383,1413,1592031204520302057,,8.02499961853
1592031204624141294,1414,1592031204572241067,,8.02499961853
1592031204677851532,1415,1592031204624216079,,8.02499961853
1592031204732319292,1416,1592031204677393913,,8.02499961853
1592031204784824558,1417,1592031204732059955,,8.02499961853
1592031204836395301,1418,1592031204784440994,,8.02499961853
1592031204888088554,1419,1592031204835959911,,8.02499961853
1592031204989464569,1420,1592031204887706995,,8.02499961853
1592031205041225026,1421,1592031204989289045,,8.02499961853
1592031205093163641,1422,1592031205040951013,,8.02499961853
1592031205144824161,1423,1592031205092509984,,8.02499961853
1592031205196695028,1424,1592031205144383907,,8.02499961853
1592031205248002845,1425,1592031205195897102,,8.02499961853
1592031205300409302,1426,1592031205247623920,,8.02499961853
1592031205353532474,1427,1592031205300143957,,8.02499961853
1592031205405269968,1428,1592031205352106094,,8.02499961853
1592031205457710698,1429,1592031205404686927,,8.02499961853
1592031205561340932,1430,1592031205457344055,,8.02499961853
1592031205614430466,1431,1592031205561765909,,8.02499961853
1592031205666820513,1432,1592031205614197015,,8.02499961853
1592031205719981251,1433,1592031205666698932,,8.02499961853
1592031205772931284,1434,1592031205719340085,,8.02499961853
1592031205825011446,1435,1592031205772363901,,8.02499961853
1592031205878618681,1436,1592031205824666976,,8.02499961853
1592031205932470449,1437,1592031205878541946,,8.02499961853
1592031205983315817,1438,1592031205931559085,,8.02499961853
1592031206035785983,1439,1592031205983119010,,8.02499961853
1592031206088846044,1440,1592031206035531997,,8.02499961853
1592031206141317838,1441,1592031206088059902,,8.02499961853
1592031206193564675,1442,1592031206141253948,,8.02499961853
1592031206295782476,1443,1592031206193264961,,8.02499961853
1592031206347149205,1444,1592031206295239925,,8.02499961853
1592031206402979193,1445,1592031206346874952,,8.02499961853
1592031206455554764,1446,1592031206402755975,,8.02499961853
1592031206508168510,1447,1592031206455261945,,8.02499961853
1592031206611015489,1448,1592031206507885932,,8.02499961853
1592031206663351457,1449,1592031206610341072,,8.02499961853
1592031206716346797,1450,1592031206662705898,,8.02499961853
1592031206769750938,1451,1592031206716398954,,8.02499961853
1592031206821561775,1452,1592031206768942117,,8.02499961853
1592031206873218432,1453,1592031206821106910,,8.02499961853
1592031206925825573,1454,1592031206872951030,,8.02499961853
1592031206978576443,1455,1592031206925487995,,8.02499961853
1592031207030765768,1456,1592031206977911949,,8.02499961853
1592031207134068875,1457,1592031207030386924,,8.02499961853
1592031207185534653,1458,1592031207133510112,,8.02499961853
1592031207236744648,1459,1592031207184968948,,8.02499961853
1592031207289409751,1460,1592031207236644029,,8.02499961853
1592031207342337829,1461,1592031207289024114,,8.02499961853
1592031207394755491,1462,1592031207341929912,,8.02499961853
1592031207447282973,1463,1592031207394428014,,8.02499961853
1592031207502923455,1464,1592031207447181940,,8.02499961853
1592031207556044284,1465,1592031207502646923,,8.02499961853
1592031207607636648,1466,1592031207555521011,,8.02499961853
1592031207660192268,1467,1592031207607301950,,8.02499961853
1592031207714395379,1468,1592031207659754991,,8.02499961853
1592031207766107723,1469,1592031207713284969,,8.02499961853
1592031207867914346,1470,1592031207765733957,,8.02499961853
1592031207919442060,1471,1592031207867568969,,8.02499961853
1592031207973807835,1472,1592031207919120073,,8.02499961853
1592031208025393411,1473,1592031207972341060,,8.02499961853
1592031208128009270,1474,1592031208024955987,,8.02499961853
1592031208180591219,1475,1592031208127357006,,8.02499961853
1592031208233399045,1476,1592031208179959058,,8.02499961853
1592031208335539153,1477,1592031208232830047,,8.02499961853
1592031208388179693,1478,1592031208335443973,,8.02499961853
1592031208439798768,1479,1592031208387835025,,8.02499961853
1592031208492890067,1480,1592031208439455986,,8.02499961853
1592031208544957587,1481,1592031208492192983,,8.02499961853
1592031208646644229,1482,1592031208544574022,,8.02499961853
1592031208699071961,1483,1592031208646368980,,8.02499961853
1592031208751463584,1484,1592031208698812007,,8.02499961853
1592031208804399441,1485,1592031208751329898,,8.02499961853
1592031208906965719,1486,1592031208804075956,,8.02499961853
1592031208959582546,1487,1592031208907304048,,8.02499961853
1592031209011988389,1488,1592031208959230899,,8.02499961853
1592031209064441235,1489,1592031209011655092,,8.02499961853
1592031209119018596,1490,1592031209064034938,,8.02499961853
1592031209221525116,1491,1592031209118330955,,8.02499961853
1592031209274438767,1492,1592031209221822023,,8.02499961853
1592031209326748663,1493,1592031209274187088,,8.02499961853
1592031209379431661,1494,1592031209326478004,,8.02499961853
1592031209431042289,1495,1592031209379039049,,8.02499961853
1592031209534117902,1496,1592031209430697917,,8.02499961853
1592031209586445175,1497,1592031209533575057,,8.02499961853
1592031209638954549,1498,1592031209586122035,,8.02499961853
1592031209692019027,1499,1592031209638751983,,8.02499961853
1592031209743649421,1500,1592031209691298007,,8.02499961853
1592031209795925226,1501,1592031209743351936,,8.02499961853
1592031209848452725,1502,1592031209795731067,,8.02499961853
1592031209901185626,1503,1592031209848750114,,8.02499961853
1592031209954373759,1504,1592031209901401042,,8.02499961853
1592031210057697079,1505,1592031209953799009,,8.02499961853
1592031210108353628,1506,1592031210056221961,,8.02499961853
1592031210162824310,1507,1592031210107815980,,8.02499961853
1592031210213989537,1508,1592031210161407947,,8.02499961853
1592031210267063050,1509,1592031210213778018,,8.02499961853
1592031210320187682,1510,1592031210266632080,,8.02499961853
1592031210371122220,1511,1592031210319236993,,8.02499961853
1592031210423014568,1512,1592031210370780944,,8.02499961853
1592031210475085659,1513,1592031210422585964,,8.02499961853
1592031210579318524,1514,1592031210474591970,,8.02499961853
1592031210629550904,1515,1592031210577071905,,8.02499961853
1592031210681294614,1516,1592031210628972053,,8.02499961853
1592031210733700091,1517,1592031210680550098,,8.02499961853
1592031210785854290,1518,1592031210733020067,,8.02499961853
1592031210838259872,1519,1592031210785428047,,8.02499961853
1592031210890422731,1520,1592031210837925910,,8.02499961853
1592031210942193504,1521,1592031210889451980,,8.02499961853
1592031210994720975,1522,1592031210941939115,,8.02499961853
1592031211047238290,1523,1592031210994468927,,8.02499961853
1592031211101014245,1524,1592031211046938896,,8.02499961853
1592031211151817400,1525,1592031211100152015,,8.02499961853
1592031211205341172,1526,1592031211151622056,,8.02499961853
1592031211256682475,1527,1592031211203998088,,8.02499961853
1592031211310374805,1528,1592031211256366014,,8.02499961853
1592031211362812473,1529,1592031211308967113,,8.02499961853
1592031211419652340,1530,1592031211363219976,,8.02499961853
1592031211472395670,1531,1592031211419312000,,8.02499961853
1592031211524944161,1532,1592031211471798896,,8.02499961853
1592031211577665542,1533,1592031211524611949,,8.02499961853
1592031211629072392,1534,1592031211577079057,,8.02499961853
1592031211681263849,1535,1592031211628725051,,8.02499961853
1592031211733064831,1536,1592031211680551052,,8.02499961853
1592031211784741350,1537,1592031211732501029,,8.02499961853
1592031211836736423,1538,1592031211784141063,,8.02499961853
1592031211889514933,1539,1592031211836571931,,8.02499961853
1592031211992606049,1540,1592031211889004945,,8.02499961853
1592031212044869889,1541,1592031211992172956,,8.02499961853
1592031212097277379,1542,1592031212044547080,,8.02499961853
1592031212155204296,1543,1592031212097251892,,8.02499961853
1592031212207649711,1544,1592031212154872894,,8.02499961853
1592031212260343756,1545,1592031212207257032,,8.02499961853
1592031212363878963,1546,1592031212260668039,,8.02499961853
1592031212420458302,1547,1592031212363163948,,8.02499961853
1592031212472300732,1548,1592031212419153928,,8.02499961853
1592031212524942090,1549,1592031212471853971,,8.02499961853
1592031212578170165,1550,1592031212524907112,,8.02499961853
1592031212680284485,1551,1592031212577600955,,8.02499961853
1592031212734719765,1552,1592031212679915904,,8.02499961853
1592031212787028481,1553,1592031212733395099,,8.02499961853
1592031212840727851,1554,1592031212787731885,,8.02499961853
1592031212893138914,1555,1592031212840118885,,8.02499961853
1592031212945192298,1556,1592031212892366886,,8.02499961853
1592031212996321613,1557,1592031212944596052,,8.02499961853
1592031213049609195,1558,1592031212996069908,,8.02499961853
1592031213101398909,1559,1592031213048520088,,8.02499961853
1592031213155361542,1560,1592031213101387023,,8.02499961853
1592031213206946965,1561,1592031213155050039,,8.02499961853
1592031213259902408,1562,1592031213206594944,,8.02499961853
1592031213311772574,1563,1592031213259499073,,8.02499961853
1592031213363572298,1564,1592031213311198949,,8.02499961853
1592031213416026403,1565,1592031213363327026,,8.02499961853
1592031213468698078,1566,1592031213415852069,,8.02499961853
1592031213522389251,1567,1592031213468317031,,8.02499961853
1592031213575327529,1568,1592031213522619962,,8.02499961853
1592031213628869809,1569,1592031213575273036,,8.02499961853
1592031213681142052,1570,1592031213629117012,,8.02499961853
1592031213732930901,1571,1592031213680793046,,8.02499961853
1592031213785721229,1572,1592031213732536077,,8.02499961853
1592031213839404465,1573,1592031213784966945,,8.02499961853
1592031213944522987,1574,1592031213839134931,,8.02499961853
1592031213995725989,1575,1592031213944001913,,8.02499961853
1592031214047959980,1576,1592031213995402097,,8.02499961853
1592031214150450115,1577,1592031214048146009,,8.02499961853
1592031214202466446,1578,1592031214150149106,,8.02499961853
1592031214254894089,1579,1592031214202117919,,8.02499961853
1592031214307488302,1580,1592031214254775047,,8.02499961853
1592031214358948180,1581,1592031214307095050,,8.02499961853
1592031214412013491,1582,1592031214358608007,,8.02499961853
1592031214463885109,1583,1592031214411034107,,8.02499961853
1592031214517055891,1584,1592031214463470935,,8.02499961853
1592031214571565822,1585,1592031214517478942,,8.02499961853
1592031214624415345,1586,1592031214571764945,,8.02499961853
1592031214677533141,1587,1592031214624308109,,8.02499961853
1592031214730413187,1588,1592031214676753044,,8.02499961853
1592031214782729772,1589,1592031214729623079,,8.02499961853
1592031214885988576,1590,1592031214782305955,,8.02499961853
1592031214938958256,1591,1592031214885452985,,8.02499961853
1592031214991997165,1592,1592031214939215898,,8.02499961853
1592031215045214862,1593,1592031214991683006,,8.02499961853
1592031215098310328,1594,1592031215045111894,,8.02499961853
1592031215150273244,1595,1592031215097753047,,8.02499961853
1592031215201520363,1596,1592031215149594068,,8.02499961853
1592031215255354607,1597,1592031215201277971,,8.02499961853
1592031215355881553,1598,1592031215253756999,,8.02499961853
1592031215407830783,1599,1592031215355207920,,8.02499961853
1592031215460366603,1600,1592031215408031940,,8.02499961853
1592031215512573972,1601,1592031215459886074,,8.02499961853
1592031215565078211,1602,1592031215512312889,,8.02499961853
1592031215617638932,1603,1592031215564796924,,8.02499961853
1592031215670313023,1604,1592031215617152929,,8.02588558197
1592031215723187335,1605,1592031215669675111,,8.02499961853
1592031215776220579,1606,1592031215723567962,,8.02499961853
1592031215828951377,1607,1592031215776201963,,8.02499961853
1592031215881293375,1608,1592031215828553915,,8.02499961853
1592031215933697467,1609,1592031215880961894,,8.02499961853
1592031215985528479,1610,1592031215932917118,,8.02499961853
1592031216039359695,1611,1592031215986073017,,8.02499961853
1592031216091619198,1612,1592031216039763927,,8.02499961853
1592031216143448104,1613,1592031216091214895,,8.02499961853
1592031216195990274,1614,1592031216142998933,,8.02499961853
1592031216248218038,1615,1592031216195442914,,8.02499961853
1592031216351108301,1616,1592031216247864007,,8.02499961853
1592031216402997798,1617,1592031216350353002,,8.02499961853
1592031216455267555,1618,1592031216402821063,,8.02499961853
1592031216508893200,1619,1592031216455218076,,8.02499961853
1592031216611083944,1620,1592031216507442951,,8.02499961853
1592031216663511502,1621,1592031216611418962,,8.02499961853
1592031216715798861,1622,1592031216663069963,,8.02499961853
1592031216767625602,1623,1592031216715516090,,8.02499961853
1592031216818873067,1624,1592031216767029047,,8.02416706085
1592031216871375591,1625,1592031216818646907,,8.02499961853
1592031216925225648,1626,1592031216871061086,,8.02499961853
1592031216976638209,1627,1592031216923574924,,8.02499961853
1592031217028925419,1628,1592031216975975036,,8.02499961853
1592031217080050861,1629,1592031217028069972,,8.02499961853
1592031217134065364,1630,1592031217080019950,,8.02499961853
1592031217186871005,1631,1592031217133491039,,8.02499961853
1592031217241236125,1632,1592031217187277078,,8.02499961853
1592031217344726568,1633,1592031217241800069,,8.02499961853
1592031217397025356,1634,1592031217344269990,,8.02499961853
1592031217449451211,1635,1592031217396886110,,8.02499961853
1592031217502003841,1636,1592031217449306964,,8.02499961853
1592031217554226627,1637,1592031217501781940,,8.02499961853
1592031217655976671,1638,1592031217553962945,,8.02499961853
1592031217707464236,1639,1592031217655479907,,8.02499961853
1592031217760237897,1640,1592031217706973075,,8.02499961853
1592031217812504089,1641,1592031217759258985,,8.02499961853
1592031217865676555,1642,1592031217812920093,,8.02499961853
1592031217967231843,1643,1592031217865278005,,8.02499961853
1592031218018696100,1644,1592031217966768026,,8.02499961853
1592031218071823681,1645,1592031218018364906,,8.02499961853
1592031218125082799,1646,1592031218071320056,,8.02499961853
1592031218228185311,1647,1592031218124495983,,8.02499961853
1592031218281557245,1648,1592031218228490114,,8.02499961853
1592031218333653147,1649,1592031218281006097,,8.02499961853
1592031218385291201,1650,1592031218333436012,,8.02499961853
1592031218437640656,1651,1592031218385809898,,8.02499961853
1592031218490380580,1652,1592031218437366962,,8.02499961853
1592031218542884272,1653,1592031218489973068,,8.02499961853
1592031218595266878,1654,1592031218542434930,,8.02499961853
1592031218646634400,1655,1592031218594769001,,8.02499961853
1592031218748429180,1656,1592031218646369934,,8.02499961853
1592031218800277184,1657,1592031218748271942,,8.02499961853
1592031218852274299,1658,1592031218800134897,,8.02499961853
1592031218904253463,1659,1592031218852546930,,8.02499961853
1592031218957384117,1660,1592031218903995037,,8.02499961853
1592031219008652762,1661,1592031218956100940,,8.02499961853
1592031219060749246,1662,1592031219007977008,,8.02499961853
1592031219113708497,1663,1592031219060525894,,8.02499961853
1592031219165526274,1664,1592031219113272905,,8.02499961853
1592031219216753446,1665,1592031219165008068,,8.02499961853
1592031219318989654,1666,1592031219216535091,,8.02499961853
1592031219371704077,1667,1592031219318965911,,8.02499961853
1592031219422383759,1668,1592031219370826959,,8.02499961853
1592031219524130935,1669,1592031219422178983,,8.02499961853
1592031219576782035,1670,1592031219523691892,,8.02499961853
1592031219628193780,1671,1592031219576039075,,8.02499961853
1592031219680647488,1672,1592031219627923011,,8.02499961853
1592031219733409460,1673,1592031219680955886,,8.02499961853
1592031219784573174,1674,1592031219732605934,,8.02499961853
1592031219837575480,1675,1592031219784363031,,8.02499961853
1592031219889505783,1676,1592031219836817026,,8.02499961853
1592031219941259054,1677,1592031219889277935,,8.02499961853
1592031219992835136,1678,1592031219940917015,,8.02499961853
1592031220045796745,1679,1592031219992538928,,8.02499961853
1592031220097461338,1680,1592031220045128107,,8.02499961853
1592031220150590999,1681,1592031220097203969,,8.02499961853
1592031220204716726,1682,1592031220150796890,,8.02499961853
1592031220257691168,1683,1592031220204107999,,8.02499961853
1592031220308167762,1684,1592031220256084918,,8.02499961853
1592031220361343827,1685,1592031220307733058,,8.02499961853
1592031220417954463,1686,1592031220360441923,,8.02499961853
1592031220469432992,1687,1592031220417251110,,8.02499961853
1592031220521584250,1688,1592031220468767881,,8.02499961853
1592031220573598073,1689,1592031220520977973,,8.02499961853
1592031220626257786,1690,1592031220573416948,,8.02499961853
1592031220679333630,1691,1592031220625971078,,8.02499961853
1592031220731532727,1692,1592031220678611993,,8.02499961853
1592031220784470512,1693,1592031220731209039,,8.02499961853
1592031220835661455,1694,1592031220783605098,,8.02499961853
1592031220886942881,1695,1592031220835139036,,8.02598953247
1592031220938833691,1696,1592031220886616945,,8.02499961853
1592031220990853989,1697,1592031220938559055,,8.02499961853
1592031221043589170,1698,1592031220990154027,,8.02499961853
1592031221145932756,1699,1592031221042654991,,8.02499961853
1592031221198151207,1700,1592031221145915031,,8.02499961853
1592031221250149231,1701,1592031221197453022,,8.02499961853
1592031221302711757,1702,1592031221249820947,,8.02499961853
1592031221354720098,1703,1592031221302484989,,8.02499961853
1592031221408062740,1704,1592031221354877948,,8.02499961853
1592031221460866369,1705,1592031221407268047,,8.02411460876
1592031221513677505,1706,1592031221460062980,,8.02499961853
1592031221566032678,1707,1592031221513952970,,8.02588558197
1592031221617930750,1708,1592031221565589904,,8.02499961853
1592031221669658392,1709,1592031221617640972,,8.02499961853
1592031221721379759,1710,1592031221669085025,,8.02499961853
1592031221773852813,1711,1592031221721014976,,8.02598953247
1592031221876611923,1712,1592031221773061037,,8.02598953247
1592031221930432652,1713,1592031221876847982,,8.02499961853
1592031221982363395,1714,1592031221929234027,,8.02499961853
1592031222084423309,1715,1592031221981698989,,8.02499961853
1592031222137479693,1716,1592031222084204912,,8.02499961853
1592031222190453081,1717,1592031222137454032,,8.02416706085
1592031222244571035,1718,1592031222190000057,,8.02499961853
1592031222297954410,1719,1592031222244997978,,8.02499961853
1592031222349677917,1720,1592031222297781944,,8.02499961853
1592031222402269999,1721,1592031222349406003,,8.02416706085
1592031222454796590,1722,1592031222401949882,,8.02416706085
1592031222508204754,1723,1592031222454543113,,8.02499961853
1592031222560574016,1724,1592031222507567882,,8.02499961853
1592031222613206721,1725,1592031222560148954,,8.02499961853
1592031222715401199,1726,1592031222612528085,,8.02499961853
1592031222766839839,1727,1592031222714476108,,8.02499961853
1592031222819200225,1728,1592031222766613960,,8.02499961853
1592031222870615906,1729,1592031222818605899,,8.02499961853
1592031222922207327,1730,1592031222870239019,,8.02499961853
1592031222974044882,1731,1592031222921896934,,8.02499961853
1592031223027364207,1732,1592031222973447084,,8.02499961853
1592031223131676282,1733,1592031223027776002,,8.02499961853
1592031223183573545,1734,1592031223131055116,,8.02499961853
1592031223238817414,1735,1592031223184448003,,8.02499961853
1592031223290555266,1736,1592031223238435029,,8.02499961853
1592031223343342325,1737,1592031223290127038,,8.02499961853
1592031223395663760,1738,1592031223342952966,,8.02499961853
1592031223448420125,1739,1592031223395479917,,8.02499961853
1592031223500942567,1740,1592031223448182106,,8.02499961853
1592031223553040003,1741,1592031223500232934,,8.02499961853
1592031223605368835,1742,1592031223552814006,,8.02499961853
1592031223657218334,1743,1592031223605249881,,8.02499961853
1592031223709650164,1744,1592031223657023906,,8.02499961853
1592031223761674870,1745,1592031223709202051,,8.02499961853
1592031223815239441,1746,1592031223761895895,,8.02499961853
1592031223867663047,1747,1592031223814740896,,8.02499961853
1592031223919939045,1748,1592031223867242097,,8.02499961853
1592031223977013742,1749,1592031223920402050,,8.02499961853
1592031224031055556,1750,1592031223977509975,,8.02499961853
1592031224084127802,1751,1592031224030752897,,8.02499961853
1592031224139250762,1752,1592031224083009004,,8.02499961853
1592031224191277149,1753,1592031224139422893,,8.02499961853
1592031224243961646,1754,1592031224190918922,,8.02499961853
1592031224295451996,1755,1592031224243413925,,8.02499961853
1592031224346862465,1756,1592031224294914007,,8.02499961853
1592031224398371466,1757,1592031224346617937,,8.02499961853
1592031224451650494,1758,1592031224398102045,,8.02499961853
1592031224552975680,1759,1592031224450480937,,8.02499961853
1592031224605000035,1760,1592031224552299976,,8.02499961853
1592031224657666598,1761,1592031224604896068,,8.02499961853
1592031224710309237,1762,1592031224657275915,,8.02499961853
1592031224762504096,1763,1592031224709798097,,8.02499961853
1592031224815155177,1764,1592031224762269020,,8.02499961853
1592031224867558025,1765,1592031224814428091,,8.02499961853
1592031224919740186,1766,1592031224866951942,,8.02588558197
1592031224972764715,1767,1592031224919418096,,8.02499961853
1592031225024582795,1768,1592031224971971035,,8.02499961853
1592031225077122451,1769,1592031225024422883,,8.02499961853
1592031225129092239,1770,1592031225076864004,,8.02499961853
1592031225232056603,1771,1592031225128488063,,8.02499961853
1592031225286023604,1772,1592031225232388973,,8.02499961853
1592031225338151731,1773,1592031225285368919,,8.02499961853
1592031225390880216,1774,1592031225337776899,,8.02499961853
1592031225443406553,1775,1592031225390356063,,8.02499961853
1592031225495847369,1776,1592031225442822933,,8.02411460876
1592031225551122533,1777,1592031225495135068,,8.02499961853
1592031225602094681,1778,1592031225549555063,,8.02499961853
1592031225653752107,1779,1592031225601535081,,8.02499961853
1592031225705844053,1780,1592031225653677940,,8.02499961853
1592031225758229946,1781,1592031225705666065,,8.02499961853
1592031225810770645,1782,1592031225758017063,,8.02499961853
1592031225863583583,1783,1592031225810516119,,8.02499961853
1592031225915095837,1784,1592031225863028049,,8.02499961853
1592031225967236951,1785,1592031225914779901,,8.02499961853
1592031226019542470,1786,1592031225966607093,,8.02499961853
1592031226071964151,1787,1592031226019184112,,8.02499961853
1592031226125014687,1788,1592031226072259902,,8.02499961853
1592031226177886759,1789,1592031226124784946,,8.02499961853
1592031226229764337,1790,1592031226177220106,,8.02499961853
1592031226282751881,1791,1592031226229427099,,8.02499961853
1592031226335529059,1792,1592031226282202959,,8.02499961853
1592031226387728239,1793,1592031226334659099,,8.02499961853
1592031226442862978,1794,1592031226387073040,,8.02499961853
1592031226844339072,1795,1592031226441464900,,8.02499961853
1592031226896437120,1796,1592031226843432903,,8.02499961853
1592031226948060083,1797,1592031226895836114,,8.03036499023
1592031226998951582,1798,1592031226947355031,,8.04822921753
1592031227051667867,1799,1592031226999546051,,8.07380199432
1592031227103958789,1800,1592031227051167011,,8.10364627838
1592031227155764272,1801,1592031227103519916,,8.13166713715
1592031227208106383,1802,1592031227155396938,,8.16098976135
1592031227261140008,1803,1592031227207892894,,8.18963527679
1592031227312801387,1804,1592031227260410070,,8.21880245209
1592031227364076296,1805,1592031227312086105,,8.24755191803
1592031227416863902,1806,1592031227363653898,,8.64999961853
1592031227469279871,1807,1592031227416081905,,8.64999961853
1592031227521496575,1808,1592031227468462944,,8.64999961853
1592031227574459794,1809,1592031227520807027,,8.64999961853
1592031227625327624,1810,1592031227573309898,,8.64999961853
1592031227678991407,1811,1592031227625699043,,8.64640617371
1592031227732024203,1812,1592031227679289102,,8.59463500977
1592031227785121125,1813,1592031227732011079,,8.54572868347
1592031227836892058,1814,1592031227784274101,,8.48333358765
1592031227893845886,1815,1592031227837903976,,8.3905210495
1592031227996504340,1816,1592031227893845081,,7.98177099228
1592031228049314965,1817,1592031227997374057,,7.75619792938
1592031228102117834,1818,1592031228049236059,,7.62322902679
1592031228204697422,1819,1592031228101816892,,7.54630231857
1592031228259200489,1820,1592031228204301118,,7.59250020981
1592031228310565548,1821,1592031228258641958,,7.62921857834
1592031228363420763,1822,1592031228310465097,,7.67015647888
1592031228415440797,1823,1592031228363010883,,7.71463537216
1592031228467418785,1824,1592031228415231943,,7.78479146957
1592031228519571644,1825,1592031228467051029,,7.87932300568
1592031228571681396,1826,1592031228518974065,,7.99249982834
1592031228624838451,1827,1592031228571373939,,8.19739627838
1592031228676366262,1828,1592031228623684883,,8.29156208038
1592031228778857658,1829,1592031228676057100,,8.37145805359
1592031228882504464,1830,1592031228778455972,,8.42505168915
1592031228932899718,1831,1592031228880721092,,8.40510463715
1592031228985940629,1832,1592031228932356119,,8.38093757629
1592031229040771309,1833,1592031228984796047,,8.34078121185
1592031229092390379,1834,1592031229040081977,,8.28005218506
1592031229144686708,1835,1592031229092096090,,8.22000026703
1592031229197256348,1836,1592031229144433975,,8.17406272888
1592031229249326764,1837,1592031229196957111,,8.13989543915
1592031229351853030,1838,1592031229249329090,,8.15401077271
1592031229404252636,1839,1592031229351627111,,8.13526058197
1592031229456831060,1840,1592031229404181957,,8.0899477005
1592031229509557481,1841,1592031229456581115,,8.04401016235
1592031229562344890,1842,1592031229509172916,,8.02682304382
1592031229614380696,1843,1592031229561538934,,8.02046871185
1592031229667496747,1844,1592031229614013910,,8.02135372162
1592031229720169852,1845,1592031229666464090,,8.02135372162
1592031229772515000,1846,1592031229720586061,,8.02499961853
1592031229824234168,1847,1592031229772403001,,8.02588558197
1592031229876909422,1848,1592031229823817968,,8.02317714691
1592031229929028931,1849,1592031229876254081,,8.02499961853
1592031229981319497,1850,1592031229928128957,,8.02796840668
1592031230032471109,1851,1592031229980593919,,8.02499961853
1592031230089796737,1852,1592031230032269954,,8.01901054382
1592031230192056900,1853,1592031230090001106,,8.00234413147
1592031230245269300,1854,1592031230191648006,,7.97088527679
1592031230295836316,1855,1592031230243634939,,7.9618229866
1592031230348256761,1856,1592031230295211076,,7.94614601135
1592031230400587764,1857,1592031230347700119,,7.9344792366
1592031230452547015,1858,1592031230400279045,,7.9111456871
1592031230504731333,1859,1592031230452269077,,7.90203142166
1592031230556418633,1860,1592031230504138946,,7.89838552475
1592031230608919157,1861,1592031230556194067,,7.92093753815
1592031230710685342,1862,1592031230608606100,,7.93916654587
1592031230763337043,1863,1592031230710438966,,7.97380208969
1592031230816408617,1864,1592031230763014078,,8.02593708038
1592031230869365702,1865,1592031230816111087,,8.05593776703
1592031230921802016,1866,1592031230868808984,,8.08765602112
1592031231024174908,1867,1592031230920772075,,8.10859394073
1592031231077652613,1868,1592031231023499965,,8.13114547729
1592031231131849866,1869,1592031231079669952,,8.13875007629
1592031231184557363,1870,1592031231131661891,,8.13953113556
1592031231237271621,1871,1592031231184185981,,8.11869812012
1592031231339757057,1872,1592031231237632989,,8.10781288147
1592031231391257470,1873,1592031231339437007,,8.09291648865
1592031231443983743,1874,1592031231391077041,,8.06895828247
1592031231496521632,1875,1592031231443706989,,8.05650997162
1592031231550885902,1876,1592031231496155977,,8.03661441803
1592031231653870180,1877,1592031231551199913,,8.02911472321
1592031231706126253,1878,1592031231653527975,,8.02088546753
1592031231761620345,1879,1592031231705935001,,8.02416706085
1592031231817203652,1880,1592031231761899948,,8.02250003815
1592031231869634612,1881,1592031231816539049,,8.02666664124
1592031231922798282,1882,1592031231869416952,,8.02666664124
1592031231974703896,1883,1592031231921889066,,8.02677059174
1592031232076748863,1884,1592031231974853038,,8.03661441803
1592031232129377163,1885,1592031232076385974,,8.02088546753
1592031232181542633,1886,1592031232128772974,,7.99369812012
1592031232234415565,1887,1592031232181246995,,7.9522395134
1592031232287196404,1888,1592031232233998060,,7.90567684174
1592031232389263314,1889,1592031232286163091,,7.88494777679
1592031232441838178,1890,1592031232388649940,,7.90781259537
1592031232498800161,1891,1592031232445543050,,7.91734361649
1592031232551033650,1892,1592031232498034954,,7.92307281494
1592031232602619842,1893,1592031232550643920,,7.93802070618
1592031232653865006,1894,1592031232602197885,,7.92369794846
1592031232755779839,1895,1592031232653700113,,7.94020843506
1592031232808849798,1896,1592031232755419015,,7.97182273865
1592031232861460164,1897,1592031232808281898,,8.00838565826
1592031232913170241,1898,1592031232860537052,,8.04161453247
1592031232968458439,1899,1592031232915080070,,8.05234336853
1592031233020138171,1900,1592031232967659950,,8.03578090668
1592031233073004752,1901,1592031233019954919,,8.01411437988
1592031233127515974,1902,1592031233074697017,,7.99156236649
1592031233180185190,1903,1592031233127377033,,7.9852604866
1592031233233758477,1904,1592031233179925918,,8.00067710876
1592031233286551131,1905,1592031233233556032,,7.94234371185
1592031233338517828,1906,1592031233286145925,,7.84343767166
1592031233441285816,1907,1592031233338655948,,7.75005197525
1592031233493923666,1908,1592031233441170930,,7.70567703247
1592031233547083999,1909,1592031233493621110,,7.74052095413
1592031233598893980,1910,1592031233546128034,,7.81609392166
1592031233652063012,1911,1592031233598624944,,7.89270830154
1592031233754255104,1912,1592031233651138067,,7.95812511444
1592031233806782413,1913,1592031233754017114,,8.01666641235
1592031233859125653,1914,1592031233806961059,,8.06322956085
1592031233911497178,1915,1592031233858823060,,8.15578079224
1592031233964070784,1916,1592031233911250114,,8.26578140259
1592031234016681799,1917,1592031233963917970,,8.32156276703
1592031234069754966,1918,1592031234017004013,,8.35421848297
1592031234121976333,1919,1592031234069345951,,8.25838565826
1592031234175363630,1920,1592031234122689008,,8.13249969482
1592031234228464137,1921,1592031234175156116,,8.00510406494
1592031234279879728,1922,1592031234227890968,,7.8868227005
1592031234332501062,1923,1592031234279723882,,7.71390628815
1592031234385091458,1924,1592031234332262992,,7.64130210876
1592031234437564192,1925,1592031234385020971,,7.63302087784
1592031234490254340,1926,1592031234437247037,,7.68140602112
1592031234542505605,1927,1592031234490115880,,7.78744792938
1592031234594340658,1928,1592031234542139053,,7.92583322525
1592031234646318682,1929,1592031234593583106,,8.06473922729
1592031234698730001,1930,1592031234646013975,,8.16734409332
1592031234751518688,1931,1592031234698510885,,8.22999954224
1592031234803847791,1932,1592031234751914024,,8.26947879791
1592031234907821313,1933,1592031234803616046,,8.34911441803
1592031234960778706,1934,1592031234908004045,,8.34161472321
1592031235013549664,1935,1592031234960422992,,8.33005237579
1592031235065058815,1936,1592031235012734889,,8.28020858765
1592031235116448682,1937,1592031235064450025,,8.22359371185
1592031235168760422,1938,1592031235116750001,,8.14734363556
1592031235220755564,1939,1592031235168648958,,8.06937503815
1592031235272515549,1940,1592031235220226049,,8.01500034332
1592031235375665853,1941,1592031235272222042,,7.99687480927
1592031235426358031,1942,1592031235374671936,,8.02250003815
1592031235478213222,1943,1592031235426162958,,8.04088497162
1592031235531189394,1944,1592031235477866888,,8.08348941803
1592031235583841385,1945,1592031235530487060,,8.08166694641
1592031235685774115,1946,1592031235583199024,,8.08161449432
1592031235739473712,1947,1592031235685949087,,8.04932308197
1592031235793319830,1948,1592031235739717006,,8.05760383606
1592031235845543795,1949,1592031235793032884,,8.04583358765
1592031235896560551,1950,1592031235844583034,,7.99828147888
1592031235998540281,1951,1592031235896614074,,7.92406272888
1592031236050760534,1952,1592031235998133897,,7.78104162216
1592031236103085727,1953,1592031236050088882,,7.7461977005
1592031236155346522,1954,1592031236102440118,,7.69062519073
1592031236207058718,1955,1592031236155071020,,7.6680727005
1592031236258528789,1956,1592031236206585884,,7.6640625
1592031236311607107,1957,1592031236258219957,,7.62729167938
1592031236364387615,1958,1592031236310679912,,7.62817716599
1592031236417965129,1959,1592031236364810943,,7.68614578247
1592031236468944829,1960,1592031236417313098,,7.76489591599
1592031236521864302,1961,1592031236468708038,,7.85932302475
1592031236574036627,1962,1592031236521039962,,7.98317718506
1592031236626861011,1963,1592031236573800086,,7.98822927475
1592031236679517336,1964,1592031236626555919,,7.99817705154
1592031236731200816,1965,1592031236678476095,,7.96630191803
1592031236783067600,1966,1592031236730894088,,7.92963552475
1592031236835920605,1967,1592031236783200025,,7.96645832062
1592031236937735903,1968,1592031236834954023,,8.03593730927
1592031236989647963,1969,1592031236937031030,,8.12968730927
1592031237041485148,1970,1592031236989432096,,8.21255207062
1592031237093060813,1971,1592031237040993928,,8.28619766235
1592031237145884994,1972,1592031237093049049,,8.34369754791
1592031237247817831,1973,1592031237145562887,,8.38026046753
1592031237300523864,1974,1592031237247556924,,8.36635398865
1592031237352838365,1975,1592031237300460100,,8.39510440826
1592031237405568684,1976,1592031237352499008,,8.40625
1592031237459104615,1977,1592031237405371904,,8.40171909332
1592031237511325120,1978,1592031237458642959,,8.32312488556
1592031237563743414,1979,1592031237511096000,,8.15291690826
1592031237615599310,1980,1592031237563016891,,7.94963550568
1592031237669050632,1981,1592031237615338087,,7.76927089691
1592031237720903616,1982,1592031237667866945,,7.62723970413
1592031237823238984,1983,1592031237720407962,,7.52124977112
1592031237874902977,1984,1592031237822917938,,7.6248960495
1592031237927716328,1985,1592031237874480962,,7.73463535309
1592031237980729500,1986,1592031237926949977,,7.85182285309
1592031238033765133,1987,1592031237980982065,,7.96526050568
1592031238087618495,1988,1592031238033440113,,8.05942726135
1592031238138661840,1989,1592031238085999965,,8.15093708038
1592031238191385140,1990,1592031238138554096,,8.25937461853
1592031238243768954,1991,1592031238191126108,,8.35609340668
1592031238346420558,1992,1592031238243505954,,8.44755172729
1592031238399890943,1993,1592031238346046924,,8.46203136444
1592031238451438538,1994,1592031238398526906,,8.3633852005
1592031238503934400,1995,1592031238451803922,,8.21177101135
1592031238555547964,1996,1592031238503303050,,8.05932331085
1592031238658114657,1997,1592031238555246114,,7.89619779587
1592031238711620109,1998,1592031238657823085,,7.83645820618
1592031238765002767,1999,1592031238713255882,,7.87385416031
1592031238817455512,2000,1592031238764734029,,7.92604160309
1592031238868933266,2001,1592031238816802978,,7.9833855629
1592031238920538947,2002,1592031238868700027,,8.01916694641
1592031238972200846,2003,1592031238920243978,,8.09572887421
1592031239026419059,2004,1592031238972767114,,8.10843753815
1592031239079745790,2005,1592031239026925086,,8.10739612579
1592031239132787178,2006,1592031239080060958,,8.10718727112
1592031239184774948,2007,1592031239132452011,,8.14140605927
1592031239236831785,2008,1592031239184145927,,8.14177036285
1592031239288982891,2009,1592031239236253023,,8.07979202271
1592031239341354196,2010,1592031239289407014,,8.02401065826
1592031239393030710,2011,1592031239340931892,,7.98229169846
1592031239445180675,2012,1592031239392426967,,7.97723960876
1592031239497420937,2013,1592031239445091962,,7.94760417938
1592031239549298981,2014,1592031239496723890,,7.98026037216
1592031239601502273,2015,1592031239549233913,,8.07088565826
1592031239654315034,2016,1592031239601516962,,8.15885448456
1592031239756557538,2017,1592031239653914928,,8.18083286285
1592031239808957757,2018,1592031239756263971,,8.18703079224
1592031239861424845,2019,1592031239808703899,,8.18057250977
1592031239963735387,2020,1592031239861079931,,8.14161491394
1592031240015685830,2021,1592031239962641954,,8.02083301544
1592031240068585326,2022,1592031240014959096,,7.95390605927
1592031240119650300,2023,1592031240067847013,,7.87364578247
1592031240173604552,2024,1592031240119469881,,7.76156234741
1592031240225224818,2025,1592031240172029972,,7.60520839691
1592031240277810652,2026,1592031240224587917,,7.45906257629
1592031240329141385,2027,1592031240277273893,,7.41171884537
1592031240380998715,2028,1592031240329010963,,7.52848958969
1592031240433227800,2029,1592031240380573034,,7.66161441803
1592031240485752253,2030,1592031240433043956,,7.7891664505
1592031240539110608,2031,1592031240485450983,,7.98416662216
1592031240590494628,2032,1592031240538348913,,8.07776069641
1592031240643653965,2033,1592031240589977025,,8.19260406494
1592031240696503196,2034,1592031240644745111,,8.3165102005
1592031240748666393,2035,1592031240696398973,,8.44713497162
1592031240800770053,2036,1592031240748509883,,8.53296852112
1592031240852429950,2037,1592031240800154924,,8.504114151
1592031240905388801,2038,1592031240852328062,,8.20911502838
1592031240960877636,2039,1592031240904874086,,7.93359375
1592031241010308838,2040,1592031240957479953,,7.7022395134
1592031241063203766,2041,1592031241009996891,,7.51760435104
1592031241115147334,2042,1592031241062520027,,7.4844789505
1592031241168607546,2043,1592031241114933967,,7.50906229019
1592031241224232940,2044,1592031241167390108,,7.51973962784
1592031241274938128,2045,1592031241223160028,,7.55932283401
1592031241327373048,2046,1592031241274612903,,7.67947912216
1592031241379982961,2047,1592031241327115058,,7.85697937012
1592031241483256386,2048,1592031241379689931,,8.0704164505
1592031241535194803,2049,1592031241482470035,,8.28020858765
1592031241587874339,2050,1592031241534950017,,8.44802093506
1592031241640672862,2051,1592031241587702035,,8.55421829224
1592031241693142250,2052,1592031241640414953,,8.59369754791
1592031241744866022,2053,1592031241692969083,,8.59713554382
1592031241798311796,2054,1592031241744478940,,8.59989547729
1592031241852524854,2055,1592031241798528909,,8.57265663147
1592031241904451983,2056,1592031241850951910,,8.49583339691
1592031242008781199,2057,1592031241904944896,,8.38645839691
1592031242063932228,2058,1592031242009665966,,8.16224002838
1592031242119484859,2059,1592031242064162015,,8.00708293915
1592031242171737840,2060,1592031242119132995,,7.88500022888
1592031242227017754,2061,1592031242171479940,,7.77161455154
1592031242278050454,2062,1592031242226176977,,7.65156269073
1592031242379560602,2063,1592031242277627944,,7.56713533401
1592031242430736385,2064,1592031242379056930,,7.6006770134
1592031242484405806,2065,1592031242430509090,,7.61703109741
1592031242537134623,2066,1592031242484155893,,7.67046880722
1592031242589539131,2067,1592031242536650896,,7.74552059174
1592031242692923801,2068,1592031242589874982,,7.90562486649
1592031242744273573,2069,1592031242692174911,,8.04489612579
1592031242796967841,2070,1592031242744118928,,8.13916683197
1592031242899642818,2071,1592031242796792984,,8.20572948456
1592031242952739721,2072,1592031242899291038,,8.20994758606
1592031243004845230,2073,1592031242951855897,,8.18026065826
1592031243057387976,2074,1592031243004223108,,8.12661457062
1592031243109403074,2075,1592031243056754112,,8.01666641235
1592031243162378725,2076,1592031243109214067,,7.87166643143
1592031243215895147,2077,1592031243161864995,,7.76677083969
1592031243267712425,2078,1592031243215111970,,7.76010417938
1592031243319931930,2079,1592031243267179965,,7.81848955154
1592031243422186308,2080,1592031243319614887,,7.86932277679
1592031243473804064,2081,1592031243421917915,,7.93583345413
1592031243526120486,2082,1592031243473411083,,8.05947875977
1592031243579294290,2083,1592031243526436090,,8.0467710495
1592031243631878936,2084,1592031243578932046,,7.97786474228
1592031243684522434,2085,1592031243631481885,,7.95520830154
1592031243737028592,2086,1592031243683870077,,7.94703102112
1592031243789139168,2087,1592031243736380100,,8.00687503815
1592031243841627720,2088,1592031243788945913,,8.05312538147
1592031243893026173,2089,1592031243841300010,,8.02864551544
1592031243945860714,2090,1592031243892843961,,8.05859375
1592031243997980633,2091,1592031243945180892,,8.160364151
1592031244050805013,2092,1592031243997778892,,8.08656215668
1592031244103924158,2093,1592031244051122903,,8.121301651
1592031244156555665,2094,1592031244103604078,,8.18083286285
1592031244209487395,2095,1592031244156232118,,8.24635410309
1592031244261581395,2096,1592031244208714008,,8.26218795776
1592031244317357199,2097,1592031244264560937,,8.15317726135
1592031244371392641,2098,1592031244317910909,,8.01812458038
1592031244423580531,2099,1592031244370249032,,7.96197938919
1592031244477196097,2100,1592031244423242092,,7.93859386444
1592031244530233879,2101,1592031244477607011,,7.88218736649
1592031244583033929,2102,1592031244530416011,,7.94578123093
1592031244634506289,2103,1592031244582741022,,8.05343723297
1592031244685884657,2104,1592031244634149074,,8.17911434174
1592031244738236895,2105,1592031244685627937,,8.30343723297
1592031244791596463,2106,1592031244737616062,,8.42875003815
1592031244843535769,2107,1592031244790389060,,8.51333332062
1592031244896290809,2108,1592031244843389034,,8.47104167938
1592031244948845059,2109,1592031244896012067,,8.33010387421
1592031245001519483,2110,1592031244948503971,,8.16677093506
1592031245053781331,2111,1592031245001106023,,8.00510406494
1592031245106598406,2112,1592031245053606033,,7.87270832062
1592031245158256759,2113,1592031245106161117,,7.73343753815
1592031245260597727,2114,1592031245157958030,,7.59046888351
1592031245312440091,2115,1592031245260504007,,7.48776054382
1592031245364193524,2116,1592031245311949968,,7.40562486649
1592031245466785838,2117,1592031245363943099,,7.40000009537
1592031245518965200,2118,1592031245466640949,,7.46010398865
1592031245570149047,2119,1592031245518227100,,7.51354169846
1592031245622633451,2120,1592031245569729089,,7.57140636444
1592031245675259398,2121,1592031245622314929,,7.63932275772
1592031245728295644,2122,1592031245675008058,,7.7040104866
1592031245831538066,2123,1592031245728699922,,7.77317714691
1592031245886188573,2124,1592031245832369089,,7.85203123093
1592031245990515856,2125,1592031245886522054,,7.91432285309
1592031246042516000,2126,1592031245990016937,,7.97739601135
1592031246095307079,2127,1592031246042418003,,8.01807308197
1592031246148089169,2128,1592031246095010042,,8.02416706085
1592031246201318903,2129,1592031246147454023,,8.02416706085
1592031246254921893,2130,1592031246201742887,,8.02416706085
1592031246307738930,2131,1592031246255151987,,8.02416706085
1592031246359374158,2132,1592031246306632041,,8.02416706085
1592031246412157414,2133,1592031246359121084,,8.02416706085
1592031246464630014,2134,1592031246411755084,,8.02411460876
1592031246517924670,2135,1592031246464286088,,8.02499961853
1592031246620645496,2136,1592031246516997098,,8.02401065826
1592031246673138734,2137,1592031246620316982,,8.02411460876
1592031246725527339,2138,1592031246672854900,,8.02499961853
1592031246777710124,2139,1592031246724828004,,8.02499961853
1592031246830513845,2140,1592031246777599096,,8.02499961853
1592031246883363755,2141,1592031246830368041,,8.02499961853
1592031246937334744,2142,1592031246882968902,,8.02499961853
1592031246990032041,2143,1592031246936599016,,8.02499961853
1592031247041012842,2144,1592031246989198923,,8.02499961853
1592031247092741652,2145,1592031247040741920,,8.02499961853
1592031247145364860,2146,1592031247093065023,,8.02499961853
1592031247248355937,2147,1592031247145855903,,8.02499961853
1592031247302164557,2148,1592031247247889995,,8.02499961853
1592031247355376034,2149,1592031247300849914,,8.02499961853
1592031247409050505,2150,1592031247355793952,,8.02499961853
1592031247461902088,2151,1592031247408591032,,8.02499961853
1592031247514650605,2152,1592031247461177110,,8.02499961853
1592031247567683008,2153,1592031247514736890,,8.02499961853
1592031247619718229,2154,1592031247566907882,,8.02499961853
1592031247671983956,2155,1592031247619318008,,8.02499961853
1592031247775204599,2156,1592031247671732902,,8.02499961853
1592031247829640109,2157,1592031247774353981,,8.02499961853
1592031247881798944,2158,1592031247828985929,,8.02499961853
1592031247939969950,2159,1592031247881905078,,8.02499961853
1592031248042281549,2160,1592031247939248085,,8.02499961853
1592031248094873818,2161,1592031248042038917,,8.02499961853
1592031248147723204,2162,1592031248094563007,,8.02499961853
1592031248200495223,2163,1592031248147401094,,8.02499961853
1592031248253941756,2164,1592031248200700998,,8.02499961853
1592031248306549442,2165,1592031248253401041,,8.02499961853
1592031248364735257,2166,1592031248305767059,,8.02499961853
1592031248416984405,2167,1592031248364161968,,8.02499961853
1592031248469396799,2168,1592031248416668891,,8.02499961853
1592031248572959194,2169,1592031248469098091,,8.02499961853
1592031248626807744,2170,1592031248573163032,,8.02499961853
1592031248679920074,2171,1592031248626168966,,8.02499961853
1592031248784002794,2172,1592031248678822040,,8.02499961853
1592031248835376739,2173,1592031248783488035,,8.02499961853
1592031248887524212,2174,1592031248835069894,,8.02499961853
1592031248940970321,2175,1592031248887049913,,8.02499961853
1592031248992829335,2176,1592031248940903902,,8.02499961853
1592031249045076379,2177,1592031248992558956,,8.02499961853
1592031249098410033,2178,1592031249044747114,,8.02499961853
1592031249151891284,2179,1592031249098640918,,8.02499961853
1592031249203974233,2180,1592031249151134014,,8.02499961853
1592031249306648548,2181,1592031249203659057,,8.02499961853
