%time,field.header.seq,field.header.stamp,field.header.frame_id,field.speed,field.vx,field.vy,field.vz
1592031194618174462,1,1592031194566430091,,0.0,0.0,-9.99999974738e-06,-0.0
1592031194721171171,2,1592031194618524074,,0.0,-0.0,1.99999994948e-05,-0.0
1592031194773697622,3,1592031194720809936,,0.0,9.99999974738e-06,1.99999994948e-05,-9.99999974738e-06
1592031194824819050,4,1592031194773283958,,0.0,1.99999994948e-05,-9.99999974738e-06,-1.99999994948e-05
1592031194877846492,5,1592031194824974060,,0.0,0.0,-0.0,-0.0
1592031194929274519,6,1592031194877454042,,0.0,9.99999974738e-06,1.99999994948e-05,-9.99999974738e-06
1592031194981869037,7,1592031194929119110,,0.0,9.99999974738e-06,-9.99999974738e-06,-0.0
1592031195033751469,8,1592031194981952905,,0.0,1.99999994948e-05,9.99999974738e-06,-1.99999994948e-05
1592031195085882355,9,1592031195034096956,,0.0,9.99999974738e-06,-2.99999992421e-05,-0.0
1592031195138033212,10,1592031195086008071,,0.0,0.0,-0.0,-0.0
1592031195190893035,11,1592031195138412952,,0.0,-0.0,9.99999974738e-06,0.0
1592031195242896263,12,1592031195191090106,,0.0,-0.0,0.0,-0.0
1592031195294785203,13,1592031195243307113,,0.0,-1.99999994948e-05,-0.0,9.99999974738e-06
1592031195346312848,14,1592031195295066118,,0.0,-1.99999994948e-05,9.99999974738e-06,9.99999974738e-06
1592031195398034384,15,1592031195346590042,,0.0,-9.99999974738e-06,9.99999974738e-06,9.99999974738e-06
1592031195499734346,16,1592031195398385047,,0.0,-0.0,-1.99999994948e-05,9.99999974738e-06
1592031195553040243,17,1592031195499979972,,0.0,9.99999974738e-06,9.99999974738e-06,-1.99999994948e-05
1592031195605404331,18,1592031195552737951,,0.0,-0.0,-1.99999994948e-05,9.99999974738e-06
1592031195659225790,19,1592031195605673074,,0.0,-9.99999974738e-06,3.99999989895e-05,-0.0
1592031195711655828,20,1592031195660363912,,0.0,1.99999994948e-05,9.99999974738e-06,-9.99999974738e-06
1592031195763650783,21,1592031195711827993,,0.0,-9.99999974738e-06,-9.99999974738e-06,0.0
1592031195815227932,22,1592031195763995885,,0.0,9.99999974738e-06,-9.99999974738e-06,-9.99999974738e-06
1592031195867781728,23,1592031195815448045,,0.0,-2.99999992421e-05,0.0,1.99999994948e-05
1592031195919915745,24,1592031195867458105,,0.0,-0.0,1.99999994948e-05,0.0
1592031196023107850,25,1592031195920799970,,0.0,0.0,0.0,-9.99999974738e-06
1592031196076855212,26,1592031196023757934,,0.0,-0.0,-0.0,-0.0
1592031196128779239,27,1592031196076617002,,0.0,0.0,-1.99999994948e-05,0.0
1592031196186057370,28,1592031196129092931,,0.0,-3.99999989895e-05,1.99999994948e-05,1.99999994948e-05
1592031196238191935,29,1592031196185939073,,0.0,9.99999974738e-06,-1.99999994948e-05,-9.99999974738e-06
1592031196290556170,30,1592031196238431930,,0.0,-9.99999974738e-06,9.99999974738e-06,9.99999974738e-06
1592031196343061850,31,1592031196290899038,,0.0,1.99999994948e-05,-9.99999974738e-06,-9.99999974738e-06
1592031196395546311,32,1592031196343396902,,0.0,-1.99999994948e-05,-0.0,9.99999974738e-06
1592031196448875878,33,1592031196396584033,,9.99999974738e-05,3.99999989895e-05,-1.99999994948e-05,-1.99999994948e-05
1592031196551482600,34,1592031196449229955,,0.0,-0.0,0.0,0.0
1592031196603347972,35,1592031196551726102,,0.0,-1.99999994948e-05,-0.0,9.99999974738e-06
1592031196654923158,36,1592031196603655099,,0.0,0.0,9.99999974738e-06,-0.0
1592031196706742013,37,1592031196655149936,,0.0,0.0,-9.99999974738e-06,-0.0
1592031196758281394,38,1592031196706995964,,0.0,1.99999994948e-05,-9.99999974738e-06,-9.99999974738e-06
1592031196859915904,39,1592031196758459091,,0.0,-9.99999974738e-06,2.99999992421e-05,9.99999974738e-06
1592031196912142758,40,1592031196859993934,,0.0,9.99999974738e-06,-9.99999974738e-06,-9.99999974738e-06
1592031196963918499,41,1592031196911561012,,0.0,-9.99999974738e-06,0.0,9.99999974738e-06
1592031197016172073,42,1592031196964040040,,0.0,9.99999974738e-06,0.0,-0.0
1592031197069036165,43,1592031197016695976,,0.0,-9.99999974738e-06,9.99999974738e-06,-0.0
1592031197121727827,44,1592031197069499015,,0.0,9.99999974738e-06,0.0,-9.99999974738e-06
1592031197173651351,45,1592031197121942043,,0.0,1.99999994948e-05,1.99999994948e-05,-9.99999974738e-06
1592031197225161075,46,1592031197173791885,,0.0,-1.99999994948e-05,-9.99999974738e-06,1.99999994948e-05
1592031197280493006,47,1592031197225429058,,0.0,1.99999994948e-05,1.99999994948e-05,-9.99999974738e-06
1592031197333083442,48,1592031197280670881,,0.0,9.99999974738e-06,-1.99999994948e-05,-9.99999974738e-06
1592031197386238376,49,1592031197333215951,,9.99999974738e-05,2.99999992421e-05,-3.99999989895e-05,-1.99999994948e-05
1592031197438935691,50,1592031197386615037,,0.0,-9.99999974738e-06,-9.99999974738e-06,9.99999974738e-06
1592031197489693344,51,1592031197438343048,,0.0,9.99999974738e-06,-9.99999974738e-06,-0.0
1592031197545006181,52,1592031197489882946,,0.0,-9.99999974738e-06,9.99999974738e-06,0.0
1592031197596471814,53,1592031197544315099,,0.0,0.0,0.0,0.0
1592031197648614849,54,1592031197596684932,,0.0,-9.99999974738e-06,-0.0,9.99999974738e-06
1592031197700393718,55,1592031197649080038,,0.0,-1.99999994948e-05,-9.99999974738e-06,1.99999994948e-05
1592031197802001429,56,1592031197700582981,,0.0,2.99999992421e-05,0.0,-1.99999994948e-05
1592031197853640555,57,1592031197802242040,,0.0,-9.99999974738e-06,-0.0,1.99999994948e-05
1592031197905385097,58,1592031197853925943,,0.0,0.0,9.99999974738e-06,0.0
1592031197958506361,59,1592031197905628919,,0.0,-9.99999974738e-06,9.99999974738e-06,-0.0
1592031198010844115,60,1592031197958173990,,0.0,-9.99999974738e-06,0.0,9.99999974738e-06
1592031198062616773,61,1592031198011147975,,0.0,-1.99999994948e-05,1.99999994948e-05,0.0
1592031198115028138,62,1592031198062726974,,0.0,0.0,-3.99999989895e-05,0.0
1592031198167477701,63,1592031198114694118,,0.0,9.99999974738e-06,0.0,-9.99999974738e-06
1592031198219220019,64,1592031198167331933,,0.0,-2.99999992421e-05,0.0,1.99999994948e-05
1592031198270864522,65,1592031198219130992,,0.0,1.99999994948e-05,0.0,-1.99999994948e-05
1592031198323937702,66,1592031198271167039,,0.0,-9.99999974738e-06,0.0,9.99999974738e-06
1592031198376365450,67,1592031198323611974,,0.0,-9.99999974738e-06,-0.0,0.0
1592031198428823798,68,1592031198376657009,,0.0,9.99999974738e-06,-9.99999974738e-06,-9.99999974738e-06
1592031198481769665,69,1592031198429372072,,0.0,-9.99999974738e-06,-0.0,9.99999974738e-06
1592031198535138193,70,1592031198482870101,,0.0,-9.99999974738e-06,1.99999994948e-05,0.0
1592031198637676938,71,1592031198535391092,,0.0,0.0,0.0,-0.0
1592031198690173954,72,1592031198637850999,,0.0,9.99999974738e-06,1.99999994948e-05,-9.99999974738e-06
1592031198742849877,73,1592031198690465927,,0.0,-1.99999994948e-05,-9.99999974738e-06,1.99999994948e-05
1592031198795249720,74,1592031198743066072,,0.0,2.99999992421e-05,0.0,-1.99999994948e-05
1592031198847852227,75,1592031198795618057,,0.0,0.0,-1.99999994948e-05,9.99999974738e-06
1592031198900901158,76,1592031198848387956,,0.0,0.0,0.0,-9.99999974738e-06
1592031198955606969,77,1592031198900937080,,0.0,-9.99999974738e-06,-0.0,9.99999974738e-06
1592031199008425592,78,1592031198955353975,,0.0,-2.99999992421e-05,9.99999974738e-06,1.99999994948e-05
1592031199059082218,79,1592031199007698059,,0.0,-0.0,9.99999974738e-06,0.0
1592031199161420694,80,1592031199059243917,,0.0,-9.99999974738e-06,-1.99999994948e-05,0.0
1592031199215508127,81,1592031199162106037,,0.0,-9.99999974738e-06,-9.99999974738e-06,9.99999974738e-06
1592031199270259140,82,1592031199217050075,,0.0,0.0,9.99999974738e-06,-0.0
1592031199321542181,83,1592031199269870042,,0.0,9.99999974738e-06,9.99999974738e-06,-9.99999974738e-06
1592031199374975684,84,1592031199322335004,,0.0,1.99999994948e-05,-1.99999994948e-05,-9.99999974738e-06
1592031199428937154,85,1592031199376312971,,0.0,-0.0,1.99999994948e-05,-0.0
1592031199483403368,86,1592031199429223060,,0.0,1.99999994948e-05,-9.99999974738e-06,-9.99999974738e-06
1592031199535343222,87,1592031199483545064,,0.0,0.0,9.99999974738e-06,-9.99999974738e-06
1592031199587187998,88,1592031199535012006,,0.0,-0.0,1.99999994948e-05,-0.0
1592031199639328252,89,1592031199587348937,,0.0,-9.99999974738e-06,-9.99999974738e-06,9.99999974738e-06
1592031199692182542,90,1592031199639671087,,0.0,-9.99999974738e-06,1.99999994948e-05,0.0
1592031199745825055,91,1592031199693655014,,0.0,9.99999974738e-06,1.99999994948e-05,-9.99999974738e-06
1592031199797412364,92,1592031199746064901,,0.0,-9.99999974738e-06,-9.99999974738e-06,9.99999974738e-06
1592031199899096268,93,1592031199797816991,,0.0,9.99999974738e-06,-1.99999994948e-05,-9.99999974738e-06
1592031199952040198,94,1592031199899350881,,0.0,-1.99999994948e-05,9.99999974738e-06,9.99999974738e-06
1592031200056176542,95,1592031199952311992,,0.0,-0.0,-9.99999974738e-06,0.0
1592031200106857459,96,1592031200055094003,,0.0,-9.99999974738e-06,0.0,9.99999974738e-06
1592031200159204551,97,1592031200106987953,,0.0,9.99999974738e-06,-9.99999974738e-06,-9.99999974738e-06
1592031200211777746,98,1592031200159478902,,0.0,9.99999974738e-06,-9.99999974738e-06,-0.0
1592031200264414001,99,1592031200211906909,,0.0,-9.99999974738e-06,9.99999974738e-06,0.0
1592031200316652231,100,1592031200264444112,,0.0,9.99999974738e-06,-0.0,-9.99999974738e-06
1592031200370845765,101,1592031200318576097,,0.0,-9.99999974738e-06,-1.99999994948e-05,9.99999974738e-06
1592031200423152225,102,1592031200371015071,,0.0,-9.99999974738e-06,1.99999994948e-05,9.99999974738e-06
1592031200475083950,103,1592031200423494100,,0.0,-0.0,0.0,0.0
1592031200526790106,104,1592031200475286960,,0.0,1.99999994948e-05,0.0,-1.99999994948e-05
1592031200578894293,105,1592031200526798963,,0.0,0.0,-0.0,-9.99999974738e-06
1592031200632405613,106,1592031200579278945,,0.0,1.99999994948e-05,-0.0,-9.99999974738e-06
1592031200685831065,107,1592031200633434057,,0.0,-9.99999974738e-06,1.99999994948e-05,9.99999974738e-06
1592031200738489618,108,1592031200686363935,,0.0,-9.99999974738e-06,0.0,-0.0
1592031200790867673,109,1592031200738766908,,0.0,0.0,-0.0,-9.99999974738e-06
1592031200843758047,110,1592031200791085004,,0.0,9.99999974738e-06,-1.99999994948e-05,-0.0
1592031200895958663,111,1592031200844372987,,0.0,0.0,-9.99999974738e-06,-0.0
1592031200947819932,112,1592031200896167039,,0.0,-9.99999974738e-06,0.0,9.99999974738e-06
1592031201000235143,113,1592031200948092937,,0.0,-9.99999974738e-06,-0.0,9.99999974738e-06
1592031201054143142,114,1592031201001842975,,0.0,-1.99999994948e-05,9.99999974738e-06,1.99999994948e-05
1592031201159138555,115,1592031201055562019,,0.0,1.99999994948e-05,-9.99999974738e-06,-9.99999974738e-06
1592031201210376799,116,1592031201158077001,,0.0,-9.99999974738e-06,9.99999974738e-06,0.0
1592031201262260174,117,1592031201210637092,,0.0,9.99999974738e-06,-1.99999994948e-05,-9.99999974738e-06
1592031201314824971,118,1592031201262634992,,0.0,1.99999994948e-05,-0.0,-9.99999974738e-06
1592031201367658966,119,1592031201315187931,,0.0,-0.0,-0.0,9.99999974738e-06
1592031201420330547,120,1592031201368031978,,0.0,-0.0,9.99999974738e-06,0.0
1592031201472693169,121,1592031201420435905,,0.0,9.99999974738e-06,1.99999994948e-05,-0.0
1592031201526233189,122,1592031201474065065,,0.0,1.99999994948e-05,-9.99999974738e-06,-9.99999974738e-06
1592031201628467941,123,1592031201526540040,,0.0,-0.0,1.99999994948e-05,-9.99999974738e-06
1592031201680228518,124,1592031201628093957,,0.0,9.99999974738e-06,-9.99999974738e-06,9.99999974738e-06
1592031201732988841,125,1592031201680500030,,0.0,-2.99999992421e-05,9.99999974738e-06,1.99999994948e-05
1592031201785430876,126,1592031201733228921,,0.0,0.0,-1.99999994948e-05,-0.0
1592031201887857193,127,1592031201785725116,,0.0,-9.99999974738e-06,0.0,9.99999974738e-06
1592031201940487914,128,1592031201888257980,,0.0,-9.99999974738e-06,-9.99999974738e-06,9.99999974738e-06
1592031201992868965,129,1592031201940620899,,0.0,1.99999994948e-05,-9.99999974738e-06,-1.99999994948e-05
1592031202045555116,130,1592031201993196010,,0.0,0.0,-0.0,-0.0
1592031202098304656,131,1592031202045871019,,0.0,0.0,-9.99999974738e-06,0.0
1592031202150845797,132,1592031202098772048,,0.0,-0.0,-9.99999974738e-06,0.0
1592031202204046279,133,1592031202151213884,,0.0,9.99999974738e-06,-2.99999992421e-05,-0.0
1592031202257207038,134,1592031202203707933,,0.0,1.99999994948e-05,-9.99999974738e-06,-1.99999994948e-05
1592031202308305899,135,1592031202255908966,,0.0,9.99999974738e-06,1.99999994948e-05,-0.0
1592031202361387598,136,1592031202308558940,,0.0,0.0,9.99999974738e-06,-9.99999974738e-06
1592031202412782768,137,1592031202361037969,,0.0,9.99999974738e-06,-0.0,-9.99999974738e-06
1592031202464209004,138,1592031202412885904,,0.0,-0.0,0.0,9.99999974738e-06
1592031202516204092,139,1592031202464505910,,0.0,-0.0,-0.0,9.99999974738e-06
1592031202568975414,140,1592031202516294956,,0.0,9.99999974738e-06,-9.99999974738e-06,-9.99999974738e-06
1592031202621165178,141,1592031202569026947,,0.0,-9.99999974738e-06,0.0,-0.0
1592031203573883481,142,1592031202621532917,,0.0,-9.99999974738e-06,-9.99999974738e-06,-0.0
1592031203626297995,143,1592031203573842048,,0.0,-0.0,9.99999974738e-06,0.0
1592031203678894386,144,1592031203626519918,,0.0,-9.99999974738e-06,0.0,0.0
1592031203731408563,145,1592031203679100990,,0.0,0.0,-9.99999974738e-06,-0.0
1592031203787105289,146,1592031203731477975,,0.0,-0.0,9.99999974738e-06,0.0
1592031203839646276,147,1592031203787309885,,0.0,9.99999974738e-06,-0.0,-0.0
1592031203891630546,148,1592031203839833974,,0.0,-9.99999974738e-06,9.99999974738e-06,0.0
1592031203944818856,149,1592031203891979932,,0.0,-0.0,9.99999974738e-06,0.0
1592031203997420907,150,1592031203945101976,,0.0,-0.0,0.0,0.0
1592031204048926884,151,1592031203997520923,,0.0,-0.0,9.99999974738e-06,-0.0
1592031204101542551,152,1592031204049129009,,0.0,-0.0,-9.99999974738e-06,0.0
1592031204154857265,153,1592031204101849079,,0.0,0.0,9.99999974738e-06,-0.0
1592031204257751104,154,1592031204155534982,,0.0,9.99999974738e-06,-9.99999974738e-06,-0.0
1592031204309465882,155,1592031204258094072,,0.0,-9.99999974738e-06,-2.99999992421e-05,9.99999974738e-06
1592031204361766363,156,1592031204309746980,,0.0,0.0,-0.0,-0.0
1592031204413744983,157,1592031204361558914,,0.0,-1.99999994948e-05,9.99999974738e-06,0.0
1592031204466016352,158,1592031204413944959,,0.0,1.99999994948e-05,-2.99999992421e-05,-9.99999974738e-06
1592031204518467186,159,1592031204466326951,,0.0,9.99999974738e-06,-1.99999994948e-05,-0.0
1592031204572003672,160,1592031204520302057,,0.0,-1.99999994948e-05,9.99999974738e-06,9.99999974738e-06
1592031204623767745,161,1592031204572241067,,0.0,1.99999994948e-05,-1.99999994948e-05,-9.99999974738e-06
1592031204677235145,162,1592031204624216079,,0.0,9.99999974738e-06,1.99999994948e-05,-9.99999974738e-06
1592031204731781576,163,1592031204677393913,,0.0,-1.99999994948e-05,-1.99999994948e-05,1.99999994948e-05
1592031204784219777,164,1592031204732059955,,0.0,9.99999974738e-06,1.99999994948e-05,-9.99999974738e-06
1592031204835813584,165,1592031204784440994,,0.0,1.99999994948e-05,1.99999994948e-05,-1.99999994948e-05
1592031204887640961,166,1592031204835959911,,0.0,9.99999974738e-06,-9.99999974738e-06,-9.99999974738e-06
1592031204989032357,167,1592031204887706995,,0.0,-9.99999974738e-06,-0.0,9.99999974738e-06
1592031205040780206,168,1592031204989289045,,0.0,9.99999974738e-06,-0.0,-0.0
1592031205092402134,169,1592031205040951013,,0.0,-9.99999974738e-06,9.99999974738e-06,0.0
1592031205144271489,170,1592031205092509984,,0.0,-0.0,-1.99999994948e-05,9.99999974738e-06
1592031205195798506,171,1592031205144383907,,0.0,-2.99999992421e-05,9.99999974738e-06,1.99999994948e-05
1592031205247618653,172,1592031205195897102,,0.0,-9.99999974738e-06,1.99999994948e-05,9.99999974738e-06
1592031205299982404,173,1592031205247623920,,0.0,0.0,2.99999992421e-05,-9.99999974738e-06
1592031205352409415,174,1592031205300143957,,0.0,0.0,-9.99999974738e-06,0.0
1592031205404355392,175,1592031205352106094,,0.0,-9.99999974738e-06,9.99999974738e-06,9.99999974738e-06
1592031205457052243,176,1592031205404686927,,0.0,-9.99999974738e-06,1.99999994948e-05,0.0
1592031205560097434,177,1592031205457344055,,0.0,9.99999974738e-06,-0.0,-0.0
1592031205614003849,178,1592031205561765909,,0.0,-9.99999974738e-06,-0.0,9.99999974738e-06
1592031205667008160,179,1592031205614197015,,0.0,9.99999974738e-06,9.99999974738e-06,-9.99999974738e-06
1592031205719005801,180,1592031205666698932,,0.0,2.99999992421e-05,1.99999994948e-05,-2.99999992421e-05
1592031205771954136,181,1592031205719340085,,0.0,2.99999992421e-05,-2.99999992421e-05,-1.99999994948e-05
1592031205824288270,182,1592031205772363901,,0.0,9.99999974738e-06,-1.99999994948e-05,-9.99999974738e-06
1592031205878429337,183,1592031205824666976,,0.0,9.99999974738e-06,-9.99999974738e-06,-0.0
1592031205931923120,184,1592031205878541946,,0.0,-1.99999994948e-05,0.0,1.99999994948e-05
1592031205982774798,185,1592031205931559085,,0.0,9.99999974738e-06,-1.99999994948e-05,-0.0
1592031206035322666,186,1592031205983119010,,0.0,-9.99999974738e-06,0.0,9.99999974738e-06
1592031206087700797,187,1592031206035531997,,0.0,-0.0,-9.99999974738e-06,0.0
1592031206140667327,188,1592031206088059902,,0.0,9.99999974738e-06,-0.0,-9.99999974738e-06
1592031206193044471,189,1592031206141253948,,0.0,0.0,-9.99999974738e-06,0.0
1592031206295112514,190,1592031206193264961,,0.0,-1.99999994948e-05,-1.99999994948e-05,1.99999994948e-05
1592031206346643236,191,1592031206295239925,,0.0,-1.99999994948e-05,9.99999974738e-06,1.99999994948e-05
1592031206403134679,192,1592031206346874952,,0.0,0.0,0.0,0.0
1592031206455068047,193,1592031206402755975,,0.0,-0.0,9.99999974738e-06,9.99999974738e-06
1592031206507594960,194,1592031206455261945,,0.0,1.99999994948e-05,-9.99999974738e-06,-1.99999994948e-05
1592031206609970529,195,1592031206507885932,,0.0,-0.0,0.0,0.0
1592031206662468439,196,1592031206610341072,,0.0,0.0,-9.99999974738e-06,-9.99999974738e-06
1592031206715581450,197,1592031206662705898,,0.0,9.99999974738e-06,0.0,-0.0
1592031206769261953,198,1592031206716398954,,0.0,0.0,9.99999974738e-06,-0.0
1592031206820774057,199,1592031206768942117,,0.0,-9.99999974738e-06,-9.99999974738e-06,9.99999974738e-06
1592031206872731497,200,1592031206821106910,,0.0,9.99999974738e-06,-9.99999974738e-06,-9.99999974738e-06
1592031206925387989,201,1592031206872951030,,0.0,0.0,9.99999974738e-06,-0.0
1592031206978229973,202,1592031206925487995,,0.0,0.0,1.99999994948e-05,0.0
1592031207030252765,203,1592031206977911949,,0.0,0.0,-0.0,-0.0
1592031207132818956,204,1592031207030386924,,0.0,0.0,9.99999974738e-06,-0.0
1592031207184750806,205,1592031207133510112,,0.0,0.0,0.0,0.0
1592031207236236688,206,1592031207184968948,,0.0,0.0,-9.99999974738e-06,9.99999974738e-06
1592031207288950639,207,1592031207236644029,,0.0,-9.99999974738e-06,1.99999994948e-05,0.0
1592031207341867080,208,1592031207289024114,,0.0,-1.99999994948e-05,9.99999974738e-06,0.0
1592031207394334608,209,1592031207341929912,,0.0,0.0,9.99999974738e-06,0.0
1592031207446987334,210,1592031207394428014,,0.0,-9.99999974738e-06,9.99999974738e-06,1.99999994948e-05
1592031207502239619,211,1592031207447181940,,0.0,0.0,-9.99999974738e-06,0.0
1592031207554831393,212,1592031207502646923,,0.0,-1.99999994948e-05,-9.99999974738e-06,9.99999974738e-06
1592031207607038067,213,1592031207555521011,,0.0,1.99999994948e-05,-9.99999974738e-06,-1.99999994948e-05
1592031207659076028,214,1592031207607301950,,0.0,0.0,0.0,-0.0
1592031207713530534,215,1592031207659754991,,0.0,0.0,1.99999994948e-05,-9.99999974738e-06
1592031207765470728,216,1592031207713284969,,0.0,9.99999974738e-06,9.99999974738e-06,-9.99999974738e-06
1592031207867309439,217,1592031207765733957,,0.0,-1.99999994948e-05,0.0,1.99999994948e-05
1592031207918854066,218,1592031207867568969,,0.0,9.99999974738e-06,-9.99999974738e-06,-0.0
1592031207972602303,219,1592031207919120073,,0.0,0.0,-9.99999974738e-06,-0.0
1592031208024508506,220,1592031207972341060,,0.0,9.99999974738e-06,-0.0,-9.99999974738e-06
1592031208127282438,221,1592031208024955987,,0.0,-9.99999974738e-06,1.99999994948e-05,9.99999974738e-06
1592031208179586767,222,1592031208127357006,,0.0,1.99999994948e-05,0.0,-1.99999994948e-05
1592031208232693803,223,1592031208179959058,,0.0,-9.99999974738e-06,0.0,9.99999974738e-06
1592031208335258524,224,1592031208232830047,,0.0,-9.99999974738e-06,-9.99999974738e-06,1.99999994948e-05
1592031208387544685,225,1592031208335443973,,0.0,9.99999974738e-06,-0.0,-0.0
1592031208439223128,226,1592031208387835025,,0.0,9.99999974738e-06,-9.99999974738e-06,-9.99999974738e-06
1592031208492129013,227,1592031208439455986,,0.0,1.99999994948e-05,-1.99999994948e-05,-1.99999994948e-05
1592031208544319878,228,1592031208492192983,,0.0,-9.99999974738e-06,9.99999974738e-06,0.0
1592031208646078787,229,1592031208544574022,,0.0,0.0,0.0,-0.0
1592031208698470006,230,1592031208646368980,,0.0,1.99999994948e-05,-9.99999974738e-06,-9.99999974738e-06
1592031208750954902,231,1592031208698812007,,0.0,9.99999974738e-06,-9.99999974738e-06,-9.99999974738e-06
1592031208803790369,232,1592031208751329898,,0.0,-0.0,-0.0,0.0
1592031208905937045,233,1592031208804075956,,0.0,-9.99999974738e-06,9.99999974738e-06,9.99999974738e-06
1592031208959010809,234,1592031208907304048,,0.0,-9.99999974738e-06,9.99999974738e-06,-0.0
1592031209011342437,235,1592031208959230899,,0.0,-9.99999974738e-06,-9.99999974738e-06,0.0
1592031209064372304,236,1592031209011655092,,0.0,-1.99999994948e-05,9.99999974738e-06,9.99999974738e-06
1592031209118806704,237,1592031209064034938,,0.0,0.0,9.99999974738e-06,-9.99999974738e-06
1592031209220562019,238,1592031209118330955,,0.0,1.99999994948e-05,-9.99999974738e-06,-1.99999994948e-05
1592031209273873826,239,1592031209221822023,,0.0,-9.99999974738e-06,0.0,0.0
1592031209326416843,240,1592031209274187088,,0.0,-1.99999994948e-05,-9.99999974738e-06,1.99999994948e-05
1592031209378724178,241,1592031209326478004,,0.0,-9.99999974738e-06,-0.0,9.99999974738e-06
1592031209430526757,242,1592031209379039049,,0.0,-9.99999974738e-06,-0.0,9.99999974738e-06
1592031209533183297,243,1592031209430697917,,0.0,-0.0,-1.99999994948e-05,0.0
1592031209585743786,244,1592031209533575057,,0.0,0.0,-0.0,-0.0
1592031209638389013,245,1592031209586122035,,0.0,-9.99999974738e-06,1.99999994948e-05,9.99999974738e-06
1592031209690887561,246,1592031209638751983,,0.0,1.99999994948e-05,-0.0,-1.99999994948e-05
1592031209743354620,247,1592031209691298007,,0.0,-9.99999974738e-06,-9.99999974738e-06,9.99999974738e-06
1592031209795639905,248,1592031209743351936,,0.0,-0.0,-9.99999974738e-06,0.0
1592031209847556794,249,1592031209795731067,,0.0,9.99999974738e-06,0.0,-0.0
1592031209900387132,250,1592031209848750114,,0.0,-9.99999974738e-06,1.99999994948e-05,-0.0
1592031209953414359,251,1592031209901401042,,0.0,9.99999974738e-06,0.0,-0.0
1592031210056495757,252,1592031209953799009,,0.0,9.99999974738e-06,-1.99999994948e-05,-9.99999974738e-06
1592031210107578578,253,1592031210056221961,,0.0,-9.99999974738e-06,9.99999974738e-06,9.99999974738e-06
1592031210161665893,254,1592031210107815980,,0.0,-1.99999994948e-05,-0.0,1.99999994948e-05
1592031210213923412,255,1592031210161407947,,0.0,-0.0,-9.99999974738e-06,9.99999974738e-06
1592031210266473886,256,1592031210213778018,,0.0,-2.99999992421e-05,9.99999974738e-06,1.99999994948e-05
1592031210319100823,257,1592031210266632080,,0.0,-9.99999974738e-06,9.99999974738e-06,-0.0
1592031210370573593,258,1592031210319236993,,0.0,-0.0,0.0,9.99999974738e-06
1592031210422452870,259,1592031210370780944,,0.0,9.99999974738e-06,0.0,-9.99999974738e-06
1592031210474532695,260,1592031210422585964,,0.0,0.0,-9.99999974738e-06,-0.0
1592031210578032673,261,1592031210474591970,,0.0,9.99999974738e-06,9.99999974738e-06,-1.99999994948e-05
1592031210628860271,262,1592031210577071905,,0.0,0.0,9.99999974738e-06,0.0
1592031210680368420,263,1592031210628972053,,0.0,1.99999994948e-05,-9.99999974738e-06,-1.99999994948e-05
1592031210732831062,264,1592031210680550098,,0.0,9.99999974738e-06,-0.0,-1.99999994948e-05
1592031210785161218,265,1592031210733020067,,0.0,0.0,9.99999974738e-06,-0.0
1592031210837634811,266,1592031210785428047,,0.0,1.99999994948e-05,-9.99999974738e-06,-1.99999994948e-05
1592031210889236145,267,1592031210837925910,,0.0,9.99999974738e-06,9.99999974738e-06,0.0
1592031210941581078,268,1592031210889451980,,0.0,-9.99999974738e-06,-0.0,0.0
1592031210994340544,269,1592031210941939115,,0.0,-0.0,-9.99999974738e-06,9.99999974738e-06
1592031211046636474,270,1592031210994468927,,0.0,9.99999974738e-06,-0.0,-9.99999974738e-06
1592031211099832868,271,1592031211046938896,,0.0,-1.99999994948e-05,1.99999994948e-05,9.99999974738e-06
1592031211151428886,272,1592031211100152015,,0.0,0.0,-9.99999974738e-06,-9.99999974738e-06
1592031211203931196,273,1592031211151622056,,0.0,-9.99999974738e-06,9.99999974738e-06,0.0
1592031211256301630,274,1592031211203998088,,0.0,0.0,-9.99999974738e-06,0.0
1592031211310280510,275,1592031211256366014,,0.0,-0.0,-0.0,9.99999974738e-06
1592031211361403371,276,1592031211308967113,,0.0,9.99999974738e-06,-1.99999994948e-05,-0.0
1592031211419416350,277,1592031211363219976,,0.0,-0.0,-0.0,-9.99999974738e-06
1592031211471691991,278,1592031211419312000,,0.0,9.99999974738e-06,1.99999994948e-05,0.0
1592031211524280939,279,1592031211471798896,,0.0,-9.99999974738e-06,9.99999974738e-06,0.0
1592031211576841531,280,1592031211524611949,,0.0,-9.99999974738e-06,9.99999974738e-06,1.99999994948e-05
1592031211628463485,281,1592031211577079057,,0.0,9.99999974738e-06,-0.0,-0.0
1592031211680299183,282,1592031211628725051,,0.0,-1.99999994948e-05,9.99999974738e-06,9.99999974738e-06
1592031211732940309,283,1592031211680551052,,0.0,-0.0,9.99999974738e-06,9.99999974738e-06
1592031211783782217,284,1592031211732501029,,0.0,1.99999994948e-05,9.99999974738e-06,-1.99999994948e-05
1592031211836286098,285,1592031211784141063,,0.0,-0.0,-1.99999994948e-05,-0.0
1592031211888711456,286,1592031211836571931,,0.0,0.0,9.99999974738e-06,-0.0
1592031211991840332,287,1592031211889004945,,0.0,-9.99999974738e-06,9.99999974738e-06,9.99999974738e-06
1592031212044232367,288,1592031211992172956,,0.0,-9.99999974738e-06,-1.99999994948e-05,9.99999974738e-06
1592031212096572838,289,1592031212044547080,,0.0,9.99999974738e-06,-9.99999974738e-06,0.0
1592031212154569889,290,1592031212097251892,,0.0,-0.0,-0.0,0.0
1592031212207029289,291,1592031212154872894,,0.0,-0.0,-1.99999994948e-05,-0.0
1592031212259203002,292,1592031212207257032,,0.0,9.99999974738e-06,-9.99999974738e-06,-9.99999974738e-06
1592031212362892846,293,1592031212260668039,,0.0,1.99999994948e-05,-9.99999974738e-06,-9.99999974738e-06
1592031212419470292,294,1592031212363163948,,0.0,-9.99999974738e-06,0.0,0.0
1592031212471586509,295,1592031212419153928,,0.0,0.0,-0.0,-0.0
1592031212524856332,296,1592031212471853971,,0.0,-1.99999994948e-05,-0.0,9.99999974738e-06
1592031212577267405,297,1592031212524907112,,0.0,-9.99999974738e-06,-9.99999974738e-06,9.99999974738e-06
1592031212679771803,298,1592031212577600955,,0.0,9.99999974738e-06,9.99999974738e-06,-9.99999974738e-06
1592031212733832517,299,1592031212679915904,,0.0,0.0,0.0,-9.99999974738e-06
1592031212786547005,300,1592031212733395099,,0.0,0.0,-1.99999994948e-05,-0.0
1592031212839945264,301,1592031212787731885,,0.0,9.99999974738e-06,0.0,-9.99999974738e-06
1592031212892698034,302,1592031212840118885,,0.0,-9.99999974738e-06,9.99999974738e-06,9.99999974738e-06
1592031212944267033,303,1592031212892366886,,0.0,0.0,-1.99999994948e-05,-0.0
1592031212995862250,304,1592031212944596052,,0.0,-9.99999974738e-06,-0.0,9.99999974738e-06
1592031213048200778,305,1592031212996069908,,0.0,1.99999994948e-05,1.99999994948e-05,-9.99999974738e-06
1592031213101338218,306,1592031213048520088,,0.0,-9.99999974738e-06,-9.99999974738e-06,9.99999974738e-06
1592031213154675997,307,1592031213101387023,,0.0,0.0,-9.99999974738e-06,-0.0
1592031213206362964,308,1592031213155050039,,0.0,-0.0,-9.99999974738e-06,0.0
1592031213259174887,309,1592031213206594944,,0.0,-0.0,0.0,-0.0
1592031213310983128,310,1592031213259499073,,0.0,-0.0,9.99999974738e-06,0.0
1592031213362941748,311,1592031213311198949,,0.0,-1.99999994948e-05,1.99999994948e-05,1.99999994948e-05
1592031213415687481,312,1592031213363327026,,0.0,-0.0,-9.99999974738e-06,-0.0
1592031213468029774,313,1592031213415852069,,0.0,-9.99999974738e-06,1.99999994948e-05,9.99999974738e-06
1592031213521218555,314,1592031213468317031,,0.0,-9.99999974738e-06,0.0,-0.0
1592031213574764384,315,1592031213522619962,,0.0,-9.99999974738e-06,-9.99999974738e-06,9.99999974738e-06
1592031213627717408,316,1592031213575273036,,0.0,2.99999992421e-05,9.99999974738e-06,-1.99999994948e-05
1592031213680701969,317,1592031213629117012,,0.0,9.99999974738e-06,1.99999994948e-05,-9.99999974738e-06
1592031213732332905,318,1592031213680793046,,0.0,-9.99999974738e-06,0.0,0.0
1592031213785059804,319,1592031213732536077,,0.0,-1.99999994948e-05,9.99999974738e-06,1.99999994948e-05
1592031213839992620,320,1592031213784966945,,0.0,0.0,-0.0,-0.0
1592031213940959987,321,1592031213839134931,,0.0,9.99999974738e-06,-1.99999994948e-05,-9.99999974738e-06
1592031213995233430,322,1592031213944001913,,0.0,0.0,-9.99999974738e-06,-9.99999974738e-06
1592031214047082832,323,1592031213995402097,,0.0,9.99999974738e-06,0.0,0.0
1592031214150443034,324,1592031214048146009,,0.0,2.99999992421e-05,-9.99999974738e-06,-1.99999994948e-05
1592031214201904758,325,1592031214150149106,,0.0,9.99999974738e-06,-0.0,-0.0
1592031214259265326,326,1592031214202117919,,0.0,-9.99999974738e-06,-9.99999974738e-06,9.99999974738e-06
1592031214306887533,327,1592031214254775047,,0.0,-0.0,-0.0,9.99999974738e-06
1592031214358434808,328,1592031214307095050,,0.0,-0.0,9.99999974738e-06,0.0
1592031214411939458,329,1592031214358608007,,0.0,-9.99999974738e-06,9.99999974738e-06,9.99999974738e-06
1592031214463327722,330,1592031214411034107,,0.0,0.0,9.99999974738e-06,0.0
1592031214515874191,331,1592031214463470935,,0.0,-0.0,-0.0,0.0
1592031214570535324,332,1592031214517478942,,0.0,0.0,-9.99999974738e-06,-0.0
1592031214624078736,333,1592031214571764945,,0.0,9.99999974738e-06,0.0,-1.99999994948e-05
1592031214676611201,334,1592031214624308109,,0.0,-2.99999992421e-05,9.99999974738e-06,1.99999994948e-05
1592031214730308748,335,1592031214676753044,,0.0,-9.99999974738e-06,-0.0,9.99999974738e-06
1592031214781988001,336,1592031214729623079,,0.0,1.99999994948e-05,9.99999974738e-06,-9.99999974738e-06
1592031214884947732,337,1592031214782305955,,0.0,-0.0,-1.99999994948e-05,-0.0
1592031214937766630,338,1592031214885452985,,0.0,9.99999974738e-06,-0.0,-0.0
1592031214991480588,339,1592031214939215898,,0.0,1.99999994948e-05,-9.99999974738e-06,-1.99999994948e-05
1592031215043527115,340,1592031214991683006,,0.0,-9.99999974738e-06,0.0,9.99999974738e-06
1592031215097235235,341,1592031215045111894,,0.0,9.99999974738e-06,-0.0,-9.99999974738e-06
1592031215149447409,342,1592031215097753047,,0.0,9.99999974738e-06,1.99999994948e-05,-0.0
1592031215201030634,343,1592031215149594068,,0.0,-1.99999994948e-05,-0.0,1.99999994948e-05
1592031215254189069,344,1592031215201277971,,0.0,-0.0,-9.99999974738e-06,0.0
1592031215355083708,345,1592031215253756999,,0.0,-9.99999974738e-06,1.99999994948e-05,0.0
1592031215406960941,346,1592031215355207920,,0.0,-1.99999994948e-05,-0.0,1.99999994948e-05
1592031215460144987,347,1592031215408031940,,0.0,-9.99999974738e-06,-1.99999994948e-05,9.99999974738e-06
1592031215511988378,348,1592031215459886074,,0.0,-9.99999974738e-06,-0.0,-0.0
1592031215564590470,349,1592031215512312889,,0.0,-9.99999974738e-06,0.0,9.99999974738e-06
1592031215616824880,350,1592031215564796924,,0.0,9.99999974738e-06,0.0,-9.99999974738e-06
1592031215669377154,351,1592031215617152929,,9.99999974738e-05,2.99999992421e-05,-1.99999994948e-05,-2.99999992421e-05
1592031215722301345,352,1592031215669675111,,0.0,-0.0,9.99999974738e-06,-0.0
1592031215776008046,353,1592031215723567962,,0.0,-0.0,0.0,-9.99999974738e-06
1592031215828289138,354,1592031215776201963,,0.0,9.99999974738e-06,9.99999974738e-06,-9.99999974738e-06
1592031215880677485,355,1592031215828553915,,0.0,-0.0,-1.99999994948e-05,1.99999994948e-05
1592031215932646217,356,1592031215880961894,,0.0,-9.99999974738e-06,0.0,9.99999974738e-06
1592031215985473272,357,1592031215932917118,,0.0,1.99999994948e-05,2.99999992421e-05,-1.99999994948e-05
1592031216038387691,358,1592031215986073017,,0.0,-9.99999974738e-06,-0.0,9.99999974738e-06
1592031216091140583,359,1592031216039763927,,0.0,0.0,-9.99999974738e-06,-9.99999974738e-06
1592031216142740165,360,1592031216091214895,,0.0,-0.0,9.99999974738e-06,-0.0
1592031216195140805,361,1592031216142998933,,9.99999974738e-05,-3.99999989895e-05,2.99999992421e-05,3.99999989895e-05
1592031216247583823,362,1592031216195442914,,0.0,-9.99999974738e-06,-9.99999974738e-06,9.99999974738e-06
1592031216350097479,363,1592031216247864007,,0.0,-0.0,-0.0,9.99999974738e-06
1592031216402519507,364,1592031216350353002,,0.0,-9.99999974738e-06,-1.99999994948e-05,0.0
1592031216455083206,365,1592031216402821063,,0.0,0.0,9.99999974738e-06,-1.99999994948e-05
1592031216508654821,366,1592031216455218076,,0.0,-9.99999974738e-06,-9.99999974738e-06,9.99999974738e-06
1592031216609981216,367,1592031216507442951,,0.0,-9.99999974738e-06,9.99999974738e-06,9.99999974738e-06
1592031216663014832,368,1592031216611418962,,0.0,1.99999994948e-05,-0.0,-9.99999974738e-06
1592031216715283540,369,1592031216663069963,,0.0,1.99999994948e-05,-0.0,-0.0
1592031216766992270,370,1592031216715516090,,0.0,-0.0,-9.99999974738e-06,9.99999974738e-06
1592031216818369164,371,1592031216767029047,,0.0,0.0,0.0,-0.0
1592031216871907394,372,1592031216818646907,,0.0,1.99999994948e-05,-9.99999974738e-06,-9.99999974738e-06
1592031216924010908,373,1592031216871061086,,0.0,-9.99999974738e-06,0.0,0.0
1592031216976463996,374,1592031216923574924,,0.0,0.0,1.99999994948e-05,0.0
1592031217027752800,375,1592031216975975036,,0.0,0.0,9.99999974738e-06,-0.0
1592031217079597841,376,1592031217028069972,,0.0,1.99999994948e-05,9.99999974738e-06,-1.99999994948e-05
1592031217133079295,377,1592031217080019950,,0.0,0.0,-1.99999994948e-05,-0.0
1592031217186136716,378,1592031217133491039,,0.0,-0.0,9.99999974738e-06,-0.0
1592031217240215305,379,1592031217187277078,,0.0,0.0,9.99999974738e-06,-0.0
1592031217343954606,380,1592031217241800069,,0.0,1.99999994948e-05,-9.99999974738e-06,-9.99999974738e-06
1592031217396496255,381,1592031217344269990,,0.0,-9.99999974738e-06,-0.0,9.99999974738e-06
1592031217449665719,382,1592031217396886110,,0.0,-9.99999974738e-06,9.99999974738e-06,0.0
1592031217501448995,383,1592031217449306964,,0.0,2.99999992421e-05,-9.99999974738e-06,-1.99999994948e-05
1592031217553870325,384,1592031217501781940,,0.0,-9.99999974738e-06,-0.0,0.0
1592031217655351801,385,1592031217553962945,,0.0,9.99999974738e-06,-2.99999992421e-05,-0.0
1592031217706774139,386,1592031217655479907,,0.0,9.99999974738e-06,-1.99999994948e-05,-0.0
1592031217758898480,387,1592031217706973075,,0.0,-9.99999974738e-06,9.99999974738e-06,9.99999974738e-06
1592031217811815219,388,1592031217759258985,,0.0,1.99999994948e-05,-0.0,-1.99999994948e-05
1592031217865033510,389,1592031217812920093,,0.0,-9.99999974738e-06,-9.99999974738e-06,9.99999974738e-06
1592031217966582027,390,1592031217865278005,,0.0,-1.99999994948e-05,1.99999994948e-05,9.99999974738e-06
1592031218018116252,391,1592031217966768026,,0.0,9.99999974738e-06,-9.99999974738e-06,-0.0
1592031218070834241,392,1592031218018364906,,0.0,-0.0,-9.99999974738e-06,0.0
1592031218124263487,393,1592031218071320056,,0.0,-1.99999994948e-05,9.99999974738e-06,9.99999974738e-06
1592031218227128740,394,1592031218124495983,,0.0,9.99999974738e-06,9.99999974738e-06,-9.99999974738e-06
1592031218280837283,395,1592031218228490114,,0.0,-0.0,1.99999994948e-05,-0.0
1592031218333167138,396,1592031218281006097,,0.0,-0.0,0.0,0.0
1592031218385018230,397,1592031218333436012,,0.0,9.99999974738e-06,9.99999974738e-06,-9.99999974738e-06
1592031218437177838,398,1592031218385809898,,0.0,-9.99999974738e-06,0.0,9.99999974738e-06
1592031218489601617,399,1592031218437366962,,0.0,-0.0,9.99999974738e-06,0.0
1592031218542129540,400,1592031218489973068,,0.0,0.0,-1.99999994948e-05,0.0
1592031218594570283,401,1592031218542434930,,0.0,1.99999994948e-05,9.99999974738e-06,-9.99999974738e-06
1592031218646036282,402,1592031218594769001,,0.0,9.99999974738e-06,9.99999974738e-06,-9.99999974738e-06
1592031218748056426,403,1592031218646369934,,0.0,1.99999994948e-05,-9.99999974738e-06,-9.99999974738e-06
1592031218799920762,404,1592031218748271942,,0.0,-9.99999974738e-06,-9.99999974738e-06,9.99999974738e-06
1592031218851437654,405,1592031218800134897,,0.0,-9.99999974738e-06,-9.99999974738e-06,0.0
1592031218903809867,406,1592031218852546930,,0.0,-1.99999994948e-05,9.99999974738e-06,9.99999974738e-06
1592031218955907960,407,1592031218903995037,,0.0,9.99999974738e-06,-9.99999974738e-06,-0.0
1592031219007962973,408,1592031218956100940,,0.0,-9.99999974738e-06,0.0,9.99999974738e-06
1592031219060137954,409,1592031219007977008,,0.0,2.99999992421e-05,9.99999974738e-06,-2.99999992421e-05
1592031219112951127,410,1592031219060525894,,0.0,-9.99999974738e-06,1.99999994948e-05,0.0
1592031219164844269,411,1592031219113272905,,0.0,-1.99999994948e-05,0.0,9.99999974738e-06
1592031219216345745,412,1592031219165008068,,0.0,-9.99999974738e-06,9.99999974738e-06,9.99999974738e-06
1592031219318705211,413,1592031219216535091,,0.0,-1.99999994948e-05,9.99999974738e-06,1.99999994948e-05
1592031219371659728,414,1592031219318965911,,0.0,0.0,0.0,-0.0
1592031219422118307,415,1592031219370826959,,0.0,-0.0,-9.99999974738e-06,0.0
1592031219523584052,416,1592031219422178983,,0.0,9.99999974738e-06,-9.99999974738e-06,-0.0
1592031219575563932,417,1592031219523691892,,0.0,-1.99999994948e-05,9.99999974738e-06,1.99999994948e-05
1592031219627636561,418,1592031219576039075,,0.0,-1.99999994948e-05,-9.99999974738e-06,1.99999994948e-05
1592031219679715812,419,1592031219627923011,,0.0,-1.99999994948e-05,-9.99999974738e-06,1.99999994948e-05
1592031219732910923,420,1592031219680955886,,0.0,0.0,-9.99999974738e-06,-0.0
1592031219784149050,421,1592031219732605934,,0.0,9.99999974738e-06,1.99999994948e-05,-0.0
1592031219837172570,422,1592031219784363031,,0.0,-1.99999994948e-05,-0.0,9.99999974738e-06
1592031219888944761,423,1592031219836817026,,0.0,-9.99999974738e-06,-9.99999974738e-06,0.0
1592031219940656406,424,1592031219889277935,,0.0,9.99999974738e-06,-0.0,-1.99999994948e-05
1592031219992208400,425,1592031219940917015,,0.0,1.99999994948e-05,9.99999974738e-06,-1.99999994948e-05
1592031220044903613,426,1592031219992538928,,0.0,0.0,9.99999974738e-06,-9.99999974738e-06
1592031220096782900,427,1592031220045128107,,0.0,9.99999974738e-06,-9.99999974738e-06,-9.99999974738e-06
1592031220149444077,428,1592031220097203969,,0.0,1.99999994948e-05,9.99999974738e-06,-9.99999974738e-06
1592031220203926292,429,1592031220150796890,,0.0,0.0,-0.0,-9.99999974738e-06
1592031220256352299,430,1592031220204107999,,0.0,-0.0,-9.99999974738e-06,9.99999974738e-06
1592031220307566297,431,1592031220256084918,,0.0,-3.99999989895e-05,-0.0,2.99999992421e-05
1592031220360586147,432,1592031220307733058,,0.0,2.99999992421e-05,-1.99999994948e-05,-1.99999994948e-05
1592031220417085393,433,1592031220360441923,,0.0,1.99999994948e-05,9.99999974738e-06,-9.99999974738e-06
1592031220468709295,434,1592031220417251110,,0.0,-9.99999974738e-06,9.99999974738e-06,9.99999974738e-06
1592031220521037861,435,1592031220468767881,,0.0,-9.99999974738e-06,9.99999974738e-06,0.0
1592031220573070147,436,1592031220520977973,,0.0,-9.99999974738e-06,0.0,9.99999974738e-06
1592031220625634955,437,1592031220573416948,,0.0,9.99999974738e-06,-0.0,-9.99999974738e-06
1592031220678234943,438,1592031220625971078,,0.0,-1.99999994948e-05,9.99999974738e-06,9.99999974738e-06
1592031220730802199,439,1592031220678611993,,0.0,2.99999992421e-05,-1.99999994948e-05,-9.99999974738e-06
1592031220783408741,440,1592031220731209039,,0.0,9.99999974738e-06,-9.99999974738e-06,-0.0
1592031220835006594,441,1592031220783605098,,0.0,1.99999994948e-05,0.0,-0.0
1592031220886457069,442,1592031220835139036,,9.99999974738e-05,-3.99999989895e-05,1.99999994948e-05,2.99999992421e-05
1592031220938391291,443,1592031220886616945,,0.0,-2.99999992421e-05,9.99999974738e-06,1.99999994948e-05
1592031220990043823,444,1592031220938559055,,0.0,1.99999994948e-05,-9.99999974738e-06,-1.99999994948e-05
1592031221043076168,445,1592031220990154027,,0.0,0.0,-9.99999974738e-06,0.0
1592031221144825679,446,1592031221042654991,,0.0,0.0,-1.99999994948e-05,-9.99999974738e-06
1592031221197427744,447,1592031221145915031,,0.0,0.0,1.99999994948e-05,-9.99999974738e-06
1592031221249496984,448,1592031221197453022,,0.0,0.0,-9.99999974738e-06,-0.0
1592031221302277233,449,1592031221249820947,,0.0,-9.99999974738e-06,-9.99999974738e-06,-0.0
1592031221354194975,450,1592031221302484989,,0.0,-0.0,1.99999994948e-05,-0.0
1592031221406918770,451,1592031221354877948,,0.0,-0.0,0.0,-0.0
1592031221460309821,452,1592031221407268047,,0.0,9.99999974738e-06,-0.0,-9.99999974738e-06
1592031221512422739,453,1592031221460062980,,0.0,0.0,-9.99999974738e-06,-9.99999974738e-06
1592031221565409828,454,1592031221513952970,,9.99999974738e-05,-3.99999989895e-05,-0.0,3.99999989895e-05
1592031221617369341,455,1592031221565589904,,0.0,0.0,9.99999974738e-06,0.0
1592031221668964691,456,1592031221617640972,,0.0,-9.99999974738e-06,1.99999994948e-05,9.99999974738e-06
1592031221720757665,457,1592031221669085025,,0.0,-1.99999994948e-05,-0.0,0.0
1592031221772722413,458,1592031221721014976,,9.99999974738e-05,3.99999989895e-05,-0.0,-2.99999992421e-05
1592031221875293789,459,1592031221773061037,,9.99999974738e-05,-2.99999992421e-05,3.99999989895e-05,2.99999992421e-05
1592031221929049434,460,1592031221876847982,,0.0,-0.0,-1.99999994948e-05,0.0
1592031221981409972,461,1592031221929234027,,0.0,-9.99999974738e-06,0.0,-0.0
1592031222083947396,462,1592031221981698989,,0.0,9.99999974738e-06,0.0,-9.99999974738e-06
1592031222136640444,463,1592031222084204912,,0.0,-9.99999974738e-06,-0.0,9.99999974738e-06
1592031222189742716,464,1592031222137454032,,0.0,2.99999992421e-05,-1.99999994948e-05,-1.99999994948e-05
1592031222243376060,465,1592031222190000057,,0.0,-1.99999994948e-05,0.0,9.99999974738e-06
1592031222297383723,466,1592031222244997978,,0.0,9.99999974738e-06,-9.99999974738e-06,-0.0
1592031222349265764,467,1592031222297781944,,0.0,9.99999974738e-06,-9.99999974738e-06,9.99999974738e-06
1592031222401658760,468,1592031222349406003,,0.0,-2.99999992421e-05,9.99999974738e-06,2.99999992421e-05
1592031222454409614,469,1592031222401949882,,0.0,0.0,-9.99999974738e-06,-9.99999974738e-06
1592031222506841670,470,1592031222454543113,,0.0,9.99999974738e-06,1.99999994948e-05,-0.0
1592031222559984167,471,1592031222507567882,,0.0,9.99999974738e-06,-9.99999974738e-06,-9.99999974738e-06
1592031222612375946,472,1592031222560148954,,0.0,9.99999974738e-06,0.0,-0.0
1592031222714830031,473,1592031222612528085,,0.0,2.99999992421e-05,9.99999974738e-06,-1.99999994948e-05
1592031222766380085,474,1592031222714476108,,0.0,-9.99999974738e-06,1.99999994948e-05,0.0
1592031222818371116,475,1592031222766613960,,0.0,9.99999974738e-06,-1.99999994948e-05,0.0
1592031222870450708,476,1592031222818605899,,0.0,-1.99999994948e-05,1.99999994948e-05,0.0
1592031222921620020,477,1592031222870239019,,0.0,9.99999974738e-06,-9.99999974738e-06,-9.99999974738e-06
1592031222973326855,478,1592031222921896934,,0.0,-0.0,-9.99999974738e-06,-9.99999974738e-06
1592031223026135922,479,1592031222973447084,,0.0,9.99999974738e-06,-1.99999994948e-05,-0.0
1592031223130966190,480,1592031223027776002,,0.0,-9.99999974738e-06,-1.99999994948e-05,-0.0
1592031223182783223,481,1592031223131055116,,0.0,-9.99999974738e-06,-0.0,9.99999974738e-06
1592031223238347141,482,1592031223184448003,,0.0,0.0,-9.99999974738e-06,0.0
1592031223289932772,483,1592031223238435029,,0.0,-9.99999974738e-06,-0.0,9.99999974738e-06
1592031223342404975,484,1592031223290127038,,0.0,-9.99999974738e-06,-0.0,9.99999974738e-06
1592031223395255023,485,1592031223342952966,,0.0,-0.0,9.99999974738e-06,0.0
1592031223447849605,486,1592031223395479917,,0.0,9.99999974738e-06,-9.99999974738e-06,0.0
1592031223499949219,487,1592031223448182106,,0.0,-0.0,9.99999974738e-06,-0.0
1592031223552681341,488,1592031223500232934,,0.0,-9.99999974738e-06,9.99999974738e-06,1.99999994948e-05
1592031223604955809,489,1592031223552814006,,0.0,-9.99999974738e-06,9.99999974738e-06,0.0
1592031223656667824,490,1592031223605249881,,0.0,-9.99999974738e-06,0.0,9.99999974738e-06
1592031223709013866,491,1592031223657023906,,0.0,9.99999974738e-06,-9.99999974738e-06,-9.99999974738e-06
1592031223760773502,492,1592031223709202051,,0.0,-9.99999974738e-06,-9.99999974738e-06,0.0
1592031223814339222,493,1592031223761895895,,0.0,0.0,-9.99999974738e-06,0.0
1592031223867083349,494,1592031223814740896,,0.0,1.99999994948e-05,0.0,-1.99999994948e-05
1592031223919431981,495,1592031223867242097,,0.0,9.99999974738e-06,-9.99999974738e-06,-9.99999974738e-06
1592031223972909281,496,1592031223920402050,,0.0,0.0,-0.0,-9.99999974738e-06
1592031224030448622,497,1592031223977509975,,0.0,-9.99999974738e-06,-9.99999974738e-06,0.0
1592031224083325566,498,1592031224030752897,,0.0,1.99999994948e-05,-9.99999974738e-06,-9.99999974738e-06
1592031224138422115,499,1592031224083009004,,0.0,-9.99999974738e-06,0.0,9.99999974738e-06
1592031224190738881,500,1592031224139422893,,0.0,0.0,1.99999994948e-05,-9.99999974738e-06
1592031224243298255,501,1592031224190918922,,0.0,9.99999974738e-06,2.99999992421e-05,-9.99999974738e-06
1592031224294683081,502,1592031224243413925,,0.0,-2.99999992421e-05,9.99999974738e-06,9.99999974738e-06
1592031224346356876,503,1592031224294914007,,0.0,1.99999994948e-05,9.99999974738e-06,-2.99999992421e-05
1592031224397932668,504,1592031224346617937,,0.0,-2.99999992421e-05,1.99999994948e-05,1.99999994948e-05
1592031224450296969,505,1592031224398102045,,0.0,0.0,9.99999974738e-06,-0.0
1592031224552121010,506,1592031224450480937,,0.0,1.99999994948e-05,-2.99999992421e-05,-9.99999974738e-06
1592031224604505764,507,1592031224552299976,,0.0,-9.99999974738e-06,-9.99999974738e-06,9.99999974738e-06
1592031224656945105,508,1592031224604896068,,0.0,-9.99999974738e-06,9.99999974738e-06,9.99999974738e-06
1592031224709482059,509,1592031224657275915,,0.0,-9.99999974738e-06,0.0,9.99999974738e-06
1592031224761993321,510,1592031224709798097,,0.0,-0.0,-0.0,0.0
1592031224814250575,511,1592031224762269020,,0.0,-9.99999974738e-06,-9.99999974738e-06,9.99999974738e-06
1592031224866707213,512,1592031224814428091,,0.0,1.99999994948e-05,-0.0,-1.99999994948e-05
1592031224919145443,513,1592031224866951942,,9.99999974738e-05,-4.99999987369e-05,0.0,3.99999989895e-05
1592031224971730643,514,1592031224919418096,,0.0,1.99999994948e-05,-9.99999974738e-06,-9.99999974738e-06
1592031225024125798,515,1592031224971971035,,0.0,0.0,-2.99999992421e-05,0.0
1592031225076467256,516,1592031225024422883,,0.0,-9.99999974738e-06,4.99999987369e-05,0.0
1592031225128327621,517,1592031225076864004,,0.0,-9.99999974738e-06,9.99999974738e-06,0.0
1592031225230751831,518,1592031225128488063,,0.0,2.99999992421e-05,-2.99999992421e-05,-1.99999994948e-05
1592031225284987485,519,1592031225232388973,,0.0,1.99999994948e-05,0.0,-1.99999994948e-05
1592031225337493782,520,1592031225285368919,,0.0,9.99999974738e-06,-9.99999974738e-06,0.0
1592031225390013064,521,1592031225337776899,,0.0,1.99999994948e-05,-9.99999974738e-06,-9.99999974738e-06
1592031225442422831,522,1592031225390356063,,0.0,9.99999974738e-06,9.99999974738e-06,-9.99999974738e-06
1592031225495086345,523,1592031225442822933,,0.0,2.99999992421e-05,-9.99999974738e-06,-1.99999994948e-05
1592031225549982438,524,1592031225495135068,,0.0,-9.99999974738e-06,-0.0,1.99999994948e-05
1592031225601957983,525,1592031225549555063,,0.0,9.99999974738e-06,9.99999974738e-06,-9.99999974738e-06
1592031225653227970,526,1592031225601535081,,0.0,-0.0,0.0,9.99999974738e-06
1592031225705488629,527,1592031225653677940,,0.0,9.99999974738e-06,9.99999974738e-06,-9.99999974738e-06
1592031225757705780,528,1592031225705666065,,0.0,-1.99999994948e-05,1.99999994948e-05,1.99999994948e-05
1592031225810890142,529,1592031225758017063,,0.0,-0.0,0.0,0.0
1592031225862900883,530,1592031225810516119,,0.0,0.0,0.0,-9.99999974738e-06
1592031225914627435,531,1592031225863028049,,0.0,-0.0,9.99999974738e-06,-0.0
1592031225966383647,532,1592031225914779901,,0.0,-9.99999974738e-06,-9.99999974738e-06,9.99999974738e-06
1592031226018858848,533,1592031225966607093,,0.0,1.99999994948e-05,0.0,-1.99999994948e-05
1592031226071059632,534,1592031226019184112,,0.0,1.99999994948e-05,0.0,-9.99999974738e-06
1592031226124621737,535,1592031226072259902,,0.0,-9.99999974738e-06,9.99999974738e-06,9.99999974738e-06
1592031226176924329,536,1592031226124784946,,0.0,1.99999994948e-05,-2.99999992421e-05,-9.99999974738e-06
1592031226229049186,537,1592031226177220106,,0.0,9.99999974738e-06,0.0,-9.99999974738e-06
1592031226281877336,538,1592031226229427099,,0.0,-1.99999994948e-05,1.99999994948e-05,1.99999994948e-05
1592031226334920481,539,1592031226282202959,,0.0,-9.99999974738e-06,1.99999994948e-05,1.99999994948e-05
1592031226386955729,540,1592031226334659099,,0.0,0.0,9.99999974738e-06,-9.99999974738e-06
1592031226441911828,541,1592031226387073040,,0.0,-1.99999994948e-05,-9.99999974738e-06,9.99999974738e-06
1592031226843172999,542,1592031226441464900,,0.0,-0.0,0.0,9.99999974738e-06
1592031226895651016,543,1592031226843432903,,0.0,1.99999994948e-05,-2.99999992421e-05,0.0
1592031226947286562,544,1592031226895836114,,0.00089999998454,0.000820000015665,0.000110000000859,-0.000199999994948
1592031226999444641,545,1592031226947355031,,0.0038999998942,0.0038699998986,-9.99999974738e-05,-0.000159999995958
1592031227051051659,546,1592031226999546051,,0.00820000004023,0.00820999965072,-0.000479999987874,-4.99999987369e-05
1592031227103311796,547,1592031227051167011,,0.0131999999285,0.0131599996239,-0.000880000006873,-7.9999997979e-05
1592031227155378403,548,1592031227103519916,,0.017899999395,0.0178599990904,-0.00124000001233,-0.000119999996969
1592031227207574942,549,1592031227155396938,,0.0228000003844,0.0227099992335,-0.00156999996398,-0.000130000000354
1592031227260062978,550,1592031227207892894,,0.0275999996811,0.0275100003928,-0.00193000002764,-0.000130000000354
1592031227311839153,551,1592031227260410070,,0.0324999988079,0.0323700010777,-0.00224999990314,-0.000169999999343
1592031227363449649,552,1592031227312086105,,0.0372000001371,0.0370999984443,-0.00257000001147,-0.000169999999343
1592031227415935707,553,1592031227363653898,,0.0702000036836,0.0700799971819,-0.00475999992341,-0.000310000003083
1592031227468099165,554,1592031227416081905,,0.0768000036478,0.0766299962997,-0.00557000003755,-3.99999989895e-05
1592031227520513935,555,1592031227468462944,,0.0798000022769,0.079580001533,-0.00578999985009,-0.000110000000859
1592031227573945250,556,1592031227520807027,,0.0804999992251,0.0802799984813,-0.00566999986768,-0.000339999998687
1592031227624858584,557,1592031227573309898,,0.0802000015974,0.0799899995327,-0.0055800001137,-0.000310000003083
1592031227678010696,558,1592031227625699043,,0.0802000015974,0.080009996891,-0.00548999989405,-0.000269999989541
1592031227731735251,559,1592031227679289102,,0.0800999999046,0.0798899978399,-0.00547999981791,-0.000289999996312
1592031227784040002,560,1592031227732011079,,0.0799999982119,0.0798600018024,-0.00545000005513,-0.000289999996312
1592031227837505548,561,1592031227784274101,,0.0785999968648,0.0784400030971,-0.00557000003755,-0.000119999996969
1592031227893262981,562,1592031227837903976,,0.0741000026464,0.073930002749,-0.00516000017524,-0.000209999998333
1592031227996026263,563,1592031227893845081,,0.0658000037074,0.0656799972057,-0.00449999980628,-0.000220000001718
1592031228049088581,564,1592031227997374057,,0.0467999987304,0.0467699989676,0.000859999970999,-0.000140000003739
1592031228101510940,565,1592031228049236059,,0.035000000149,0.0343099981546,0.00690999999642,-0.000199999994948
1592031228204046974,566,1592031228101816892,,0.0271000005305,0.0234900005162,0.0134399998933,-0.000169999999343
1592031228258477944,567,1592031228204301118,,0.0277999993414,0.0117899999022,0.0252100005746,-0.000199999994948
1592031228310528871,568,1592031228258641958,,0.0320999994874,0.00365999992937,0.0318999998271,9.00000013644e-05
1592031228362675933,569,1592031228310465097,,0.0370999984443,-0.00742000015453,0.0363099984825,0.000130000000354
1592031228414938288,570,1592031228363010883,,0.0423999987543,-0.0205799993128,0.0370399989188,3.99999989895e-05
1592031228466873061,571,1592031228415231943,,0.0494999997318,-0.032460000366,0.0373999997973,-0.000110000000859
1592031228518632035,572,1592031228467051029,,0.0564999990165,-0.0423099994659,0.0373999997973,-5.99999984843e-05
1592031228571073572,573,1592031228518974065,,0.0619000010192,-0.0493399985135,0.0373600013554,1.99999994948e-05
1592031228623995094,574,1592031228571373939,,0.0658000037074,-0.0551199987531,0.0358900018036,0.0
1592031228675759701,575,1592031228623684883,,0.0644000023603,-0.056970000267,0.030039999634,4.99999987369e-05
1592031228778221249,576,1592031228676057100,,0.0653000026941,-0.0607899986207,0.0237399991602,9.99999974738e-05
1592031228881239179,577,1592031228778455972,,0.0719000026584,-0.071280002594,0.00973999965936,0.000159999995958
1592031228932071017,578,1592031228880721092,,0.077500000596,-0.0774900019169,0.00190999999177,-9.99999974738e-05
1592031228984483910,579,1592031228932356119,,0.0795999988914,-0.079580001533,-0.00258000008762,-9.00000013644e-05
1592031229039718012,580,1592031228984796047,,0.0800999999046,-0.0799700021744,-0.00377999991179,7.9999997979e-05
1592031229091857780,581,1592031229040081977,,0.0800999999046,-0.0799399986863,-0.00475999992341,9.99999974738e-05
1592031229144152395,582,1592031229092096090,,0.0798999965191,-0.079690001905,-0.00586999999359,0.000150000007125
1592031229196687401,583,1592031229144433975,,0.0798000022769,-0.0794999971986,-0.00700999982655,9.00000013644e-05
1592031229249183002,584,1592031229196957111,,0.0795999988914,-0.0791599974036,-0.00820000004023,3.99999989895e-05
1592031229351764632,585,1592031229249329090,,0.0798999965191,-0.0793299973011,-0.00984000042081,7.9999997979e-05
1592031229403949812,586,1592031229351627111,,0.0795999988914,-0.0786200016737,-0.012640000321,4.99999987369e-05
1592031229456296268,587,1592031229404181957,,0.0797000005841,-0.078210003674,-0.0155600002035,7.00000018696e-05
1592031229508851898,588,1592031229456581115,,0.0795999988914,-0.0772899985313,-0.0190600007772,2.99999992421e-05
1592031229561292882,589,1592031229509172916,,0.0798000022769,-0.0769300013781,-0.0212999992073,7.00000018696e-05
1592031229613866431,590,1592031229561538934,,0.0795999988914,-0.0760499984026,-0.0234900005162,-0.0
1592031229666085520,591,1592031229614013910,,0.0797000005841,-0.0754700005054,-0.0255500003695,5.99999984843e-05
1592031229718904465,592,1592031229666464090,,0.0794999971986,-0.0745799988508,-0.0275500006974,4.99999987369e-05
1592031229772068511,593,1592031229720586061,,0.0798000022769,-0.0740099996328,-0.029810000211,7.00000018696e-05
1592031229823638498,594,1592031229772403001,,0.0797000005841,-0.0730499997735,-0.0318600013852,0.000159999995958
1592031229875943494,595,1592031229823817968,,0.0797000005841,-0.0721099972725,-0.0339399985969,0.000130000000354
1592031229928866024,596,1592031229876254081,,0.0795999988914,-0.0706399977207,-0.036779999733,0.000159999995958
1592031229980417814,597,1592031229928128957,,0.0799999982119,-0.0698999986053,-0.0388699993491,0.000130000000354
1592031230032108016,598,1592031229980593919,,0.0795999988914,-0.0683199986815,-0.0408100001514,4.99999987369e-05
1592031230086493676,599,1592031230032269954,,0.0791999995708,-0.0658000037074,-0.0440700016916,-2.99999992421e-05
1592031230191389710,600,1592031230090001106,,0.0772999972105,-0.06018999964,-0.0484700016677,2.99999992421e-05
1592031230243914551,601,1592031230191648006,,0.0737000033259,-0.0489900000393,-0.054999999702,7.9999997979e-05
1592031230295001190,602,1592031230243634939,,0.0724999979138,-0.0422100014985,-0.0589900016785,-1.99999994948e-05
1592031230347427296,603,1592031230295211076,,0.0710999965668,-0.034359999001,-0.0622499994934,-9.99999974738e-05
1592031230399882362,604,1592031230347700119,,0.0697000026703,-0.0249899998307,-0.0651099979877,-0.000150000007125
1592031230451927960,605,1592031230400279045,,0.0671000033617,-0.0140000004321,-0.0656299963593,-0.0
1592031230503779622,606,1592031230452269077,,0.0659999996424,-0.00212000007741,-0.065980002284,9.00000013644e-05
1592031230555919236,607,1592031230504138946,,0.0659999996424,0.00966999959201,-0.0653399974108,7.00000018696e-05
1592031230608471916,608,1592031230556194067,,0.0680999979377,0.0215499997139,-0.064580000937,7.00000018696e-05
1592031230710162166,609,1592031230608606100,,0.0697000026703,0.0319500006735,-0.0619199983776,7.9999997979e-05
1592031230762674191,610,1592031230710438966,,0.0711999982595,0.0434900000691,-0.0563899986446,-9.99999974738e-06
1592031230815844039,611,1592031230763014078,,0.0737999975681,0.0540100000799,-0.0502200014889,-0.000110000000859
1592031230868395554,612,1592031230816111087,,0.075900003314,0.0605200007558,-0.04571999982,-2.99999992421e-05
1592031230920484494,613,1592031230868808984,,0.0780000016093,0.0658999979496,-0.0417100004852,4.99999987369e-05
1592031231023280163,614,1592031230920772075,,0.0789000019431,0.0693000033498,-0.0376800000668,0.000110000000859
1592031231076574152,615,1592031231023499965,,0.0798000022769,0.0719100013375,-0.0346199981868,-5.99999984843e-05
1592031231131485616,616,1592031231079669952,,0.0797000005841,0.0728299990296,-0.032389998436,-0.000140000003739
1592031231183891264,617,1592031231131661891,,0.0798000022769,0.0737700015306,-0.0305599998683,-0.000130000000354
1592031231236502978,618,1592031231184185981,,0.0794000029564,0.0741999968886,-0.0283799991012,-7.9999997979e-05
1592031231339287873,619,1592031231237632989,,0.0797000005841,0.0751200020313,-0.0265500005335,-4.99999987369e-05
1592031231390918292,620,1592031231339437007,,0.0794000029564,0.0763000026345,-0.0220599994063,-9.99999974738e-06
1592031231443437030,621,1592031231391077041,,0.0790999978781,0.0766099989414,-0.0198599994183,-0.0
1592031231495912609,622,1592031231443706989,,0.0797000005841,0.0776899978518,-0.0176599994302,-5.99999984843e-05
1592031231549942294,623,1592031231496155977,,0.0794000029564,0.0779199972749,-0.0152200004086,-1.99999994948e-05
1592031231653335336,624,1592031231551199913,,0.0794000029564,0.0783500000834,-0.0127600003034,-3.99999989895e-05
1592031231705699700,625,1592031231653527975,,0.0793000012636,0.0789000019431,-0.00824000034481,-2.99999992421e-05
1592031231760404582,626,1592031231705935001,,0.0795999988914,0.0793799981475,-0.00620999978855,-5.99999984843e-05
1592031231816517844,627,1592031231761899948,,0.0794999971986,0.0793400034308,-0.00445999996737,-0.0
1592031231869401405,628,1592031231816539049,,0.0795999988914,0.0795200020075,-0.00297000003047,0.0
1592031231921637974,629,1592031231869416952,,0.0798999965191,0.079920001328,-0.00165999995079,-4.99999987369e-05
1592031231974096612,630,1592031231921889066,,0.0795999988914,0.0795700028539,-0.000119999996969,1.99999994948e-05
1592031232076180955,631,1592031231974853038,,0.0803999975324,0.0804399996996,0.000600000028498,9.99999974738e-06
1592031232128477766,632,1592031232076385974,,0.0791999995708,0.07920999825,0.00215000007302,0.000140000003739
1592031232180875789,633,1592031232128772974,,0.0755999982357,0.0752800032496,0.00741000007838,9.99999974738e-05
1592031232233743946,634,1592031232181246995,,0.0706000030041,0.0691400021315,0.0141799999401,-9.00000013644e-05
1592031232285911967,635,1592031232233998060,,0.0659999996424,0.0619800016284,0.0227300003171,-0.000110000000859
1592031232388340209,636,1592031232286163091,,0.0640000030398,0.0568899996579,0.0292300004512,-3.99999989895e-05
1592031232441148637,637,1592031232388649940,,0.0653999969363,0.054019998759,0.0369499996305,-1.99999994948e-05
1592031232498890819,638,1592031232445543050,,0.0666000023484,0.0528899990022,0.04041999951,-2.99999992421e-05
1592031232550427627,639,1592031232498034954,,0.0675999969244,0.0518699996173,0.043370001018,-2.99999992421e-05
1592031232602141414,640,1592031232550643920,,0.0690999999642,0.0513399988413,0.046250000596,9.99999974738e-06
1592031232653584702,641,1592031232602197885,,0.0681999996305,0.0471099987626,0.0493699982762,3.99999989895e-05
1592031232755186622,642,1592031232653700113,,0.0697999969125,0.0381000004709,0.0585400015116,-0.000190000006114
1592031232807885048,643,1592031232755419015,,0.069200001657,0.0319899991155,0.0613499991596,-0.000119999996969
1592031232860956130,644,1592031232808281898,,0.068599998951,0.0314299985766,0.0610099993646,2.99999992421e-05
1592031232912797434,645,1592031232860537052,,0.0680000036955,0.0303099993616,0.0608199983835,7.00000018696e-05
1592031232967267463,646,1592031232915080070,,0.0672999992967,0.0277699995786,0.061289999634,3.99999989895e-05
1592031233019852679,647,1592031232967659950,,0.0666000023484,0.0210400000215,0.0631399974227,-0.0
1592031233072280055,648,1592031233019954919,,0.0653999969363,0.0121600003913,0.0642499998212,0.000280000007479
1592031233126848644,649,1592031233074697017,,0.0639000013471,0.000220000001718,0.0638599991798,0.000159999995958
1592031233179526414,650,1592031233127377033,,0.0646999999881,-0.0122199999169,0.0635100007057,-3.99999989895e-05
1592031233232413625,651,1592031233179925918,,0.0654999986291,-0.0197400003672,0.0624799989164,-0.000250000011874
1592031233285852240,652,1592031233233556032,,0.0606000013649,-0.0223799999803,0.0563100017607,0.000190000006114
1592031233337917978,653,1592031233286145925,,0.0507000014186,-0.0255200006068,0.0437799990177,0.000140000003739
1592031233440985389,654,1592031233338655948,,0.040600001812,-0.0284299999475,0.0289600007236,4.99999987369e-05
1592031233493391306,655,1592031233441170930,,0.0324000008404,-0.0318300016224,0.00619000010192,4.99999987369e-05
1592031233546023554,656,1592031233493621110,,0.0357000008225,-0.0348600000143,-0.0077999997884,2.99999992421e-05
1592031233598286091,657,1592031233546128034,,0.0434000007808,-0.0376700013876,-0.0215799994767,9.99999974738e-06
1592031233651954953,658,1592031233598624944,,0.0507000014186,-0.0384700000286,-0.0329600013793,-0.000289999996312
1592031233753699904,659,1592031233651138067,,0.0564999990165,-0.0365500003099,-0.0430900007486,-0.000130000000354
1592031233805903006,660,1592031233754017114,,0.0636999979615,-0.0336599983275,-0.054090000689,-9.99999974738e-06
1592031233858510430,661,1592031233806961059,,0.0701000019908,-0.0323200002313,-0.0622499994934,0.000159999995958
1592031233910977555,662,1592031233858823060,,0.0763000026345,-0.0332800000906,-0.0686400011182,-7.9999997979e-05
1592031233963663029,663,1592031233911250114,,0.0795999988914,-0.034359999001,-0.0717500001192,-0.000140000003739
1592031234015752777,664,1592031233963917970,,0.0762000009418,-0.0331499986351,-0.0686400011182,-4.99999987369e-05
1592031234069082888,665,1592031234017004013,,0.0688000023365,-0.0301699992269,-0.0618500001729,2.99999992421e-05
1592031234121860631,666,1592031234069345951,,0.0615000016987,-0.0269799996167,-0.0552799999714,1.99999994948e-05
1592031234174943914,667,1592031234122689008,,0.055300001055,-0.0254299994558,-0.0491200014949,0.000199999994948
1592031234227380534,668,1592031234175156116,,0.0485000014305,-0.0267799999565,-0.0404499992728,-7.00000018696e-05
1592031234279449591,669,1592031234227890968,,0.0412000007927,-0.0290699992329,-0.0292300004512,-9.00000013644e-05
1592031234331883138,670,1592031234279723882,,0.0322999991477,-0.0300799999386,-0.0117199998349,-5.99999984843e-05
1592031234384563982,671,1592031234332262992,,0.0313999988139,-0.0313500016928,0.00164000003133,5.99999984843e-05
1592031234437003076,672,1592031234385020971,,0.0366999991238,-0.0337000004947,0.0145199997351,0.000110000000859
1592031234489887615,673,1592031234437247037,,0.0449000000954,-0.0376599989831,0.0244100000709,0.000209999998333
1592031234542017569,674,1592031234490115880,,0.0522000007331,-0.0435400009155,0.0288299992681,0.000119999996969
1592031234594205618,675,1592031234542139053,,0.0588000006974,-0.0514499992132,0.0285500008613,4.99999987369e-05
1592031234645666846,676,1592031234593583106,,0.0654999986291,-0.0593600012362,0.0276900008321,7.9999997979e-05
1592031234698211124,677,1592031234646013975,,0.0696000009775,-0.0648000016809,0.0254999995232,-9.99999974738e-05
1592031234750860465,678,1592031234698510885,,0.0690999999642,-0.0665000006557,0.0186899993569,0.000260000000708
1592031234803376351,679,1592031234751914024,,0.0658000037074,-0.0653299987316,0.00751999998465,0.000250000011874
1592031234906636116,680,1592031234803616046,,0.0649000033736,-0.0646900013089,-0.00548999989405,0.000190000006114
1592031234960284026,681,1592031234908004045,,0.0663999989629,-0.0624199993908,-0.0226900000125,9.00000013644e-05
1592031235012578820,682,1592031234960422992,,0.0703999996185,-0.0616800002754,-0.0339699983597,5.99999984843e-05
1592031235064637110,683,1592031235012734889,,0.0731000006199,-0.0608099997044,-0.0405399985611,-0.0
1592031235115909929,684,1592031235064450025,,0.0741000026464,-0.0611400008202,-0.0418800003827,3.99999989895e-05
1592031235168516189,685,1592031235116750001,,0.0723000019789,-0.0606699995697,-0.0393100008368,4.99999987369e-05
1592031235220015776,686,1592031235168648958,,0.0703999996185,-0.0604100003839,-0.0360799990594,4.99999987369e-05
1592031235272036671,687,1592031235220226049,,0.0684999972582,-0.0610699988902,-0.0309599991888,9.00000013644e-05
1592031235374389774,688,1592031235272222042,,0.0659999996424,-0.0615400001407,-0.0238499995321,4.99999987369e-05
1592031235426098445,689,1592031235374671936,,0.0654999986291,-0.0644500032067,-0.0115999998525,7.9999997979e-05
1592031235477754089,690,1592031235426162958,,0.0667999982834,-0.066660001874,-0.00350000010803,3.99999989895e-05
1592031235530264081,691,1592031235477866888,,0.0728000029922,-0.0719100013375,0.0112300002947,4.99999987369e-05
1592031235582828401,692,1592031235530487060,,0.0766000002623,-0.0738800019026,0.0203699991107,2.99999992421e-05
1592031235684922245,693,1592031235583199024,,0.0793000012636,-0.0744299963117,0.0273700002581,-7.00000018696e-05
1592031235738406723,694,1592031235685949087,,0.0769999995828,-0.0678299963474,0.0363899990916,0.000190000006114
1592031235792069623,695,1592031235739717006,,0.0762000009418,-0.0654499977827,0.0390099994838,0.000280000007479
1592031235844337904,696,1592031235793032884,,0.0728999972343,-0.0638500005007,0.0351499989629,2.99999992421e-05
1592031235896205024,697,1592031235844583034,,0.0653000026941,-0.0591499991715,0.0277600008994,-0.000410000007832
1592031235997945916,698,1592031235896614074,,0.0538999997079,-0.0499100014567,0.0204300004989,-0.000250000011874
1592031236050058525,699,1592031235998133897,,0.0362999998033,-0.0300099998713,0.0203900001943,0.000150000007125
1592031236102189149,700,1592031236050088882,,0.0333999991417,-0.0235099997371,0.0236799996346,-1.99999994948e-05
1592031236154746212,701,1592031236102440118,,0.0326999984682,-0.0172499995679,0.0277999993414,-2.99999992421e-05
1592031236206311292,702,1592031236155071020,,0.0337999984622,-0.0112399999052,0.0318700000644,-2.99999992421e-05
1592031236258147636,703,1592031236206585884,,0.0361000001431,-0.00576000008732,0.0356599986553,0.000130000000354
1592031236311103155,704,1592031236258219957,,0.0333000011742,-0.00044999999227,0.033259999007,0.000159999995958
1592031236363125795,705,1592031236310679912,,0.0326999984682,0.00109999999404,0.0326800011098,-2.99999992421e-05
1592031236416970163,706,1592031236364810943,,0.0357000008225,0.000119999996969,0.0357199981809,7.9999997979e-05
1592031236468646946,707,1592031236417313098,,0.0366999991238,-0.000699999975041,0.0366600006819,-1.99999994948e-05
1592031236521651138,708,1592031236468708038,,0.0357000008225,-0.00173000001814,0.0356700010598,-0.000140000003739
1592031236573443533,709,1592031236521039962,,0.0320999994874,-0.00505999987945,0.0317399986088,-0.000250000011874
1592031236626249834,710,1592031236573800086,,0.0296999998391,-0.00184000004083,0.0296400003135,0.000190000006114
1592031236678203643,711,1592031236626555919,,0.0299999993294,0.000829999975394,0.0299600008875,-0.000280000007479
1592031236731151864,712,1592031236678476095,,0.0278999991715,0.00515000009909,0.0274000000209,-0.000209999998333
1592031236783024771,713,1592031236730894088,,0.0264999996871,0.0123600000516,0.023390000686,-0.000220000001718
1592031236834826041,714,1592031236783200025,,0.0274000000209,0.0190500002354,0.0197000000626,-0.000269999989541
1592031236936855179,715,1592031236834954023,,0.0337999984622,0.0270000007004,0.0203499998897,-0.000600000028498
1592031236989192899,716,1592031236937031030,,0.0472000017762,0.0415199995041,0.0223799999803,-0.000119999996969
1592031237040748515,717,1592031236989432096,,0.0573000013828,0.0502500012517,0.0274500008672,0.000199999994948
1592031237092833708,718,1592031237040993928,,0.0644000023603,0.0532799996436,0.0360900014639,0.000110000000859
1592031237145189607,719,1592031237093049049,,0.0671000033617,0.0537500008941,0.0401800014079,-0.000190000006114
1592031237247813596,720,1592031237145562887,,0.0687000006437,0.0568699985743,0.038520000875,-0.000369999994291
1592031237299660893,721,1592031237247556924,,0.0706999972463,0.0627499967813,0.0325700007379,7.9999997979e-05
1592031237352170099,722,1592031237300460100,,0.0720999985933,0.0657399967313,0.0296999998391,-2.99999992421e-05
1592031237404906953,723,1592031237352499008,,0.0719999969006,0.0663900002837,0.0277699995786,-2.99999992421e-05
1592031237458455106,724,1592031237405371904,,0.0724000036716,0.0678199976683,0.0254399999976,-9.00000013644e-05
1592031237510756553,725,1592031237458642959,,0.0694999992847,0.0674099996686,0.0168900005519,0.000399999989895
1592031237562838554,726,1592031237511096000,,0.0612999983132,0.0608999989927,0.00734000001103,3.99999989895e-05
1592031237615696308,727,1592031237563016891,,0.0489999987185,0.0488400012255,0.00433999998495,9.00000013644e-05
1592031237668161056,728,1592031237615338087,,0.0362000018358,0.0362300015986,0.000289999996312,3.99999989895e-05
1592031237720198295,729,1592031237667866945,,0.023199999705,0.0227499995381,-0.0044900001958,1.99999994948e-05
1592031237822627707,730,1592031237720407962,,0.0131000000983,0.00908999983221,-0.00949000008404,4.99999987369e-05
1592031237874395210,731,1592031237822917938,,0.0264999996871,-0.0177100002766,-0.0196499992162,7.00000018696e-05
1592031237926602795,732,1592031237874480962,,0.0401000007987,-0.0314299985766,-0.0249799992889,7.9999997979e-05
1592031237979487563,733,1592031237926949977,,0.0529000014067,-0.0434300005436,-0.0301399994642,3.99999989895e-05
1592031238033262131,734,1592031237980982065,,0.0658000037074,-0.0551199987531,-0.0359899997711,0.000150000007125
1592031238086425045,735,1592031238033440113,,0.0732999965549,-0.0647400021553,-0.0344099998474,-0.000180000002729
1592031238138266972,736,1592031238085999965,,0.0751999989152,-0.0694700032473,-0.0288100000471,-3.99999989895e-05
1592031238190889099,737,1592031238138554096,,0.0749000012875,-0.069059997797,-0.0288999993354,0.000180000002729
1592031238243212774,738,1592031238191126108,,0.0728000029922,-0.0656699985266,-0.0313199982047,9.99999974738e-06
1592031238345737766,739,1592031238243505954,,0.0698999986053,-0.0593600012362,-0.0368900001049,0.000269999989541
1592031238398814803,740,1592031238346046924,,0.0656000003219,-0.0478200018406,-0.0449500009418,0.000169999999343
1592031238450486044,741,1592031238398526906,,0.0639000013471,-0.0385299995542,-0.0509699992836,9.00000013644e-05
1592031238503215098,742,1592031238451803922,,0.0608000010252,-0.0291900001466,-0.05333000049,-0.000410000007832
1592031238554607990,743,1592031238503303050,,0.0566999986768,-0.018789999187,-0.0535500012338,9.99999974738e-05
1592031238657550097,744,1592031238555246114,,0.0516000017524,-0.00749000022188,-0.0510899983346,-5.99999984843e-05
1592031238711049022,745,1592031238657823085,,0.0507000014186,0.0104299997911,-0.0495899990201,9.99999974738e-06
1592031238764501696,746,1592031238713255882,,0.0570000000298,0.0232400000095,-0.052009999752,1.99999994948e-05
1592031238816486900,747,1592031238764734029,,0.0630000010133,0.0346800014377,-0.0526000000536,-5.99999984843e-05
1592031238868603739,748,1592031238816802978,,0.0678000003099,0.0443099997938,-0.0513699986041,9.99999974738e-05
1592031238920001319,749,1592031238868700027,,0.069200001657,0.051320001483,-0.0464899986982,-0.000119999996969
1592031238971881811,750,1592031238920243978,,0.0733999982476,0.0625,-0.0385099984705,-7.9999997979e-05
1592031239025139366,751,1592031238972767114,,0.0731000006199,0.0665699988604,-0.0302900001407,0.000220000001718
1592031239078752655,752,1592031239026925086,,0.0698999986053,0.0658299997449,-0.0233600009233,0.000230000005104
1592031239132185717,753,1592031239080060958,,0.0658000037074,0.0631000027061,-0.0186400003731,-0.000239999993937
1592031239183797670,754,1592031239132452011,,0.0644999966025,0.0628900006413,-0.0143699999899,-5.99999984843e-05
1592031239235881216,755,1592031239184145927,,0.0625,0.0620299987495,-0.00796999968588,-5.99999984843e-05
1592031239288031330,756,1592031239236253023,,0.0625,0.0624499991536,-0.00258999993093,-7.00000018696e-05
1592031239340705336,757,1592031239289407014,,0.0628999993205,0.062870003283,0.00225999997929,-2.99999992421e-05
1592031239392267578,758,1592031239340931892,,0.0635000020266,0.0631399974227,0.00679000001401,-9.99999974738e-06
1592031239444537737,759,1592031239392426967,,0.0644000023603,0.0635199993849,0.0108599998057,-4.99999987369e-05
1592031239496498752,760,1592031239445091962,,0.0656000003219,0.0638599991798,0.0149400001392,-9.00000013644e-05
1592031239553005423,761,1592031239496723890,,0.068599998951,0.0666999965906,0.0160099994391,-0.000380000012228
1592031239601060694,762,1592031239549233913,,0.074500001967,0.0725700035691,0.0168600007892,0.000199999994948
1592031239653641814,763,1592031239601516962,,0.0791999995708,0.0772499963641,0.0175599996001,0.000180000002729
1592031239756018540,764,1592031239653914928,,0.0800999999046,0.0780799984932,0.0177500005811,-0.000110000000859
1592031239808459239,765,1592031239756263971,,0.0803000032902,0.0783199965954,0.0177800003439,-3.99999989895e-05
1592031239860770589,766,1592031239808703899,,0.0795999988914,0.0776199996471,0.0175800006837,7.00000018696e-05
1592031239962582737,767,1592031239861079931,,0.0756999999285,0.0738499984145,0.01678000018,0.000110000000859
1592031240014714929,768,1592031239962641954,,0.0630000010133,0.0614699982107,0.0138600002974,2.99999992421e-05
1592031240067744918,769,1592031240014959096,,0.0559000000358,0.0545299984515,0.0121499998495,7.9999997979e-05
1592031240119151516,770,1592031240067847013,,0.047499999404,0.0464500002563,0.0100299995393,0.000260000000708
1592031240172441754,771,1592031240119469881,,0.0370999984443,0.0364900007844,0.00658999988809,0.000110000000859
1592031240224213956,772,1592031240172029972,,0.024299999699,0.0242299996316,0.00230000005104,3.99999989895e-05
1592031240277027662,773,1592031240224587917,,0.0115000000224,0.011269999668,-0.00209000008181,9.99999974738e-05
1592031240328858179,774,1592031240277273893,,0.00669999979436,-0.00156000000425,-0.00651000021026,9.99999974738e-05
1592031240380413292,775,1592031240329010963,,0.0256999991834,-0.02208000049,-0.013190000318,0.000150000007125
1592031240432797318,776,1592031240380573034,,0.0397000014782,-0.0357199981809,-0.0173799991608,2.99999992421e-05
1592031240485252261,777,1592031240433043956,,0.0498000010848,-0.0458399988711,-0.0194199997932,-0.000140000003739
1592031240537837335,778,1592031240485450983,,0.0588999986649,-0.055070001632,-0.0209999997169,-0.000130000000354
1592031240589831600,779,1592031240538348913,,0.0612000003457,-0.0586600005627,-0.0173799991608,0.000150000007125
1592031240642949836,780,1592031240589977025,,0.0643000006676,-0.0630199983716,-0.0129199996591,9.99999974738e-06
1592031240696057208,781,1592031240644745111,,0.0665000006557,-0.065750002861,-0.0101600000635,3.99999989895e-05
1592031240748084159,782,1592031240696398973,,0.0667999982834,-0.0658999979496,-0.0108899995685,5.99999984843e-05
1592031240799917973,783,1592031240748509883,,0.0626000016928,-0.0609200000763,-0.0144300004467,-9.00000013644e-05
1592031240851879192,784,1592031240800154924,,0.0548000000417,-0.0516900010407,-0.0183300003409,-0.000220000001718
1592031240904597827,785,1592031240852328062,,0.0441999994218,-0.0389599986374,-0.020870000124,-0.000169999999343
1592031240957169786,786,1592031240904874086,,0.0305000003427,-0.0240499991924,-0.018789999187,-4.99999987369e-05
1592031241009651830,787,1592031240957479953,,0.0173000004143,-0.00987000018358,-0.0141899995506,0.000250000011874
1592031241062161955,788,1592031241009996891,,0.0077999997884,-0.00132999999914,-0.00769999995828,0.000410000007832
1592031241114642548,789,1592031241062520027,,0.00680000009015,0.00337999989279,-0.00589000014588,-9.99999974738e-05
1592031241167176975,790,1592031241114933967,,0.0122999995947,0.00882999971509,-0.00855999998748,-0.000150000007125
1592031241223318126,791,1592031241167390108,,0.0157999992371,0.0150399999693,-0.00482999999076,5.99999984843e-05
1592031241274354385,792,1592031241223160028,,0.0197000000626,0.0186400003731,0.00645999982953,0.000140000003739
1592031241326788092,793,1592031241274612903,,0.0276999995112,0.0181200001389,0.0209199991077,0.000190000006114
1592031241379381346,794,1592031241327115058,,0.0377999991179,0.013369999826,0.0353199988604,0.000280000007479
1592031241482184829,795,1592031241379689931,,0.0487999990582,0.00468999985605,0.0486100018024,0.000190000006114
1592031241534772246,796,1592031241482470035,,0.0588000006974,-0.00775999994949,0.0582999996841,5.99999984843e-05
1592031241588174683,797,1592031241534950017,,0.0641999989748,-0.0166400000453,0.0619699992239,-7.9999997979e-05
1592031241640283934,798,1592031241587702035,,0.0665000006557,-0.0224900003523,0.0625300034881,-0.000130000000354
1592031241692474623,799,1592031241640414953,,0.0698999986053,-0.0258499998599,0.0649499967694,9.99999974738e-06
1592031241744341020,800,1592031241692969083,,0.0758000016212,-0.0283100008965,0.0702899992466,3.99999989895e-05
1592031241797065070,801,1592031241744478940,,0.0794999971986,-0.0298500005156,0.0736899971962,-9.99999974738e-06
1592031241850775416,802,1592031241798528909,,0.0802000015974,-0.0301600005478,0.0743300020695,-4.99999987369e-05
1592031241903706544,803,1592031241850951910,,0.0798000022769,-0.0299500003457,0.0739400014281,0.0
1592031242007428499,804,1592031241904944896,,0.0778999999166,-0.0291399993002,0.0722400024533,-0.0
1592031242063213236,805,1592031242009665966,,0.0653999969363,-0.0245399996638,0.0606100000441,3.99999989895e-05
1592031242119707692,806,1592031242064162015,,0.0568000003695,-0.021080000326,0.052689999342,-3.99999989895e-05
1592031242171888547,807,1592031242119132995,,0.0485000014305,-0.015569999814,0.0459100008011,-0.000239999993937
1592031242225835938,808,1592031242171479940,,0.0381000004709,-0.00720999995247,0.0373799987137,7.00000018696e-05
1592031242277401488,809,1592031242226176977,,0.0278999991715,0.00252000009641,0.0278299991041,0.000119999996969
1592031242378979959,810,1592031242277627944,,0.0243999995291,0.0107100000605,0.021970000118,9.99999974738e-06
1592031242430246549,811,1592031242379056930,,0.0277999993414,0.0216600000858,0.0174100007862,0.000159999995958
1592031242483687003,812,1592031242430509090,,0.030700000003,0.0298399999738,0.00704000005499,9.99999974738e-06
1592031242536366377,813,1592031242484155893,,0.0366999991238,0.0365099981427,-0.00371999992058,9.99999974738e-06
1592031242588539390,814,1592031242536650896,,0.0439999997616,0.0424400009215,-0.0115999998525,-2.99999992421e-05
1592031242692090806,815,1592031242589874982,,0.0520999990404,0.0507499985397,-0.0119200004265,-0.000119999996969
1592031242743811528,816,1592031242692174911,,0.0592000000179,0.057840000838,-0.0125000001863,0.000110000000859
1592031242796604001,817,1592031242744118928,,0.062199998647,0.059620000422,-0.0175999999046,0.000360000005458
1592031242899007020,818,1592031242796792984,,0.0597999989986,0.0557800009847,-0.0216300003231,4.99999987369e-05
1592031242952938214,819,1592031242899291038,,0.0518000014126,0.0443900004029,-0.0266200006008,-9.99999974738e-06
1592031243004673539,820,1592031242951855897,,0.0445000007749,0.0351199992001,-0.0273599997163,3.99999989895e-05
1592031243056411947,821,1592031243004223108,,0.0399999991059,0.0222600009292,-0.0332500003278,-0.000199999994948
1592031243108902248,822,1592031243056754112,,0.0296999998391,0.0106300003827,-0.0276800002903,-0.000159999995958
1592031243161442349,823,1592031243109214067,,0.0183000005782,0.00239000003785,-0.0181799996644,-9.99999974738e-05
1592031243215012775,824,1592031243161864995,,0.0130000002682,-0.00695999991149,-0.0109999999404,0.000239999993937
1592031243266901438,825,1592031243215111970,,0.020300000906,-0.016249999404,-0.0122199999169,5.99999984843e-05
1592031243319307800,826,1592031243267179965,,0.0364000014961,-0.0356799997389,-0.00732999993488,-2.99999992421e-05
1592031243421031709,827,1592031243319614887,,0.0450000017881,-0.0447999984026,0.00374000007287,-7.00000018696e-05
1592031243473217880,828,1592031243421917915,,0.0491000004113,-0.0459900014102,0.0172099992633,-2.99999992421e-05
1592031243525223079,829,1592031243473411083,,0.0555999986827,-0.0471899993718,0.0293099991977,-0.000180000002729
1592031243578627997,830,1592031243526436090,,0.0469000004232,-0.0380599983037,0.0273700002581,1.99999994948e-05
1592031243631124472,831,1592031243578932046,,0.0348000004888,-0.0252000000328,0.0239300001413,0.000220000001718
1592031243683671166,832,1592031243631481885,,0.0219999998808,-0.0119399996474,0.0184700004756,0.000300000014249
1592031243736251668,833,1592031243683870077,,0.0097000002861,-0.00107999995816,0.00965000037104,0.000199999994948
1592031243788592774,834,1592031243736380100,,0.0109999999404,0.0108000002801,0.0019199999515,-9.99999974738e-05
1592031243841192664,835,1592031243788945913,,0.0233999993652,0.0233600009233,-0.00188999995589,0.000140000003739
1592031243892696018,836,1592031243841300010,,0.0368000008166,0.0354400016367,-0.00978999957442,1.99999994948e-05
1592031243945041164,837,1592031243892843961,,0.0487000010908,0.0450400002301,-0.0185499992222,0.000180000002729
1592031243997401787,838,1592031243945180892,,0.0627000033855,0.0549900010228,-0.0300500001758,-3.99999989895e-05
1592031244049843256,839,1592031243997778892,,0.0617999993265,0.0536900013685,-0.0305199995637,0.000130000000354
1592031244103406967,840,1592031244051122903,,0.0566000007093,0.0492499992251,-0.0279099997133,-3.99999989895e-05
1592031244156075519,841,1592031244103604078,,0.0505000017583,0.0428300015628,-0.0267999991775,-2.99999992421e-05
1592031244208366167,842,1592031244156232118,,0.0443000011146,0.0332899987698,-0.0292399991304,0.000250000011874
1592031244260921172,843,1592031244208714008,,0.0335999988019,0.0192699991167,-0.0274899993092,3.99999989895e-05
1592031244316698536,844,1592031244264560937,,0.0240000002086,0.00394000019878,-0.0236499998719,-7.00000018696e-05
1592031244370520115,845,1592031244317910909,,0.0227000005543,-0.0113099999726,-0.0196299999952,-9.99999974738e-06
1592031244421948480,846,1592031244370249032,,0.0304000005126,-0.0261700004339,-0.0153900003061,4.99999987369e-05
1592031244475922274,847,1592031244423242092,,0.0399000011384,-0.0387400016189,-0.00963999982923,-0.000220000001718
1592031244530030904,848,1592031244477607011,,0.0480999983847,-0.0478500016034,-0.00502000004053,1.99999994948e-05
1592031244582592519,849,1592031244530416011,,0.0537000000477,-0.0537099987268,5.99999984843e-05,7.9999997979e-05
1592031244634061749,850,1592031244582741022,,0.0595000013709,-0.0592000000179,0.00608000019565,0.000150000007125
1592031244685541640,851,1592031244634149074,,0.0662000030279,-0.0645200014114,0.0147399995476,2.99999992421e-05
1592031244737992097,852,1592031244685627937,,0.0725999996066,-0.0673400014639,0.0272499993443,-0.000260000000708
1592031244790833334,853,1592031244737616062,,0.0746000036597,-0.0655499994755,0.035569999367,-9.99999974738e-06
1592031244842889282,854,1592031244790389060,,0.0732999965549,-0.0609299987555,0.0406799986959,-0.0
1592031244895680628,855,1592031244843389034,,0.0676999986172,-0.0537099987268,0.0412500016391,7.9999997979e-05
1592031244948425578,856,1592031244896012067,,0.0612000003457,-0.0455499999225,0.0408100001514,4.99999987369e-05
1592031245000860364,857,1592031244948503971,,0.054200001061,-0.0380599983037,0.0385299995542,0.000130000000354
1592031245053234154,858,1592031245001106023,,0.0461000017822,-0.0306199993938,0.0344600006938,9.99999974738e-05
1592031245105803581,859,1592031245053606033,,0.0384000018239,-0.0247900001705,0.0293199997395,5.99999984843e-05
1592031245157673464,860,1592031245106161117,,0.0302000008523,-0.019319999963,0.0232599992305,0.0
1592031245260398998,861,1592031245157958030,,0.0225000008941,-0.014240000397,0.0173599999398,-2.99999992421e-05
1592031245311799520,862,1592031245260504007,,0.0132999997586,-0.00843000039458,0.0103500001132,1.99999994948e-05
1592031245363637322,863,1592031245311949968,,0.0063000000082,-0.00400000018999,0.00481999991462,9.99999974738e-06
1592031245466232828,864,1592031245363943099,,0.0010000000475,-0.00079999997979,0.000520000001416,0.000110000000859
1592031245518111543,865,1592031245466640949,,9.99999974738e-05,4.99999987369e-05,0.0,-1.99999994948e-05
1592031245569524155,866,1592031245518227100,,9.99999974738e-05,7.9999997979e-05,-9.99999974738e-06,-1.99999994948e-05
1592031245622158067,867,1592031245569729089,,9.99999974738e-05,7.00000018696e-05,-1.99999994948e-05,-9.99999974738e-06
1592031245674607620,868,1592031245622314929,,9.99999974738e-05,5.99999984843e-05,-9.99999974738e-06,-9.99999974738e-06
1592031245727182557,869,1592031245675008058,,9.99999974738e-05,9.00000013644e-05,-3.99999989895e-05,-2.99999992421e-05
1592031245831076895,870,1592031245728699922,,9.99999974738e-05,9.00000013644e-05,0.0,-2.99999992421e-05
1592031245885032211,871,1592031245832369089,,9.99999974738e-05,5.99999984843e-05,9.99999974738e-06,-9.99999974738e-06
1592031245988914482,872,1592031245886522054,,0.0,4.99999987369e-05,-0.0,-9.99999974738e-06
1592031246042251076,873,1592031245990016937,,9.99999974738e-05,5.99999984843e-05,-2.99999992421e-05,-9.99999974738e-06
1592031246094756099,874,1592031246042418003,,9.99999974738e-05,5.99999984843e-05,-1.99999994948e-05,-1.99999994948e-05
1592031246147250607,875,1592031246095010042,,0.0,2.99999992421e-05,9.99999974738e-06,-9.99999974738e-06
1592031246200018422,876,1592031246147454023,,0.0,1.99999994948e-05,-1.99999994948e-05,9.99999974738e-06
1592031246254021435,877,1592031246201742887,,0.0,1.99999994948e-05,-9.99999974738e-06,0.0
1592031246306511558,878,1592031246255151987,,0.0,2.99999992421e-05,-9.99999974738e-06,-0.0
1592031246358915585,879,1592031246306632041,,0.0,0.0,9.99999974738e-06,9.99999974738e-06
1592031246411582564,880,1592031246359121084,,0.0,2.99999992421e-05,-2.99999992421e-05,-9.99999974738e-06
1592031246464025219,881,1592031246411755084,,0.0,1.99999994948e-05,-0.0,-9.99999974738e-06
1592031246516441628,882,1592031246464286088,,0.0,9.99999974738e-06,1.99999994948e-05,-0.0
1592031246620001092,883,1592031246516997098,,0.0,0.0,9.99999974738e-06,-0.0
1592031246672544868,884,1592031246620316982,,0.0,9.99999974738e-06,-0.0,-9.99999974738e-06
1592031246724644584,885,1592031246672854900,,0.0,9.99999974738e-06,-0.0,-0.0
1592031246777138683,886,1592031246724828004,,0.0,1.99999994948e-05,-1.99999994948e-05,-9.99999974738e-06
1592031246830132606,887,1592031246777599096,,0.0,2.99999992421e-05,-9.99999974738e-06,-2.99999992421e-05
1592031246882599310,888,1592031246830368041,,0.0,0.0,-9.99999974738e-06,-0.0
1592031246936213688,889,1592031246882968902,,0.0,9.99999974738e-06,1.99999994948e-05,-9.99999974738e-06
1592031246988803258,890,1592031246936599016,,0.0,-1.99999994948e-05,9.99999974738e-06,9.99999974738e-06
1592031247040537875,891,1592031246989198923,,0.0,9.99999974738e-06,-0.0,-9.99999974738e-06
1592031247092258558,892,1592031247040741920,,0.0,-0.0,-9.99999974738e-06,9.99999974738e-06
1592031247144860996,893,1592031247093065023,,0.0,9.99999974738e-06,9.99999974738e-06,-9.99999974738e-06
1592031247247521992,894,1592031247145855903,,0.0,-9.99999974738e-06,-9.99999974738e-06,1.99999994948e-05
1592031247301170200,895,1592031247247889995,,0.0,0.0,0.0,-9.99999974738e-06
1592031247354101195,896,1592031247300849914,,0.0,-0.0,9.99999974738e-06,-0.0
1592031247408030766,897,1592031247355793952,,0.0,0.0,1.99999994948e-05,-0.0
1592031247460841596,898,1592031247408591032,,0.0,9.99999974738e-06,1.99999994948e-05,-9.99999974738e-06
1592031247513738215,899,1592031247461177110,,0.0,1.99999994948e-05,-1.99999994948e-05,-9.99999974738e-06
1592031247566635717,900,1592031247514736890,,0.0,9.99999974738e-06,-9.99999974738e-06,-9.99999974738e-06
1592031247619088017,901,1592031247566907882,,0.0,-9.99999974738e-06,-9.99999974738e-06,9.99999974738e-06
1592031247671652031,902,1592031247619318008,,0.0,-1.99999994948e-05,9.99999974738e-06,9.99999974738e-06
1592031247774180492,903,1592031247671732902,,0.0,-9.99999974738e-06,9.99999974738e-06,9.99999974738e-06
1592031247828774566,904,1592031247774353981,,0.0,-9.99999974738e-06,0.0,-0.0
1592031247881305081,905,1592031247828985929,,0.0,-2.99999992421e-05,-9.99999974738e-06,1.99999994948e-05
1592031247939527984,906,1592031247881905078,,0.0,-1.99999994948e-05,1.99999994948e-05,9.99999974738e-06
1592031248041826934,907,1592031247939248085,,0.0,-9.99999974738e-06,-9.99999974738e-06,9.99999974738e-06
1592031248094196376,908,1592031248042038917,,0.0,0.0,-1.99999994948e-05,-0.0
1592031248147350448,909,1592031248094563007,,0.0,-2.99999992421e-05,9.99999974738e-06,2.99999992421e-05
1592031248199486964,910,1592031248147401094,,0.0,-0.0,9.99999974738e-06,0.0
1592031248253105562,911,1592031248200700998,,0.0,0.0,-9.99999974738e-06,0.0
1592031248305635806,912,1592031248253401041,,0.0,-9.99999974738e-06,-0.0,-0.0
1592031248364636580,913,1592031248305767059,,0.0,9.99999974738e-06,-9.99999974738e-06,-9.99999974738e-06
1592031248416331570,914,1592031248364161968,,0.0,9.99999974738e-06,-0.0,-9.99999974738e-06
1592031248469338915,915,1592031248416668891,,0.0,9.99999974738e-06,2.99999992421e-05,-9.99999974738e-06
1592031248571740847,916,1592031248469098091,,0.0,9.99999974738e-06,-9.99999974738e-06,0.0
1592031248625729262,917,1592031248573163032,,0.0,9.99999974738e-06,0.0,-9.99999974738e-06
1592031248678456182,918,1592031248626168966,,0.0,-0.0,1.99999994948e-05,9.99999974738e-06
1592031248783177052,919,1592031248678822040,,0.0,9.99999974738e-06,0.0,-9.99999974738e-06
1592031248835412435,920,1592031248783488035,,0.0,0.0,0.0,-0.0
1592031248886874051,921,1592031248835069894,,0.0,9.99999974738e-06,9.99999974738e-06,-9.99999974738e-06
1592031248940625380,922,1592031248887049913,,0.0,2.99999992421e-05,-9.99999974738e-06,-1.99999994948e-05
1592031248992151094,923,1592031248940903902,,0.0,9.99999974738e-06,-1.99999994948e-05,-9.99999974738e-06
1592031249044439027,924,1592031248992558956,,0.0,-0.0,-0.0,0.0
1592031249097140837,925,1592031249044747114,,0.0,9.99999974738e-06,-1.99999994948e-05,-9.99999974738e-06
1592031249150831127,926,1592031249098640918,,0.0,9.99999974738e-06,-9.99999974738e-06,-0.0
1592031249203486665,927,1592031249151134014,,0.0,-1.99999994948e-05,1.99999994948e-05,9.99999974738e-06
1592031249305540385,928,1592031249203659057,,0.0,-0.0,-1.99999994948e-05,0.0
1592031249357931345,929,1592031249305232048,,0.0,-0.0,9.99999974738e-06,0.0
