%time,field.header.seq,field.header.stamp,field.header.frame_id,field.speed,field.vx,field.vy,field.vz
1573009661007690162,3002,1573009660953839063,,0.0,-0.0,9.99999974738e-06,-0.0
1573009661114888464,3003,1573009661007734060,,0.0,-0.0,9.99999974738e-06,0.0
1573009661168580896,3004,1573009661114105939,,0.0,0.0,9.99999974738e-06,-0.0
1573009661221432513,3005,1573009661167851924,,0.0,9.99999974738e-06,0.0,-9.99999974738e-06
1573009661276644690,3006,1573009661221802949,,0.0,0.0,-1.99999994948e-05,-0.0
1573009661332713668,3007,1573009661276639938,,0.0,0.0,2.99999992421e-05,0.0
1573009661386746029,3008,1573009661332083940,,0.0,-9.99999974738e-06,-0.0,0.0
1573009661439129600,3009,1573009661386003971,,0.0,-0.0,-0.0,0.0
1573009661494705394,3010,1573009661439172983,,0.0,9.99999974738e-06,-9.99999974738e-06,-9.99999974738e-06
1573009661595028874,3011,1573009661493935108,,0.0,0.0,-9.99999974738e-06,-9.99999974738e-06
1573009661649668993,3012,1573009661594836950,,0.0,9.99999974738e-06,-0.0,-0.0
1573009661703350851,3013,1573009661648888111,,0.0,-0.0,0.0,0.0
1573009661757056503,3014,1573009661703382968,,0.0,0.0,-0.0,-0.0
1573009661811873258,3015,1573009661757208108,,0.0,-9.99999974738e-06,-1.99999994948e-05,9.99999974738e-06
1573009661865816187,3016,1573009661811207056,,0.0,-0.0,1.99999994948e-05,0.0
1573009661918720285,3017,1573009661864905118,,0.0,-0.0,0.0,0.0
1573009661972354511,3018,1573009661919066905,,0.0,0.0,-9.99999974738e-06,-0.0
1573009662075635550,3019,1573009661971812963,,0.0,-9.99999974738e-06,9.99999974738e-06,0.0
1573009662128714152,3020,1573009662074963092,,0.0,0.0,9.99999974738e-06,0.0
1573009662182300695,3021,1573009662128249883,,0.0,-0.0,-9.99999974738e-06,0.0
1573009662236143939,3022,1573009662181910991,,0.0,-1.99999994948e-05,-9.99999974738e-06,9.99999974738e-06
1573009662288988358,3023,1573009662236267089,,0.0,0.0,-0.0,-0.0
1573009662344846771,3024,1573009662289105892,,0.0,-9.99999974738e-06,-9.99999974738e-06,0.0
1573009662396907140,3025,1573009662343751907,,0.0,9.99999974738e-06,1.99999994948e-05,-0.0
1573009662450671619,3026,1573009662396657943,,0.0,-0.0,-2.99999992421e-05,-0.0
1573009662505105781,3027,1573009662450740098,,0.0,0.0,-1.99999994948e-05,-0.0
1573009662558705188,3028,1573009662504735946,,0.0,0.0,0.0,0.0
1573009662610704955,3029,1573009662558703899,,0.0,-0.0,1.99999994948e-05,9.99999974738e-06
1573009662663646707,3030,1573009662610836029,,0.0,-9.99999974738e-06,-0.0,9.99999974738e-06
1573009662717926009,3031,1573009662663959026,,0.0,-0.0,1.99999994948e-05,0.0
1573009662771912375,3032,1573009662717833042,,0.0,0.0,-0.0,-0.0
1573009662875132190,3033,1573009662771941900,,0.0,0.0,-9.99999974738e-06,-9.99999974738e-06
1573009662926360077,3034,1573009662874680042,,0.0,0.0,-1.99999994948e-05,-9.99999974738e-06
1573009662980038738,3035,1573009662926306009,,0.0,-0.0,-9.99999974738e-06,-0.0
1573009663034005929,3036,1573009662980180025,,0.0,9.99999974738e-06,0.0,0.0
1573009663087845392,3037,1573009663034032106,,0.0,-9.99999974738e-06,-9.99999974738e-06,0.0
1573009663142820935,3038,1573009663088217020,,0.0,0.0,9.99999974738e-06,-0.0
1573009663195860595,3039,1573009663142168998,,0.0,0.0,-2.99999992421e-05,-9.99999974738e-06
1573009663250182437,3040,1573009663196075916,,0.0,0.0,-9.99999974738e-06,-0.0
1573009663354957215,3041,1573009663250433921,,0.0,-9.99999974738e-06,-1.99999994948e-05,0.0
1573009663408061836,3042,1573009663354238986,,0.0,-0.0,9.99999974738e-06,0.0
1573009663462142534,3043,1573009663408289909,,0.0,-0.0,9.99999974738e-06,0.0
1573009663516571100,3044,1573009663462304115,,0.0,-0.0,9.99999974738e-06,0.0
1573009663570366765,3045,1573009663515888929,,0.0,0.0,0.0,0.0
1573009663625396473,3046,1573009663569349050,,0.0,-0.0,0.0,0.0
1573009663678434798,3047,1573009663624202966,,0.0,0.0,0.0,0.0
1573009663730543782,3048,1573009663677720069,,0.0,0.0,-9.99999974738e-06,-0.0
1573009663784631584,3049,1573009663730693101,,0.0,1.99999994948e-05,0.0,-9.99999974738e-06
1573009663890355003,3050,1573009663784631967,,0.0,-0.0,9.99999974738e-06,0.0
1573009663944348549,3051,1573009663890549898,,0.0,9.99999974738e-06,-9.99999974738e-06,-9.99999974738e-06
1573009663998591909,3052,1573009663944569110,,0.0,0.0,-9.99999974738e-06,-0.0
1573009664052924745,3053,1573009663998687028,,0.0,9.99999974738e-06,-0.0,-9.99999974738e-06
1573009664106672578,3054,1573009664052736043,,0.0,9.99999974738e-06,9.99999974738e-06,-0.0
1573009664162095625,3055,1573009664107579946,,0.0,0.0,-9.99999974738e-06,-0.0
1573009664213831232,3056,1573009664161314010,,0.0,-9.99999974738e-06,1.99999994948e-05,0.0
1573009664265142264,3057,1573009664213462114,,0.0,9.99999974738e-06,1.99999994948e-05,-0.0
1573009664316481444,3058,1573009664265134096,,0.0,9.99999974738e-06,0.0,-9.99999974738e-06
1573009664419436539,3059,1573009664316284894,,0.0,-0.0,1.99999994948e-05,9.99999974738e-06
1573009664473807691,3060,1573009664419337034,,0.0,-0.0,-2.99999992421e-05,0.0
1573009664527622995,3061,1573009664473143100,,0.0,9.99999974738e-06,2.99999992421e-05,-0.0
1573009664581233546,3062,1573009664527321100,,0.0,-0.0,3.99999989895e-05,0.0
1573009664685371674,3063,1573009664581386089,,0.0,-0.0,-9.99999974738e-06,-0.0
1573009664738997695,3064,1573009664685061931,,0.0,-9.99999974738e-06,2.99999992421e-05,9.99999974738e-06
1573009664792546071,3065,1573009664739034891,,0.0,-0.0,0.0,0.0
1573009664846820342,3066,1573009664792584896,,0.0,0.0,-9.99999974738e-06,-0.0
1573009664902891047,3067,1573009664846860885,,0.0,-9.99999974738e-06,-2.99999992421e-05,0.0
1573009664956540811,3068,1573009664902215957,,0.0,-9.99999974738e-06,-2.99999992421e-05,0.0
1573009665010900455,3069,1573009664955883026,,0.0,-9.99999974738e-06,-1.99999994948e-05,0.0
1573009665064810258,3070,1573009665010128021,,0.0,1.99999994948e-05,3.99999989895e-05,-9.99999974738e-06
1573009665169673280,3071,1573009665064028024,,0.0,-9.99999974738e-06,-1.99999994948e-05,0.0
1573009665223970262,3072,1573009665168751955,,0.0,0.0,-9.99999974738e-06,-0.0
1573009665278542055,3073,1573009665224092960,,0.0,-9.99999974738e-06,9.99999974738e-06,9.99999974738e-06
1573009665332913868,3074,1573009665277879953,,0.0,9.99999974738e-06,-3.99999989895e-05,-9.99999974738e-06
1573009665386744088,3075,1573009665332995891,,0.0,0.0,-9.99999974738e-06,0.0
1573009665440520634,3076,1573009665386511087,,0.0,-0.0,-9.99999974738e-06,0.0
1573009665493899919,3077,1573009665439930915,,0.0,1.99999994948e-05,-0.0,-9.99999974738e-06
1573009665549890532,3078,1573009665493931055,,0.0,-9.99999974738e-06,2.99999992421e-05,0.0
1573009665654378488,3079,1573009665548985958,,0.0,-0.0,0.0,0.0
1573009665707096200,3080,1573009665653528928,,0.0,-0.0,-1.99999994948e-05,-0.0
1573009665761398743,3081,1573009665707221031,,0.0,-0.0,9.99999974738e-06,9.99999974738e-06
1573009665815490824,3082,1573009665761079072,,0.0,9.99999974738e-06,-1.99999994948e-05,-0.0
1573009665919792003,3083,1573009665815380096,,0.0,0.0,-9.99999974738e-06,-0.0
1573009665972588601,3084,1573009665919471025,,0.0,-0.0,-9.99999974738e-06,-0.0
1573009666023298800,3085,1573009665972295999,,0.0,-0.0,1.99999994948e-05,0.0
1573009666077159987,3086,1573009666023161888,,0.0,9.99999974738e-06,-9.99999974738e-06,-9.99999974738e-06
1573009666131662211,3087,1573009666077080011,,0.0,-1.99999994948e-05,9.99999974738e-06,9.99999974738e-06
1573009666183468385,3088,1573009666130690097,,0.0,9.99999974738e-06,-9.99999974738e-06,-0.0
1573009666237450343,3089,1573009666183640003,,0.0,0.0,9.99999974738e-06,-0.0
1573009666292220835,3090,1573009666237497091,,0.0,-9.99999974738e-06,1.99999994948e-05,9.99999974738e-06
1573009666344684433,3091,1573009666291609048,,0.0,9.99999974738e-06,-0.0,-0.0
1573009666448603905,3092,1573009666344145059,,0.0,-0.0,-9.99999974738e-06,-0.0
1573009666502678008,3093,1573009666447932958,,0.0,0.0,-1.99999994948e-05,-0.0
1573009666554871599,3094,1573009666501883983,,0.0,-9.99999974738e-06,0.0,9.99999974738e-06
1573009666656796942,3095,1573009666554434061,,0.0,9.99999974738e-06,-1.99999994948e-05,-9.99999974738e-06
1573009666710516644,3096,1573009666656426906,,0.0,-9.99999974738e-06,0.0,9.99999974738e-06
1573009666763955163,3097,1573009666710227966,,0.0,9.99999974738e-06,9.99999974738e-06,-9.99999974738e-06
1573009666818742628,3098,1573009666764290094,,0.0,0.0,1.99999994948e-05,0.0
1573009666870856835,3099,1573009666818075895,,0.0,0.0,0.0,0.0
1573009666925249058,3100,1573009666870923995,,0.0,9.99999974738e-06,0.0,-0.0
1573009666979040611,3101,1573009666924575090,,0.0,0.0,-9.99999974738e-06,-9.99999974738e-06
1573009667031618844,3102,1573009666978487968,,0.0,-9.99999974738e-06,0.0,9.99999974738e-06
1573009667083777326,3103,1573009667031075000,,0.0,0.0,-0.0,-0.0
1573009667138299420,3104,1573009667083784103,,0.0,9.99999974738e-06,-0.0,-0.0
1573009667242473989,3105,1573009667137557029,,0.0,-1.99999994948e-05,9.99999974738e-06,9.99999974738e-06
1573009667295643139,3106,1573009667241720914,,0.0,0.0,9.99999974738e-06,0.0
1573009667349958901,3107,1573009667295727968,,0.0,-9.99999974738e-06,-1.99999994948e-05,9.99999974738e-06
1573009667403163521,3108,1573009667349229097,,0.0,-0.0,-9.99999974738e-06,-0.0
1573009667459627995,3109,1573009667403496980,,0.0,0.0,-0.0,-9.99999974738e-06
1573009667513064811,3110,1573009667458909988,,0.0,-0.0,9.99999974738e-06,0.0
1573009667567910778,3111,1573009667513307094,,0.0,-0.0,-9.99999974738e-06,0.0
1573009667621871388,3112,1573009667567275047,,0.0,9.99999974738e-06,2.99999992421e-05,-0.0
1573009667676871923,3113,1573009667621145009,,0.0,-9.99999974738e-06,-9.99999974738e-06,0.0
1573009667980598551,3114,1573009667676269054,,0.0,0.0,1.99999994948e-05,-0.0
1573009668033426210,3115,1573009667979918956,,0.0,9.99999974738e-06,-1.99999994948e-05,-9.99999974738e-06
1573009668088667462,3116,1573009668033586978,,0.0,3.99999989895e-05,-9.99999974738e-06,-9.99999974738e-06
1573009668143089051,3117,1573009668088186979,,0.000300000014249,0.000180000002729,9.99999974738e-05,0.000260000000708
1573009668199538717,3118,1573009668143273115,,0.0010000000475,0.000119999996969,3.99999989895e-05,0.000989999971353
1573009668252416568,3119,1573009668198540925,,0.00170000002254,5.99999984843e-05,-9.99999974738e-06,0.00173999997787
1573009668307556159,3120,1573009668252382993,,0.00240000011399,3.99999989895e-05,9.99999974738e-06,0.00243999995291
1573009668364069423,3121,1573009668307303905,,0.00310000008903,2.99999992421e-05,0.0,0.0031500000041
1573009668470584170,3122,1573009668363372087,,0.00380000006407,4.99999987369e-05,-1.99999994948e-05,0.00384999997914
1573009668521162881,3123,1573009668469960927,,0.00480000022799,5.99999984843e-05,-0.0,0.00482999999076
1573009668574709478,3124,1573009668521107912,,0.0054999999702,2.99999992421e-05,-2.99999992421e-05,0.00548999989405
1573009668629260653,3125,1573009668574995994,,0.00870000012219,3.99999989895e-05,-9.99999974738e-06,0.00865999981761
1573009668682776953,3126,1573009668628530025,,0.00960000045598,2.99999992421e-05,-0.0,0.00958000030369
1573009668736401966,3127,1573009668682277917,,0.0100999996066,-0.000140000003739,-0.000140000003739,0.010150000453
1573009668790165635,3128,1573009668736466884,,0.00999999977648,-9.00000013644e-05,-9.00000013644e-05,0.0100299995393
1573009668845162500,3129,1573009668790292024,,0.00999999977648,-1.99999994948e-05,-5.99999984843e-05,0.0100199999288
1573009668898655452,3130,1573009668844377994,,0.00989999994636,-9.99999974738e-06,-7.00000018696e-05,0.00994000025094
1573009669001573421,3131,1573009668898822069,,0.00999999977648,1.99999994948e-05,-9.99999974738e-06,0.00999999977648
1573009669055487197,3132,1573009669001588106,,0.00999999977648,-1.99999994948e-05,-9.99999974738e-06,0.009990000166
1573009669109198201,3133,1573009669055407047,,0.00999999977648,-1.99999994948e-05,-9.99999974738e-06,0.0100100003183
1573009669163424041,3134,1573009669108885049,,0.00989999994636,7.00000018696e-05,2.99999992421e-05,0.00992000009865
1573009669267306033,3135,1573009669162759065,,0.00999999977648,7.9999997979e-05,-1.99999994948e-05,0.00996000040323
1573009669320929090,3136,1573009669266556024,,0.00999999977648,9.99999974738e-06,-9.99999974738e-06,0.00997000001371
1573009669375140292,3137,1573009669320981979,,0.00999999977648,0.0,1.99999994948e-05,0.00997000001371
1573009669428811924,3138,1573009669374324083,,0.00999999977648,1.99999994948e-05,9.99999974738e-06,0.0100400000811
1573009669532582477,3139,1573009669428548097,,0.00989999994636,4.99999987369e-05,3.99999989895e-05,0.00994000025094
1573009669586925804,3140,1573009669532731056,,0.00999999977648,7.9999997979e-05,2.99999992421e-05,0.0100100003183
1573009669641071074,3141,1573009669586628913,,0.00989999994636,7.00000018696e-05,-9.99999974738e-06,0.00992999970913
1573009669694425741,3142,1573009669640171051,,0.00989999994636,9.99999974738e-05,-9.99999974738e-06,0.00994000025094
1573009669747703045,3143,1573009669693892955,,0.00999999977648,7.00000018696e-05,1.99999994948e-05,0.00994999986142
1573009669802139778,3144,1573009669747725009,,0.00999999977648,-9.99999974738e-06,-0.0,0.009990000166
1573009669855205469,3145,1573009669801503896,,0.00999999977648,-1.99999994948e-05,1.99999994948e-05,0.0100199999288
1573009669908978330,3146,1573009669854604959,,0.00989999994636,7.9999997979e-05,-9.99999974738e-06,0.00989999994636
1573009669963024700,3147,1573009669908441066,,0.00989999994636,0.000110000000859,-2.99999992421e-05,0.00992000009865
1573009670017527160,3148,1573009669963268041,,0.00989999994636,9.00000013644e-05,-1.99999994948e-05,0.00994000025094
1573009670071139643,3149,1573009670017095088,,0.00999999977648,3.99999989895e-05,-3.99999989895e-05,0.00994999986142
1573009670124860215,3150,1573009670070873975,,0.00999999977648,2.99999992421e-05,-0.0,0.00996000040323
1573009670179500900,3151,1573009670124897956,,0.00999999977648,5.99999984843e-05,2.99999992421e-05,0.00996000040323
1573009670233850639,3152,1573009670179033041,,0.00989999994636,1.99999994948e-05,1.99999994948e-05,0.00989999994636
1573009670287120564,3153,1573009670233064889,,0.00999999977648,3.99999989895e-05,0.0,0.00994999986142
1573009670340974515,3154,1573009670287175893,,0.00989999994636,9.99999974738e-05,-9.99999974738e-06,0.00992000009865
1573009670445128493,3155,1573009670340975046,,0.00989999994636,0.000110000000859,-2.99999992421e-05,0.00985999964178
1573009670498378573,3156,1573009670444796085,,0.00999999977648,2.99999992421e-05,-9.99999974738e-06,0.0100100003183
1573009670552252558,3157,1573009670498094081,,0.00999999977648,-2.99999992421e-05,-0.0,0.00999999977648
1573009670606239794,3158,1573009670552298069,,0.00999999977648,-9.99999974738e-06,1.99999994948e-05,0.00997999962419
1573009670660496837,3159,1573009670605628967,,0.00999999977648,2.99999992421e-05,2.99999992421e-05,0.0100199999288
1573009670763871729,3160,1573009670659748077,,0.00989999994636,4.99999987369e-05,-1.99999994948e-05,0.00990999955684
1573009670815741483,3161,1573009670763907909,,0.00989999994636,-9.99999974738e-06,-4.99999987369e-05,0.00994000025094
1573009670867676346,3162,1573009670815490007,,0.00999999977648,4.99999987369e-05,-1.99999994948e-05,0.00999999977648
1573009670922585152,3163,1573009670867357015,,0.00999999977648,1.99999994948e-05,-3.99999989895e-05,0.00999999977648
1573009670974892368,3164,1573009670921700000,,0.00999999977648,-2.99999992421e-05,-1.99999994948e-05,0.00999999977648
1573009671028762010,3165,1573009670974890947,,0.0100999996066,-2.99999992421e-05,1.99999994948e-05,0.0100499996915
1573009671084103862,3166,1573009671028691053,,0.00999999977648,9.99999974738e-06,-9.99999974738e-06,0.00999999977648
1573009671138147113,3167,1573009671084239006,,0.00989999994636,7.9999997979e-05,-2.99999992421e-05,0.00989999994636
1573009671191757179,3168,1573009671137371063,,0.00989999994636,7.00000018696e-05,-3.99999989895e-05,0.00992000009865
1573009671246797104,3169,1573009671191184043,,0.00989999994636,2.99999992421e-05,-2.99999992421e-05,0.00989999994636
1573009671300268150,3170,1573009671246799945,,0.00999999977648,-9.99999974738e-06,-0.0,0.009990000166
1573009671354315785,3171,1573009671300550937,,0.00999999977648,3.99999989895e-05,0.0,0.0100100003183
1573009671458107683,3172,1573009671354396104,,0.00989999994636,1.99999994948e-05,0.0,0.00992999970913
1573009671512704826,3173,1573009671458744049,,0.00989999994636,5.99999984843e-05,0.0,0.00994999986142
1573009671566947956,3174,1573009671512589931,,0.00999999977648,0.000110000000859,-9.99999974738e-06,0.00997999962419
1573009671620479307,3175,1573009671566303014,,0.00989999994636,9.99999974738e-05,-3.99999989895e-05,0.00994000025094
1573009671674543465,3176,1573009671620038986,,0.00999999977648,2.99999992421e-05,9.99999974738e-06,0.00997999962419
1573009671728485704,3177,1573009671674597024,,0.0100999996066,-5.99999984843e-05,9.99999974738e-06,0.0100499996915
1573009671782964256,3178,1573009671728105068,,0.00999999977648,-4.99999987369e-05,1.99999994948e-05,0.00999999977648
1573009671836107121,3179,1573009671782136917,,0.00999999977648,-0.0,9.99999974738e-06,0.0100400000811
1573009671890044391,3180,1573009671836282968,,0.00999999977648,3.99999989895e-05,-0.0,0.0100199999288
1573009671994237567,3181,1573009671890124082,,0.00999999977648,1.99999994948e-05,9.99999974738e-06,0.00997000001371
1573009672047359149,3182,1573009671994201898,,0.0100999996066,-9.99999974738e-06,-9.99999974738e-06,0.0100600002334
1573009672102002637,3183,1573009672047285079,,0.00999999977648,-3.99999989895e-05,2.99999992421e-05,0.0100499996915
1573009672155901272,3184,1573009672101233005,,0.00999999977648,-5.99999984843e-05,1.99999994948e-05,0.0100299995393
1573009672209288002,3185,1573009672155190944,,0.0100999996066,-9.00000013644e-05,3.99999989895e-05,0.0100600002334
1573009672264595976,3186,1573009672208811044,,0.00999999977648,-3.99999989895e-05,9.99999974738e-06,0.00999999977648
1573009672318544981,3187,1573009672264018058,,0.00999999977648,3.99999989895e-05,9.99999974738e-06,0.00997999962419
1573009672372789448,3188,1573009672317923069,,0.00999999977648,5.99999984843e-05,9.99999974738e-06,0.0100100003183
1573009672425513175,3189,1573009672372183084,,0.00989999994636,2.99999992421e-05,-0.0,0.00994000025094
1573009672478567909,3190,1573009672424993038,,0.00999999977648,-1.99999994948e-05,9.99999974738e-06,0.00997999962419
1573009672532776202,3191,1573009672478580951,,0.00999999977648,-3.99999989895e-05,2.99999992421e-05,0.0100100003183
1573009672586817739,3192,1573009672532721042,,0.00999999977648,9.99999974738e-06,-0.0,0.00997999962419
1573009672641706913,3193,1573009672586244106,,0.00999999977648,3.99999989895e-05,9.99999974738e-06,0.00994999986142
1573009672744937890,3194,1573009672641208887,,0.00999999977648,1.99999994948e-05,-1.99999994948e-05,0.00994999986142
1573009672798614399,3195,1573009672744615077,,0.00989999994636,7.9999997979e-05,-4.99999987369e-05,0.00992999970913
1573009672852552600,3196,1573009672798149108,,0.00999999977648,7.00000018696e-05,-4.99999987369e-05,0.00996000040323
1573009672906670637,3197,1573009672852106094,,0.00989999994636,-0.0,-2.99999992421e-05,0.00994999986142
1573009673009523199,3198,1573009672905481100,,0.00999999977648,-3.99999989895e-05,-9.99999974738e-06,0.0100100003183
1573009673064120291,3199,1573009673009614944,,0.00999999977648,1.99999994948e-05,-9.99999974738e-06,0.0100299995393
1573009673117931530,3200,1573009673063252925,,0.00999999977648,2.99999992421e-05,-9.99999974738e-06,0.00999999977648
1573009673220256927,3201,1573009673117264032,,0.00999999977648,1.99999994948e-05,-1.99999994948e-05,0.0100100003183
1573009673274282909,3202,1573009673220282077,,0.00999999977648,-0.0,-0.0,0.00999999977648
1573009673328881689,3203,1573009673274292945,,0.00999999977648,-0.0,-1.99999994948e-05,0.0100199999288
1573009673382752093,3204,1573009673328265905,,0.00999999977648,0.0,9.99999974738e-06,0.00997999962419
1573009673437086468,3205,1573009673382153034,,0.00999999977648,-5.99999984843e-05,2.99999992421e-05,0.0100199999288
1573009673491719043,3206,1573009673436595916,,0.00999999977648,-3.99999989895e-05,3.99999989895e-05,0.0100100003183
1573009673546231106,3207,1573009673491751909,,0.00999999977648,9.99999974738e-06,1.99999994948e-05,0.0100100003183
1573009673599830454,3208,1573009673545509099,,0.00999999977648,2.99999992421e-05,0.0,0.0100100003183
1573009673652965356,3209,1573009673599222898,,0.00999999977648,-2.99999992421e-05,3.99999989895e-05,0.00997999962419
1573009673757849465,3210,1573009673653249979,,0.00999999977648,-5.99999984843e-05,1.99999994948e-05,0.0100100003183
1573009673811657392,3211,1573009673757507085,,0.00999999977648,-9.99999974738e-06,9.99999974738e-06,0.0100199999288
1573009673864689838,3212,1573009673811810016,,0.00999999977648,-9.99999974738e-06,-0.0,0.0100299995393
1573009673918768176,3213,1573009673864669084,,0.00999999977648,0.0,-1.99999994948e-05,0.00997000001371
1573009674023414975,3214,1573009673918893098,,0.00999999977648,3.99999989895e-05,0.0,0.0100199999288
1573009674076782441,3215,1573009674022691011,,0.00999999977648,4.99999987369e-05,-1.99999994948e-05,0.0100199999288
1573009674131159401,3216,1573009674077124118,,0.00999999977648,0.0,-9.99999974738e-06,0.0100100003183
1573009674183406650,3217,1573009674131002902,,0.00999999977648,-3.99999989895e-05,-9.99999974738e-06,0.0100400000811
1573009674286337342,3218,1573009674183099031,,0.00999999977648,-2.99999992421e-05,0.0,0.0100100003183
1573009674339528890,3219,1573009674285834074,,0.00999999977648,9.99999974738e-06,-1.99999994948e-05,0.0100400000811
1573009674393717259,3220,1573009674339168071,,0.00999999977648,2.99999992421e-05,-9.99999974738e-06,0.00997999962419
1573009674447621236,3221,1573009674393100023,,0.00999999977648,-9.99999974738e-06,9.99999974738e-06,0.0100100003183
1573009674551394269,3222,1573009674446887969,,0.00999999977648,0.0,3.99999989895e-05,0.00999999977648
1573009674604671852,3223,1573009674551419019,,0.00999999977648,-4.99999987369e-05,2.99999992421e-05,0.0100299995393
1573009674659037827,3224,1573009674604264020,,0.0100999996066,-7.00000018696e-05,9.99999974738e-06,0.0100600002334
1573009674711975822,3225,1573009674658334970,,0.00999999977648,-4.99999987369e-05,3.99999989895e-05,0.0100299995393
1573009674765441252,3226,1573009674712174892,,0.00999999977648,-9.99999974738e-06,1.99999994948e-05,0.0100199999288
1573009674819108496,3227,1573009674764782905,,0.00999999977648,2.99999992421e-05,1.99999994948e-05,0.0100400000811
1573009674872198670,3228,1573009674818480014,,0.00999999977648,-2.99999992421e-05,1.99999994948e-05,0.0100400000811
1573009674925657894,3229,1573009674872181892,,0.00999999977648,-7.9999997979e-05,-0.0,0.00999999977648
1573009674978969134,3230,1573009674925051927,,0.0100999996066,-4.99999987369e-05,1.99999994948e-05,0.0100699998438
1573009675082851302,3231,1573009674978722095,,0.00999999977648,-0.0,9.99999974738e-06,0.00996000040323
1573009675137039006,3232,1573009675082920074,,0.00999999977648,-1.99999994948e-05,-3.99999989895e-05,0.0100100003183
1573009675190777048,3233,1573009675136722087,,0.00999999977648,3.99999989895e-05,-4.99999987369e-05,0.00999999977648
1573009675245382234,3234,1573009675190829038,,0.00999999977648,2.99999992421e-05,-1.99999994948e-05,0.009990000166
1573009675298241001,3235,1573009675244663953,,0.00999999977648,-9.99999974738e-06,-9.99999974738e-06,0.0100199999288
1573009675353280796,3236,1573009675298523902,,0.00999999977648,-4.99999987369e-05,-9.99999974738e-06,0.0100400000811
1573009675406691988,3237,1573009675352494001,,0.00999999977648,-4.99999987369e-05,-9.99999974738e-06,0.0100299995393
1573009675460937284,3238,1573009675406322956,,0.00999999977648,2.99999992421e-05,-1.99999994948e-05,0.009990000166
1573009675565422157,3239,1573009675461210966,,0.00999999977648,7.00000018696e-05,1.99999994948e-05,0.0100299995393
1573009675619710380,3240,1573009675565206050,,0.00999999977648,-9.99999974738e-06,0.0,0.0100400000811
1573009675672915198,3241,1573009675618828058,,0.00999999977648,-4.99999987369e-05,-9.99999974738e-06,0.0100499996915
1573009675726542199,3242,1573009675672844886,,0.00999999977648,-3.99999989895e-05,3.99999989895e-05,0.0100299995393
1573009675830832459,3243,1573009675726470947,,0.0100999996066,-3.99999989895e-05,4.99999987369e-05,0.0100499996915
1573009675884106644,3244,1573009675830193996,,0.00999999977648,-3.99999989895e-05,-9.99999974738e-06,0.0100299995393
1573009675938468728,3245,1573009675883810043,,0.00999999977648,-9.99999974738e-06,-9.99999974738e-06,0.0100100003183
1573009675992793990,3246,1573009675938174009,,0.00999999977648,2.99999992421e-05,-1.99999994948e-05,0.0100100003183
1573009676046216337,3247,1573009675992304086,,0.00999999977648,-1.99999994948e-05,-9.99999974738e-06,0.0100400000811
1573009676100104085,3248,1573009676046228885,,0.0100999996066,-9.99999974738e-05,2.99999992421e-05,0.0100600002334
1573009676154200686,3249,1573009676100208044,,0.0100999996066,-0.000119999996969,1.99999994948e-05,0.0100699998438
1573009676208047653,3250,1573009676153856039,,0.00999999977648,-4.99999987369e-05,0.0,0.0100100003183
1573009676261917178,3251,1573009676208148002,,0.0100999996066,-0.0,0.0,0.0100600002334
1573009676315535702,3252,1573009676262082099,,0.00999999977648,1.99999994948e-05,-2.99999992421e-05,0.00999999977648
1573009676370616058,3253,1573009676315783023,,0.00999999977648,-9.99999974738e-06,-2.99999992421e-05,0.009990000166
1573009676424560530,3254,1573009676370248079,,0.00999999977648,-9.99999974738e-06,2.99999992421e-05,0.0100400000811
1573009676478999641,3255,1573009676424191951,,0.00999999977648,-3.99999989895e-05,1.99999994948e-05,0.0100199999288
1573009676532172342,3256,1573009676478130102,,0.0100999996066,-7.00000018696e-05,3.99999989895e-05,0.0100800003856
1573009676586409615,3257,1573009676532243013,,0.00999999977648,-3.99999989895e-05,2.99999992421e-05,0.0100400000811
1573009676639991310,3258,1573009676586251020,,0.00999999977648,1.99999994948e-05,-0.0,0.00999999977648
1573009676693296937,3259,1573009676640388965,,0.00999999977648,2.99999992421e-05,-9.99999974738e-06,0.0100199999288
1573009676797545947,3260,1573009676693311929,,0.00999999977648,9.99999974738e-06,1.99999994948e-05,0.0100499996915
1573009676851576933,3261,1573009676797267913,,0.00999999977648,-7.9999997979e-05,1.99999994948e-05,0.0100400000811
1573009676904460760,3262,1573009676850792884,,0.0100999996066,-0.000110000000859,3.99999989895e-05,0.0101199997589
1573009676957912501,3263,1573009676903996944,,0.0100999996066,-7.9999997979e-05,2.99999992421e-05,0.0100600002334
1573009677062398528,3264,1573009676957895040,,0.0100999996066,-7.00000018696e-05,-0.0,0.0100600002334
1573009677116210641,3265,1573009677061479091,,0.0100999996066,-7.00000018696e-05,-9.99999974738e-06,0.0100699998438
1573009677170740646,3266,1573009677115533113,,0.00999999977648,-1.99999994948e-05,-2.99999992421e-05,0.0100299995393
1573009677224826674,3267,1573009677170083999,,0.00999999977648,-9.99999974738e-06,-0.0,0.00999999977648
1573009677277877904,3268,1573009677223829984,,0.00999999977648,-3.99999989895e-05,-2.99999992421e-05,0.0100299995393
1573009677331718748,3269,1573009677277339935,,0.00999999977648,-7.00000018696e-05,-1.99999994948e-05,0.0100400000811
1573009677385036149,3270,1573009677331171035,,0.0100999996066,-7.00000018696e-05,-1.99999994948e-05,0.0100600002334
1573009677438972976,3271,1573009677385154008,,0.00999999977648,3.99999989895e-05,-1.99999994948e-05,0.0100199999288
1573009677492863283,3272,1573009677439014911,,0.00999999977648,2.99999992421e-05,-2.99999992421e-05,0.00997999962419
1573009677545520912,3273,1573009677492957115,,0.0100999996066,-1.99999994948e-05,-1.99999994948e-05,0.0100499996915
1573009677599229594,3274,1573009677545173883,,0.00999999977648,-2.99999992421e-05,-0.0,0.0100100003183
1573009677651627789,3275,1573009677598547935,,0.00999999977648,-1.99999994948e-05,9.99999974738e-06,0.0100499996915
1573009677705526666,3276,1573009677651108980,,0.0100999996066,-5.99999984843e-05,3.99999989895e-05,0.0100600002334
1573009677758441418,3277,1573009677704807043,,0.0100999996066,-5.99999984843e-05,2.99999992421e-05,0.0100800003856
1573009677813418615,3278,1573009677758550882,,0.0100999996066,-5.99999984843e-05,4.99999987369e-05,0.0100800003856
1573009677864995635,3279,1573009677813848972,,0.00999999977648,-9.99999974738e-06,3.99999989895e-05,0.0100400000811
1573009677919024011,3280,1573009677865036964,,0.00999999977648,9.99999974738e-06,9.99999974738e-06,0.0100100003183
1573009677972757073,3281,1573009677918591022,,0.0100999996066,-7.00000018696e-05,2.99999992421e-05,0.0100600002334
1573009678025726145,3282,1573009677972254037,,0.00999999977648,-9.99999974738e-05,4.99999987369e-05,0.0100400000811
1573009678080341758,3283,1573009678026124000,,0.0100999996066,-0.000130000000354,4.99999987369e-05,0.0100899999961
1573009678134523150,3284,1573009678079669952,,0.00960000045598,-0.000269999989541,2.99999992421e-05,0.00960000045598
1573009678187175301,3285,1573009678133618116,,0.00730000017211,-0.000250000011874,-0.000199999994948,0.00731999985874
1573009678240306687,3286,1573009678186619043,,0.00419999985024,-9.00000013644e-05,-0.000230000005104,0.00419999985024
1573009678344722308,3287,1573009678240591049,,0.001200000057,-3.99999989895e-05,-0.000199999994948,0.00113999994937
1573009678398633488,3288,1573009678344165086,,0.00350000010803,4.99999987369e-05,-9.00000013644e-05,-0.00347000011243
1573009678451662982,3289,1573009678397871971,,0.00559999980032,-3.99999989895e-05,-5.99999984843e-05,-0.00555999996141
1573009678506057753,3290,1573009678451834917,,0.00740000000224,-5.99999984843e-05,-3.99999989895e-05,-0.0073699997738
1573009678560741921,3291,1573009678505693912,,0.00910000037402,-4.99999987369e-05,-4.99999987369e-05,-0.00915000028908
1573009678614816647,3292,1573009678560111045,,0.0109999999404,-3.99999989895e-05,-1.99999994948e-05,-0.0109900003299
1573009678668419183,3293,1573009678614758968,,0.0129000004381,2.99999992421e-05,-5.99999984843e-05,-0.0128899998963
1573009678722863437,3294,1573009678668822050,,0.0142999999225,0.000239999993937,-1.99999994948e-05,-0.0142799997702
1573009678825221254,3295,1573009678722496986,,0.0141000002623,0.000230000005104,0.000190000006114,-0.0140899997205
1573009678879160291,3296,1573009678825387954,,0.0127999996766,2.99999992421e-05,0.000169999999343,-0.0127900000662
1573009678933181445,3297,1573009678879296064,,0.0119000002742,-1.99999994948e-05,0.000169999999343,-0.0119200004265
1573009678987503080,3298,1573009678933285951,,0.0103000001982,-1.99999994948e-05,9.00000013644e-05,-0.0102599998936
1573009679092215819,3299,1573009678987528085,,0.0100999996066,4.99999987369e-05,3.99999989895e-05,-0.0100499996915
1573009679145698493,3300,1573009679091589927,,0.00999999977648,7.00000018696e-05,9.99999974738e-06,-0.00999999977648
1573009679199038541,3301,1573009679145016908,,0.0100999996066,7.9999997979e-05,1.99999994948e-05,-0.0100600002334
1573009679253638906,3302,1573009679198497056,,0.0100999996066,0.000110000000859,-1.99999994948e-05,-0.0100699998438
1573009679305449546,3303,1573009679253438949,,0.00999999977648,7.00000018696e-05,1.99999994948e-05,-0.00999999977648
1573009679359322691,3304,1573009679305422067,,0.00999999977648,-9.99999974738e-06,-1.99999994948e-05,-0.0100199999288
1573009679413138990,3305,1573009679359322071,,0.00989999994636,-2.99999992421e-05,-2.99999992421e-05,-0.00994000025094
1573009679468331150,3306,1573009679413265943,,0.00999999977648,7.00000018696e-05,-2.99999992421e-05,-0.0100199999288
1573009679523786228,3307,1573009679468584060,,0.00999999977648,9.00000013644e-05,-3.99999989895e-05,-0.00997999962419
1573009679628872426,3308,1573009679523025989,,0.00999999977648,3.99999989895e-05,-4.99999987369e-05,-0.0100100003183
1573009679682134119,3309,1573009679627948999,,0.00999999977648,-3.99999989895e-05,-1.99999994948e-05,-0.00999999977648
1573009679736042962,3310,1573009679681849956,,0.00999999977648,-7.00000018696e-05,1.99999994948e-05,-0.009990000166
1573009679789794195,3311,1573009679735601902,,0.00999999977648,-5.99999984843e-05,-0.0,-0.00994999986142
1573009679843959035,3312,1573009679789362907,,0.00989999994636,-5.99999984843e-05,4.99999987369e-05,-0.00992000009865
1573009679897965446,3313,1573009679843235015,,0.00999999977648,-0.0,-1.99999994948e-05,-0.0100299995393
1573009679951548601,3314,1573009679896991968,,0.00999999977648,5.99999984843e-05,1.99999994948e-05,-0.009990000166
1573009680005181406,3315,1573009679950912952,,0.0100999996066,4.99999987369e-05,9.99999974738e-06,-0.0100999996066
1573009680109290066,3316,1573009680005294084,,0.00999999977648,0.0,1.99999994948e-05,-0.009990000166
1573009680165442534,3317,1573009680109236001,,0.00999999977648,-3.99999989895e-05,9.99999974738e-06,-0.00997999962419
1573009680218332771,3318,1573009680164665937,,0.00999999977648,-1.99999994948e-05,1.99999994948e-05,-0.0100100003183
1573009680273646901,3319,1573009680218367099,,0.00999999977648,7.00000018696e-05,9.99999974738e-06,-0.0100199999288
1573009680328117564,3320,1573009680273648977,,0.00999999977648,5.99999984843e-05,-1.99999994948e-05,-0.0100100003183
1573009680381604693,3321,1573009680327445983,,0.0100999996066,3.99999989895e-05,-1.99999994948e-05,-0.0100800003856
1573009680436298833,3322,1573009680381145954,,0.0100999996066,3.99999989895e-05,-4.99999987369e-05,-0.0100499996915
1573009680492616986,3323,1573009680436626911,,0.00999999977648,0.0,-0.0,-0.0100400000811
1573009680547461466,3324,1573009680492163896,,0.00999999977648,-3.99999989895e-05,-0.0,-0.00999999977648
1573009680601617135,3325,1573009680547614097,,0.00999999977648,-1.99999994948e-05,-0.0,-0.00997999962419
1573009680657070286,3326,1573009680601830959,,0.00999999977648,-2.99999992421e-05,9.99999974738e-06,-0.0100199999288
1573009680712292328,3327,1573009680657023906,,0.0100999996066,5.99999984843e-05,-9.99999974738e-06,-0.0100899999961
1573009680766975499,3328,1573009680712208032,,0.00999999977648,0.0,-9.99999974738e-06,-0.009990000166
1573009680819600375,3329,1573009680766282081,,0.00999999977648,-1.99999994948e-05,-1.99999994948e-05,-0.0100299995393
1573009680873403206,3330,1573009680818934917,,0.00999999977648,-2.99999992421e-05,1.99999994948e-05,-0.0100400000811
1573009680926733465,3331,1573009680872775077,,0.00999999977648,-9.99999974738e-06,2.99999992421e-05,-0.00997000001371
1573009680980924038,3332,1573009680926758050,,0.00989999994636,-9.99999974738e-06,3.99999989895e-05,-0.00994999986142
1573009681034904930,3333,1573009680980321884,,0.00999999977648,9.99999974738e-06,1.99999994948e-05,-0.00997000001371
1573009681086804528,3334,1573009681034218072,,0.00999999977648,1.99999994948e-05,-9.99999974738e-06,-0.0100299995393
1573009681141412784,3335,1573009681086829900,,0.00999999977648,9.99999974738e-06,1.99999994948e-05,-0.00999999977648
1573009681194801935,3336,1573009681141036033,,0.00999999977648,2.99999992421e-05,1.99999994948e-05,-0.00997000001371
1573009681249233975,3337,1573009681194799900,,0.00999999977648,-4.99999987369e-05,9.99999974738e-06,-0.00994999986142
1573009681303367137,3338,1573009681249329090,,0.00999999977648,-2.99999992421e-05,0.0,-0.0100100003183
1573009681357802899,3339,1573009681303531885,,0.00989999994636,-3.99999989895e-05,3.99999989895e-05,-0.00992000009865
1573009681410905323,3340,1573009681356951951,,0.00999999977648,1.99999994948e-05,0.0,-0.00997999962419
1573009681464262038,3341,1573009681410300970,,0.00999999977648,3.99999989895e-05,-1.99999994948e-05,-0.00999999977648
1573009681516400824,3342,1573009681463727951,,0.0100999996066,4.99999987369e-05,-3.99999989895e-05,-0.0100800003856
1573009681571225050,3343,1573009681516450881,,0.00989999994636,0.0,-9.99999974738e-06,-0.00994000025094
1573009681623337898,3344,1573009681570523023,,0.00999999977648,0.0,-1.99999994948e-05,-0.00997999962419
1573009681677239655,3345,1573009681623497009,,0.00999999977648,2.99999992421e-05,-4.99999987369e-05,-0.0100299995393
1573009681781589378,3346,1573009681677272081,,0.00999999977648,-2.99999992421e-05,-3.99999989895e-05,-0.0100199999288
1573009681835024968,3347,1573009681780996084,,0.00999999977648,-9.99999974738e-06,-1.99999994948e-05,-0.00999999977648
1573009681888507995,3348,1573009681834491968,,0.00999999977648,1.99999994948e-05,-0.0,-0.0100299995393
1573009681941794528,3349,1573009681888823032,,0.00999999977648,9.99999974738e-06,-1.99999994948e-05,-0.0100400000811
1573009682046320218,3350,1573009681941410064,,0.00999999977648,-1.99999994948e-05,9.99999974738e-06,-0.0100100003183
1573009682099735084,3351,1573009682045555114,,0.00999999977648,-7.9999997979e-05,4.99999987369e-05,-0.00997000001371
1573009682153633586,3352,1573009682099160909,,0.00989999994636,-7.9999997979e-05,4.99999987369e-05,-0.00992000009865
1573009682206029882,3353,1573009682152853965,,0.00999999977648,-4.99999987369e-05,3.99999989895e-05,-0.0100100003183
1573009682261205585,3354,1573009682205626010,,0.00999999977648,-3.99999989895e-05,1.99999994948e-05,-0.00997000001371
1573009682314254205,3355,1573009682260454893,,0.00999999977648,-4.99999987369e-05,3.99999989895e-05,-0.00997000001371
1573009682368179341,3356,1573009682314304113,,0.00999999977648,-0.0,2.99999992421e-05,-0.009990000166
1573009682423589581,3357,1573009682368232011,,0.00999999977648,3.99999989895e-05,1.99999994948e-05,-0.009990000166
1573009682476725353,3358,1573009682422868967,,0.00989999994636,9.99999974738e-06,0.0,-0.00992999970913
1573009682530947975,3359,1573009682476783990,,0.00989999994636,-2.99999992421e-05,0.0,-0.00994999986142
1573009682585148245,3360,1573009682531074047,,0.00989999994636,-4.99999987369e-05,-9.99999974738e-06,-0.00994999986142
1573009682636565376,3361,1573009682584484100,,0.00999999977648,1.99999994948e-05,-3.99999989895e-05,-0.009990000166
1573009682740584845,3362,1573009682636248111,,0.00999999977648,-0.0,-2.99999992421e-05,-0.00999999977648
1573009682795754744,3363,1573009682739671945,,0.00999999977648,-9.99999974738e-06,-3.99999989895e-05,-0.009990000166
1573009682848720859,3364,1573009682794913053,,0.00989999994636,-9.99999974738e-06,-2.99999992421e-05,-0.00994000025094
1573009682902744960,3365,1573009682848807096,,0.0097000002861,-1.99999994948e-05,-0.0,-0.00965999998152
1573009682956417786,3366,1573009682902451038,,0.00989999994636,-9.00000013644e-05,9.99999974738e-06,-0.00989999994636
1573009683010896142,3367,1573009682956727027,,0.0109000001103,-9.00000013644e-05,2.99999992421e-05,-0.0108700003475
1573009683064252529,3368,1573009683010045051,,0.0118000004441,-1.99999994948e-05,4.99999987369e-05,-0.0118100000545
1573009683117481083,3369,1573009683063533067,,0.0126999998465,-1.99999994948e-05,3.99999989895e-05,-0.0126799996942
1573009683172789892,3370,1573009683117660999,,0.0135000003502,-1.99999994948e-05,3.99999989895e-05,-0.013530000113
1573009683278916200,3371,1573009683172960042,,0.0142999999225,7.00000018696e-05,9.99999974738e-06,-0.0142700001597
1573009683333227671,3372,1573009683278111934,,0.0138999996707,1.99999994948e-05,0.0,-0.0138999996707
1573009683387787765,3373,1573009683333539962,,0.0142000000924,1.99999994948e-05,2.99999992421e-05,-0.0142500000075
1573009683441676711,3374,1573009683387085914,,0.0142999999225,0.0,2.99999992421e-05,-0.0142799997702
1573009683495075795,3375,1573009683440968990,,0.0144999995828,0.0,-9.99999974738e-06,-0.0145199997351
1573009683547914482,3376,1573009683494739055,,0.0142999999225,9.00000013644e-05,-2.99999992421e-05,-0.0142599996179
1573009683601378261,3377,1573009683548010110,,0.0133999995887,0.000140000003739,-4.99999987369e-05,-0.013419999741
1573009683655535104,3378,1573009683600853919,,0.0125000001863,7.00000018696e-05,-4.99999987369e-05,-0.012529999949
1573009683759498716,3379,1573009683654969930,,0.0116999996826,0.000110000000859,-5.99999984843e-05,-0.0116600003093
1573009683812852310,3380,1573009683758766889,,0.01070000045,7.9999997979e-05,-3.99999989895e-05,-0.0107300002128
1573009683866578627,3381,1573009683812201976,,0.0100999996066,-9.99999974738e-06,-2.99999992421e-05,-0.0100600002334
1573009683919614028,3382,1573009683865952014,,0.00999999977648,2.99999992421e-05,0.0,-0.0100400000811
1573009684023075386,3383,1573009683919111013,,0.00999999977648,4.99999987369e-05,-9.99999974738e-06,-0.0100299995393
1573009684075101159,3384,1573009684022928953,,0.00999999977648,7.00000018696e-05,-0.0,-0.0100199999288
1573009684129599431,3385,1573009684074911117,,0.0100999996066,9.99999974738e-05,1.99999994948e-05,-0.0100499996915
1573009684182776860,3386,1573009684128905057,,0.0100999996066,2.99999992421e-05,2.99999992421e-05,-0.0100699998438
1573009684236930074,3387,1573009684182818889,,0.00999999977648,-5.99999984843e-05,9.99999974738e-06,-0.00994999986142
1573009684291710982,3388,1573009684237086057,,0.00999999977648,-5.99999984843e-05,0.0,-0.00997000001371
1573009684345580353,3389,1573009684290812015,,0.00989999994636,-4.99999987369e-05,1.99999994948e-05,-0.00992000009865
1573009684399496167,3390,1573009684344738960,,0.00999999977648,9.99999974738e-06,-9.99999974738e-06,-0.0100100003183
1573009684453334661,3391,1573009684398832082,,0.00989999994636,-9.99999974738e-06,9.99999974738e-06,-0.00994999986142
1573009684505312287,3392,1573009684452635049,,0.00999999977648,0.0,-1.99999994948e-05,-0.0100199999288
1573009684558517251,3393,1573009684505585908,,0.00999999977648,9.99999974738e-06,-1.99999994948e-05,-0.00997999962419
1573009684613066389,3394,1573009684558336019,,0.00999999977648,-3.99999989895e-05,-9.99999974738e-06,-0.0100100003183
1573009684665651786,3395,1573009684612371921,,0.00999999977648,-5.99999984843e-05,-9.99999974738e-06,-0.0100199999288
1573009684770886648,3396,1573009684665067911,,0.00999999977648,-1.99999994948e-05,-2.99999992421e-05,-0.0100199999288
1573009684824790935,3397,1573009684770514011,,0.00999999977648,5.99999984843e-05,0.0,-0.0100199999288
1573009684880522805,3398,1573009684825045108,,0.0100999996066,7.00000018696e-05,-0.0,-0.0100600002334
1573009684981994832,3399,1573009684879808902,,0.00999999977648,9.99999974738e-06,-0.0,-0.00999999977648
1573009685035641226,3400,1573009684982001066,,0.00999999977648,9.99999974738e-06,1.99999994948e-05,-0.009990000166
1573009685090723090,3401,1573009685035799026,,0.00999999977648,1.99999994948e-05,3.99999989895e-05,-0.0100199999288
1573009685144380415,3402,1573009685089685916,,0.00999999977648,3.99999989895e-05,7.00000018696e-05,-0.00996000040323
1573009685247858149,3403,1573009685143646001,,0.00999999977648,2.99999992421e-05,3.99999989895e-05,-0.0100400000811
1573009685302298444,3404,1573009685247390031,,0.00999999977648,9.99999974738e-06,1.99999994948e-05,-0.00997000001371
1573009685356213598,3405,1573009685301424980,,0.00999999977648,2.99999992421e-05,9.99999974738e-06,-0.0100100003183
1573009685408940714,3406,1573009685355201005,,0.00999999977648,2.99999992421e-05,-0.0,-0.0100199999288
1573009685463165875,3407,1573009685409240961,,0.00999999977648,-2.99999992421e-05,9.99999974738e-06,-0.009990000166
1573009685519767965,3408,1573009685463319063,,0.00999999977648,-9.99999974738e-06,-9.99999974738e-06,-0.00994999986142
1573009685572627663,3409,1573009685519047975,,0.0100999996066,4.99999987369e-05,-1.99999994948e-05,-0.0100699998438
1573009685625673622,3410,1573009685571926116,,0.00999999977648,3.99999989895e-05,-2.99999992421e-05,-0.0100400000811
1573009685679849922,3411,1573009685625897884,,0.00999999977648,-0.0,-5.99999984843e-05,-0.0100199999288
1573009685785226125,3412,1573009685679460048,,0.00999999977648,-1.99999994948e-05,-7.9999997979e-05,-0.0100400000811
1573009685838266252,3413,1573009685784548044,,0.00989999994636,-3.99999989895e-05,-4.99999987369e-05,-0.00994999986142
1573009685893107765,3414,1573009685838395118,,0.00999999977648,-9.99999974738e-06,-2.99999992421e-05,-0.0100199999288
1573009685945131329,3415,1573009685892132043,,0.00999999977648,-3.99999989895e-05,-9.99999974738e-06,-0.00997999962419
1573009685998719769,3416,1573009685944720983,,0.00999999977648,-1.99999994948e-05,9.99999974738e-06,-0.009990000166
1573009686054644179,3417,1573009685998505115,,0.00999999977648,9.99999974738e-06,-2.99999992421e-05,-0.0100100003183
1573009686108040806,3418,1573009686054656028,,0.00999999977648,-9.99999974738e-06,1.99999994948e-05,-0.0100400000811
1573009686161651245,3419,1573009686107486009,,0.00999999977648,-2.99999992421e-05,-0.0,-0.00997999962419
1573009686215638194,3420,1573009686160851001,,0.00999999977648,-2.99999992421e-05,1.99999994948e-05,-0.00996000040323
1573009686319308463,3421,1573009686214777946,,0.00999999977648,-1.99999994948e-05,3.99999989895e-05,-0.00996000040323
1573009686373696399,3422,1573009686318492889,,0.00999999977648,-1.99999994948e-05,1.99999994948e-05,-0.00996000040323
1573009686428352540,3423,1573009686373609066,,0.00999999977648,-2.99999992421e-05,4.99999987369e-05,-0.0100199999288
1573009686531826329,3424,1573009686427637100,,0.00999999977648,0.0,1.99999994948e-05,-0.00999999977648
1573009686585454235,3425,1573009686531754970,,0.00999999977648,1.99999994948e-05,9.99999974738e-06,-0.00994999986142
1573009686640359971,3426,1573009686585572004,,0.00999999977648,0.0,-9.99999974738e-06,-0.00994999986142
1573009686693054620,3427,1573009686639585018,,0.00999999977648,-5.99999984843e-05,1.99999994948e-05,-0.00994999986142
1573009686744495549,3428,1573009686693108081,,0.00999999977648,-3.99999989895e-05,-9.99999974738e-06,-0.00996000040323
1573009686798346924,3429,1573009686744558095,,0.00999999977648,-1.99999994948e-05,1.99999994948e-05,-0.00997999962419
1573009686852636156,3430,1573009686798489093,,0.00999999977648,-3.99999989895e-05,-1.99999994948e-05,-0.009990000166
1573009686906690377,3431,1573009686852468013,,0.00999999977648,-9.99999974738e-06,-0.0,-0.0100100003183
1573009686960365857,3432,1573009686906630992,,0.00999999977648,-9.99999974738e-06,1.99999994948e-05,-0.0100199999288
1573009687014917955,3433,1573009686959925889,,0.00999999977648,1.99999994948e-05,-2.99999992421e-05,-0.00997000001371
1573009687068149477,3434,1573009687014231920,,0.00989999994636,-2.99999992421e-05,-9.99999974738e-06,-0.00992000009865
1573009687122520247,3435,1573009687068413972,,0.00999999977648,-4.99999987369e-05,-0.0,-0.0100100003183
1573009687177348799,3436,1573009687122715950,,0.00999999977648,-3.99999989895e-05,9.99999974738e-06,-0.00999999977648
1573009687281080926,3437,1573009687176480054,,0.0100999996066,7.00000018696e-05,-9.99999974738e-06,-0.0100499996915
1573009687334712040,3438,1573009687280462026,,0.00999999977648,-9.99999974738e-06,0.0,-0.00997999962419
1573009687388252227,3439,1573009687334067106,,0.00999999977648,-7.9999997979e-05,9.99999974738e-06,-0.00997000001371
1573009687442515141,3440,1573009687387598037,,0.00999999977648,-4.99999987369e-05,2.99999992421e-05,-0.00994999986142
1573009687496776406,3441,1573009687442658901,,0.00989999994636,-7.9999997979e-05,-0.0,-0.00990999955684
1573009687551308202,3442,1573009687496802091,,0.00989999994636,-2.99999992421e-05,-1.99999994948e-05,-0.00994000025094
1573009687605097058,3443,1573009687550621032,,0.00999999977648,-1.99999994948e-05,0.0,-0.0100100003183
1573009687659562378,3444,1573009687604115962,,0.00960000045598,2.99999992421e-05,-9.99999974738e-06,-0.00963999982923
1573009687713346155,3445,1573009687659729003,,0.00870000012219,-1.99999994948e-05,-1.99999994948e-05,-0.00865999981761
1573009687817236425,3446,1573009687712860107,,0.00769999995828,-2.99999992421e-05,-0.0,-0.0077399997972
1573009687871048228,3447,1573009687816370010,,0.0063000000082,-7.00000018696e-05,2.99999992421e-05,-0.00626999977976
1573009687923787477,3448,1573009687870238065,,0.00510000018403,-9.99999974738e-06,-9.99999974738e-06,-0.00508000003174
1573009687978284572,3449,1573009687923661947,,0.00419999985024,2.99999992421e-05,-9.99999974738e-06,-0.00418000016361
1573009688032710240,3450,1573009687977385997,,0.00329999998212,9.99999974738e-06,-0.0,-0.00326999998651
1573009688086732810,3451,1573009688032947063,,0.00240000011399,1.99999994948e-05,0.0,-0.0023799999617
1573009688141007554,3452,1573009688086955070,,0.00139999995008,-0.0,1.99999994948e-05,-0.00144000002183
1573009688195022505,3453,1573009688140463113,,0.000500000023749,-2.99999992421e-05,9.99999974738e-06,-0.000490000005811
1573009688298734999,3454,1573009688194397926,,9.99999974738e-05,-5.99999984843e-05,1.99999994948e-05,-9.99999974738e-06
1573009688352786970,3455,1573009688298823118,,0.0,9.99999974738e-06,9.99999974738e-06,9.99999974738e-06
1573009688406485844,3456,1573009688352596044,,0.0,2.99999992421e-05,1.99999994948e-05,9.99999974738e-06
1573009688460998961,3457,1573009688406081914,,0.0,1.99999994948e-05,-9.99999974738e-06,9.99999974738e-06
1573009688515709007,3458,1573009688460206985,,0.0,0.0,0.0,1.99999994948e-05
1573009688568745785,3459,1573009688515149116,,0.0,1.99999994948e-05,1.99999994948e-05,0.0
1573009688623062652,3460,1573009688568842887,,0.0,2.99999992421e-05,-9.99999974738e-06,-0.0
1573009688678937506,3461,1573009688622651100,,0.0,9.99999974738e-06,-9.99999974738e-06,-0.0
1573009688784262959,3462,1573009688678189992,,0.0,9.99999974738e-06,-9.99999974738e-06,9.99999974738e-06
1573009688838730467,3463,1573009688783938884,,0.0,9.99999974738e-06,-0.0,9.99999974738e-06
1573009688892345029,3464,1573009688838083028,,0.0,-0.0,-1.99999994948e-05,9.99999974738e-06
1573009688946318179,3465,1573009688891607046,,0.0,0.0,-9.99999974738e-06,-0.0
1573009689001073678,3466,1573009688945462942,,0.0,0.0,-9.99999974738e-06,9.99999974738e-06
1573009689054720808,3467,1573009689000499010,,0.0,9.99999974738e-06,-4.99999987369e-05,-0.0
1573009689108402028,3468,1573009689054568052,,0.0,9.99999974738e-06,9.99999974738e-06,0.0
1573009689162778110,3469,1573009689108417987,,0.0,-0.0,0.0,9.99999974738e-06
1573009689267917142,3470,1573009689161874055,,0.0,-9.99999974738e-06,0.0,9.99999974738e-06
1573009689319818675,3471,1573009689267117977,,0.0,9.99999974738e-06,-0.0,0.0
1573009689374565233,3472,1573009689319859981,,0.0,9.99999974738e-06,-9.99999974738e-06,-0.0
1573009689428566420,3473,1573009689373727083,,0.0,0.0,-9.99999974738e-06,0.0
1573009689531619328,3474,1573009689427905082,,0.0,9.99999974738e-06,9.99999974738e-06,-0.0
1573009689585646840,3475,1573009689531819105,,0.0,0.0,9.99999974738e-06,0.0
1573009689639674564,3476,1573009689586221933,,0.0,0.0,-9.99999974738e-06,-9.99999974738e-06
1573009689692467876,3477,1573009689639755964,,0.0,0.0,1.99999994948e-05,-0.0
1573009689746729602,3478,1573009689692121028,,0.0,0.0,1.99999994948e-05,0.0
1573009689803180340,3479,1573009689747740030,,0.0,-0.0,-9.99999974738e-06,-0.0
1573009689856656386,3480,1573009689802530050,,0.0,9.99999974738e-06,0.0,-0.0
1573009689911029262,3481,1573009689856842041,,0.0,-9.99999974738e-06,-9.99999974738e-06,9.99999974738e-06
1573009690013859233,3482,1573009689910559892,,0.0,-9.99999974738e-06,-9.99999974738e-06,-0.0
1573009690066755399,3483,1573009690013240098,,0.0,-9.99999974738e-06,9.99999974738e-06,0.0
1573009690120622242,3484,1573009690066726922,,0.0,9.99999974738e-06,1.99999994948e-05,-9.99999974738e-06
1573009690172864289,3485,1573009690120582103,,0.0,-0.0,-9.99999974738e-06,-0.0
1573009690227588751,3486,1573009690172681093,,0.0,-0.0,-9.99999974738e-06,0.0
1573009690281301488,3487,1573009690226272106,,0.0,0.0,2.99999992421e-05,0.0
1573009690334643136,3488,1573009690280538082,,0.0,0.0,-9.99999974738e-06,-0.0
1573009690387904835,3489,1573009690333688974,,0.0,-9.99999974738e-06,-0.0,0.0
1573009690442472718,3490,1573009690388031959,,0.0,-9.99999974738e-06,-9.99999974738e-06,0.0
1573009690495673473,3491,1573009690441627025,,0.0,9.99999974738e-06,9.99999974738e-06,-0.0
1573009690550065038,3492,1573009690495630979,,0.0,0.0,1.99999994948e-05,0.0
1573009690603893240,3493,1573009690549684047,,0.0,0.0,-9.99999974738e-06,-0.0
1573009690658314880,3494,1573009690603934049,,0.0,-1.99999994948e-05,-2.99999992421e-05,0.0
1573009690712370943,3495,1573009690658339977,,0.0,0.0,0.0,0.0
1573009690765415738,3496,1573009690711632966,,0.0,0.0,-9.99999974738e-06,-0.0
1573009690820213349,3497,1573009690765664100,,0.0,-9.99999974738e-06,-9.99999974738e-06,9.99999974738e-06
1573009690873903528,3498,1573009690819917917,,0.0,-9.99999974738e-06,-9.99999974738e-06,0.0
1573009690928204903,3499,1573009690873986959,,0.0,9.99999974738e-06,-0.0,-9.99999974738e-06
1573009690980503518,3500,1573009690928244113,,0.0,1.99999994948e-05,0.0,-9.99999974738e-06
1573009691033970046,3501,1573009690980146884,,0.0,9.99999974738e-06,9.99999974738e-06,-9.99999974738e-06
1573009691088009709,3502,1573009691034094095,,0.0,-9.99999974738e-06,-9.99999974738e-06,9.99999974738e-06
1573009691142981312,3503,1573009691088323116,,0.0,-0.0,-9.99999974738e-06,0.0
1573009691194546262,3504,1573009691142263889,,0.0,9.99999974738e-06,9.99999974738e-06,-9.99999974738e-06
1573009691247297212,3505,1573009691194329023,,0.0,-9.99999974738e-06,9.99999974738e-06,0.0
1573009691300686220,3506,1573009691247303962,,0.0,9.99999974738e-06,9.99999974738e-06,-0.0
1573009691355039532,3507,1573009691301048040,,0.0,0.0,-1.99999994948e-05,-9.99999974738e-06
1573009691408934081,3508,1573009691355003118,,0.0,9.99999974738e-06,-0.0,0.0
1573009691464512775,3509,1573009691408940076,,0.0,-9.99999974738e-06,-9.99999974738e-06,0.0
1573009691516516256,3510,1573009691463846921,,0.0,-9.99999974738e-06,-9.99999974738e-06,9.99999974738e-06
1573009691570348795,3511,1573009691516609907,,0.0,-9.99999974738e-06,0.0,9.99999974738e-06
1573009691624783692,3512,1573009691570055007,,0.0,0.0,0.0,-9.99999974738e-06
1573009691729083918,3513,1573009691624157905,,0.0,0.0,1.99999994948e-05,9.99999974738e-06
1573009691783860841,3514,1573009691729165077,,0.0,-9.99999974738e-06,-0.0,9.99999974738e-06
1573009691836993672,3515,1573009691783205986,,0.0,-0.0,-9.99999974738e-06,9.99999974738e-06
1573009691891706039,3516,1573009691836316108,,0.0,-0.0,-0.0,-0.0
1573009691945870450,3517,1573009691891357898,,0.0,0.0,9.99999974738e-06,0.0
1573009691998559866,3518,1573009691945228099,,0.0,-9.99999974738e-06,0.0,0.0
1573009692053336585,3519,1573009691998910903,,0.0,-0.0,9.99999974738e-06,0.0
1573009692107040743,3520,1573009692052994966,,0.0,-0.0,2.99999992421e-05,0.0
1573009692212316862,3521,1573009692107297897,,0.0,-0.0,-0.0,-0.0
1573009692266823706,3522,1573009692212399959,,0.0,-9.99999974738e-06,9.99999974738e-06,0.0
1573009692620889177,3523,1573009692266472101,,0.0,0.0,-0.0,-9.99999974738e-06
1573009692675123413,3524,1573009692620985031,,0.0,-1.99999994948e-05,-9.99999974738e-06,0.0
1573009692729317733,3525,1573009692675201892,,0.0,-2.99999992421e-05,0.0,0.0
1573009692780998043,3526,1573009692729032039,,0.0,-2.99999992421e-05,9.99999974738e-06,9.99999974738e-06
1573009692831877083,3527,1573009692780761003,,0.0,-2.99999992421e-05,9.99999974738e-06,9.99999974738e-06
1573009692887244739,3528,1573009692831753969,,0.0,-2.99999992421e-05,1.99999994948e-05,9.99999974738e-06
1573009692942667527,3529,1573009692887413978,,0.0,-2.99999992421e-05,0.0,9.99999974738e-06
1573009692994759733,3530,1573009692941215038,,0.0,-1.99999994948e-05,-9.99999974738e-06,0.0
1573009693048002589,3531,1573009692994234085,,0.0,-2.99999992421e-05,-0.0,9.99999974738e-06
1573009693102751063,3532,1573009693048198938,,0.0,-2.99999992421e-05,-9.99999974738e-06,9.99999974738e-06
