%time,field.header.seq,field.header.stamp,field.header.frame_id,field.linear_x,field.linear_y,field.linear_z
1573009661007198225,535,1573009660953839063,,-7.13491390343e-05,-0.000100641285826,-0.000123623336549
1573009661112817364,536,1573009661007734060,,-4.48978516943e-06,0.000116879629786,0.000177390364115
1573009661168807874,537,1573009661114105939,,7.84525182098e-05,-9.35734133236e-05,-7.1994967584e-05
1573009661221117296,538,1573009661167851924,,-9.30905443965e-05,4.91082682856e-05,8.09567427495e-05
1573009661276081464,539,1573009661221802949,,2.72736597253e-05,2.30016448768e-05,2.22901817324e-05
1573009661331535778,540,1573009661276639938,,-6.29368651062e-06,1.68496717379e-05,4.59501779915e-06
1573009661385081785,541,1573009661332083940,,9.12399900699e-06,-0.00011463357805,-0.000152630120283
1573009661438673445,542,1573009661386003971,,7.68921927374e-06,0.000102092606539,9.47016815189e-05
1573009661493537155,543,1573009661439172983,,3.67249595001e-05,-6.33337492673e-07,5.11648177053e-05
1573009661595037934,544,1573009661493935108,,-2.03442577913e-05,-1.61617626873e-05,-6.22987208772e-05
1573009661648269037,545,1573009661594836950,,2.72332308668e-05,5.78005419811e-05,0.000116225972306
1573009661702751093,546,1573009661648888111,,-0.00162584858481,-4.08145497204e-05,7.80289628892e-05
1573009661757851395,547,1573009661703382968,,7.95473679318e-05,9.1047018941e-05,0.000149988845806
1573009661810807462,548,1573009661757208108,,-7.64160577091e-05,-4.38705792476e-05,-6.32172086625e-05
1573009661864459925,549,1573009661811207056,,-0.00275999680161,-7.51661646063e-05,0.000148348306539
1573009661919204144,550,1573009661864905118,,9.65117033047e-06,3.01311301882e-05,8.84451437742e-05
1573009661971591637,551,1573009661919066905,,-4.79970040033e-05,-0.000118484000268,-7.55182772991e-05
1573009662074924244,552,1573009661971812963,,-3.95720671804e-05,9.91729302768e-06,-1.99178866751e-05
1573009662128208111,553,1573009662074963092,,-0.000464418932097,1.45526000779e-05,0.000105939179775
1573009662181375848,554,1573009662128249883,,1.89204329217e-05,-7.4118230259e-05,-4.75944762002e-05
1573009662235715985,555,1573009662181910991,,5.46454748473e-06,-5.32965145794e-07,-2.10584312299e-05
1573009662288759548,556,1573009662236267089,,-0.000485578086227,-3.03449651256e-05,-5.49645446881e-05
1573009662342272436,557,1573009662289105892,,2.01706607186e-05,2.30408368225e-05,4.63521719212e-05
1573009662396467609,558,1573009662343751907,,7.92203500168e-05,-3.69741064787e-05,-2.83749050141e-05
1573009662450384113,559,1573009662396657943,,-6.3265877543e-05,-2.77915914921e-05,-5.60018343094e-05
1573009662504364154,560,1573009662450740098,,-9.65721192188e-05,-2.99137809634e-05,-4.62021962448e-05
1573009662558068916,561,1573009662504735946,,7.99692352302e-05,-1.24838716147e-05,-1.51812246258e-05
1573009662611208160,562,1573009662558703899,,1.93341238628e-05,4.97301189171e-05,6.10706410953e-05
1573009662663686094,563,1573009662610836029,,-4.25877578891e-06,-5.82895700063e-06,2.72207762464e-05
1573009662717367497,564,1573009662663959026,,-1.64126868185e-05,-5.43155583728e-05,-7.26767102606e-05
1573009662771164892,565,1573009662717833042,,1.00009619928e-05,-2.26087468036e-05,2.23541264859e-05
1573009662874552241,566,1573009662771941900,,-3.05770572595e-06,-9.55526320467e-06,1.67902198882e-05
1573009662926159547,567,1573009662874680042,,-1.99391015485e-05,2.53989746852e-05,3.29796021106e-05
1573009662979309713,568,1573009662926306009,,2.30109799304e-05,3.81493882742e-05,-2.09651934711e-05
1573009663033448315,569,1573009662980180025,,6.96009228704e-05,-1.15459906738e-05,-5.37597543371e-06
1573009663087796119,570,1573009663034032106,,3.38526842825e-05,-2.42765781877e-05,-4.00768949476e-05
1573009663141351659,571,1573009663088217020,,-4.81681236124e-05,1.44161958815e-05,2.38627344515e-05
1573009663196000765,572,1573009663142168998,,-2.64802165475e-05,1.18545767691e-05,-3.68141591025e-05
1573009663249618760,573,1573009663196075916,,-0.00016770309594,-1.4070814359e-05,-1.57029371621e-05
1573009663354069666,574,1573009663250433921,,1.6393556507e-05,2.4499860956e-05,2.19542162085e-05
1573009663407511122,575,1573009663354238986,,-3.87302716263e-05,2.74830363196e-05,9.74921640591e-05
1573009663461214629,576,1573009663408289909,,-2.30001660384e-05,-7.53514686949e-05,-4.76455970784e-05
1573009663515571102,577,1573009663462304115,,1.96683486138e-05,-5.97313010076e-05,-0.000128501778818
1573009663568910642,578,1573009663515888929,,3.51142693944e-06,7.11127140676e-05,5.60220905754e-05
1573009663622579317,579,1573009663569349050,,-1.85631852219e-05,-1.39339545058e-05,3.62649079761e-05
1573009663677333232,580,1573009663624202966,,1.92860516108e-05,3.68610126316e-05,6.63824175717e-05
1573009663730520861,581,1573009663677720069,,-0.000125189602841,-1.82137009688e-05,4.28805142292e-05
1573009663783942479,582,1573009663730693101,,-2.05624310183e-05,5.72147109779e-05,7.30010215193e-05
1573009663889666938,583,1573009663784631967,,1.8413405769e-06,1.69333834492e-05,3.94486742152e-05
1573009663944172286,584,1573009663890549898,,-6.84799852024e-06,2.54962542385e-05,1.28129931909e-06
1573009663998413882,585,1573009663944569110,,1.80893439392e-05,-2.84886682493e-05,-0.00016062076611
1573009664052243224,586,1573009663998687028,,-3.00687624986e-05,3.06181100314e-05,6.76898707752e-05
1573009664106427518,587,1573009664052736043,,7.96515087131e-05,8.48686468089e-05,0.000244976487011
1573009664160872068,588,1573009664107579946,,-5.09331403009e-05,5.48380812688e-05,-4.45605001005e-05
1573009664213395946,589,1573009664161314010,,9.02050669538e-05,9.00270970305e-05,0.000120970566059
1573009664264987239,590,1573009664213462114,,0.0775530636311,0.00245390110649,-0.00327665312216
1573009664316481478,591,1573009664265134096,,-0.000146954393131,-6.56578049529e-05,-0.000115237788123
1573009664418929324,592,1573009664316284894,,-2.738375224e-05,1.77677629836e-05,9.27338551264e-05
1573009664472607046,593,1573009664419337034,,1.23473291751e-05,-6.70880253892e-05,-8.02751310403e-05
1573009664526486058,594,1573009664473143100,,-8.55753969518e-05,7.83583818702e-05,2.99418406939e-05
1573009664580942949,595,1573009664527321100,,3.15680590575e-05,1.24141688502e-05,6.92838148098e-05
1573009664684597790,596,1573009664581386089,,4.08358646382e-05,-5.09669152962e-05,-7.97391257947e-05
1573009664738488823,597,1573009664685061931,,-1.09906213765e-05,0.000113580994366,0.000171775071067
1573009664792379749,598,1573009664739034891,,2.59654188994e-05,-9.00091527001e-06,5.97700818616e-05
1573009664846124202,599,1573009664792584896,,8.37449533719e-06,-1.99126498046e-05,-7.39570605219e-05
1573009664901578295,600,1573009664846860885,,3.49864894815e-05,-3.54858202627e-05,-0.000104425787868
1573009664955508905,601,1573009664902215957,,0.000139216761454,1.54909266712e-05,8.22381625767e-05
1573009665009572199,602,1573009664955883026,,-0.000104452868982,1.59989140229e-05,-1.08389176603e-05
1573009665063811491,603,1573009665010128021,,-7.49828323023e-05,-2.25994590437e-05,-6.89021544531e-05
1573009665168724700,604,1573009665064028024,,-3.11298281304e-05,-3.94752278225e-05,-8.17436448415e-05
1573009665223183939,605,1573009665168751955,,-5.09286255692e-05,6.51383816148e-05,9.95168084046e-05
1573009665277532394,606,1573009665224092960,,5.65817281313e-05,5.64225520066e-05,7.9474892118e-05
1573009665332571855,607,1573009665277879953,,3.44515792676e-05,-3.69697918359e-05,-8.22131187306e-05
1573009665386264265,608,1573009665332995891,,1.09193879325e-05,-0.000101092402474,-8.30557692097e-05
1573009665439600332,609,1573009665386511087,,2.21013215196e-06,4.96945540363e-05,6.57963901176e-05
1573009665493149853,610,1573009665439930915,,-5.67077440792e-05,2.15755935642e-05,8.37134848553e-06
1573009665548751434,611,1573009665493931055,,0.000129094070871,-2.47625557677e-05,-1.58813400049e-05
1573009665653063895,612,1573009665548985958,,-3.29191680066e-05,3.78538861696e-05,5.23584931216e-05
1573009665706883367,613,1573009665653528928,,-5.07317054144e-05,-1.59067360528e-06,-7.40095929359e-05
1573009665761034120,614,1573009665707221031,,0.000676495081279,6.1434698182e-06,-2.09783156606e-05
1573009665814798089,615,1573009665761079072,,8.88625891093e-06,-2.98799914162e-05,-2.25516487262e-05
1573009665919820817,616,1573009665815380096,,5.74832665734e-05,1.59212140716e-05,5.16063446412e-05
1573009665971805841,617,1573009665919471025,,0.000119545169582,2.59937478404e-05,2.24265932047e-06
1573009666023309509,618,1573009665972295999,,-3.25039509335e-05,-1.07798996396e-05,1.64180310094e-05
1573009666076169707,619,1573009666023161888,,0.00136099476367,-1.63928980328e-05,-0.000138822579174
1573009666131134159,620,1573009666077080011,,9.80850745691e-05,-1.01863161035e-05,-3.08434500766e-05
1573009666183265600,621,1573009666130690097,,1.93797859538e-05,2.54714741459e-05,5.82617685723e-05
1573009666237412224,622,1573009666183640003,,3.10494469886e-05,-4.52796120953e-05,-5.85985690122e-05
1573009666291030908,623,1573009666237497091,,2.41042234848e-05,-2.3965652872e-05,5.46994624528e-06
1573009666344649706,624,1573009666291609048,,0.000180767616257,1.34747670018e-05,-5.3775478591e-05
1573009666447583188,625,1573009666344145059,,-6.45337495371e-05,2.44409566221e-05,1.98296293092e-05
1573009666501481213,626,1573009666447932958,,0.000549481424969,-5.38481708645e-06,-5.33053280378e-05
1573009666554186078,627,1573009666501883983,,0.000138210292789,5.02746079292e-05,9.9454082374e-05
1573009666656282089,628,1573009666554434061,,-2.58513882727e-05,-1.6229612811e-05,8.89461589395e-05
1573009666709897536,629,1573009666656426906,,1.93216092157e-05,-1.87659588846e-05,-5.12827573402e-05
1573009666763984715,630,1573009666710227966,,-0.000115987320896,5.41654699191e-05,5.10547288286e-05
1573009666817954633,631,1573009666764290094,,-1.40725360325e-05,6.25755710644e-05,4.02196565119e-05
1573009666870760461,632,1573009666818075895,,0.000368484092178,6.06181019975e-05,4.811395047e-05
1573009666924104487,633,1573009666870923995,,-9.63394923019e-05,-5.72392018512e-05,-6.79581498844e-05
1573009666977982646,634,1573009666924575090,,-3.75265008188e-05,-0.000112282381451,-0.00014767301036
1573009667030927788,635,1573009666978487968,,0.000739745504688,1.14579188448e-05,-5.79108818783e-05
1573009667083573641,636,1573009667031075000,,0.000243323971517,4.08450978284e-05,1.00530069176e-05
1573009667137050324,637,1573009667083784103,,-0.000778037647251,-0.000103178957943,-2.64164173132e-05
1573009667240767656,638,1573009667137557029,,4.21265976911e-05,0.000106645755295,0.000138213246828
1573009667295150567,639,1573009667241720914,,4.53337015642e-05,-6.2697348767e-05,-8.21174107841e-05
1573009667348918453,640,1573009667295727968,,-1.50379000843e-05,1.71875740307e-06,8.37941206555e-06
1573009667402547813,641,1573009667349229097,,-9.89386826404e-05,-1.67465314007e-05,-6.97740688338e-05
1573009667457632035,642,1573009667403496980,,-4.66770907224e-05,2.81765642285e-05,1.05361395981e-05
1573009667512828342,643,1573009667458909988,,2.25579715334e-05,4.29134634032e-05,4.33366985817e-05
1573009667566827402,644,1573009667513307094,,6.61794547341e-05,-2.10870348383e-05,-5.53430654691e-05
1573009667620703801,645,1573009667567275047,,-1.61428033607e-05,4.54522923974e-05,9.45582814893e-06
1573009667674453209,646,1573009667621145009,,-7.91941511125e-06,-3.28595524479e-06,4.03805825044e-05
1573009667979590699,647,1573009667676269054,,0.000269243784714,3.63503640983e-05,-1.52348811753e-05
1573009668033824802,648,1573009667979918956,,7.33787528588e-05,3.47589339071e-05,0.000121567885799
1573009668088148156,649,1573009668033586978,,-0.000822921923827,9.22222316149e-05,-0.000925349479076
1573009668142791386,650,1573009668088186979,,0.000163888020325,0.000567932089325,-0.00628887116909
1573009668198130620,651,1573009668143273115,,0.000727532140445,-0.000165053497767,-0.0101738693193
1573009668252813824,652,1573009668198540925,,0.000155579546117,-0.000217887485633,-0.0103123998269
1573009668306675822,653,1573009668252382993,,-6.15712342551e-05,-9.93198918877e-05,-0.0103420708328
1573009668362582059,654,1573009668307303905,,-0.000199782225536,-0.000230958452448,-0.0104162404314
1573009668469116911,655,1573009668363372087,,-0.00024959250004,-7.42869306123e-05,-0.0104219233617
1573009668521275638,656,1573009668469960927,,-0.000365223211702,-3.31478804583e-05,-0.00978927966207
1573009668574231403,657,1573009668521107912,,1.82536405191e-05,-2.82678483927e-05,-0.0102332588285
1573009668628021869,658,1573009668574995994,,-5.47557965547e-06,-2.2320626158e-05,-0.00988531019539
1573009668681670899,659,1573009668628530025,,-0.000254674960161,-7.30969768483e-05,-0.0100848572329
1573009668735864649,660,1573009668682277917,,-0.000198919326067,-0.000109961234557,-0.0103929769248
1573009668789833879,661,1573009668736466884,,0.000123240810353,-4.65919911221e-05,-0.00977595336735
1573009668844258162,662,1573009668790292024,,3.54502844857e-05,-0.000106964951556,-0.0100266505033
1573009668898113425,663,1573009668844377994,,6.86834609951e-05,4.70509403385e-05,-0.0098118102178
1573009669001117617,664,1573009668898822069,,-0.000130683620228,8.63934037625e-05,-0.0102801453322
1573009669054656118,665,1573009669001588106,,9.73856876954e-05,-1.0891844795e-05,-0.00983013864607
1573009669108808005,666,1573009669055407047,,-9.73365677055e-05,4.89385929541e-05,-0.00978564564139
1573009669162789330,667,1573009669108885049,,-0.000414710317273,-1.8028273189e-05,-0.0101912161335
1573009669267269746,668,1573009669162759065,,5.20689500263e-05,8.34526945255e-05,-0.00998833496124
1573009669320315885,669,1573009669266556024,,0.000182355812285,-4.92954386573e-05,-0.00997665151954
1573009669374347293,670,1573009669320981979,,6.06790126767e-05,-8.56084516272e-05,-0.0101382602006
1573009669427711873,671,1573009669374324083,,-0.00015788138262,1.91989402083e-05,-0.0102127166465
1573009669531822688,672,1573009669428548097,,-5.91017560509e-05,-2.65389498963e-05,-0.00998265389353
1573009669586182165,673,1573009669532731056,,-4.8353926104e-05,-5.79951847612e-05,-0.00994945969433
1573009669639995457,674,1573009669586628913,,-0.000181202150998,2.83452318399e-05,-0.0100697781891
1573009669693262180,675,1573009669640171051,,-3.47581444657e-05,4.20509713877e-05,-0.0101225962862
1573009669746812499,676,1573009669693892955,,0.000177193389391,-6.43262274025e-06,-0.0098256599158
1573009669800998636,677,1573009669747725009,,5.67951246921e-05,-0.000109725471702,-0.0100800218061
1573009669854331151,678,1573009669801503896,,-0.000158601964358,-1.86936049431e-05,-0.00997185800225
1573009669907798358,679,1573009669854604959,,-0.000147288388689,9.79035976343e-05,-0.0100586684421
1573009669962069013,680,1573009669908441066,,-0.000240578548983,4.37318885815e-05,-0.0101027553901
1573009670018019785,681,1573009669963268041,,1.77393449121e-05,-3.11958174279e-05,-0.0100019956008
1573009670070450835,682,1573009670017095088,,0.000182854782906,6.64488925395e-06,-0.00978689827025
1573009670124469676,683,1573009670070873975,,7.64010692365e-05,6.16040997556e-05,-0.00993955694139
1573009670178960916,684,1573009670124897956,,-0.000248456723057,0.000115640184958,-0.010084903799
1573009670232684817,685,1573009670179033041,,0.000108311782242,-2.27915388678e-05,-0.00973880011588
1573009670286425467,686,1573009670233064889,,-7.17976799933e-05,-5.74215482629e-05,-0.0102708507329
1573009670340489074,687,1573009670287175893,,-8.54971585795e-05,1.24919451991e-05,-0.0101315286011
1573009670444029311,688,1573009670340975046,,-0.000243658621912,-5.23924900335e-05,-0.0101557467133
1573009670497959526,689,1573009670444796085,,8.08319018688e-05,2.10670477827e-05,-0.00962030887604
1573009670551565505,690,1573009670498094081,,8.08957993286e-05,-7.98776673037e-05,-0.0100057963282
1573009670605458926,691,1573009670552298069,,3.94774797314e-05,4.28113571616e-06,-0.0104032782838
1573009670659666182,692,1573009670605628967,,-5.40624714631e-05,8.49284042488e-05,-0.00999093893915
1573009670763156031,693,1573009670659748077,,-8.08440233868e-07,-9.73583519226e-05,-0.00987563468516
1573009670815397161,694,1573009670763907909,,2.80837102764e-05,-3.22338673868e-05,-0.00997394509614
1573009670867649084,695,1573009670815490007,,5.02312796016e-05,6.55554613331e-05,-0.0100581748411
1573009670921239759,696,1573009670867357015,,0.000153545188368,0.000105907849502,-0.0100948959589
1573009670974342774,697,1573009670921700000,,0.000269051379291,-1.87191217265e-05,-0.00965768564492
1573009671027978178,698,1573009670974890947,,-0.000169189253938,-9.16328644962e-06,-0.0103065082803
1573009671083761268,699,1573009671028691053,,-0.000101477031421,8.67525013746e-05,-0.0103382151574
1573009671138192882,700,1573009671084239006,,-0.000287072791252,-6.99792653904e-05,-0.0100071886554
1573009671190743328,701,1573009671137371063,,-0.000165283345268,-2.47371808655e-05,-0.0098475990817
1573009671246375324,702,1573009671191184043,,0.000292287120828,0.000104830622149,-0.00959960836917
1573009671300282572,703,1573009671246799945,,0.00024535151897,7.90005433373e-05,-0.0100057423115
1573009671353673014,704,1573009671300550937,,-1.04479786387e-05,3.03015276586e-05,-0.0103349639103
1573009671457635491,705,1573009671354396104,,-4.25424077548e-05,6.92264948157e-05,-0.00990124791861
1573009671512371391,706,1573009671458744049,,-2.96543403238e-05,-2.07985303859e-05,-0.0101457573473
1573009671565816959,707,1573009671512589931,,-2.21822556341e-05,3.55095762643e-05,-0.00989235658199
1573009671619826218,708,1573009671566303014,,-9.62178019108e-05,-4.25328180427e-05,-0.0100975856185
1573009671674030085,709,1573009671620038986,,8.66231403052e-06,-5.71137752559e-05,-0.0100770769641
1573009671727489294,710,1573009671674597024,,7.66835146351e-05,-9.4408125733e-05,-0.00961420591921
1573009671782087926,711,1573009671728105068,,-9.42341557675e-06,1.08132308014e-05,-0.0100035937503
1573009671835414119,712,1573009671782136917,,-0.000138717266964,5.31682817382e-05,-0.00987380836159
1573009671890007645,713,1573009671836282968,,-0.000237753338297,5.55649203307e-05,-0.0102568827569
1573009671993400721,714,1573009671890124082,,6.69912042213e-05,-9.30327078095e-05,-0.00996247213334
1573009672046685808,715,1573009671994201898,,0.000106601946754,8.99781662156e-05,-0.0100794984028
1573009672100609633,716,1573009672047285079,,0.000142873090226,7.8001881775e-05,-0.00977198965847
1573009672155130589,717,1573009672101233005,,2.44848015427e-05,2.86391841655e-05,-0.00991203263402
1573009672207879450,718,1573009672155190944,,5.12482147315e-05,1.25971464513e-05,-0.010049438104
1573009672263428306,719,1573009672208811044,,-0.000114465197839,-3.69788504031e-05,-0.00995777919888
1573009672317384223,720,1573009672264018058,,-9.86075319815e-05,6.51422597002e-05,-0.00990549847484
1573009672371967115,721,1573009672317923069,,-6.64583349135e-05,4.38225542894e-05,-0.00999801419675
1573009672424673132,722,1573009672372183084,,-7.78336980147e-05,-4.55544322904e-05,-0.00987904518843
1573009672478246689,723,1573009672424993038,,0.000334024807671,4.76112509205e-05,-0.0101670660079
1573009672532091303,724,1573009672478580951,,2.83829140244e-05,7.68600420997e-06,-0.0100816087797
1573009672585960337,725,1573009672532721042,,5.3326921261e-06,1.20489885376e-05,-0.0100551424548
1573009672640333549,726,1573009672586244106,,-9.87187158898e-05,2.02122555493e-05,-0.0104119731113
1573009672744483225,727,1573009672641208887,,6.15380122326e-05,-9.13136609597e-05,-0.0100271990523
1573009672799135167,728,1573009672744615077,,-3.94738017349e-05,1.1018272744e-05,-0.0102207884192
1573009672851694991,729,1573009672798149108,,-1.63618751685e-05,1.21165057863e-05,-0.0100775929168
1573009672905893084,730,1573009672852106094,,1.35989366754e-05,-9.26227767195e-06,-0.00972638837993
1573009673009075434,731,1573009672905481100,,0.000168733793544,0.000132929315441,-0.0101921437308
1573009673063008415,732,1573009673009614944,,-0.000108363819891,-8.86586494744e-05,-0.0101513825357
1573009673117098374,733,1573009673063252925,,3.1497249438e-05,-1.73786102096e-05,-0.0099924178794
1573009673219887948,734,1573009673117264032,,8.85482077138e-05,-5.3197330999e-05,-0.00976185500622
1573009673273238513,735,1573009673220282077,,-4.45964396931e-05,0.000105814266135,-0.0102978888899
1573009673327662573,736,1573009673274292945,,-5.11032012582e-05,5.25935793121e-05,-0.0102240750566
1573009673382692462,737,1573009673328265905,,5.66012022318e-05,-2.15141972149e-05,-0.00982795376331
1573009673436131278,738,1573009673382153034,,9.79219403234e-05,-3.68809196516e-05,-0.00959825143218
1573009673490663427,739,1573009673436595916,,-9.84891667031e-05,3.39281577908e-05,-0.00998469535261
1573009673545158236,740,1573009673491751909,,-0.000218197121285,-3.19283099088e-05,-0.0101423012093
1573009673598781988,741,1573009673545509099,,0.000602144922595,5.77747887291e-05,-0.0101739540696
1573009673652922378,742,1573009673599222898,,-1.83992221992e-06,4.62458410766e-05,-0.00985621009022
1573009673757437547,743,1573009673653249979,,0.000222278482397,-2.82861783489e-05,-0.0102090379223
1573009673811195629,744,1573009673757507085,,-0.000113111978862,-3.94741327909e-05,-0.0102042956278
1573009673864380607,745,1573009673811810016,,-9.41379548749e-05,-1.62040960276e-05,-0.00985632091761
1573009673918304165,746,1573009673864669084,,1.35288200909e-05,-3.46963934135e-05,-0.00997300539166
1573009674022153790,747,1573009673918893098,,-3.81287500204e-05,0.00010754851246,-0.0100963469595
1573009674076154300,748,1573009674022691011,,-5.28862547071e-05,-8.64022804308e-05,-0.0105568571016
1573009674130578591,749,1573009674077124118,,0.000411846092902,1.02607509689e-05,-0.00978882890195
1573009674182981084,750,1573009674131002902,,0.000251560268225,1.84719738172e-05,-0.00956277921796
1573009674285455867,751,1573009674183099031,,-0.000114416521683,8.37438274175e-05,-0.0102419368923
1573009674339210973,752,1573009674285834074,,-0.000112905487185,-4.35662768723e-05,-0.00977187603712
1573009674392687680,753,1573009674339168071,,7.82885254011e-05,-3.94337403122e-05,-0.00965021643788
1573009674446224839,754,1573009674393100023,,0.000165493620443,-1.80756910595e-06,-0.00989994779229
1573009674550726562,755,1573009674446887969,,4.50133738923e-05,9.83282297966e-05,-0.00992558151484
1573009674603971384,756,1573009674551419019,,3.2862106309e-05,-2.83264216705e-05,-0.00988127756864
1573009674657507384,757,1573009674604264020,,-1.6219650206e-05,-9.36589131015e-05,-0.0101807666942
1573009674712007785,758,1573009674658334970,,-0.000181942508789,-7.24151614122e-05,-0.0103195169941
1573009674764685486,759,1573009674712174892,,-0.000163506687386,7.2095055657e-05,-0.0100559554994
1573009674818264045,760,1573009674764782905,,-3.14522258122e-05,-6.55719486531e-05,-0.0102393385023
1573009674871674254,761,1573009674818480014,,0.000418541574618,-1.36587304951e-05,-0.0096042258665
1573009674924614552,762,1573009674872181892,,7.04621706973e-05,-6.6085915023e-05,-0.00981676857919
1573009674978930392,763,1573009674925051927,,-0.000110695524199,-2.71841236099e-05,-0.0100843179971
1573009675081896392,764,1573009674978722095,,5.01201757288e-05,3.28615737999e-06,-0.00983591936529
1573009675136365662,765,1573009675082920074,,-4.25524922321e-05,-9.59320313996e-05,-0.0103014502674
1573009675190293445,766,1573009675136722087,,1.00112638393e-05,-9.573934949e-05,-0.010249205865
1573009675244267513,767,1573009675190829038,,1.69455015566e-05,8.67710768944e-05,-0.00998158752918
1573009675297914805,768,1573009675244663953,,0.000198886671569,2.31295780395e-06,-0.00985043402761
1573009675352387132,769,1573009675298523902,,8.29420314403e-05,-4.5166536438e-05,-0.00989231467247
1573009675405797302,770,1573009675352494001,,6.07917172601e-05,7.21542455722e-05,-0.00988413393497
1573009675460497823,771,1573009675406322956,,-9.22097387956e-05,3.47171080648e-05,-0.0102556273341
1573009675564683176,772,1573009675461210966,,9.5796181995e-05,2.87192906399e-05,-0.00985967274755
1573009675618608966,773,1573009675565206050,,-2.7583053452e-05,-6.43054008833e-05,-0.00981900189072
1573009675672196851,774,1573009675618828058,,0.000141355092637,-2.06676086236e-05,-0.00972390547395
1573009675726084181,775,1573009675672844886,,5.94759512751e-05,-1.62759497471e-05,-0.00976618845016
1573009675829715769,776,1573009675726470947,,-8.11314839666e-06,3.06015353999e-05,-0.010076770559
1573009675883537252,777,1573009675830193996,,-5.22634582012e-05,-3.7212841562e-05,-0.0100547578186
1573009675937615820,778,1573009675883810043,,-6.63246319164e-05,-0.000116415525554,-0.0102776736021
1573009675991869780,779,1573009675938174009,,-2.08625733649e-05,8.15019520815e-05,-0.00997294485569
1573009676045631309,780,1573009675992304086,,0.000248918862781,-2.13341882045e-05,-0.0098818987608
1573009676099859019,781,1573009676046228885,,0.000271364813671,-1.80591141543e-05,-0.00998033583164
1573009676153693461,782,1573009676100208044,,0.000198940062546,0.00012248432904,-0.00959622394294
1573009676208094910,783,1573009676153856039,,-9.78825046332e-05,3.41985432897e-05,-0.00985054671764
1573009676261580915,784,1573009676208148002,,-0.000163313510711,-6.47184351692e-05,-0.0103869745508
1573009676315498597,785,1573009676262082099,,6.78210271872e-05,-8.82032254594e-05,-0.00992364995182
1573009676369708992,786,1573009676315783023,,8.7058331701e-05,3.03202978102e-05,-0.00986692961305
1573009676423636111,787,1573009676370248079,,0.00015487280325,0.000115582086437,-0.0100890928879
1573009676477793444,788,1573009676424191951,,0.000147765298607,8.5442137788e-05,-0.00990674924105
1573009676531521163,789,1573009676478130102,,0.000166514742887,-2.90004749104e-07,-0.0101127279922
1573009676585657910,790,1573009676532243013,,0.000138316740049,-7.47492185837e-06,-0.0100032659248
1573009676640029415,791,1573009676586251020,,-5.21950678376e-05,-3.69265981135e-05,-0.00988899823278
1573009676693335299,792,1573009676640388965,,-0.000108524065581,6.886182382e-05,-0.0099660390988
1573009676796805693,793,1573009676693311929,,3.49755100615e-05,-6.01557912887e-05,-0.00975016970187
1573009676850747803,794,1573009676797267913,,0.000170364975929,-6.25665852567e-05,-0.010260979645
1573009676903634023,795,1573009676850792884,,7.85599986557e-05,1.19480409921e-05,-0.0103035587817
1573009676957113387,796,1573009676903996944,,-0.00012393661018,-8.68592833285e-05,-0.0100619411096
1573009677061057098,797,1573009676957895040,,3.35195072694e-05,-6.83462203597e-05,-0.0102919843048
1573009677115081152,798,1573009677061479091,,-1.1550072486e-05,-7.71559716668e-05,-0.00974399596453
1573009677169577200,799,1573009677115533113,,-0.000128326239064,3.09292954626e-05,-0.00988305732608
1573009677223450052,800,1573009677170083999,,0.000106903848064,0.000111242174171,-0.0100993113592
1573009677277157893,801,1573009677223829984,,0.000281280343188,-1.16814971989e-05,-0.010172560811
1573009677330243012,802,1573009677277339935,,0.000164761091582,0.000127446139231,-0.010050044395
1573009677384753016,803,1573009677331171035,,-4.01622637582e-05,2.70479577011e-05,-0.00987516529858
1573009677438431482,804,1573009677385154008,,-0.000109804190288,-4.10876018577e-05,-0.0100820204243
1573009677492289386,805,1573009677439014911,,-2.15705313167e-05,-8.95309422049e-05,-0.0100993402302
1573009677544961728,806,1573009677492957115,,0.000177283407538,-1.08836502477e-06,-0.0100024444982
1573009677598417463,807,1573009677545173883,,0.00022800595616,5.84296358284e-05,-0.00975265353918
1573009677650988091,808,1573009677598547935,,0.000109717992018,5.14634593856e-05,-0.00998302921653
1573009677704520270,809,1573009677651108980,,-3.96570103476e-05,1.24882481032e-05,-0.0101427389309
1573009677758101999,810,1573009677704807043,,4.50375046057e-05,3.63008584827e-05,-0.00998090300709
1573009677812542886,811,1573009677758550882,,0.000166067489772,5.00286660099e-05,-0.00990946218371
1573009677864962064,812,1573009677813848972,,-5.04188719788e-05,6.31824004813e-05,-0.00981809198856
1573009677918229786,813,1573009677865036964,,-0.000132155051688,6.28984707873e-05,-0.0103080244735
1573009677971965905,814,1573009677918591022,,1.3505708921e-05,1.21676075651e-05,-0.0101349977776
1573009678025166744,815,1573009677972254037,,0.00014935087529,-5.58260981052e-05,-0.00959934107959
1573009678079321625,816,1573009678026124000,,0.000707942643203,-5.76302045374e-05,-0.00822176225483
1573009678133366969,817,1573009678079669952,,0.000418816547608,-0.000851157004945,-0.00174582947511
1573009678186333533,818,1573009678133618116,,-0.00155440042727,-0.00109753117431,0.0100675616413
1573009678239813314,819,1573009678186619043,,-0.00162687362172,-0.000140923497383,0.0182090811431
1573009678343881410,820,1573009678240591049,,0.000281803455437,0.000369357643649,0.0208455305547
1573009678397380806,821,1573009678344165086,,-6.51982772979e-05,0.000223369104788,0.0192419756204
1573009678451457142,822,1573009678397871971,,0.000497522589285,0.000202475363039,0.015065042302
1573009678505139641,823,1573009678451834917,,0.000548700976651,0.000148988867295,0.0113451518118
1573009678559256557,824,1573009678505693912,,5.1498067478e-05,1.04673961232e-06,0.00988830439746
1573009678615286293,825,1573009678560111045,,-1.25095011754e-05,9.61013065535e-05,0.0102787930518
1573009678668242919,826,1573009678614758968,,-0.00015406840248,1.98873822228e-05,0.00994627177715
1573009678722109683,827,1573009678668822050,,-0.00017580029089,7.57818561397e-05,0.009935493581
1573009678824919253,828,1573009678722496986,,8.56409678818e-05,-8.06880998425e-05,0.0100081795827
1573009678879017730,829,1573009678825387954,,0.000252974248724,9.11228489713e-05,0.0101630184799
1573009678932564699,830,1573009678879296064,,5.50653057871e-05,0.000160823008628,0.0102050015703
1573009678987014950,831,1573009678933285951,,-0.000113702219096,4.04024940508e-05,0.00977600645274
1573009679091077420,832,1573009678987528085,,-0.000140094009112,-3.27597554133e-05,0.00989111419767
1573009679144841907,833,1573009679091589927,,5.98919650656e-05,-2.16940156861e-06,0.00996472314
1573009679198310668,834,1573009679145016908,,-5.3570176533e-05,-6.49782741675e-05,0.00986021663994
1573009679252882553,835,1573009679198497056,,1.55887591973e-05,-7.8963006672e-05,0.0102021163329
1573009679306598953,836,1573009679253438949,,0.000145934012835,2.39586697717e-05,0.00995817221701
1573009679358488028,837,1573009679305422067,,2.01243819902e-05,-5.44014073967e-05,0.00991208199412
1573009679412610751,838,1573009679359322071,,0.000137633061968,-4.2011946789e-05,0.00993124675006
1573009679468051316,839,1573009679413265943,,-0.000243643065915,-0.000100199977169,0.00961700920016
1573009679522568949,840,1573009679468584060,,-0.000318338745274,2.19229532377e-05,0.00987774226815
1573009679628910684,841,1573009679523025989,,0.000113805486762,-3.32356830768e-05,0.010407904163
1573009679680975649,842,1573009679627948999,,0.000142923105159,5.15606916451e-05,0.0100405011326
1573009679735375592,843,1573009679681849956,,1.14375268367e-06,-5.16959444212e-05,0.00997343752533
1573009679789073975,844,1573009679735601902,,-4.25449288741e-05,-6.73921822454e-05,0.00978002231568
1573009679842964254,845,1573009679789362907,,-3.67457723769e-05,0.000111713656224,0.0105525264516
1573009679896652670,846,1573009679843235015,,-0.000151795873535,0.000120305929158,0.0103621482849
1573009679950640822,847,1573009679896991968,,-0.000256297702435,-3.86078645533e-05,0.00970937218517
1573009680004849278,848,1573009679950912952,,0.000236718784436,-4.10272441513e-05,0.0100159561262
1573009680108680393,849,1573009680005294084,,0.000200276263058,3.77335854864e-05,0.00994393415749
1573009680164169144,850,1573009680109236001,,0.000225308875088,4.11564833485e-05,0.00996273942292
1573009680218045113,851,1573009680164665937,,-2.56861894741e-05,-2.65125963779e-05,0.0101351505145
1573009680272618011,852,1573009680218367099,,-0.000155208064825,-9.42518727243e-06,0.00986686162651
1573009680328098324,853,1573009680273648977,,-4.90180173074e-05,-5.67272545595e-05,0.00984791759402
1573009680380513143,854,1573009680327445983,,3.95284223487e-05,-1.20764957501e-06,0.010183875449
1573009680436044682,855,1573009680381145954,,5.07937729708e-05,-4.40288968093e-05,0.0099731348455
1573009680491405559,856,1573009680436626911,,-2.53274720308e-05,-2.13656658161e-05,0.0101665919647
1573009680547345711,857,1573009680492163896,,5.9675603552e-05,8.37323896121e-05,0.0102591179311
1573009680601095330,858,1573009680547614097,,-1.90177943296e-05,-1.60070394486e-05,0.00984822306782
1573009680656363995,859,1573009680601830959,,-0.000216495929635,-6.79957083776e-05,0.00991519354284
1573009680711298488,860,1573009680657023906,,-0.000108149957669,-2.13549592445e-05,0.0101106259972
1573009680765673404,861,1573009680712208032,,0.000128478422994,-2.71158205578e-06,0.00992116797715
1573009680818897549,862,1573009680766282081,,1.75208224391e-05,8.6226973508e-05,0.0101239513606
1573009680872343658,863,1573009680818934917,,7.67630845075e-05,8.2931961515e-05,0.0103335417807
1573009680926416938,864,1573009680872775077,,-2.19564099098e-05,-5.20580506418e-05,0.00985998660326
1573009680979854827,865,1573009680926758050,,-6.88781583449e-05,4.92483877679e-06,0.00969707034528
1573009681033671758,866,1573009680980321884,,-0.000101765566797,-8.37172483443e-05,0.0101950280368
1573009681087312610,867,1573009681034218072,,-0.000202523326152,-9.88639440038e-05,0.0101585127413
1573009681140159659,868,1573009681086829900,,1.59392766363e-05,7.94839725131e-05,0.0101698180661
1573009681195309814,869,1573009681141036033,,0.000138205927215,6.44500250928e-05,0.00963234435767
1573009681248505125,870,1573009681194799900,,8.10226265457e-05,-7.43976197555e-05,0.00983865465969
1573009681302998220,871,1573009681249329090,,0.000302666856442,5.23081544088e-05,0.00991740822792
1573009681356753932,872,1573009681303531885,,9.71172921709e-05,5.66718335904e-05,0.00986341293901
1573009681409953142,873,1573009681356951951,,-0.000251578952884,-5.76480342716e-05,0.00993856694549
1573009681463444879,874,1573009681410300970,,-0.000170820581843,-3.7484751374e-05,0.00988560914993
1573009681516101426,875,1573009681463727951,,6.08073132753e-05,-2.16273328988e-05,0.00982194021344
1573009681569665213,876,1573009681516450881,,0.00017008195573,1.81333834917e-05,0.0100022247061
1573009681623071134,877,1573009681570523023,,8.50400683703e-05,1.36258413477e-05,0.0101020755246
1573009681676974679,878,1573009681623497009,,-3.02281932818e-05,-1.46021666296e-05,0.0103140408173
1573009681780724213,879,1573009681677272081,,5.15381652804e-05,1.8649334379e-05,0.00997955631465
1573009681834425177,880,1573009681780996084,,-1.61703337653e-06,1.23110721688e-05,0.0101064294577
1573009681888312114,881,1573009681834491968,,-4.44278557552e-05,3.33463467541e-05,0.00986921787262
1573009681941708172,882,1573009681888823032,,-4.15250506194e-05,3.36780467478e-05,0.0100382044911
1573009682045196998,883,1573009681941410064,,-2.25071362365e-05,1.72827003553e-05,0.00964970886707
1573009682098851429,884,1573009682045555114,,0.000234918043134,6.60217265249e-05,0.0101206609979
1573009682152769180,885,1573009682099160909,,-6.04766910328e-07,-6.76505976571e-07,0.0101425796747
1573009682205308825,886,1573009682152853965,,-3.60823505616e-05,2.04272855626e-05,0.0101850768551
1573009682259220283,887,1573009682205626010,,0.000143042052514,-9.10483049665e-06,0.0099998768419
1573009682313664923,888,1573009682260454893,,8.09246557765e-05,-1.70878411154e-05,0.010031349957
1573009682367641861,889,1573009682314304113,,-0.000185189914191,1.29141335492e-05,0.00980623904616
1573009682422669915,890,1573009682368232011,,-1.69257800735e-05,3.06600377371e-05,0.00982710439712
1573009682475898326,891,1573009682422868967,,6.84766127961e-05,-4.56953675894e-05,0.00970034487545
1573009682530676281,892,1573009682476783990,,0.000211660400964,-4.63224350824e-05,0.0103772068396
1573009682584660646,893,1573009682531074047,,0.00021544622723,4.87353390781e-05,0.0102435247973
1573009682636117622,894,1573009682584484100,,-4.42208583991e-05,-4.67409954581e-05,0.00979453790933
1573009682740436416,895,1573009682636248111,,-6.95132257533e-05,-1.32035283968e-05,0.0100423926488
1573009682794403879,896,1573009682739671945,,0.000141579774208,-2.73474524874e-05,0.00994866061956
1573009682848186894,897,1573009682794913053,,-0.000432918110164,-2.20980928134e-05,0.00934598967433
1573009682902236838,898,1573009682848807096,,0.00120860291645,1.64536904776e-05,0.00857659988105
1573009682956039665,899,1573009682902451038,,0.000332105497364,0.000169720704434,0.0112730534747
1573009683010843650,900,1573009682956727027,,-0.000302825588733,0.00016105256509,0.0197436138988
1573009683064299266,901,1573009683010045051,,-8.27431722428e-05,-2.89526396955e-05,0.0196200124919
1573009683116971645,902,1573009683063533067,,8.16408792161e-05,-0.000120477125165,0.0206311941147
1573009683172252620,903,1573009683117660999,,0.00016286742175,6.18242629571e-05,0.0193459372967
1573009683277801204,904,1573009683172960042,,-0.000112233043183,-6.51446534903e-05,0.0137111004442
1573009683333491789,905,1573009683278111934,,-9.72413035925e-05,-8.2061989815e-05,0.00981109868735
1573009683386926165,906,1573009683333539962,,-3.28988357978e-06,-1.62067699421e-05,0.00986127648503
1573009683440294990,907,1573009683387085914,,7.09458181518e-05,2.66042879957e-05,0.0101876342669
1573009683494081587,908,1573009683440968990,,0.000222332164412,-4.92852723255e-06,0.00982310064137
1573009683547757166,909,1573009683494739055,,-0.000161944772117,1.1131564861e-05,0.0102859307081
1573009683600589044,910,1573009683548010110,,-0.000374293449568,5.752591278e-06,0.010136722587
1573009683654496832,911,1573009683600853919,,-2.30480691243e-05,6.26005421509e-05,0.00986747164279
1573009683758785615,912,1573009683654969930,,2.09526369872e-05,-3.91291796404e-05,0.00996020529419
1573009683811802325,913,1573009683758766889,,0.000146721082274,7.49822356738e-05,0.0102911768481
1573009683865486554,914,1573009683812201976,,5.40400724276e-05,1.87631133031e-06,0.00994671974331
1573009683918892545,915,1573009683865952014,,3.81248064514e-05,2.00972099265e-05,0.0099987629801
1573009684022328672,916,1573009683919111013,,-0.000101776451629,-3.68932232959e-05,0.00986966397613
1573009684075534937,917,1573009684022928953,,-9.95586742647e-05,8.50348224049e-05,0.00970529206097
1573009684128313761,918,1573009684074911117,,-3.7767134927e-05,3.29399954353e-05,0.010162374936
1573009684182776872,919,1573009684128905057,,6.29978821962e-05,-9.12212344701e-05,0.00989267136902
1573009684236164548,920,1573009684182818889,,0.000266113434918,3.01372915601e-06,0.0102568781003
1573009684290503228,921,1573009684237086057,,-0.000157686285092,-4.40684561909e-05,0.00964104663581
1573009684344260456,922,1573009684290812015,,-0.000107049476355,5.09185747433e-06,0.00963291153312
1573009684398660215,923,1573009684344738960,,-6.42664163024e-05,-6.10576971667e-05,0.00998222082853
1573009684451930188,924,1573009684398832082,,-0.000151319094584,-5.98246188019e-05,0.00989393144846
1573009684505001709,925,1573009684452635049,,-2.06541935768e-05,-4.29750798503e-05,0.0103028910235
1573009684558051425,926,1573009684505585908,,4.83102376165e-05,8.21379799163e-05,0.00974058452994
1573009684611723452,927,1573009684558336019,,-7.37364171073e-05,5.50429285795e-05,0.00997984502465
1573009684664900899,928,1573009684612371921,,4.33023305959e-05,2.01239199669e-05,0.0104320179671
1573009684769380519,929,1573009684665067911,,-2.56078074017e-05,-9.30642272579e-06,0.00993981119245
1573009684824337840,930,1573009684770514011,,-0.000112977562821,-2.37103613472e-05,0.0099647603929
1573009684879156321,931,1573009684825045108,,5.14610728715e-05,-0.000116246308608,0.0103668589145
1573009684982395344,932,1573009684879808902,,0.000193617437617,0.000102790050732,0.0101810367778
1573009685035427183,933,1573009684982001066,,0.000167800317286,0.000116647890536,0.0098321782425
1573009685089555339,934,1573009685035799026,,-6.85398190399e-05,3.0222498026e-05,0.00968781113625
1573009685143223239,935,1573009685089685916,,-0.000253604433965,-3.55794545612e-05,0.00990499649197
1573009685246973613,936,1573009685143646001,,-7.1843918704e-05,-5.17635235155e-05,0.010182602331
1573009685300487754,937,1573009685247390031,,3.31156697939e-05,-9.87345483736e-05,0.00971641670913
1573009685354948941,938,1573009685301424980,,0.000129144289531,1.02359472294e-05,0.0102815711871
1573009685408690320,939,1573009685355201005,,9.97479000944e-05,-4.37063827121e-05,0.00984000507742
1573009685462664078,940,1573009685409240961,,5.24415881955e-05,1.75681016117e-05,0.00993363931775
1573009685518454765,941,1573009685463319063,,-8.73393801157e-05,-9.12024261197e-05,0.00986785814166
1573009685571507494,942,1573009685519047975,,-0.000196449575014,-1.96191535906e-06,0.0100965285674
1573009685625162627,943,1573009685571926116,,-6.05255736446e-05,1.15763068607e-05,0.0100890276954
1573009685679257188,944,1573009685625897884,,-1.40111269502e-05,-0.000146523976582,0.00975739303976
1573009685782797808,945,1573009685679460048,,0.000204780400964,5.33324637217e-05,0.0100141670555
1573009685837824620,946,1573009685784548044,,-2.90790849249e-05,7.33693741495e-05,0.00986544881016
1573009685891456466,947,1573009685838395118,,7.57593006711e-05,2.82662040263e-05,0.00998175051063
1573009685945107743,948,1573009685892132043,,-3.41159102391e-05,2.57126012002e-05,0.0102795343846
1573009685998229723,949,1573009685944720983,,2.34217277466e-05,5.08491575602e-05,0.0102475527674
1573009686053840645,950,1573009685998505115,,-8.98600337678e-05,-6.26834953437e-05,0.00978314504027
1573009686107392644,951,1573009686054656028,,-0.000128782427055,2.71123790299e-05,0.0101585071534
1573009686161228267,952,1573009686107486009,,5.89892879361e-05,-9.78457392193e-05,0.00958572607487
1573009686215428490,953,1573009686160851001,,2.99831335724e-05,-1.81250088644e-05,0.00984200835228
1573009686318057051,954,1573009686214777946,,0.000110580869659,9.07081484911e-05,0.0101329535246
1573009686373001103,955,1573009686318492889,,0.000179067108547,-0.000115973845823,0.00992264598608
1573009686427143597,956,1573009686373609066,,7.14883426554e-05,-6.6127453465e-05,0.0103334765881
1573009686530800590,957,1573009686427637100,,-8.17927211756e-05,-6.12820294918e-05,0.00958107970655
1573009686584935366,958,1573009686531754970,,0.000119696589536,-3.52633760485e-05,0.0099355969578
1573009686639141442,959,1573009686585572004,,0.000178374641109,-9.44773419178e-05,0.0102333435789
1573009686692860329,960,1573009686639585018,,0.000201593706151,3.6245193769e-05,0.0103149442002
1573009686744621857,961,1573009686693108081,,9.26295160752e-06,-1.85087592399e-05,0.0100402990356
1573009686797995970,962,1573009686744558095,,-0.000193340398255,-1.31351380332e-05,0.00986224599183
1573009686852076413,963,1573009686798489093,,-0.000106224237243,-3.90980458178e-05,0.00991140212864
1573009686906008143,964,1573009686852468013,,-6.46236094326e-06,0.000144993697177,0.00983656011522
1573009686960376913,965,1573009686906630992,,0.00012445707398,0.000151032640133,0.010223519057
1573009687013849585,966,1573009686959925889,,1.56688311108e-05,-6.31824004813e-05,0.00984652433544
1573009687067621774,967,1573009687014231920,,0.000145423720824,2.15775471588e-05,0.0103767067194
1573009687121927547,968,1573009687068413972,,0.000168784928974,8.74354955158e-05,0.0105447983369
1573009687177191236,969,1573009687122715950,,-6.34120078757e-05,2.54331462202e-05,0.0100022815168
1573009687279836355,970,1573009687176480054,,-0.000171619540197,-7.34654313419e-05,0.00966428499669
1573009687334744161,971,1573009687280462026,,0.000234165825532,-4.12415101891e-06,0.0100851049647
1573009687387085893,972,1573009687334067106,,0.000149731160491,-3.99026284867e-05,0.0100235464051
1573009687442486829,973,1573009687387598037,,5.99766353844e-05,0.000117806914204,0.0102706793696
1573009687496441062,974,1573009687442658901,,-3.73979128199e-05,-8.85852277861e-05,0.00964715983719
1573009687549964616,975,1573009687496802091,,-0.000138701027026,-1.45020703712e-05,0.0100418124348
1573009687604111189,976,1573009687550621032,,-0.000646697473712,5.05389252794e-05,0.0093799950555
1573009687658661696,977,1573009687604115962,,0.000137984592584,9.4733775768e-05,0.00620978325605
1573009687712367415,978,1573009687659729003,,0.000584996363614,-2.69051470241e-05,0.00216532265767
1573009687816100796,979,1573009687712860107,,-3.0694701536e-07,3.16621844831e-05,3.63356666639e-05
1573009687869808213,980,1573009687816370010,,-0.000409684696933,4.49738690804e-05,-2.14984993363e-05
1573009687923361023,981,1573009687870238065,,-2.11031328945e-05,-5.06033757119e-05,-0.000101025805634
1573009687976836402,982,1573009687923661947,,-6.96577262715e-05,-7.76233428041e-05,-0.000108924439701
1573009688030610090,983,1573009687977385997,,0.000128317871713,7.78428002377e-05,7.8315504652e-05
1573009688086191965,984,1573009688032947063,,-0.000100769357232,3.46225970134e-05,2.27121727221e-05
1573009688141034264,985,1573009688086955070,,-6.41618462396e-05,2.00533613679e-05,-1.43601955642e-05
1573009688193950617,986,1573009688140463113,,-7.05794518581e-05,1.63647819136e-05,-1.65521942108e-05
1573009688298374517,987,1573009688194397926,,1.65922247106e-05,-2.96868420264e-05,-2.42520964093e-05
1573009688351910531,988,1573009688298823118,,7.78889625508e-06,9.56839794526e-05,0.000101979370811
1573009688405789446,989,1573009688352596044,,2.73568784905e-05,9.15577675187e-06,-2.21545396926e-05
1573009688460337721,990,1573009688406081914,,-7.03016994521e-05,-4.64297736471e-05,-6.09863709542e-05
1573009688513887854,991,1573009688460206985,,-1.75117693288e-05,-7.02693578205e-05,-0.00010995354387
1573009688568383811,992,1573009688515149116,,8.93626784091e-05,3.74897863367e-05,6.84430779074e-05
1573009688622441518,993,1573009688568842887,,-9.25650601857e-06,6.3086499722e-06,-5.09428864461e-05
1573009688677481483,994,1573009688622651100,,-3.88935077353e-05,-4.67841346108e-05,-6.28184498055e-05
1573009688783531300,995,1573009688678189992,,0.00140292046126,6.42330560368e-05,-5.10918252985e-05
1573009688837542349,996,1573009688783938884,,-3.68863802578e-05,1.92025163415e-05,2.55016129813e-05
1573009688891485354,997,1573009688838083028,,-8.72077998793e-06,-3.26370391122e-05,-0.000118968266179
1573009688945136056,998,1573009688891607046,,-4.18372583226e-05,-3.02370226564e-05,-5.81144740863e-05
1573009688999681060,999,1573009688945462942,,-0.000571621349081,-9.42341102927e-06,3.52926217602e-05
1573009689053719277,1000,1573009689000499010,,4.38507441913e-07,-4.62567841168e-05,6.78095545936e-07
1573009689108116655,1001,1573009689054568052,,2.07352513826e-06,4.76340210298e-05,7.28538943804e-05
1573009689162504228,1002,1573009689108417987,,-4.9879479775e-05,5.88510993111e-05,0.000145434794831
1573009689267758500,1003,1573009689161874055,,0.000123763369629,5.244519798e-06,2.19554999603e-06
1573009689319844771,1004,1573009689267117977,,-0.000128826999571,-1.65093078976e-05,-4.07026382163e-05
1573009689373183031,1005,1573009689319859981,,-3.53643571316e-07,2.79733922071e-05,6.45142281428e-05
1573009689427695179,1006,1573009689373727083,,5.20733519807e-05,-2.80261629086e-05,3.3116855775e-05
1573009689531316479,1007,1573009689427905082,,-1.51105878103e-05,-8.01060593858e-07,1.85836142919e-05
1573009689585340399,1008,1573009689531819105,,-8.29485798022e-05,-5.36545558134e-05,-9.72006600932e-05
1573009689640480650,1009,1573009689586221933,,4.23996680183e-05,1.36534135891e-05,5.52687051822e-05
1573009689692462797,1010,1573009689639755964,,-2.48100004683e-05,-2.29883062275e-05,-1.20686872833e-05
1573009689746112508,1011,1573009689692121028,,-2.17839556171e-06,4.88744590257e-05,5.70988595427e-05
1573009689802247948,1012,1573009689747740030,,5.0030019338e-05,-3.64959050785e-05,1.59450719366e-05
1573009689856479669,1013,1573009689802530050,,3.17573867505e-05,-6.42279846943e-05,-0.000128290033899
1573009689910051784,1014,1573009689856842041,,2.52587324212e-05,-6.59793950035e-05,-6.18961348664e-05
1573009690012985798,1015,1573009689910559892,,-6.33851523162e-05,6.49086796329e-05,4.72347383038e-05
1573009690066188752,1016,1573009690013240098,,-6.49615913062e-06,-4.064845416e-05,-8.06511307019e-05
1573009690120255723,1017,1573009690066726922,,8.53232704685e-05,4.25306534453e-05,8.61793450895e-05
1573009690173259994,1018,1573009690120582103,,-0.00259277527221,-5.87232862017e-05,0.000171572944964
1573009690225943020,1019,1573009690172681093,,5.59752115805e-05,-3.0810260796e-06,-5.97947619099e-05
1573009690279664586,1020,1573009690226272106,,5.14045641467e-05,1.77297679329e-05,1.74049218913e-05
1573009690334760762,1021,1573009690280538082,,-3.79786797566e-05,-6.35058968328e-05,-0.000121555363876
1573009690387210411,1022,1573009690333688974,,-4.08705527661e-05,-3.22774940287e-05,-7.64237393014e-06
1573009690441683034,1023,1573009690388031959,,3.81522222597e-05,2.45259761869e-05,6.97799478075e-05
1573009690494092319,1024,1573009690441627025,,-5.96513600613e-05,6.81815981807e-06,-3.41892200595e-06
1573009690548870867,1025,1573009690495630979,,-6.03863736615e-05,-1.75375189428e-05,-5.38442582183e-05
1573009690603367270,1026,1573009690549684047,,0.000672710884828,-3.7898876144e-06,-1.36138032758e-05
1573009690657659837,1027,1573009690603934049,,2.08384517464e-05,-1.57135696099e-06,3.85114663004e-06
1573009690712336912,1028,1573009690658339977,,-6.87145075062e-05,-5.22747068317e-05,-8.90860173968e-05
1573009690764836583,1029,1573009690711632966,,3.69203153241e-05,3.03058441204e-05,7.17764924048e-05
1573009690819133857,1030,1573009690765664100,,-1.22733536045e-06,-2.08100118471e-05,-2.32988058997e-05
1573009690873419786,1031,1573009690819917917,,-3.24944012391e-05,-1.79817361641e-05,-4.570762394e-05
1573009690927554228,1032,1573009690873986959,,1.72522995854e-05,2.09876070585e-05,1.36455537358e-05
1573009690980059601,1033,1573009690928244113,,-1.66625923157e-05,4.01627767133e-05,4.76656823594e-05
1573009691033530062,1034,1573009690980146884,,3.19182145176e-05,-5.95321871515e-05,-5.39316388313e-05
1573009691088200910,1035,1573009691034094095,,2.62964586e-05,-1.85705594049e-05,5.74099522055e-06
1573009691141817487,1036,1573009691088323116,,-1.62179355812e-06,1.59306782734e-05,2.11951046367e-05
1573009691194303402,1037,1573009691142263889,,-6.50575966574e-05,-2.65929866146e-05,-5.98863334744e-05
1573009691246830467,1038,1573009691194329023,,0.00018305737467,4.12734734709e-05,0.000117479226901
1573009691301044983,1039,1573009691247303962,,1.41581576827e-05,1.41186419569e-05,7.74043746787e-06
1573009691354406941,1040,1573009691301048040,,-0.000135239039082,-0.000122472818475,-0.000191942803212
1573009691408325184,1041,1573009691355003118,,0.000115452901809,1.39492940434e-05,-1.82619933184e-05
1573009691462168588,1042,1573009691408940076,,2.21895197683e-06,1.19440883282e-05,-1.71542797034e-06
1573009691516504898,1043,1573009691463846921,,3.83569094993e-05,1.92715906451e-05,2.8415775887e-05
1573009691569631642,1044,1573009691516609907,,-1.94515996554e-05,3.70619591195e-06,5.74443947698e-05
1573009691623586453,1045,1573009691570055007,,-3.16082832796e-06,1.28243561903e-06,-2.42727710429e-05
1573009691727164941,1046,1573009691624157905,,-9.00925442693e-05,-1.1690237443e-05,-7.22322656657e-05
1573009691782711560,1047,1573009691729165077,,5.65549271414e-05,-7.31985564926e-05,-3.61591628462e-05
1573009691837035722,1048,1573009691783205986,,-6.3918698288e-05,-8.34252114146e-06,2.06919357879e-05
1573009691891087437,1049,1573009691836316108,,9.03638556338e-06,0.000127908220747,0.000159885268658
1573009691944723184,1050,1573009691891357898,,1.40413067129e-05,-8.01610894996e-06,-3.20201456816e-06
1573009691998698613,1051,1573009691945228099,,-7.32886473997e-05,-1.85068020073e-05,-4.53212633147e-05
1573009692052539090,1052,1573009691998910903,,-1.91028502741e-05,-9.08500151127e-05,-0.000179956143256
1573009692106586030,1053,1573009692052994966,,1.39137891892e-05,9.32002367335e-05,0.000143025550642
1573009692212319432,1054,1573009692107297897,,-7.25800637156e-05,-0.000138616494951,-0.000213348015677
1573009692265925814,1055,1573009692212399959,,5.92886453887e-06,1.11675008156e-05,5.14762141393e-05
1573009692620856249,1056,1573009692266472101,,-0.000153734988999,-8.44048627187e-05,-0.000142301476444
1573009692674397356,1057,1573009692620985031,,-4.1892133595e-05,-5.35982617293e-05,-3.94715825678e-05
1573009692728253783,1058,1573009692675201892,,4.22267112299e-05,4.1719089495e-05,2.15903110075e-05
1573009692780683301,1059,1573009692729032039,,5.74899149797e-06,2.34233084484e-05,7.0577400038e-05
1573009692831681731,1060,1573009692780761003,,-2.67216873908e-05,1.60779109137e-05,5.72216486034e-05
1573009692886296310,1061,1573009692831753969,,-0.000119392330816,-1.60345134645e-05,-8.00786656328e-05
1573009692940720408,1062,1573009692887413978,,-6.83870530338e-05,-3.7512381823e-05,-9.97179085971e-05
1573009692993869101,1063,1573009692941215038,,6.74091188557e-06,-1.52859647642e-05,1.28492083604e-05
1573009693047612976,1064,1573009692994234085,,-0.00106643897016,-2.06469048862e-05,4.78942383779e-05
1573009693101656745,1065,1573009693048198938,,-0.00175239704549,-4.06975887017e-05,0.000143530327477
