%time,field.header.seq,field.header.stamp,field.header.frame_id,field.value
1573009183284394446,12179,1573009183230581998,,80.0
1573009183338522284,12180,1573009183283853054,,80.0
1573009183392718018,12181,1573009183337846040,,80.0
1573009183496129951,12182,1573009183391400098,,80.0
1573009183550357253,12183,1573009183495395898,,80.0
1573009183605393878,12184,1573009183549587011,,80.0
1573009183709904720,12185,1573009183603862047,,80.0
1573009183764374820,12186,1573009183709027051,,80.0
1573009183817662235,12187,1573009183763686895,,80.0
1573009183871233314,12188,1573009183816739082,,80.0
1573009183924074948,12189,1573009183870373010,,80.0
1573009183977221643,12190,1573009183923760890,,80.0
1573009184031000123,12191,1573009183976121902,,80.0
1573009184083600023,12192,1573009184030347108,,80.0
1573009184135637817,12193,1573009184082834959,,80.0
1573009184240299249,12194,1573009184135435104,,80.0
1573009184295514843,12195,1573009184240092992,,80.0
1573009184348513312,12196,1573009184293823957,,80.0
1573009184402521690,12197,1573009184347642898,,80.0
1573009184506289279,12198,1573009184401432037,,80.0
1573009184560861265,12199,1573009184505413055,,80.0
1573009184614256463,12200,1573009184559815883,,80.0
1573009184667607775,12201,1573009184613461017,,80.0
1573009184724116439,12202,1573009184667130947,,80.0
1573009184779291831,12203,1573009184723568916,,80.0
1573009184832620600,12204,1573009184778980016,,80.0
1573009184935315614,12205,1573009184831980943,,80.0
1573009184988792825,12206,1573009184934881925,,80.0
1573009185039532678,12207,1573009184988115072,,80.0
1573009185093958116,12208,1573009185039268970,,80.0
1573009185150062692,12209,1573009185093206882,,80.0
1573009185202571807,12210,1573009185148264884,,80.0
1573009185256893500,12211,1573009185202070951,,80.0
1573009185310217884,12212,1573009185255996942,,80.0
1573009185364349403,12213,1573009185309854984,,80.0
1573009185418331524,12214,1573009185363635063,,80.0
1573009185522140308,12215,1573009185417570114,,80.0
1573009185575633633,12216,1573009185521115064,,80.0
1573009185628393742,12217,1573009185575371980,,80.0
1573009185682341556,12218,1573009185627912998,,80.0
1573009185736577200,12219,1573009185681451082,,80.0
1573009185791168244,12220,1573009185735713958,,80.0
1573009185845817209,12221,1573009185790663003,,80.0
1573009185899393958,12222,1573009185844732999,,80.0
1573009185953811639,12223,1573009185898617029,,80.0
1573009186009381597,12224,1573009185952538013,,80.0
1573009186061410839,12225,1573009186007673978,,80.0
1573009186115706836,12226,1573009186060966968,,80.0
1573009186169107008,12227,1573009186114387035,,80.0
1573009186273367265,12228,1573009186168365955,,80.0
1573009186326307760,12229,1573009186272313117,,80.0
1573009186381355100,12230,1573009186326307058,,80.0
1573009186434177246,12231,1573009186380604028,,80.0
1573009186486279999,12232,1573009186433295011,,80.0
1573009186541033609,12233,1573009186485364913,,80.0
1573009186592760673,12234,1573009186539438962,,80.0
1573009186646737210,12235,1573009186592199087,,80.0
1573009186700256195,12236,1573009186646022081,,80.0
1573009186805669136,12237,1573009186699625015,,80.0
1573009186859390326,12238,1573009186804708957,,80.0
1573009186911997909,12239,1573009186858755111,,80.0
1573009186966141694,12240,1573009186911652088,,80.0
1573009187068756425,12241,1573009186965363025,,80.0
1573009187122744542,12242,1573009187068238973,,80.0
1573009187177167560,12243,1573009187122087001,,80.0
1573009187280872743,12244,1573009187176372051,,80.0
1573009187333691148,12245,1573009187280498027,,80.0
1573009187387893766,12246,1573009187333234071,,80.0
1573009187441651739,12247,1573009187386902093,,80.0
1573009187492573777,12248,1573009187441021919,,80.0
1573009187543998649,12249,1573009187492417097,,80.0
1573009187598988209,12250,1573009187543490886,,80.0
1573009187653168047,12251,1573009187598438024,,80.0
1573009187709111677,12252,1573009187652458906,,80.0
1573009187813224092,12253,1573009187707457065,,80.0
1573009187866640213,12254,1573009187812202930,,80.0
1573009187921090833,12255,1573009187865835905,,80.0
1573009187972499794,12256,1573009187919434070,,80.0
1573009188026878513,12257,1573009187971605062,,80.0
1573009188080316545,12258,1573009188025091886,,80.0
1573009188133492705,12259,1573009188078691959,,80.0
1573009188187112541,12260,1573009188132760047,,80.0
1573009188241569578,12261,1573009188186521053,,80.0
1573009188345423046,12262,1573009188240963935,,80.0
1573009188398125377,12263,1573009188344772100,,80.0
1573009188452575380,12264,1573009188397834062,,80.0
1573009188506059282,12265,1573009188451311111,,80.0
1573009188560662781,12266,1573009188505253076,,80.0
1573009188614503222,12267,1573009188559942007,,80.0
1573009188668543032,12268,1573009188614044904,,80.0
1573009188722505055,12269,1573009188667922019,,80.0
1573009188828250638,12270,1573009188721621990,,80.0
1573009188883038188,12271,1573009188827392101,,80.0
1573009188937289080,12272,1573009188882627010,,80.0
1573009188990995279,12273,1573009188936558008,,80.0
1573009189047002287,12274,1573009188990353107,,80.0
1573009189101115387,12275,1573009189046747922,,80.0
1573009189156144469,12276,1573009189100529909,,80.0
1573009189209930482,12277,1573009189154246091,,80.0
1573009189314990349,12278,1573009189208489894,,80.0
1573009189367351878,12279,1573009189314063072,,80.0
1573009189422100376,12280,1573009189366878032,,80.0
1573009189474856494,12281,1573009189420507907,,80.0
1573009189529223560,12282,1573009189474318027,,80.0
1573009189582562560,12283,1573009189528153896,,80.0
1573009189636556769,12284,1573009189582159042,,80.0
1573009189689860291,12285,1573009189635858058,,80.0
1573009189792945147,12286,1573009189689455986,,80.0
1573009189846400587,12287,1573009189792432069,,80.0
1573009189900716140,12288,1573009189846000909,,80.0
1573009189954841978,12289,1573009189900367021,,80.0
1573009190008028109,12290,1573009189954344034,,80.0
1573009190110263937,12291,1573009190007018089,,80.0
1573009190164445359,12292,1573009190109869003,,80.0
1573009190218428006,12293,1573009190163680076,,80.0
1573009190271961917,12294,1573009190217674970,,80.0
1573009190325802094,12295,1573009190271894931,,80.0
1573009190380045967,12296,1573009190325124979,,80.0
1573009190433572945,12297,1573009190379228115,,80.0
1573009190488977109,12298,1573009190432970046,,80.0
1573009190541650299,12299,1573009190487297058,,80.0
1573009190596855624,12300,1573009190541445970,,80.0
1573009190649330060,12301,1573009190595952987,,80.0
1573009191003125572,12302,1573009190648706912,,80.0
1573009191057653074,12303,1573009191002518892,,80.0
1573009191111227909,12304,1573009191057590007,,80.0
1573009191164166990,12305,1573009191110176086,,80.0
1573009191219399039,12306,1573009191163620948,,80.0
1573009191273639356,12307,1573009191218899011,,80.0
1573009191327202840,12308,1573009191272845983,,80.0
1573009191380412347,12309,1573009191326390027,,80.0
1573009191486141577,12310,1573009191379965066,,80.0
1573009191540470058,12311,1573009191485562086,,80.0
1573009191595128173,12312,1573009191539917945,,79.8912887573
1573009191648391400,12313,1573009191593724966,,77.8466186523
1573009191702663801,12314,1573009191647994041,,75.2959747314
1573009191756564912,12315,1573009191701613903,,72.5077438354
1573009191810049137,12316,1573009191755400896,,69.7646026611
1573009191864201758,12317,1573009191809374094,,67.0659484863
1573009191918006602,12318,1573009191863492012,,64.3600463867
1573009191971935931,12319,1573009191917617082,,61.6537971497
1573009192025917195,12320,1573009191971219062,,58.9736976624
1573009192079718453,12321,1573009192025258064,,56.2717475891
1573009192131627539,12322,1573009192079030990,,53.5831031799
1573009192184582676,12323,1573009192131320953,,51.0208930969
1573009192239024132,12324,1573009192184115886,,48.4339408875
1573009192293151515,12325,1573009192237854957,,45.7469863892
1573009192348157604,12326,1573009192291838884,,43.0477905273
1573009192401110220,12327,1573009192346685886,,40.3602905273
1573009192455438787,12328,1573009192400708913,,37.7131614685
1573009192510206725,12329,1573009192454961061,,35.0548057556
1573009192564545472,12330,1573009192509057998,,32.4040565491
1573009192667313557,12331,1573009192562645912,,29.7782478333
1573009192721224530,12332,1573009192666650056,,24.5780410767
1573009192775560065,12333,1573009192720320940,,21.8944969177
1573009192828643202,12334,1573009192774065971,,19.207244873
1573009192882869440,12335,1573009192827541112,,16.5334873199
1573009192984742908,12336,1573009192881138086,,13.8536396027
1573009193038113610,12337,1573009192983930110,,10.0
1573009193092374921,12338,1573009193037653923,,10.0
1573009193146016654,12339,1573009193091065883,,10.0
1573009193199909007,12340,1573009193145414113,,10.0
1573009193254067584,12341,1573009193199404954,,10.0
1573009193308401505,12342,1573009193252583026,,10.0
1573009193362419768,12343,1573009193307096958,,10.0
1573009193414541250,12344,1573009193360987901,,10.0
1573009193519022349,12345,1573009193414045095,,10.0
1573009193570511287,12346,1573009193517597913,,10.0
1573009193624457660,12347,1573009193570025920,,10.0
1573009193678450256,12348,1573009193623887062,,10.0
1573009193782290069,12349,1573009193677659988,,10.0
1573009193836328624,12350,1573009193781650066,,10.0
1573009193889486577,12351,1573009193836008071,,10.0
1573009193943699077,12352,1573009193888566017,,10.0
1573009193996616548,12353,1573009193942101001,,10.0
1573009194051057475,12354,1573009193996058940,,10.0
1573009194104090269,12355,1573009194049515008,,10.0
1573009194157793140,12356,1573009194103233098,,10.0
1573009194210322788,12357,1573009194156939029,,10.0
1573009194263445059,12358,1573009194209920883,,10.0
1573009194318164643,12359,1573009194262319087,,10.0
1573009194372090518,12360,1573009194316844940,,10.0
1573009194475014818,12361,1573009194370631933,,10.0
1573009194529035551,12362,1573009194474571943,,10.0
1573009194582918321,12363,1573009194528547048,,10.0
1573009194636835656,12364,1573009194582269906,,10.0
1573009194691024488,12365,1573009194636194944,,10.0
1573009194747279357,12366,1573009194690247058,,10.0
1573009194800104613,12367,1573009194746419906,,10.0
1573009194854322694,12368,1573009194799860954,,10.0
1573009194908080480,12369,1573009194853543043,,10.0
1573009194961793354,12370,1573009194907541990,,10.0
1573009195014815946,12371,1573009194961057901,,10.0
1573009195068849440,12372,1573009195014275074,,10.0
1573009195122500529,12373,1573009195068118095,,10.0
1573009195227654121,12374,1573009195122220993,,10.0
1573009195280968476,12375,1573009195226006031,,10.0
1573009195334983037,12376,1573009195279450893,,10.0
1573009195388807494,12377,1573009195334392070,,10.0
1573009195493791761,12378,1573009195388354063,,10.0
1573009195548480715,12379,1573009195493182897,,10.0
1573009195602203294,12380,1573009195547568082,,10.0
1573009195655738694,12381,1573009195601216077,,10.0
1573009195709808795,12382,1573009195655209064,,10.0
1573009195763396722,12383,1573009195709168910,,10.0
1573009195817414228,12384,1573009195762909889,,10.0
1573009195871646362,12385,1573009195816814899,,10.0
1573009195925489974,12386,1573009195870873928,,10.0
1573009195981810915,12387,1573009195924882888,,10.0
1573009196034782358,12388,1573009195980010032,,10.0
1573009196088515849,12389,1573009196033888101,,10.0
1573009196142589464,12390,1573009196087584018,,10.0
1573009196248393401,12391,1573009196141588926,,10.0
1573009196302204930,12392,1573009196247095108,,10.0
1573009196355945772,12393,1573009196300796985,,10.0
1573009196409093370,12394,1573009196354460000,,10.0
1573009196513708570,12395,1573009196408891916,,10.0
1573009196567295520,12396,1573009196512706041,,10.0
1573009196622426188,12397,1573009196566757917,,10.0
1573009196674352633,12398,1573009196620610952,,10.0
1573009196777814965,12399,1573009196673470973,,10.0
1573009196832141270,12400,1573009196777142047,,10.0
1573009196885312944,12401,1573009196830616950,,10.0
1573009196940032823,12402,1573009196884660959,,10.0
1573009196993543613,12403,1573009196938410043,,10.0
1573009197049667616,12404,1573009196994330883,,10.0
1573009197102986829,12405,1573009197048513889,,10.0
1573009197155990964,12406,1573009197102524042,,10.0
1573009197209222593,12407,1573009197155317068,,10.0
1573009197263054155,12408,1573009197207830905,,10.0
1573009197315052445,12409,1573009197261465072,,10.0
1573009197368217991,12410,1573009197314215898,,10.0
1573009197421370386,12411,1573009197366893053,,10.0
1573009197525297600,12412,1573009197420888900,,10.0
1573009197579132602,12413,1573009197524542093,,10.0
1573009197632639599,12414,1573009197578058004,,10.0
1573009197687005393,12415,1573009197631819963,,10.0
1573009197741335276,12416,1573009197685040950,,10.0
1573009197795061655,12417,1573009197739799976,,10.0
1573009197847666546,12418,1573009197793401002,,10.0
1573009197902637123,12419,1573009197847187995,,10.0
1573009197956258359,12420,1573009197901520013,,10.0
1573009198010226640,12421,1573009197955569028,,10.0
1573009198063280581,12422,1573009198008897066,,10.0
1573009198117997432,12423,1573009198062813997,,10.0
1573009198171589354,12424,1573009198116504907,,10.0
1573009198275444997,12425,1573009198171144008,,10.0
1573009198330506588,12426,1573009198275043010,,10.0
1573009198383472197,12427,1573009198328929901,,10.0
1573009198488488212,12428,1573009198383244991,,10.0
1573009198542516240,12429,1573009198487905025,,10.0
1573009198596663284,12430,1573009198542078018,,10.0
1573009198651206542,12431,1573009198596205949,,10.0
1573009198704663199,12432,1573009198650422096,,10.0
1573009198759820120,12433,1573009198704063892,,10.0
1573009198813474441,12434,1573009198759337902,,10.0
1573009198870136702,12435,1573009198813232898,,10.0
1573009198923864398,12436,1573009198868356943,,10.0
1573009199026531814,12437,1573009198922224044,,10.0
1573009199080788628,12438,1573009199025891065,,10.0
1573009199134963109,12439,1573009199079591989,,10.0
1573009199188433120,12440,1573009199133450031,,10.0
1573009199243792305,12441,1573009199187448024,,10.0
1573009199297501486,12442,1573009199242793083,,10.0
1573009199351710205,12443,1573009199296216964,,10.0
1573009199404880036,12444,1573009199350301027,,10.0
1573009199508927456,12445,1573009199404052972,,10.0
1573009199563341030,12446,1573009199507632970,,10.0
1573009199617154174,12447,1573009199561705112,,10.0
1573009199671141007,12448,1573009199615663051,,10.0
1573009199725003887,12449,1573009199669493913,,10.0
1573009199779163538,12450,1573009199724473953,,10.0
1573009199833105246,12451,1573009199778407096,,10.0
1573009199887919308,12452,1573009199832747936,,10.0
1573009199990149117,12453,1573009199886631965,,10.0
1573009200043909007,12454,1573009199989355087,,10.0
1573009200099954958,12455,1573009200043054103,,10.0
1573009200203033376,12456,1573009200098082065,,10.0
1573009200256279228,12457,1573009200201900959,,10.0
1573009200310728469,12458,1573009200255497932,,10.0
1573009200363409077,12459,1573009200309030055,,10.0
1573009200417597361,12460,1573009200362821102,,10.0
1573009200474161411,12461,1573009200417414903,,10.0
1573009200528484450,12462,1573009200472415924,,10.0
1573009200582184999,12463,1573009200526820898,,10.0
1573009200636303169,12464,1573009200580687046,,10.0
1573009200739143431,12465,1573009200634706974,,10.0
1573009200793449444,12466,1573009200738850116,,10.0
1573009200847599514,12467,1573009200792812108,,10.0
1573009200900375986,12468,1573009200846599102,,10.0
1573009200954650207,12469,1573009200899710893,,10.0
1573009201008496709,12470,1573009200953617095,,10.0
1573009201061256210,12471,1573009201007708072,,10.0
1573009201116159859,12472,1573009201060933113,,10.0
1573009201170018588,12473,1573009201115622997,,10.0
1573009201225102530,12474,1573009201169663906,,10.0
1573009201278190659,12475,1573009201223346948,,10.5905132294
1573009201332658487,12476,1573009201277470111,,13.1343021393
1573009201385398800,12477,1573009201330724954,,14.2526540756
1573009201488842456,12478,1573009201384774923,,13.7662038803
1573009201543441459,12479,1573009201488708972,,10.0
1573009201596966735,12480,1573009201542665958,,10.0
1573009201651352660,12481,1573009201596489906,,10.0
1573009201704325117,12482,1573009201650305986,,10.0
1573009201758875946,12483,1573009201703991889,,10.0
1573009201813447586,12484,1573009201758505105,,10.0
1573009201866963245,12485,1573009201812163114,,10.0
1573009201920777518,12486,1573009201866111040,,10.0
1573009201975642872,12487,1573009201920048952,,10.0
1573009202029792740,12488,1573009201974839925,,10.0
1573009202084422545,12489,1573009202029201030,,10.0
1573009202139863001,12490,1573009202082901000,,10.0
1573009202244029017,12491,1573009202139086961,,10.0
1573009202298476464,12492,1573009202243155002,,10.0
1573009202354349365,12493,1573009202298125028,,10.0
1573009202459051911,12494,1573009202353625059,,10.0
1573009202512595301,12495,1573009202457899093,,10.0
1573009202565947330,12496,1573009202511748075,,10.0
1573009202619951879,12497,1573009202565428018,,10.0
1573009202723725623,12498,1573009202619050025,,10.0
1573009202777426464,12499,1573009202723073959,,10.0
1573009202832759929,12500,1573009202776957035,,10.0
1573009202887424364,12501,1573009202831999063,,10.0
1573009202991304006,12502,1573009202885596036,,10.0
1573009203045365593,12503,1573009202990982055,,10.0
1573009203099246851,12504,1573009203044636964,,10.0
1573009203152666810,12505,1573009203098239898,,10.0
1573009203257392729,12506,1573009203151973962,,10.0
1573009203309791033,12507,1573009203255942106,,10.0
1573009203364504207,12508,1573009203309312105,,10.0
1573009203416211592,12509,1573009203362950086,,10.0
1573009203520445380,12510,1573009203415313959,,10.0
1573009203573425550,12511,1573009203518852949,,10.0
1573009203627887114,12512,1573009203572678089,,10.0
1573009203732098455,12513,1573009203626791000,,10.0
1573009203785950562,12514,1573009203730525970,,10.0
1573009203839038688,12515,1573009203784204006,,10.0
1573009203892788178,12516,1573009203838112115,,10.0
1573009203947607016,12517,1573009203892149925,,10.0
1573009204001950891,12518,1573009203946955919,,10.0
1573009204057520379,12519,1573009204002670049,,10.0
1573009204111499530,12520,1573009204057177066,,10.0
1573009204166172579,12521,1573009204111309051,,10.0
1573009204270306283,12522,1573009204164670944,,10.0
1573009204323704701,12523,1573009204268591880,,10.0
1573009204377253985,12524,1573009204322963953,,10.0
1573009204431627682,12525,1573009204377072095,,10.0
1573009204487473846,12526,1573009204430672883,,10.0
1573009204540843374,12527,1573009204485980987,,10.0
1573009204594449316,12528,1573009204539364099,,10.0
1573009204648134968,12529,1573009204593461036,,10.0
1573009204701899316,12530,1573009204647274017,,10.0
1573009204755931854,12531,1573009204701103925,,10.0
1573009204809844474,12532,1573009204755300045,,10.0
1573009204864025605,12533,1573009204809072017,,10.0
1573009204967639462,12534,1573009204862809896,,10.0
1573009205022252715,12535,1573009204967736959,,10.0
1573009205077322112,12536,1573009205021436929,,10.0
1573009205131581072,12537,1573009205076765060,,10.0
1573009205185285192,12538,1573009205130795001,,10.0
1573009205237523866,12539,1573009205184400081,,10.0
1573009205288882986,12540,1573009205237317085,,10.0
1573009205343298032,12541,1573009205288398027,,10.0
1573009205396955618,12542,1573009205342117071,,10.0
1573009205451022900,12543,1573009205396106958,,10.0
1573009205506074350,12544,1573009205450206041,,10.0
1573009205560753405,12545,1573009205504746913,,10.0
1573009205615862914,12546,1573009205560074090,,10.0
1573009205670206544,12547,1573009205615053892,,10.0
1573009205723551482,12548,1573009205668819904,,10.0
1573009205776904087,12549,1573009205722609043,,10.0
1573009205830511598,12550,1573009205776212930,,10.0
1573009205884866873,12551,1573009205829847097,,10.0
1573009205988978078,12552,1573009205884169101,,10.0
1573009206042150275,12553,1573009205987721920,,10.0
1573009206096633122,12554,1573009206041577100,,10.0
1573009206200489477,12555,1573009206095499038,,10.0
1573009206252505474,12556,1573009206199826955,,10.0
1573009206307201959,12557,1573009206252041101,,10.0
1573009206360080530,12558,1573009206305898904,,10.0
1573009206414155134,12559,1573009206359062910,,10.0
1573009206467230792,12560,1573009206412586927,,10.0
1573009206520931599,12561,1573009206466110944,,10.0
1573009206575121360,12562,1573009206519833087,,10.0
1573009206629241933,12563,1573009206573719024,,10.0
1573009206682197004,12564,1573009206627635955,,10.0
1573009206737597743,12565,1573009206681376934,,10.0
1573009206790800695,12566,1573009206736031055,,10.0
1573009206843636041,12567,1573009206789963006,,10.0
1573009206897332582,12568,1573009206842756986,,10.0
1573009206949101484,12569,1573009206896578073,,10.0
1573009207003581013,12570,1573009206948827028,,10.0
1573009207058283447,12571,1573009207002814054,,10.0
1573009207112379795,12572,1573009207057501077,,10.0
1573009207166634472,12573,1573009207111520051,,10.0
1573009207221481973,12574,1573009207165617942,,10.0
1573009207276776014,12575,1573009207222201108,,10.0
1573009207328136994,12576,1573009207275983095,,10.0
1573009207382737628,12577,1573009207328162908,,10.0
1573009207436132370,12578,1573009207381272077,,10.0
1573009207489512212,12579,1573009207435156106,,10.0
1573009207543546340,12580,1573009207488805055,,10.0
1573009207597486212,12581,1573009207542651891,,10.0
1573009207701445018,12582,1573009207596982955,,10.0
1573009207756103023,12583,1573009207700900077,,10.0
1573009207808460049,12584,1573009207755099058,,10.0
1573009207862517902,12585,1573009207807619094,,10.0
1573009207916440232,12586,1573009207861005067,,10.0
1573009208020188241,12587,1573009207915195941,,10.0
1573009208074465552,12588,1573009208019624948,,10.0
1573009208127415348,12589,1573009208073709011,,10.0
1573009208180953931,12590,1573009208126518011,,10.0
1573009208235576352,12591,1573009208180421113,,10.0
1573009208290556458,12592,1573009208235337972,,10.0
1573009208344335736,12593,1573009208289084911,,10.0
1573009208398312479,12594,1573009208343875885,,10.0
1573009208452480218,12595,1573009208397434949,,10.0
1573009208506074041,12596,1573009208451486110,,10.0
1573009208560531202,12597,1573009208505328893,,10.0
1573009208613884593,12598,1573009208559037923,,10.0
1573009208667408017,12599,1573009208613018989,,10.0
1573009208723410838,12600,1573009208666906118,,10.0
1573009208777691243,12601,1573009208722590923,,10.0
1573009208832060668,12602,1573009208777031898,,10.0
1573009208884624674,12603,1573009208830590963,,10.0
1573009208938155270,12604,1573009208883910894,,10.0
1573009208993181432,12605,1573009208937568902,,10.0
1573009209046212325,12606,1573009208991549015,,10.0
1573009209101063966,12607,1573009209045533895,,10.0
1573009209155145851,12608,1573009209100410938,,10.0
1573009209208046692,12609,1573009209154354095,,10.0
1573009209263082749,12610,1573009209207000017,,10.0
1573009209314518538,12611,1573009209261221885,,10.0
1573009209368376496,12612,1573009209313669919,,10.0
1573009209471993784,12613,1573009209367434978,,10.0
1573009209526256618,12614,1573009209471426010,,10.0
1573009209580425437,12615,1573009209525415897,,10.0
1573009209634091296,12616,1573009209579821109,,10.0
1573009209689567216,12617,1573009209633596897,,10.0
1573009209742813771,12618,1573009209689637899,,10.0
1573009209796352655,12619,1573009209742472887,,10.0
1573009209850687598,12620,1573009209795197010,,10.0
1573009209955673452,12621,1573009209849217891,,10.0
1573009210008761753,12622,1573009209954329013,,10.0
1573009210063943118,12623,1573009210008227109,,10.0
1573009210118623151,12624,1573009210063220977,,10.0
1573009210224107729,12625,1573009210117593050,,10.0
1573009210276636064,12626,1573009210222300052,,10.0
1573009210332202146,12627,1573009210276248931,,10.0
1573009210385762420,12628,1573009210331377983,,10.0
1573009210439501679,12629,1573009210385361909,,10.0
1573009210492357087,12630,1573009210439301967,,10.0
1573009210548116534,12631,1573009210491955041,,10.0
1573009210602068673,12632,1573009210547313928,,10.3321533203
1573009210656745470,12633,1573009210601277112,,11.19556427
1573009210710714748,12634,1573009210656135082,,12.5670137405
1573009210764609018,12635,1573009210709788084,,14.3912153244
1573009210818830380,12636,1573009210764090061,,17.0520133972
1573009210923563618,12637,1573009210818175077,,19.7562637329
1573009210977787801,12638,1573009210923209905,,25.0080051422
1573009211030353195,12639,1573009210977046012,,27.6998100281
1573009211083119411,12640,1573009211029808044,,30.3379116058
1573009211137043631,12641,1573009211082709074,,32.982963562
1573009211189901628,12642,1573009211135960102,,35.6455154419
1573009211243387274,12643,1573009211189281940,,38.3116073608
1573009211295724353,12644,1573009211242880105,,40.9915161133
1573009211350200122,12645,1573009211295084953,,43.6017570496
1573009211452218544,12646,1573009211349325895,,46.3138046265
1573009211505851497,12647,1573009211451536893,,51.4243545532
1573009211559940357,12648,1573009211505127906,,54.1039047241
1573009211614455141,12649,1573009211559029102,,56.7989654541
1573009211667966718,12650,1573009211612821102,,59.4885635376
1573009211720559782,12651,1573009211665849924,,62.140007019
1573009212021270553,12652,1573009211719474077,,64.8212127686
1573009212076111294,12653,1573009212020670890,,79.8810577393
1573009212130267544,12654,1573009212075833082,,80.0
1573009212184768592,12655,1573009212129698991,,80.0
1573009212238536096,12656,1573009212183696985,,80.0
1573009212292656150,12657,1573009212238048076,,80.0
1573009212346193639,12658,1573009212291865110,,80.0
1573009212401397875,12659,1573009212345675945,,80.0
1573009212455056877,12660,1573009212399807929,,80.0
1573009212508743002,12661,1573009212454200983,,80.0
1573009212563653669,12662,1573009212507700920,,80.0
1573009212617253643,12663,1573009212562148094,,80.0
1573009212671873950,12664,1573009212615919113,,80.0
1573009212724466922,12665,1573009212669909954,,80.0
1573009212778079421,12666,1573009212724013090,,80.0
1573009212831172486,12667,1573009212776878118,,80.0
1573009212884804572,12668,1573009212831510066,,80.0
1573009212938653636,12669,1573009212884268999,,80.0
1573009212991308885,12670,1573009212938190937,,80.0
1573009213046320446,12671,1573009212990963935,,80.0
1573009213099972875,12672,1573009213044651985,,80.0
1573009213153557673,12673,1573009213099442958,,80.0
1573009213208706642,12674,1573009213153506040,,80.0
1573009213262592594,12675,1573009213207673072,,80.0
1573009213366578077,12676,1573009213261802911,,80.0
1573009213421194828,12677,1573009213365999937,,80.0
1573009213474414946,12678,1573009213419727087,,80.0
1573009213529101283,12679,1573009213473706007,,80.0
1573009213632845398,12680,1573009213527784109,,80.0
1573009213684685880,12681,1573009213631441116,,80.0
1573009213738540339,12682,1573009213684312105,,80.0
1573009213793216511,12683,1573009213738198995,,80.0
1573009213845344541,12684,1573009213791870117,,80.0
1573009213899098269,12685,1573009213844593048,,80.0
1573009213949884134,12686,1573009213898400068,,80.0
1573009214001021420,12687,1573009213949624061,,80.0
1573009214055899843,12688,1573009214000564098,,80.0
1573009214159750500,12689,1573009214055464982,,80.0
1573009214213562655,12690,1573009214159179925,,80.0
1573009214267628645,12691,1573009214212652921,,80.0
1573009214321652996,12692,1573009214267069101,,80.0
1573009214425702574,12693,1573009214320971965,,80.0
1573009214478945154,12694,1573009214424204111,,80.0
1573009214531703417,12695,1573009214478420019,,80.0
1573009214586851475,12696,1573009214531227111,,80.0
1573009214689832439,12697,1573009214584968090,,80.0
1573009214743872108,12698,1573009214689141035,,80.0
1573009214798076125,12699,1573009214743066072,,80.0
1573009214850227973,12700,1573009214796747922,,80.0
1573009214904479292,12701,1573009214850025892,,80.0
1573009214958472088,12702,1573009214903640031,,80.0
1573009215011693710,12703,1573009214957170963,,80.0
1573009215067187837,12704,1573009215011197090,,80.0
1573009215120492388,12705,1573009215065685987,,80.0
1573009215171619814,12706,1573009215119528055,,80.0
1573009215222674258,12707,1573009215171308040,,80.0
1573009215276754005,12708,1573009215222234964,,80.0
1573009215331020523,12709,1573009215276046991,,80.0
1573009215385061675,12710,1573009215329608917,,80.0
1573009215437680203,12711,1573009215384351968,,80.0
1573009215491631360,12712,1573009215437180042,,80.0
1573009215545229047,12713,1573009215490869045,,80.0
1573009215599169590,12714,1573009215544842004,,80.0
