%time,field.header.seq,field.header.stamp,field.header.frame_id,field.linear_x,field.linear_y,field.linear_z
1573008674181586673,414,1573008674128384113,,-5.73579454795e-05,-6.67040148983e-05,-7.0661342761e-05
1573008674236420144,415,1573008674182349920,,-2.94368101095e-06,-7.4344306995e-06,1.62916294357e-05
1573008674290772476,416,1573008674237373113,,-6.39051941107e-05,-3.50239110958e-06,-3.07318623527e-05
1573008674345811525,417,1573008674291636943,,-8.04550145403e-05,-7.77010500315e-05,-0.000110167653474
1573008674399474301,418,1573008674346194982,,5.51359553356e-05,7.37725349609e-05,9.29518937482e-05
1573008674453447923,419,1573008674400312900,,7.94551233412e-05,1.44463483593e-05,6.11960640526e-05
1573008674556394114,420,1573008674454446077,,2.17647611862e-05,2.77349386124e-07,1.3508280972e-05
1573008674611148769,421,1573008674556777000,,8.96788787941e-06,-9.97347797238e-06,-7.96678941697e-05
1573008674664046002,422,1573008674610501050,,3.26927001879e-05,5.21765323356e-05,6.61601152387e-05
1573008674718208447,423,1573008674664894104,,5.76151214773e-05,2.1417008611e-05,6.85081977281e-05
1573008674772091425,424,1573008674718838930,,1.22067403936e-05,-5.22149857716e-05,-9.01156236068e-05
1573008674825922151,425,1573008674772768020,,1.48962571984e-05,4.1766979848e-06,-9.60374180181e-08
1573008674880220486,426,1573008674826721906,,2.67593131866e-05,5.59943873668e-06,-1.37621291287e-05
1573008674933946845,427,1573008674881165027,,-6.28916823189e-05,-4.47471222742e-07,-3.4807198972e-05
1573008674987432516,428,1573008674934022903,,5.99167094606e-07,-4.87458128191e-05,-4.13035559177e-05
1573008675039544031,429,1573008674988046884,,-2.64585250989e-05,-1.23232695159e-07,-3.09593306156e-05
1573008675093109002,430,1573008675039771080,,0.000675654562656,3.54943695129e-05,-3.35955592163e-05
1573008675148456676,431,1573008675093612909,,2.22931230383e-05,-1.05055005406e-05,1.77834554052e-05
1573008675200815466,432,1573008675147564888,,7.54895663704e-05,3.23650747305e-05,6.23411760898e-05
1573008675306028485,433,1573008675201381921,,-0.00013874747674,-6.18613412371e-05,-0.000112675159471
1573008675360237381,434,1573008675306963920,,0.000156158901518,8.30685821711e-05,0.000135944967042
1573008675413898756,435,1573008675361270904,,-4.30823274655e-05,-2.92510085274e-05,-1.13348314699e-05
1573008675468038113,436,1573008675414361953,,-1.40711781569e-05,1.72090185515e-05,2.8631582154e-06
1573008675521979992,437,1573008675468590021,,0.000150792475324,4.77216053696e-05,0.000118732452393
1573008675576756904,438,1573008675522944927,,-7.58113601478e-05,-4.56803136331e-05,-6.80287776049e-05
1573008675631476224,439,1573008675577955961,,-2.225024582e-05,-1.08894455479e-05,9.44054954743e-06
1573008675685812841,440,1573008675632277965,,6.06063040323e-05,-1.99052610697e-05,1.94289009414e-06
1573008675789817093,441,1573008675686553001,,-8.68759816512e-05,-5.88244693063e-05,-9.18814039323e-05
1573008675844320616,442,1573008675790441989,,-1.08406884465e-05,-8.60590589582e-05,-0.000109648754005
1573008675898343382,443,1573008675844913959,,0.000178548129043,7.33145570848e-05,0.000128011757624
1573008675951421708,444,1573008675899070024,,3.89687811548e-05,9.68332096818e-06,4.83033472847e-05
1573008676002862504,445,1573008675951806068,,-0.0001619340037,-8.80482184584e-05,-0.000166170924786
1573008676057142487,446,1573008676003020048,,3.56454329449e-05,7.09418673068e-05,0.000111795867269
1573008676111277664,447,1573008676057410001,,3.82326579711e-05,3.68360015273e-05,5.39219909115e-05
1573008676166789962,448,1573008676111911058,,2.32216194718e-07,1.0713141819e-05,3.48821740772e-05
1573008676271241052,449,1573008676167879104,,-4.04483835155e-05,-7.75521839387e-05,-0.000131090448122
1573008676325876476,450,1573008676271814107,,9.24586638575e-05,-4.42048512923e-05,-3.18860365951e-05
1573008676380649671,451,1573008676326757907,,0.00315225822851,0.000104707964056,-0.000160946830874
1573008676435450298,452,1573008676381922006,,5.93783806835e-05,-1.5566496586e-05,-4.38524984929e-05
1573008676489678433,453,1573008676436352014,,-3.36496282216e-06,-3.94474373024e-05,-4.75307642773e-05
1573008676546805740,454,1573008676491857051,,3.90549648728e-05,2.96304679068e-05,3.56330201612e-05
1573008676600830413,455,1573008676547264099,,1.30921544041e-05,2.7039399356e-05,7.31105246814e-05
1573008676704867626,456,1573008676601574897,,-0.0035535232164,-9.72972920863e-05,0.00019423381309
1573008676759982650,457,1573008676705632925,,3.99094133172e-05,4.98605113535e-05,4.01555516873e-05
1573008676814299777,458,1573008676761133909,,-9.56802905421e-05,-0.000100008677691,-0.000159084200277
1573008676868392821,459,1573008676815407991,,0.000334200245561,5.26710500708e-05,4.20029864472e-05
1573008676922551446,460,1573008676869254112,,6.51215486869e-06,-5.34466562385e-06,6.84215274305e-06
1573008677025806231,461,1573008676923295974,,-2.16813041334e-05,-7.69484267948e-06,-5.66258459003e-05
1573008677079611139,462,1573008677026173114,,-1.6315107132e-05,4.17462470068e-05,9.03228938114e-05
1573008677133003517,463,1573008677080307006,,6.44164447294e-06,7.538904174e-05,6.76773997839e-05
1573008677186613518,464,1573008677133465051,,3.33368261636e-05,-2.77834969893e-05,-4.25071302743e-05
1573008677240918596,465,1573008677187427997,,-3.96628165618e-05,-7.36758884159e-05,-7.50602266635e-05
1573008677294827736,466,1573008677241590023,,1.81228278961e-05,4.63478718302e-05,4.67967729492e-05
1573008677348852500,467,1573008677295258045,,4.76369932585e-05,-3.74441879103e-06,7.71786799305e-05
1573008677402916228,468,1573008677349488019,,-2.05792957786e-06,2.5055862352e-05,7.91487618699e-05
1573008677456751495,469,1573008677403440952,,-5.17562148161e-05,5.56838166688e-08,-7.05259444658e-05
1573008677561496064,470,1573008677458192110,,0.000122028548503,4.9614695854e-06,4.02221012337e-05
1573008677615526103,471,1573008677562177896,,7.76425349613e-06,5.65821255805e-06,-2.37691765506e-05
1573008677669914264,472,1573008677616645097,,0.000776546017732,1.19035539683e-05,-4.18959934905e-05
1573008677724035000,473,1573008677670676946,,-0.000933275208808,-4.08499399782e-05,2.18598343054e-05
1573008677777704386,474,1573008677724581956,,0.000173954220372,5.32561170985e-05,2.07384618989e-05
1573008677831141014,475,1573008677778290987,,5.61491433473e-05,4.56103261968e-05,0.000103718521132
1573008677884951728,476,1573008677831460952,,-6.53409915685e-06,1.24335485907e-06,3.76573589165e-05
1573008677939170296,477,1573008677885560035,,1.41211476148e-05,-6.17656405666e-05,-7.265930617e-05
1573008677992868424,478,1573008677939886093,,-2.05835676752e-05,3.91600660805e-05,-1.11439412649e-05
1573008678047889949,479,1573008677993902921,,4.73995205539e-05,-4.22059783887e-05,-9.21251848922e-05
1573008678102005766,480,1573008678048701047,,2.88081173494e-05,-2.48889082286e-05,-3.95966453652e-05
1573008678157374941,481,1573008678102545976,,2.98814484267e-06,-2.63730015604e-08,-8.64351386554e-06
1573008678261395010,482,1573008678158164978,,-7.61664487072e-05,-9.36665310292e-05,-0.000118821866636
1573008678316345358,483,1573008678263139963,,-3.06616639136e-05,9.58252639975e-05,0.000108409818495
1573008678371698103,484,1573008678316972970,,-4.02150271839e-06,-1.93481919268e-05,-1.2552487533e-05
1573008678425797688,485,1573008678372551918,,1.40199426824e-05,-9.48985980358e-05,-8.56494443724e-05
1573008678530120434,486,1573008678426785945,,-0.000114149806905,-1.80772749445e-05,-7.6617434388e-05
1573008678584002479,487,1573008678530602931,,-6.28773341305e-05,-7.01761655364e-06,-2.25246658374e-05
1573008678638265860,488,1573008678585009098,,-0.000128442363348,-9.15525088203e-05,-0.000149060739204
1573008678691930689,489,1573008678638705968,,1.96861146833e-05,1.70275889104e-05,5.37623964192e-05
1573008678746290856,490,1573008678692293882,,0.00799073558301,0.000185816403246,-0.000357748038368
1573008678800626391,491,1573008678747404098,,-7.40869325e-07,2.07626071642e-05,1.63506756508e-05
1573008678856574579,492,1573008678801377058,,-0.000131568900542,-5.91274874751e-05,-0.000112098554382
1573008678959221589,493,1573008678855694055,,-3.85131497751e-05,-7.01120443409e-05,-0.000175316483364
1573008679013240358,494,1573008678959970951,,-2.19323737838e-05,6.20849750703e-05,9.11423630896e-05
1573008679067010351,495,1573008679014329910,,2.04827938433e-05,9.21276878216e-05,0.000171399384271
1573008679120861686,496,1573008679067646026,,0.000122031306091,2.36414489336e-05,6.76219933666e-05
1573008679176959107,497,1573008679121596097,,5.0503975217e-05,-7.35388020985e-05,-0.000146555161336
1573008679231102636,498,1573008679177911996,,-0.00044976657955,-1.54891022248e-05,2.57058945863e-06
1573008679285191931,499,1573008679231827020,,6.42349477857e-05,-2.40843601205e-05,-7.02824618202e-05
1573008679339342145,500,1573008679286036968,,-1.04723585537e-05,-3.69611666429e-06,-1.52535858433e-05
1573008679393355030,501,1573008679339987993,,-4.44183424406e-05,-6.8732064392e-05,-5.94924676989e-05
1573008679497165656,502,1573008679394095897,,5.96600439167e-05,8.8536842668e-05,0.000115599796118
1573008679551325884,503,1573008679498090982,,-0.000185645840247,-0.000123474863358,-0.000213880164665
1573008679605685751,504,1573008679552391052,,8.2123777247e-05,-4.05088030675e-05,-1.84945401998e-05
1573008679659015575,505,1573008679606167078,,0.000183786251,0.000142175078508,0.00023034811602
1573008679713493688,506,1573008679659320116,,-4.7257359256e-05,-4.42587588623e-05,-4.56241141364e-05
1573008679769657407,507,1573008679714862108,,-5.80669657211e-05,1.54867339006e-05,-4.52083331766e-05
1573008679822335417,508,1573008679768914937,,-6.59620272927e-05,-3.89834940506e-06,7.38020116842e-06
1573008679876470006,509,1573008679823018074,,-9.55174982664e-05,-8.23494992801e-05,-7.23021221347e-05
1573008679980423073,510,1573008679877172946,,7.41864132578e-05,2.59003591054e-05,3.72060567315e-05
1573008680034775213,511,1573008679981271028,,6.44582978566e-05,6.09532435192e-05,7.74690925027e-05
1573008680088968557,512,1573008680035393953,,-9.18818914215e-05,-3.18369275192e-05,-4.95130079798e-05
1573008680143280829,513,1573008680089481115,,-2.31829253607e-05,6.02998225077e-05,4.76093446196e-05
1573008680196912480,514,1573008680143420934,,2.61402801698e-05,6.55411931803e-05,6.64103354211e-05
1573008680252264757,515,1573008680198434114,,2.62971734628e-05,-7.39329698263e-05,-0.000134434347274
1573008680304774193,516,1573008680252475023,,2.17260876525e-05,7.90487956692e-06,3.16956684401e-05
1573008680358234252,517,1573008680304888963,,-9.26731881918e-05,-3.95996576117e-05,-3.35445038218e-05
1573008680461952076,518,1573008680358814954,,-8.44639453135e-06,8.42969602672e-05,8.89240473043e-05
1573008680515082531,519,1573008680462733983,,7.74016643845e-06,-5.3876585298e-05,-7.54579596105e-05
1573008680569834506,520,1573008680515700101,,2.78698153124e-05,-5.3307780945e-06,3.54223411705e-05
1573008680673630430,521,1573008680570441007,,2.1310233933e-05,4.09760068578e-05,4.40915646323e-05
1573008680727557955,522,1573008680674392938,,-4.05025712098e-05,8.81934465724e-05,4.88634650537e-05
1573008680782242461,523,1573008680728501081,,-6.40873054181e-07,-4.42551281594e-05,-4.9303387641e-05
1573008680836253315,524,1573008680782741069,,7.33223059797e-05,-2.13892708416e-05,3.87470790884e-05
1573008680889363603,525,1573008680836883068,,0.000113625465019,7.85175070632e-05,0.000154293898959
1573008680943685720,526,1573008680889936923,,-5.95739111304e-05,-3.88751723222e-05,-1.29867530632e-05
1573008680998355244,527,1573008680945044994,,-2.48197502515e-05,3.06930342049e-05,3.81778663723e-05
1573008681053504550,528,1573008680999418973,,4.07376501244e-05,5.84757362958e-05,0.000125592312543
1573008681107043589,529,1573008681053507089,,-2.34260514844e-05,-8.9345696324e-05,-8.39428321342e-05
1573008681212358231,530,1573008681107896089,,-1.10036862679e-05,8.42020454002e-05,6.84038750478e-05
1573008681265404757,531,1573008681211772918,,-0.000175929293619,-1.82903713721e-05,1.02842602701e-06
1573008681319126540,532,1573008681265538930,,3.79416087526e-05,6.05858440395e-05,8.47022529342e-05
1573008681373028230,533,1573008681319544076,,1.8622551579e-05,-3.06296278723e-05,4.41169177066e-05
1573008681476586591,534,1573008681373424053,,-1.13613793928e-06,4.22473385697e-05,-5.8793266362e-06
1573008681531190693,535,1573008681477312088,,-1.45985277413e-05,-3.13536911563e-05,9.17112720344e-06
1573008681883554054,536,1573008681532440900,,6.30045906291e-05,-1.65080982697e-05,-3.29741196765e-05
1573008681936886655,537,1573008681883789062,,2.1501649826e-05,1.76303001354e-05,7.1466434747e-05
1573008681990442267,538,1573008681937720060,,-0.000836829363834,0.000108338397695,-0.00079955928959
1573008682043839021,539,1573008681990768909,,0.000125839273096,0.000774888147134,-0.00601733289659
1573008682096919954,540,1573008682044718980,,0.000480527669424,-0.000118627627671,-0.00983510911465
1573008682148868449,541,1573008682096693992,,0.000267517432803,-0.000433317967691,-0.0109419096261
1573008682202223711,542,1573008682149149894,,-1.26314571389e-05,-0.000259482127149,-0.0103740040213
1573008682256383079,543,1573008682203176021,,-0.00029634515522,-0.000342336687027,-0.010668807663
1573008682310064408,544,1573008682256845951,,-0.000364548555808,-0.000226181160542,-0.0103069329634
1573008682364160526,545,1573008682310830116,,-0.000367052009096,-0.000120068165415,-0.0103510655463
1573008682468303703,546,1573008682364739894,,9.85252627288e-05,2.42279656959e-05,-0.00967054441571
1573008682523093647,547,1573008682469182968,,0.000204482668778,-3.63606850442e-05,-0.0101991742849
1573008682576937152,548,1573008682523420095,,-0.000223764000111,-3.77735632355e-05,-0.0101935090497
1573008682630788855,549,1573008682577384948,,-0.000281111540971,-8.78016289789e-05,-0.0100843105465
1573008682735165974,550,1573008682631427049,,-6.11321738688e-05,3.24256257045e-06,-0.00997312087566
1573008682787899350,551,1573008682735395908,,-5.61534470762e-05,7.55811051931e-05,-0.00990299042314
1573008682841991857,552,1573008682788322925,,-6.56659321976e-05,3.46526794601e-05,-0.0102664418519
1573008682896480900,553,1573008682842397928,,-8.6697327788e-05,5.38396598131e-05,-0.00984837766737
1573008682950473744,554,1573008682896747112,,0.00013946533727,5.95062047068e-05,-0.00985403824598
1573008683004824769,555,1573008682951662063,,-0.00025818485301,4.56410416518e-05,-0.0100282486528
1573008683058747699,556,1573008683005477905,,-0.000249891425483,-0.000130568005261,-0.010044388473
1573008683113171898,557,1573008683059416055,,-0.000172972446308,3.97000003431e-05,-0.00998608861119
1573008683217815655,558,1573008683113450050,,8.34101447253e-05,6.26232504146e-05,-0.00968398619443
1573008683272749529,559,1573008683219474077,,-3.51196831616e-05,-9.00197483134e-05,-0.0102331889793
1573008683325212027,560,1573008683272962093,,-8.33634549053e-05,-1.09371121653e-05,-0.0104237971827
1573008683379483548,561,1573008683325959920,,-5.55132573936e-05,8.05131712696e-05,-0.00996405724436
1573008683482859687,562,1573008683379555940,,-7.04241538187e-05,-8.34822640172e-05,-0.0102458670735
1573008683536884755,563,1573008683483438968,,-0.000172268075403,-3.06591064145e-05,-0.010107498616
1573008683591099895,564,1573008683537391901,,-0.00016039214097,6.10920105828e-05,-0.0101106790826
1573008683645251781,565,1573008683591631889,,0.000165202814969,-3.25486216752e-05,-0.0100017376244
1573008683750687861,566,1573008683645669937,,-0.00039153319085,-7.02805618857e-06,-0.00973734725267
1573008683803270035,567,1573008683749712944,,-0.000232400372624,0.000105241189885,-0.0101805366576
1573008683858071934,568,1573008683803764104,,-0.000188426623936,3.71437017748e-05,-0.00984899234027
1573008683962091085,569,1573008683858613014,,-2.00832096198e-06,8.55883481563e-05,-0.0101699521765
1573008684016189167,570,1573008683962887048,,0.000192041683476,-3.01868349197e-05,-0.0100072026253
1573008684070387061,571,1573008684016952991,,1.59821920533e-05,1.38664927363e-05,-0.0100288400427
1573008684124878507,572,1573008684070915937,,-0.000447082333267,-1.89197362488e-05,-0.00998117215931
1573008684230442892,573,1573008684125793933,,-3.38374193234e-05,-2.61327136286e-06,-0.0094948830083
1573008684284473185,574,1573008684231090068,,-0.000302846892737,-3.74385053874e-05,-0.0105385510251
1573008684337797613,575,1573008684285181999,,-0.00020308153762,-7.79558540671e-05,-0.0101461978629
1573008684440174501,576,1573008684338217973,,0.000121924022096,2.97837668768e-05,-0.00985863991082
1573008684493642498,577,1573008684440421104,,-7.93374856585e-05,-0.000136512593599,-0.0103893987834
1573008684548291664,578,1573008684494395971,,-0.000111553439638,5.00537680637e-06,-0.00990347936749
1573008684601842504,579,1573008684548355102,,-4.92315775773e-05,-1.97406625375e-05,-0.00999059062451
1573008684655614090,580,1573008684602428913,,2.55547784036e-05,-0.000185432727449,-0.0100560281426
1573008684709381554,581,1573008684656105995,,-0.000131168766529,-7.60990806157e-05,-0.010088394396
1573008684764089951,582,1573008684710374116,,-7.91031052358e-05,7.12300898158e-05,-0.0101367961615
1573008684817807712,583,1573008684764498949,,4.88200530526e-05,3.74985756935e-05,-0.0099813034758
1573008684871731651,584,1573008684818336009,,0.000215960666537,-1.00403503893e-05,-0.00969529524446
1573008684976369984,585,1573008684872517108,,-0.000151631582412,-0.000124422134832,-0.010255523026
1573008685031578988,586,1573008684977927923,,-0.000181939831236,0.00013943448721,-0.00993817672133
1573008685085559678,587,1573008685032093048,,-1.86164993465e-06,4.27294544352e-05,-0.00998093839735
1573008685139117863,588,1573008685085578918,,0.000199048867216,-6.38541387161e-05,-0.00997892580926
1573008685244596768,589,1573008685139846086,,0.000102923186205,1.9629418091e-08,-0.0100854923949
1573008685298166520,590,1573008685244813919,,-0.000113377980597,0.000151985790581,-0.00986493006349
1573008685353245498,591,1573008685298770904,,-7.2363698564e-05,2.01663715416e-06,-0.010007943958
1573008685457949714,592,1573008685354612112,,-3.05411231238e-05,-1.04320315586e-05,-0.00994904246181
1573008685513502637,593,1573008685460073947,,-0.000167692021932,-3.55033625965e-05,-0.0100464234129
1573008685568461800,594,1573008685513638973,,2.09915779124e-05,-0.000100136909168,-0.00982325989753
1573008685622195138,595,1573008685569063901,,0.000212097002077,2.74016638286e-05,-0.00968112237751
1573008685676386491,596,1573008685622917890,,0.000213081468246,7.62020717957e-05,-0.0100564556196
1573008685730856139,597,1573008685677495002,,-0.000261478446191,-5.76760044169e-07,-0.00986926443875
1573008685784687377,598,1573008685731451034,,-0.000312402524287,2.24639861699e-05,-0.00991106033325
1573008685838697979,599,1573008685785329103,,-6.37770936009e-05,3.66007880075e-05,-0.00980585254729
1573008685893337721,600,1573008685839231967,,0.000168383703567,-2.53601956501e-06,-0.009691295214
1573008685948148892,601,1573008685893570899,,6.62762613501e-05,2.37462099903e-05,-0.010412639007
1573008686001871450,602,1573008685948360919,,2.38764209826e-06,0.000106147454062,-0.00988248828799
1573008686055981770,603,1573008686002624988,,6.32418377791e-05,4.29186147812e-05,-0.0101106148213
1573008686110550268,604,1573008686057029962,,0.000225096213399,6.25485918135e-05,-0.0100764911622
1573008686214617872,605,1573008686111248016,,-0.000139543772093,-1.20034956126e-05,-0.0100332451984
1573008686268202568,606,1573008686215117931,,-0.000103937112726,3.24716129398e-05,-0.00999003462493
1573008686322880325,607,1573008686269284963,,3.67641914636e-05,-6.79165032125e-06,-0.00999208725989
1573008686426401828,608,1573008686323853969,,0.000161407151609,-3.91831090383e-05,-0.0100892158225
1573008686480810594,609,1573008686427177906,,-0.000154560955707,4.59279071947e-05,-0.0100162578747
1573008686533400174,610,1573008686481043100,,2.02440787689e-05,-5.34641912964e-05,-0.0103858439252
1573008686587704156,611,1573008686533827066,,6.2814753619e-05,-0.000136112852488,-0.0100552160293
1573008686641657095,612,1573008686588363885,,-2.54809729086e-05,-4.01920915465e-05,-0.00987968035042
1573008686697579716,613,1573008686642394065,,-4.27095255873e-05,-1.97881799977e-05,-0.0103065567091
1573008686752398021,614,1573008686699083089,,-0.0001898095652,-9.12647665245e-05,-0.00995361525565
1573008686806385338,615,1573008686753247022,,0.000194710839423,1.57866707013e-05,-0.0102027803659
1573008686860131546,616,1573008686806909084,,0.000191869126866,0.000137187525979,-0.0100627439097
1573008686965152946,617,1573008686861361026,,-0.000109992593934,-3.98437696276e-05,-0.0101228095591
1573008687018896560,618,1573008686965449094,,-0.000160355222761,-6.52116141282e-05,-0.00980759877712
1573008687072359845,619,1573008687018959045,,0.000153900982696,3.36599623552e-05,-0.010019203648
1573008687125691737,620,1573008687071981906,,0.000134792149765,7.98191176727e-05,-0.0100024854764
1573008687180096811,621,1573008687126733064,,7.48798483983e-05,3.20949766319e-05,-0.00994526781142
1573008687234411846,622,1573008687180699110,,-0.000179009875865,5.89027367823e-05,-0.0101024443284
1573008687288698331,623,1573008687235038995,,-6.04239030508e-05,-3.3798264667e-06,-0.00986895523965
1573008687343386126,624,1573008687289834976,,0.000157518239575,3.22208579746e-05,-0.00961153022945
1573008687398620338,625,1573008687344237089,,8.54353929753e-05,-2.79331179627e-05,-0.00990881305188
1573008687454139756,626,1573008687398116111,,-0.000192440144019,-4.93980660394e-05,-0.0102980621159
1573008687508613514,627,1573008687455323934,,-6.42645391054e-05,2.60427877947e-05,-0.0100501421839
1573008687562781807,628,1573008687509243011,,0.000103091872006,-9.70236851572e-06,-0.0100371837616
1573008687665955766,629,1573008687562941074,,-3.81314785045e-05,1.35415837121e-06,-0.00977638084441
1573008687719557171,630,1573008687667058944,,1.52981192514e-05,9.26226057345e-05,-0.0102465376258
1573008687773119397,631,1573008687719976902,,2.06240638363e-05,-6.6350949055e-05,-0.0098988013342
1573008687827075550,632,1573008687773655891,,-8.68955394253e-05,-0.0001328492217,-0.0100704105571
1573008687930442519,633,1573008687827735900,,-3.00902447634e-05,0.000127704857732,-0.00990058109164
1573008687984784461,634,1573008687931015014,,0.000219596840907,3.42110288329e-05,-0.00982913002372
1573008688038760829,635,1573008687985392093,,0.000397909199819,2.56027051364e-05,-0.00997222028673
1573008688093015711,636,1573008688039510011,,-1.81732157216e-05,1.43329984326e-07,-0.00984711386263
1573008688147352160,637,1573008688093718051,,-0.000137124356115,3.75083545805e-05,-0.00979557260871
1573008688250634585,638,1573008688147506952,,-4.70637169201e-05,4.06497892982e-05,-0.0104076405987
1573008688304695437,639,1573008688251405954,,4.55296176369e-05,-1.15777238534e-05,-0.00978863611817
1573008688358869365,640,1573008688304831981,,0.000149586456246,5.02454458911e-05,-0.00992249790579
1573008688412805887,641,1573008688359585046,,-1.41550226544e-05,-1.28056672111e-05,-0.00988656841218
1573008688467186508,642,1573008688413830041,,9.96218368527e-05,-7.55450582801e-06,-0.0102475276217
1573008688521378872,643,1573008688467767953,,8.88055637915e-06,-3.04516997858e-05,-0.00991043820977
1573008688577085723,644,1573008688522145986,,-2.09481204365e-05,5.13203713126e-06,-0.00987684726715
1573008688629136485,645,1573008688576114892,,-8.15370804048e-05,-9.73423593678e-05,-0.0102392034605
1573008688683737469,646,1573008688630114078,,-7.32137123123e-05,1.0466373169e-05,-0.0102139404044
1573008688740574206,647,1573008688686347007,,-1.31843489726e-05,3.83968254027e-05,-0.00993922166526
1573008688794532544,648,1573008688741069078,,0.000192798543139,-2.07810771826e-05,-0.0097040059045
1573008688848778558,649,1573008688795109987,,0.000271568220342,-8.14089289634e-05,-0.0100451027974
1573008688953937781,650,1573008688849121093,,-0.000185293814866,-1.28509427668e-05,-0.0101854065433
1573008689008046970,651,1573008688954826116,,0.000230895500863,-1.0164781088e-05,-0.00991086661816
1573008689062519656,652,1573008689009015083,,0.000176207278855,3.60864942195e-05,-0.00988956168294
1573008689116748753,653,1573008689062845945,,0.0493464171886,0.00390384439379,-0.0121490014717
1573008689171969950,654,1573008689117477893,,7.13705667295e-05,1.91746803466e-05,-0.0102270981297
1573008689224459332,655,1573008689172117948,,0.000328453606926,5.54487087356e-05,-0.00978910829872
1573008689278857694,656,1573008689225043058,,0.000112227535283,5.16388427059e-05,-0.00991325359792
1573008689332845448,657,1573008689279556989,,-0.000162838798133,-2.97676269838e-05,-0.0100923543796
1573008689387480046,658,1573008689333523035,,-0.000155734553118,-7.99425906735e-05,-0.0102819027379
1573008689441144185,659,1573008689387891054,,0.000119721633382,7.40367686376e-05,-0.00975163374096
1573008689495650528,660,1573008689441946029,,0.000325860106386,6.966572073e-06,-0.00982370227575
1573008689549226301,661,1573008689495867013,,0.000201903560082,-7.9545956396e-05,-0.00965326558799
1573008689602532027,662,1573008689549993991,,-2.72464440059e-05,-5.09378987772e-05,-0.0100521100685
1573008689656342508,663,1573008689602849006,,-7.28424784029e-05,2.42920868914e-05,-0.0105309737846
1573008689711859256,664,1573008689658360004,,-1.69415743585e-05,8.24151065899e-05,-0.00970136746764
1573008689765828517,665,1573008689712388992,,5.57125276828e-05,-4.64113072667e-05,-0.00997813232243
1573008689819601826,666,1573008689766248941,,9.29106608965e-05,-4.29630672443e-05,-0.0100683346391
1573008689923424677,667,1573008689820544004,,-1.24820717247e-05,6.42527811578e-06,-0.00994681566954
1573008689976709907,668,1573008689923842906,,0.000377243588446,4.34394241893e-05,-0.0100755421445
1573008690031273046,669,1573008689978013992,,0.000266322836978,2.57239971688e-05,-0.00971673242748
1573008690085216450,670,1573008690031999111,,6.1856721004e-05,4.65277626063e-05,-0.0101634114981
1573008690189652246,671,1573008690085906982,,-0.000175676817889,2.38116190303e-05,-0.0100594628602
1573008690243845119,672,1573008690190341949,,7.54955690354e-05,3.06758629449e-05,-0.00997955165803
1573008690297889847,673,1573008690244535923,,0.000124671860249,-3.5533310438e-05,-0.0100593315437
1573008690351119809,674,1573008690298686027,,-4.47338243248e-05,-5.18236010976e-05,-0.0101707605645
1573008690405148319,675,1573008690351670026,,0.000108208558231,8.83537286427e-05,-0.0099500156939
1573008690458935338,676,1573008690405524969,,0.000198925132281,0.000148305582115,-0.00966424308717
1573008690511442141,677,1573008690459414958,,0.000104563856439,8.1569320173e-05,-0.00981170684099
1573008690564800456,678,1573008690511563062,,-0.000139774478157,9.33221963351e-06,-0.00986555591226
1573008690619373124,679,1573008690565604925,,-0.00012289523147,-7.15565765859e-05,-0.0102034080774
1573008690674413528,680,1573008690619626998,,4.8341407819e-06,-1.23485178847e-05,-0.0102101424709
1573008690728532819,681,1573008690675355911,,4.90805505251e-05,-8.21326684672e-05,-0.0101481322199
1573008690783094197,682,1573008690729537963,,0.000113858099212,4.93503248435e-05,-0.00973013881594
1573008690887516688,683,1573008690783905982,,-8.94386539585e-05,-1.06340094135e-05,-0.0100880824029
1573008690941641353,684,1573008690888276100,,0.0001369813981,-9.25927670323e-05,-0.0103631662205
1573008690996424318,685,1573008690942468881,,8.96210185601e-05,-9.43370878304e-07,-0.00983732845634
1573008691050116789,686,1573008690996638059,,-6.20171922492e-05,-1.35143063744e-05,-0.0098036788404
1573008691104083109,687,1573008691050584077,,-1.78404134203e-05,3.99893724534e-05,-0.00993958394974
1573008691159016498,688,1573008691104341030,,3.53585273842e-05,3.89776287193e-05,-0.0100502986461
1573008691213112850,689,1573008691159858942,,0.000250507262535,4.48684877483e-05,-0.00976548623294
1573008691268750694,690,1573008691213696002,,0.000187424317119,-3.43794963555e-05,-0.0100566213951
1573008691374010640,691,1573008691269172906,,-0.000109821230581,0.000131959546707,-0.00993673596531
1573008691427249792,692,1573008691373321056,,7.15850255801e-05,-5.35205363121e-05,-0.0100165018812
1573008691481327592,693,1573008691427544116,,0.000185994271305,4.56692505395e-05,-0.0101988436654
1573008691536048496,694,1573008691482151031,,0.000183786789421,9.37186341616e-05,-0.00987241696566
1573008691589191704,695,1573008691537503957,,9.09966402105e-05,0.000214234896703,-0.00959006976336
1573008691642833854,696,1573008691589446067,,-4.75125343655e-05,-2.1641715648e-05,-0.0103203942999
1573008691696500992,697,1573008691643292903,,0.000104863363958,-9.45815700106e-05,-0.0102386334911
1573008691750578253,698,1573008691697124958,,5.46175833733e-05,2.75334277831e-05,-0.00974927749485
1573008691804681636,699,1573008691751245975,,-0.000140262112836,0.000103096550447,-0.00993432104588
1573008691909241064,700,1573008691805586099,,-8.22989095468e-05,-0.000156459078426,-0.0100648393854
1573008691963572078,701,1573008691909702062,,0.000758493028115,-2.21900518227e-05,-0.00962739996612
1573008692016888308,702,1573008691963825941,,0.000836661376525,3.45506741724e-05,-0.00540208211169
1573008692071171936,703,1573008692017936944,,-0.000597806239966,-0.000672405236401,0.00152071099728
1573008692125169698,704,1573008692072016000,,-0.00139044690877,-0.00045942037832,0.00917086936533
1573008692179619975,705,1573008692126182079,,-0.000450023100711,0.000325472443365,0.0106616923586
1573008692233950348,706,1573008692180299043,,0.000241561006987,0.000491474056616,0.0111469198018
1573008692288200351,707,1573008692234685897,,0.000607334950473,0.000439076742623,0.0109530743212
1573008692342059149,708,1573008692288639068,,0.000488059653435,0.000197017172468,0.0105751017109
1573008692397244125,709,1573008692344000101,,3.73121438315e-05,0.000135113965371,0.0100364852697
1573008692451632671,710,1573008692398212909,,2.45314113272e-05,4.72365718451e-05,0.0103098694235
1573008692505951873,711,1573008692452289104,,4.81253346152e-06,0.000129671694594,0.0103187933564
1573008692559958165,712,1573008692506026029,,1.83689771802e-05,0.000185083845281,0.0102437734604
1573008692614038251,713,1573008692560312986,,5.83738001296e-05,-8.83738684934e-05,0.00986067764461
1573008692667918867,714,1573008692614392995,,-3.47745262843e-05,2.85398546112e-05,0.0099683040753
1573008692721602893,715,1573008692668661117,,0.000130726970383,0.000117846597277,0.0102565893903
1573008692776017808,716,1573008692722604990,,-2.86487575067e-05,5.48755488126e-05,0.0101805338636
1573008692829956383,717,1573008692776774883,,-0.000100100114651,2.43353788392e-05,0.010087352246
1573008692884352422,718,1573008692830882072,,-8.17602631287e-05,8.20950663183e-05,0.00997856352478
1573008692938331176,719,1573008692884903907,,9.58352029556e-05,3.68761757272e-05,0.0100796762854
1573008692992166262,720,1573008692938875913,,0.000114865848445,1.21483471958e-05,0.0102383773774
1573008693096275909,721,1573008692993110895,,9.0555047791e-05,-2.88231944978e-06,0.00991211365908
1573008693150292557,722,1573008693096937894,,-9.7974707387e-06,0.00010556520283,0.00998135283589
1573008693204816553,723,1573008693150978088,,-0.000250314071309,-5.28967320861e-05,0.00987433735281
1573008693259806416,724,1573008693205166101,,-0.000180755829206,-1.39662852234e-05,0.00994157698005
1573008693313657702,725,1573008693260493993,,-2.98788454529e-05,6.10172428424e-05,0.0101552885026
1573008693368063163,726,1573008693314471960,,-0.000102912148577,-0.000109931104816,0.0098006753251
1573008693422971724,727,1573008693369059085,,1.89483107533e-05,-0.000113501409942,0.00987415760756
1573008693479343567,728,1573008693423307895,,4.56758934888e-05,-6.60852820147e-05,0.00992966350168
1573008693583655104,729,1573008693478776931,,-7.48526508687e-05,9.08811562113e-05,0.0100133912638
1573008693637852281,730,1573008693584265947,,-0.000141598546179,-0.000118964111607,0.00977000594139
1573008693691472764,731,1573008693638448953,,-0.00012744810374,-0.000144732024637,0.0097696846351
1573008693745811164,732,1573008693692614078,,2.96922971756e-05,3.10168325086e-05,0.0102579295635
1573008693849260149,733,1573008693746131896,,9.69105531112e-05,-6.29811665931e-06,0.00993460044265
1573008693903740483,734,1573008693849720954,,6.52140224702e-05,0.000150195046444,0.0101784160361
1573008693957547254,735,1573008693904215097,,-0.000100748562545,9.72365523921e-05,0.0101788183674
1573008694011801499,736,1573008693958417892,,-0.0001097896602,-2.87271268462e-05,0.00987141020596
1573008694116130658,737,1573008694012346029,,-0.000189295547898,-1.30428834382e-05,0.00992396101356
1573008694169450880,738,1573008694116377115,,0.000163870819961,5.89988812862e-05,0.0101042399183
1573008694223813437,739,1573008694170420885,,0.000156723457621,6.40056168777e-05,0.0103892395273
1573008694327778438,740,1573008694224486112,,0.000146406804561,-3.20587932947e-05,0.00971489958465
1573008694381926508,741,1573008694328598976,,2.94143483188e-05,9.40580139286e-05,0.00997724197805
1573008694436713923,742,1573008694382464885,,-0.000100873454357,1.14755927427e-07,0.00991638749838
1573008694490204053,743,1573008694437187910,,-2.85983496724e-05,-0.00010042021313,0.0102574154735
1573008694545017470,744,1573008694491611003,,3.921782627e-05,-6.24297681497e-05,0.0102143473923
1573008694599217468,745,1573008694545804023,,5.38863350812e-05,4.00104399887e-05,0.0100432839245
1573008694653350907,746,1573008694599755048,,0.000129361622385,3.1378789572e-05,0.00997925363481
1573008694707855068,747,1573008694654247999,,-3.23780004692e-05,-0.00010184023995,0.00986122619361
1573008694761794011,748,1573008694708300113,,-7.23624762031e-05,2.91034975817e-05,0.00980468466878
1573008694865492547,749,1573008694762203931,,-9.65784929576e-05,2.54900369328e-05,0.00996360462159
1573008694920171521,750,1573008694866689920,,0.000118250049127,-2.16331845877e-05,0.00990716088563
1573008694974334912,751,1573008694920936107,,0.000215478998143,2.13731054828e-05,0.0100886737928
1573008695028243405,752,1573008694974898099,,2.71653170785e-05,4.41907832283e-05,0.0101548945531
1573008695082075639,753,1573008695028898000,,-0.000155071611516,2.28693897952e-06,0.00977519433945
1573008695137315463,754,1573008695084228038,,-3.1298292015e-05,2.8690765248e-05,0.00980586931109
1573008695192696159,755,1573008695138405084,,-4.46707599622e-06,-3.18412021443e-05,0.00990817509592
1573008695245384900,756,1573008695192456960,,-2.01706757252e-06,6.40386133455e-05,0.0102982865646
1573008695349724773,757,1573008695246509075,,2.36613664129e-06,-8.8821281679e-05,0.00991059746593
1573008695403921855,758,1573008695350570917,,0.000202646289836,2.97503884212e-05,0.0100456280634
1573008695456650551,759,1573008695404728889,,7.09464147803e-05,6.02588479524e-05,0.0100594665855
1573008695510349612,760,1573008695457175970,,-1.87916539289e-05,1.41515911309e-05,0.00991003215313
1573008695614324393,761,1573008695510839939,,-0.000204480922548,-5.29123462911e-05,0.00957953184843
1573008695668311736,762,1573008695615057945,,0.000120870863611,-8.63512741489e-06,0.0102128582075
1573008695721428400,763,1573008695668916940,,-3.43783976859e-05,-9.78826792561e-05,0.0102068446577
1573008695775135287,764,1573008695721878051,,-4.74817097711e-05,-6.2688923208e-05,0.00976768694818
1573008695879550522,765,1573008695775717020,,-1.26499217004e-05,-3.21885863741e-06,0.00996943190694
1573008695933391218,766,1573008695879816055,,7.60229231673e-05,-1.06061679617e-05,0.0100999642164
1573008695987661651,767,1573008695934387922,,-9.4804156106e-05,1.0244672012e-05,0.00999356806278
1573008696041306265,768,1573008695988327026,,5.16869185958e-05,0.00011705468205,0.0100203016773
1573008696097367337,769,1573008696042495965,,-7.99942336016e-06,5.06714241055e-05,0.0100703965873
1573008696151694464,770,1573008696097987890,,3.27499801642e-05,4.36362643086e-05,0.0098203253001
1573008696204551843,771,1573008696151679039,,0.000183450218174,6.58437420498e-05,0.0100240558386
1573008696258262233,772,1573008696205096960,,9.48969172896e-05,-7.63083880884e-06,0.00978244375437
1573008696362689868,773,1573008696259275913,,6.37207413092e-05,4.05414393754e-05,0.0102053200826
1573008696416780814,774,1573008696363188028,,4.49708422821e-05,-3.70635571016e-05,0.00995433423668
1573008696471001674,775,1573008696417500019,,2.94881238005e-06,2.8813332392e-05,0.00992004852742
1573008696525175957,776,1573008696471956014,,-0.000235851519392,5.34114133188e-06,0.0100694512948
1573008696580023767,777,1573008696526143074,,-3.18410275213e-05,-1.20999984574e-05,0.00995952822268
1573008696634679297,778,1573008696581454038,,0.000207936551305,1.15755337902e-05,0.0100285653025
1573008696688850159,779,1573008696635237932,,0.000255140272202,-4.82109862787e-05,0.0100416103378
1573008696742053475,780,1573008696688908100,,0.000199573085411,-2.37310214288e-05,0.0101366331801
1573008696846756591,781,1573008696742624998,,-0.000103900165414,-1.84741147677e-05,0.0097930226475
1573008696899367720,782,1573008696846045017,,0.00514469202608,0.000314562319545,0.00959180761129
1573008696953090092,783,1573008696899802923,,-5.60963708267e-05,4.40812800662e-05,0.0103565575555
1573008697057374362,784,1573008696953944921,,1.42895924e-05,8.61013322719e-05,0.0102654891089
1573008697111462411,785,1573008697058041095,,4.20566575485e-05,4.02140904043e-05,0.00996241811663
1573008697165295946,786,1573008697112066030,,0.000106217165012,3.02372445731e-05,0.0100887296721
1573008697219227662,787,1573008697165899991,,-0.000154029316036,3.86473402614e-05,0.0102357054129
1573008697273055986,788,1573008697219734907,,-0.00025716170785,-3.24762731907e-05,0.0101495403796
1573008697328701433,789,1573008697274044990,,-8.7500360678e-05,-2.10365069506e-05,0.00997484195977
1573008697383766740,790,1573008697329399108,,0.000309340597596,4.2389256123e-06,0.00993473362178
1573008697439460870,791,1573008697384387969,,0.000214904997847,-8.3542377979e-05,0.00977485626936
1573008697492520543,792,1573008697438069105,,-7.56097069825e-05,-9.24124251469e-05,0.010192791
1573008697597387312,793,1573008697492793083,,-0.000182896983461,4.04239945055e-05,0.0099507085979
1573008697650576687,794,1573008697596947908,,-0.000144754798384,-4.22067241743e-05,0.00963935628533
1573008697704018259,795,1573008697650902032,,-7.67463006923e-06,6.17046025582e-05,0.0102715892717
1573008697758257241,796,1573008697704459905,,-9.25310905586e-06,-1.70436953795e-06,0.0103308074176
1573008697861652729,797,1573008697758346080,,0.000105728613562,-5.66406342841e-05,0.0100298961625
1573008697916224664,798,1573008697862643957,,5.32238082087e-05,7.38830276532e-05,0.010134158656
1573008697970054054,799,1573008697916794061,,-0.000205509029911,4.72886968055e-05,0.00994799379259
1573008698024556144,800,1573008697971000909,,-0.000352203351213,-0.000105309329228,0.00966410245746
1573008698078096668,801,1573008698025191068,,0.000165860299603,1.54190911417e-05,0.0101059526205
1573008698132420162,802,1573008698079024076,,0.000168170910911,-3.67171742255e-05,0.0101051675156
1573008698186065441,803,1573008698132961034,,0.000146725651575,-1.51137669491e-06,0.0100814774632
1573008698240439692,804,1573008698187092065,,1.46270949699e-05,-3.08844682877e-05,0.00999200623482
1573008698344126888,805,1573008698241219043,,0.000134112269734,0.000122794735944,0.0102049326524
1573008698397682618,806,1573008698344432115,,-0.000151168351294,-1.08364092739e-05,0.00987084582448
1573008698451585202,807,1573008698398262023,,-8.55934995343e-05,-4.29849933425e-05,0.00999216642231
1573008698505580505,808,1573008698452254056,,-4.5008782763e-05,3.73877082893e-05,0.00999901536852
1573008698559660949,809,1573008698506349086,,-2.76214232144e-05,6.93704132573e-05,0.0100453561172
1573008698615250539,810,1573008698562192916,,9.18839577935e-05,-9.55284922384e-05,0.00984674226493
1573008698668475048,811,1573008698615973949,,-2.24319974222e-05,-9.77758172667e-05,0.00958350673318
1573008698721809972,812,1573008698668881893,,-1.88175715721e-06,-4.42056152679e-05,0.00973295234144
1573008698826299216,813,1573008698722981929,,-0.000192351828446,-1.3973048226e-05,0.0101186791435
1573008698879527228,814,1573008698827037096,,5.58210958843e-05,1.19368651212e-05,0.0101120984182
1573008698933541748,815,1573008698880323886,,-6.34578609606e-05,1.04471982922e-05,0.00994665082544
1573008698986575909,816,1573008698934259891,,2.69559113804e-05,1.47654372995e-05,0.00989195145667
1573008699089257435,817,1573008698987278938,,-6.09514681855e-05,-2.72522702289e-05,0.0100056920201
1573008699140982001,818,1573008699089637041,,5.07512486365e-05,7.48854217818e-05,0.00986217521131
1573008699193678511,819,1573008699140716075,,-0.000196279303054,1.42763656186e-05,0.00992864277214
1573008699247325814,820,1573008699194284915,,-4.25824282502e-06,-4.65269795313e-06,0.0100650740787
1573008699301611266,821,1573008699248617887,,7.95952873887e-05,-2.13521670958e-05,0.0100213475525
1573008699358821115,822,1573008699302736043,,-1.78886257345e-05,-1.50869909703e-05,0.0101308776066
1573008699411488951,823,1573008699358195066,,-6.71422094456e-05,0.000122526587802,0.0102518936619
1573008699466418397,824,1573008699411907911,,-0.00063244998455,1.66206928043e-06,0.0100902440026
1573008699518740617,825,1573008699465353012,,-1.19778896988e-05,2.68421754299e-05,0.0098088523373
1573008699572245324,826,1573008699519783020,,-0.00011656757124,4.02951809519e-05,0.00984157621861
1573008699626309215,827,1573008699572746038,,0.000102392608824,-1.38424820761e-05,0.0102074192837
1573008699679609953,828,1573008699626857995,,4.71853818453e-05,-0.0001133136102,0.00999248027802
1573008699733636397,829,1573008699680150032,,-5.06105334352e-06,-7.11339671398e-05,0.0100739914924
1573008699787636462,830,1573008699734164953,,-2.17456781684e-05,-1.42778890222e-05,0.00993031263351
1573008699841667650,831,1573008699788475036,,9.94948495645e-05,8.26732284622e-05,0.0103495642543
1573008699895758339,832,1573008699842374086,,-8.75762780197e-05,-4.78208894492e-05,0.00970915704966
1573008699949855442,833,1573008699896549940,,-0.000121994991787,-9.31012109504e-05,0.00961358007044
1573008700005498877,834,1573008699950459003,,-0.000143034762004,8.29606506159e-06,0.0100879315287
1573008700110347864,835,1573008700006469964,,0.00022862329206,2.34514191106e-05,0.0101726446301
1573008700165372941,836,1573008700111051082,,-0.000139106108691,-8.0424346379e-05,0.00981852877885
1573008700220191116,837,1573008700166372060,,3.93940899812e-05,4.40929179604e-05,0.0101821292192
1573008700273852345,838,1573008700220630884,,6.85052582412e-05,3.13041891786e-05,0.0099616535008
1573008700327333956,839,1573008700274235963,,-2.1456840841e-05,8.37571787997e-05,0.0101442011073
1573008700380631868,840,1573008700327752113,,-8.3523673311e-06,2.2811065719e-05,0.00999456085265
1573008700434357608,841,1573008700381613969,,-0.000118219555588,6.40202633804e-05,0.00973367970437
1573008700488232073,842,1573008700434895038,,3.58892975783e-06,-6.08629452472e-05,0.00989398639649
1573008700592165250,843,1573008700489167928,,6.31443108432e-05,4.3381442083e-05,0.00988703407347
1573008700648971954,844,1573008700592870950,,0.000138051153044,7.54136854084e-05,0.0103830387816
1573008700700663961,845,1573008700647953033,,-4.09316299965e-07,-1.72989493876e-05,0.010061240755
1573008700754205025,846,1573008700700939893,,-2.07667039831e-06,2.28175376833e-05,0.0100335190073
1573008700858298595,847,1573008700754920959,,1.45860030898e-05,-4.51214982604e-05,0.00989149976522
1573008700912605369,848,1573008700859174013,,3.17367812386e-05,1.84742875717e-05,0.00998074281961
1573008700965871894,849,1573008700913045883,,0.000131262087962,-7.7542521467e-05,0.00987205654383
1573008701019434531,850,1573008700965907096,,0.000271319499006,-5.30925535713e-05,0.0100802201778
1573008701123821106,851,1573008701019937992,,-6.80479024595e-06,2.67298764811e-05,0.0100463125855
1573008701178027656,852,1573008701124172925,,-0.000296382553643,-0.0001660756825,0.00974184367806
1573008701231647909,853,1573008701178447008,,5.51888806513e-05,-2.09522340811e-06,0.00977510493249
1573008701285331133,854,1573008701232161045,,0.000198632696993,9.28867884795e-05,0.0104138767347
1573008701341353380,855,1573008701286169052,,-5.61482920602e-05,3.89208144043e-05,0.00994680542499
1573008701395198920,856,1573008701341913938,,9.5509669336e-05,2.58130403381e-05,0.0101907579228
1573008701448739090,857,1573008701395490884,,4.15019094362e-05,-3.40184415109e-05,0.0101179927588
1573008701502806266,858,1573008701449435949,,2.743258392e-06,-1.3318604033e-05,0.00985996797681
1573008701607406826,859,1573008701503418922,,-0.000104853643279,-3.55010270141e-05,0.0100913792849
1573008701661344513,860,1573008701608170986,,2.97313035844e-05,3.45259795722e-05,0.00997947342694
1573008701715361148,861,1573008701662009000,,7.94026127551e-05,-7.50500403228e-05,0.0104373032227
1573008701769466379,862,1573008701715986013,,0.000169920458575,-4.76362511108e-05,0.0101732546464
1573008701874243398,863,1573008701770207881,,2.79526648228e-05,8.41017608764e-05,0.00979219842702
1573008701928482290,864,1573008701875533103,,-7.10709937266e-05,-4.17267365265e-05,0.0101278722286
1573008701982123887,865,1573008701929605007,,-0.000415659160353,-4.15250360675e-05,0.00961357168853
1573008702035711243,866,1573008701982728004,,-7.86095115473e-05,-6.94121554261e-05,0.00714462855831
1573008702089905911,867,1573008702036509037,,0.000556309241802,5.45650036656e-05,0.00156127347145
1573008702144435049,868,1573008702091527938,,6.11154755461e-05,7.84874355304e-05,0.000295994686894
1573008702199694874,869,1573008702145216941,,2.96148328971e-07,9.79697961156e-06,8.30036879051e-06
1573008702304063525,870,1573008702200527906,,3.08376147586e-05,-1.99316073122e-05,-3.52504503098e-05
1573008702358240974,871,1573008702304743051,,6.14071905147e-05,9.55153009272e-05,0.000148908773554
1573008702412132626,872,1573008702358819961,,0.00183545460459,2.31108515436e-05,-0.000179169277544
1573008702466214462,873,1573008702412718057,,-7.15182250133e-06,-2.3752967536e-05,-3.81056306651e-05
1573008702520130914,874,1573008702466730117,,-0.00108074734453,1.67237067217e-05,5.53646386834e-05
1573008702574705055,875,1573008702520618915,,-2.3739230528e-05,-2.95443624054e-05,-3.4388514905e-05
1573008702628380925,876,1573008702575126886,,8.27610419947e-05,4.16810653405e-05,-1.78487662197e-05
1573008702681970338,877,1573008702628653049,,8.31036686577e-06,1.21965661037e-06,2.59917069343e-05
1573008702736324908,878,1573008702682794094,,-3.17186131724e-05,2.4687480618e-05,4.32127599197e-05
1573008702839902550,879,1573008702736871004,,-2.78735224128e-05,1.89771926671e-05,-4.00616700063e-05
1573008702894125761,880,1573008702840908050,,2.99288731185e-05,-7.97051252448e-05,-9.42901679082e-05
1573008702948266386,881,1573008702894905090,,2.95520003419e-05,4.5091364882e-05,2.47931729973e-05
1573008703003109105,882,1573008702948992967,,1.15875473057e-05,6.09357812209e-05,7.76561937528e-05
1573008703303545837,883,1573008703002435922,,-7.26938160369e-05,-3.65033956768e-05,-3.26494518958e-05
1573008703355496660,884,1573008703303672075,,-5.63104986213e-05,3.13799755531e-05,3.818787809e-05
1573008703409064542,885,1573008703355278968,,1.16439714475e-05,2.65240578301e-05,-9.30408896238e-06
1573008703464321295,886,1573008703410990953,,-0.000100786470284,-9.25804779399e-05,-8.28761840239e-05
1573008703518385913,887,1573008703464751958,,1.86629949894e-06,-1.94063431991e-05,-3.48048597516e-05
1573008703572852691,888,1573008703519537925,,-5.34191640327e-05,-8.08158729342e-05,-6.09628768871e-05
1573008703627105187,889,1573008703573508024,,4.11112268921e-05,-3.54959047399e-05,-3.68335677194e-05
1573008703681327568,890,1573008703627690076,,-0.000149618586875,-4.48792270618e-05,-0.000154323992319
1573008703736482854,891,1573008703683309078,,0.000363308441592,2.44036036747e-05,-1.89790152945e-05
1573008703790473372,892,1573008703736972093,,5.9149133449e-05,0.000115890543384,0.00013259385014
1573008703844633848,893,1573008703791120052,,-0.000220541245653,-4.80245798826e-05,-0.000139623807627
1573008703947548691,894,1573008703845531940,,0.000198535621166,4.31172302342e-05,0.000133750218083
1573008704002069558,895,1573008703947911024,,-3.64910761164e-06,-6.5276708483e-06,-2.00383001356e-05
1573008704056088247,896,1573008704002960920,,6.45909894956e-05,7.92955870565e-06,7.16705762898e-05
1573008704109503893,897,1573008704056632995,,-3.48563225998e-05,-5.10736135766e-05,-3.62543323718e-05
1573008704164445429,898,1573008704110323905,,-6.11975046922e-05,-8.65055262693e-05,-0.000127511681058
1573008704217711972,899,1573008704164561033,,-5.21618057974e-05,-6.00384046265e-05,-6.82834142935e-05
1573008704272049986,900,1573008704218422889,,-5.40464716323e-05,-4.46665544587e-05,-0.000133659545099
1573008704325704806,901,1573008704272464990,,1.70670373336e-05,1.57976137416e-05,1.84556502063e-05
1573008704379537341,902,1573008704326498985,,3.64555526176e-05,4.76266905025e-06,7.00619348208e-05
1573008704434000434,903,1573008704380410909,,-5.12232400069e-05,-1.16548869755e-06,-8.00994675956e-05
1573008704488757414,904,1573008704434395074,,-2.53970138147e-05,2.27198761422e-05,-1.93209471036e-05
1573008704543426331,905,1573008704489356994,,3.11318253807e-05,2.06894765142e-05,2.23083643505e-05
1573008704649466469,906,1573008704544580936,,-0.00042321314686,-9.49091045186e-05,-4.65247649117e-05
1573008704705652526,907,1573008704650254964,,6.78406422594e-06,9.489616059e-05,5.93967452005e-05
1573008704755493027,908,1573008704704118013,,-0.000147809856571,-2.61839068116e-05,-6.7136985308e-05
1573008704806844255,909,1573008704755167007,,-1.44896330312e-05,-7.96349922894e-05,-2.49034565059e-05
1573008704859689362,910,1573008704806583881,,4.35875444964e-05,8.16433530417e-05,8.23676018626e-05
1573008704914384634,911,1573008704860874891,,4.50321458629e-05,-5.13938248332e-05,-7.01297612977e-05
1573008704968766201,912,1573008704914994001,,6.76819036016e-06,1.37863280543e-05,1.85994540516e-05
1573008705022421005,913,1573008704969332933,,-0.00357634807006,-6.84185215505e-05,0.000121317214507
1573008705076865215,914,1573008705023360967,,-5.44210524822e-05,9.78926400421e-05,9.31716058403e-05
