%time,field.header.seq,field.header.stamp,field.header.frame_id,field.speed,field.vx,field.vy,field.vz
1569826258934325810,2833,1569826258833282947,,0.0,0.0,0.0,-0.0
1569826259085481539,2834,1569826258933954954,,0.0,-0.0,0.0,0.0
1569826259186429246,2835,1569826259085046052,,0.0,0.0,-0.0,0.0
1569826259287444292,2836,1569826259185966014,,0.0,0.0,-0.0,0.0
1569826259389107021,2837,1569826259287096023,,0.0,0.0,0.0,0.0
1569826259489918746,2838,1569826259388484954,,0.0,0.0,-0.0,-0.0
1569826259590978790,2839,1569826259489465951,,0.0,0.0,-0.0,-0.0
1569826259691896553,2840,1569826259590567111,,0.0,0.0,-0.0,-0.0
1569826259793455661,2841,1569826259691673994,,0.0,-0.0,0.0,0.0
1569826260194715811,2842,1569826259792917013,,0.0,-9.99999974738e-06,-0.0,9.99999974738e-06
1569826260296709982,2843,1569826260194318056,,0.0,9.99999974738e-06,-9.99999974738e-06,-9.99999974738e-06
1569826260398184905,2844,1569826260295936107,,0.0,9.99999974738e-06,-1.99999994948e-05,-9.99999974738e-06
1569826260499058624,2845,1569826260397320985,,0.0,9.99999974738e-06,-1.99999994948e-05,-9.99999974738e-06
1569826260600616215,2846,1569826260499016046,,0.0,9.99999974738e-06,-1.99999994948e-05,-9.99999974738e-06
1569826260702113534,2847,1569826260600506067,,0.0,9.99999974738e-06,-1.99999994948e-05,-9.99999974738e-06
1569826260853168951,2848,1569826260701674938,,0.0,0.0,-1.99999994948e-05,-9.99999974738e-06
1569826260954528658,2849,1569826260853126049,,0.0,0.0,-1.99999994948e-05,-9.99999974738e-06
1569826261056247281,2850,1569826260954833984,,0.0,9.99999974738e-06,-9.99999974738e-06,-9.99999974738e-06
1569826261157778421,2851,1569826261056309938,,0.0,9.99999974738e-06,-1.99999994948e-05,-9.99999974738e-06
1569826261259531257,2852,1569826261157457113,,0.0,9.99999974738e-06,-1.99999994948e-05,-9.99999974738e-06
1569826261360482873,2853,1569826261258873939,,0.0,-0.0,-0.0,0.0
1569826261461844284,2854,1569826261360040903,,0.0,-0.0,-0.0,-0.0
1569826261613916074,2855,1569826261461862087,,0.0,0.0,0.0,0.0
1569826261714853880,2856,1569826261613253116,,0.0,-0.0,0.0,-0.0
1569826261816867106,2857,1569826261714838981,,0.0,-0.0,0.0,-0.0
1569826261918133548,2858,1569826261816425085,,0.0,-0.0,0.0,0.0
1569826262019620574,2859,1569826261918066978,,0.0,0.0,0.0,0.0
1569826262121797742,2860,1569826262019790887,,0.0,-0.0,-0.0,0.0
1569826262222668850,2861,1569826262121073007,,0.0,0.0,-0.0,-0.0
1569826262324642824,2862,1569826262222341060,,0.0,0.0,-0.0,-0.0
1569826262476131963,2863,1569826262324023962,,0.0,0.0,-0.0,-0.0
1569826262576743233,2864,1569826262475224018,,0.0,0.0,0.0,0.0
1569826262677961798,2865,1569826262576318979,,0.0,-0.0,-0.0,-0.0
1569826262779536814,2866,1569826262677968978,,0.0,0.0,0.0,0.0
1569826262880832783,2867,1569826262779413938,,0.0,0.0,0.0,0.0
1569826263682575051,2868,1569826262881007909,,0.0,0.0,-0.0,-0.0
1569826263783957916,2869,1569826263682152986,,0.0,-0.0,-0.0,-0.0
1569826263885001613,2870,1569826263783261060,,0.0,0.0,0.0,-0.0
1569826263985805191,2871,1569826263884408950,,0.0,-0.0,0.0,0.0
1569826264138265326,2872,1569826263985956907,,0.0,0.0,0.0,0.0
1569826264239132676,2873,1569826264137815952,,0.0,-0.0,0.0,0.0
1569826264341111662,2874,1569826264239295005,,0.0,-0.0,0.0,0.0
1569826264441962925,2875,1569826264340498924,,0.0,-0.0,0.0,0.0
1569826264543891165,2876,1569826264442073106,,0.0,-0.0,0.0,0.0
1569826264645831413,2877,1569826264543761014,,0.0,-0.0,-0.0,-0.0
1569826264746944748,2878,1569826264645102977,,0.0,0.0,0.0,0.0
1569826264848234063,2879,1569826264746293067,,0.0,9.99999974738e-06,0.0,9.99999974738e-06
1569826264998807325,2880,1569826264847362995,,0.0,-9.99999974738e-06,-0.0,0.0
1569826265100836858,2881,1569826264998526096,,0.0,0.0,-0.0,-0.0
1569826265201655731,2882,1569826265100133895,,0.0,-0.0,0.0,0.0
1569826265303435409,2883,1569826265201623916,,0.0,9.99999974738e-06,0.0,0.0
1569826265404625341,2884,1569826265302836894,,0.0,0.0,-0.0,0.0
1569826265505999847,2885,1569826265404148101,,0.0,0.0,-0.0,0.0
1569826265606884691,2886,1569826265505309104,,0.0,-0.0,-0.0,-0.0
1569826265708151170,2887,1569826265606529951,,0.0,-9.99999974738e-06,0.0,-0.0
1569826265859976767,2888,1569826265707839012,,0.0,-9.99999974738e-06,-0.0,-0.0
1569826265960804809,2889,1569826265859328985,,0.0,-0.0,0.0,-0.0
1569826266061789791,2890,1569826265960283041,,0.0,0.0,-0.0,0.0
1569826266163154229,2891,1569826266061655998,,0.0,0.0,-0.0,0.0
1569826266265019865,2892,1569826266163139104,,0.0,-0.0,-0.0,-0.0
1569826266366583598,2893,1569826266264704942,,0.0,-0.0,-0.0,-0.0
1569826266468242803,2894,1569826266366497993,,0.0,-9.99999974738e-06,0.0,-0.0
1569826266620433435,2895,1569826266468126058,,0.0,0.0,-0.0,-0.0
1569826266720776432,2896,1569826266619425058,,0.0,0.0,0.0,-0.0
1569826266822294700,2897,1569826266720325946,,0.0,9.99999974738e-06,-0.0,0.0
1569826266923097547,2898,1569826266821388006,,0.0,0.0,0.0,0.0
1569826267024936725,2899,1569826266922878026,,0.0,-0.0,-0.0,-0.0
1569826267125564875,2900,1569826267024224996,,0.0,0.0,0.0,-0.0
1569826267227684093,2901,1569826267125746011,,0.0,9.99999974738e-06,9.99999974738e-06,0.0
1569826267378967410,2902,1569826267226952075,,0.0,0.0,0.0,0.0
1569826267480666866,2903,1569826267378185033,,0.0,-0.0,-0.0,0.0
1569826267582079731,2904,1569826267479772090,,0.0,0.0,-0.0,-0.0
1569826267683133039,2905,1569826267581325054,,0.0,-0.0,0.0,0.0
1569826268134049833,2906,1569826267682717084,,0.0,-9.99999974738e-06,-0.0,-0.0
1569826268234857639,2907,1569826268134015083,,0.0,-0.0,0.0,0.0
1569826268336559339,2908,1569826268234890937,,0.0,0.0,9.99999974738e-06,0.0
1569826268488165534,2909,1569826268335891962,,0.0,0.0,9.99999974738e-06,0.0
1569826268588947097,2910,1569826268487329959,,0.0,-0.0,9.99999974738e-06,0.0
1569826268690323562,2911,1569826268588500976,,0.0,-0.0,0.0,0.0
1569826268791337266,2912,1569826268689668893,,0.0,-0.0,9.99999974738e-06,0.0
1569826268892280277,2913,1569826268790853023,,0.0,0.0,9.99999974738e-06,0.0
1569826268993311503,2914,1569826268891834020,,0.0,-0.0,0.0,0.0
1569826269095453314,2915,1569826268992985963,,0.0,0.0,9.99999974738e-06,0.0
1569826269196059724,2916,1569826269094647884,,0.0,0.0,9.99999974738e-06,9.99999974738e-06
1569826269347903986,2917,1569826269195909976,,0.0,9.99999974738e-06,0.0,0.0
1569826269449080047,2918,1569826269347104072,,0.0,0.0,0.0,9.99999974738e-06
1569826269550152389,2919,1569826269448391914,,0.0,-0.0,0.0,9.99999974738e-06
1569826269652625082,2920,1569826269550204992,,0.0,0.0,9.99999974738e-06,9.99999974738e-06
1569826269753842674,2921,1569826269651879072,,0.0,9.99999974738e-06,9.99999974738e-06,9.99999974738e-06
1569826269854964902,2922,1569826269753218889,,0.0,9.99999974738e-06,9.99999974738e-06,9.99999974738e-06
1569826269956972043,2923,1569826269854598999,,0.0,0.0,9.99999974738e-06,9.99999974738e-06
1569826270057192748,2924,1569826269956257104,,0.0,0.0,9.99999974738e-06,0.0
1569826270208851515,2925,1569826270057174921,,0.0,-0.0,0.0,0.0
1569826270311298945,2926,1569826270208903074,,0.0,-0.0,0.0,-0.0
1569826270412674865,2927,1569826270310548067,,0.0,-0.0,0.0,0.0
1569826270513193961,2928,1569826270411746978,,0.0,-0.0,9.99999974738e-06,0.0
1569826270614970007,2929,1569826270513102054,,0.0,0.0,9.99999974738e-06,0.0
1569826270715845786,2930,1569826270614233970,,0.0,0.0,0.0,-0.0
1569826270817136429,2931,1569826270715389013,,0.0,-0.0,-0.0,0.0
1569826270919109381,2932,1569826270817265033,,0.0,-9.99999974738e-06,-0.0,0.0
1569826271020166579,2933,1569826270918382883,,0.0,-0.0,0.0,9.99999974738e-06
1569826271171282480,2934,1569826271019489049,,0.0,-0.0,0.0,0.0
1569826271272581081,2935,1569826271170542001,,0.0,-0.0,0.0,0.0
1569826271373696844,2936,1569826271271908044,,0.0,-0.0,0.0,0.0
1569826271474600736,2937,1569826271373044013,,0.0,-0.0,-0.0,0.0
1569826271576261861,2938,1569826271474174022,,0.0,0.0,0.0,0.0
1569826271678034742,2939,1569826271575839996,,0.0,-0.0,-0.0,-0.0
1569826271780035437,2940,1569826271678095102,,0.0,-0.0,-0.0,-0.0
1569826271932226525,2941,1569826271780014038,,0.0,-0.0,-0.0,0.0
1569826272033156526,2942,1569826271931531906,,0.0,-0.0,-0.0,-0.0
1569826272134054034,2943,1569826272032499074,,0.0,0.0,-0.0,-9.99999974738e-06
1569826272234893930,2944,1569826272133452892,,0.0,0.0,0.0,-9.99999974738e-06
1569826272335845136,2945,1569826272234410047,,0.0,9.99999974738e-06,0.0,-0.0
1569826272487632899,2946,1569826272335731029,,0.000600000028498,-1.99999994948e-05,0.000560000014957,-0.0
1569826272588395597,2947,1569826272486886024,,0.00860000029206,-0.000169999999343,0.00858999975026,2.99999992421e-05
1569826272690244438,2948,1569826272588090896,,0.0187999997288,-0.000209999998333,0.0187800005078,3.99999989895e-05
1569826272791063945,2949,1569826272689563989,,0.0287999995053,-0.000239999993937,0.0287900008261,3.99999989895e-05
1569826272892964251,2950,1569826272790893077,,0.0390000008047,-0.000260000000708,0.039019998163,3.99999989895e-05
1569826272993686386,2951,1569826272892317056,,0.0487999990582,-0.000300000014249,0.0487699992955,1.99999994948e-05
1569826273095497322,2952,1569826272993721008,,0.0615999996662,-0.000369999994291,0.0615999996662,1.99999994948e-05
1569826273196990813,2953,1569826273095045089,,0.0724000036716,-0.000429999985499,0.07242000103,2.99999992421e-05
1569826273348262731,2954,1569826273196413040,,0.0821999981999,-0.000490000005811,0.0821899995208,2.99999992421e-05
1569826273449139653,2955,1569826273347553968,,0.0819000005722,-0.000380000012228,0.081890001893,0.0
1569826273550934635,2956,1569826273448940038,,0.0798999965191,-0.000289999996312,0.0798799991608,-9.99999974738e-06
1569826273652730299,2957,1569826273550318002,,0.0732000023127,-0.000180000002729,0.073250003159,-2.99999992421e-05
1569826273754004439,2958,1569826273651868104,,0.0606000013649,-0.000150000007125,0.0605700016022,-3.99999989895e-05
1569826273855144820,2959,1569826273753298044,,0.0480999983847,-0.000119999996969,0.0481299981475,-3.99999989895e-05
1569826273956383189,2960,1569826273854501008,,0.0355000011623,-0.000110000000859,0.0355199985206,-3.99999989895e-05
1569826274057482451,2961,1569826273955667018,,0.0234999991953,-7.9999997979e-05,0.0235300008208,-1.99999994948e-05
1569826274208914572,2962,1569826274056812047,,0.0109999999404,-9.99999974738e-06,0.0109999999404,-9.99999974738e-06
1569826274310474704,2963,1569826274208348989,,0.00249999994412,4.99999987369e-05,-0.00249999994412,-2.99999992421e-05
1569826274412124276,2964,1569826274309545040,,0.0137000000104,0.000110000000859,-0.0137000000104,-2.99999992421e-05
1569826274513149779,2965,1569826274411210060,,0.0197999998927,1.99999994948e-05,-0.0197800006717,0.0
1569826274614305608,2966,1569826274512428045,,0.0201999992132,-2.99999992421e-05,-0.020209999755,1.99999994948e-05
1569826274715070071,2967,1569826274613548994,,0.0201999992132,9.99999974738e-06,-0.0201900005341,-9.99999974738e-06
1569826274816380620,2968,1569826274715034961,,0.0200999993831,3.99999989895e-05,-0.0200699996203,-0.0
1569826274968613727,2969,1569826274816539049,,0.0200999993831,4.99999987369e-05,-0.0200999993831,0.0
1569826275069909901,2970,1569826274968168020,,0.019999999553,7.00000018696e-05,-0.0199900008738,9.99999974738e-06
1569826275172292229,2971,1569826275069971084,,0.0200999993831,9.99999974738e-05,-0.0200999993831,-9.99999974738e-06
1569826275273235135,2972,1569826275171283006,,0.019999999553,9.99999974738e-05,-0.0199599992484,-9.99999974738e-06
1569826275373938511,2973,1569826275272531032,,0.0200999993831,9.00000013644e-05,-0.0200599990785,-0.0
1569826275474687884,2974,1569826275373477935,,0.0200999993831,9.00000013644e-05,-0.0200599990785,-0.0
1569826275576303311,2975,1569826275474334001,,0.019999999553,0.000110000000859,-0.0200200006366,-0.0
1569826275677107092,2976,1569826275575464010,,0.019999999553,0.000119999996969,-0.0200200006366,-0.0
1569826275778492940,2977,1569826275677030086,,0.0198999997228,0.000110000000859,-0.0199299994856,0.0
1569826275929881583,2978,1569826275778419971,,0.0200999993831,9.99999974738e-05,-0.0200699996203,0.0
1569826276031968935,2979,1569826275929980039,,0.019999999553,0.000110000000859,-0.0199500005692,0.0
1569826276133921737,2980,1569826276031507015,,0.0200999993831,0.000110000000859,-0.0200599990785,-9.99999974738e-06
1569826276235082588,2981,1569826276133049011,,0.019999999553,9.99999974738e-05,-0.019999999553,-9.99999974738e-06
1569826276336279031,2982,1569826276234446048,,0.019999999553,9.99999974738e-05,-0.0200500003994,-0.0
1569826276436855616,2983,1569826276335634946,,0.0198999997228,0.000110000000859,-0.0199400000274,0.0
1569826276538455079,2984,1569826276436526060,,0.0198999997228,0.000119999996969,-0.0198999997228,-0.0
1569826276689341014,2985,1569826276537575006,,0.0200999993831,0.000110000000859,-0.0200800001621,-0.0
1569826276791022608,2986,1569826276688741922,,0.019999999553,9.99999974738e-05,-0.0199500005692,1.99999994948e-05
1569826276891625243,2987,1569826276790199995,,0.0200999993831,9.99999974738e-05,-0.0200900007039,-0.0
1569826276993912891,2988,1569826276891721963,,0.019999999553,0.000110000000859,-0.0199500005692,-9.99999974738e-06
1569826277094520747,2989,1569826276993141889,,0.019999999553,0.000119999996969,-0.0199699997902,-9.99999974738e-06
1569826277195866489,2990,1569826277094571113,,0.0198999997228,0.000119999996969,-0.019889999181,-9.99999974738e-06
1569826277347540620,2991,1569826277195863008,,0.0198999997228,0.000110000000859,-0.0199200008065,9.99999974738e-06
1569826277449207515,2992,1569826277347304105,,0.019999999553,0.000110000000859,-0.0199900008738,0.0
1569826277550392983,2993,1569826277448514938,,0.019999999553,0.000119999996969,-0.0200399998575,-9.99999974738e-06
1569826277651165315,2994,1569826277549674034,,0.0200999993831,0.000130000000354,-0.0200800001621,0.0
1569826277752951790,2995,1569826277650830984,,0.0198999997228,0.000130000000354,-0.0199200008065,0.0
1569826277854940749,2996,1569826277752453088,,0.0200999993831,0.000119999996969,-0.0200599990785,-1.99999994948e-05
1569826277956161280,2997,1569826277854119062,,0.0198999997228,0.000119999996969,-0.0198599994183,-0.0
1569826278057481400,2998,1569826277955425977,,0.019200000912,0.000110000000859,-0.0192200001329,9.99999974738e-06
1569826278208363663,2999,1569826278056803941,,0.0174000002444,9.99999974738e-05,-0.0173799991608,9.99999974738e-06
1569826278310221195,3000,1569826278208338975,,0.0148000000045,4.99999987369e-05,-0.0148299997672,9.99999974738e-06
1569826278410980457,3001,1569826278309530019,,0.0130000002682,3.99999989895e-05,-0.0130099998787,0.0
1569826278513315529,3002,1569826278411010980,,0.01070000045,3.99999989895e-05,-0.0106899999082,0.0
1569826278614271883,3003,1569826278512610912,,0.00879999995232,1.99999994948e-05,-0.00879999995232,0.0
1569826278716940654,3004,1569826278614315986,,0.00689999992028,0.0,-0.00686000008136,-0.0
1569826278817842133,3005,1569826278715867042,,0.00499999988824,0.0,-0.00499999988824,0.0
1569826278919232870,3006,1569826278817871093,,0.00300000002608,9.99999974738e-06,-0.00301999994554,9.99999974738e-06
1569826279020942907,3007,1569826278918854951,,0.001200000057,-9.99999974738e-06,-0.00124000001233,9.99999974738e-06
1569826279171952605,3008,1569826279020277976,,0.0,-1.99999994948e-05,-1.99999994948e-05,0.0
1569826279272626466,3009,1569826279171407938,,0.0,-1.99999994948e-05,1.99999994948e-05,-0.0
1569826279374563521,3010,1569826279272341966,,0.0,9.99999974738e-06,2.99999992421e-05,-0.0
1569826279475631947,3011,1569826279373734951,,0.0,1.99999994948e-05,2.99999992421e-05,-0.0
1569826279577349419,3012,1569826279475188970,,0.0,1.99999994948e-05,2.99999992421e-05,-0.0
1569826279678184615,3013,1569826279576771974,,0.0,9.99999974738e-06,2.99999992421e-05,-0.0
1569826279780466545,3014,1569826279678205013,,0.0,1.99999994948e-05,1.99999994948e-05,-0.0
1569826279881559556,3015,1569826279779793024,,0.0,9.99999974738e-06,1.99999994948e-05,-9.99999974738e-06
1569826280033150045,3016,1569826279881124973,,0.0,0.0,1.99999994948e-05,-9.99999974738e-06
1569826280134579047,3017,1569826280032587051,,0.0,9.99999974738e-06,9.99999974738e-06,-0.0
1569826280235531205,3018,1569826280133848905,,0.0,1.99999994948e-05,1.99999994948e-05,-0.0
1569826280336896529,3019,1569826280234996080,,0.0,9.99999974738e-06,9.99999974738e-06,-0.0
1569826280437941937,3020,1569826280336190938,,0.0,9.99999974738e-06,9.99999974738e-06,0.0
1569826280538286372,3021,1569826280437297105,,0.0,9.99999974738e-06,9.99999974738e-06,-0.0
1569826280639080914,3022,1569826280538052082,,0.0,9.99999974738e-06,9.99999974738e-06,0.0
1569826280739791919,3023,1569826280639117956,,0.0,9.99999974738e-06,9.99999974738e-06,0.0
1569826280891277709,3024,1569826280739587068,,0.0,9.99999974738e-06,9.99999974738e-06,9.99999974738e-06
1569826280992333046,3025,1569826280890748977,,0.0,-0.0,1.99999994948e-05,9.99999974738e-06
1569826281094205420,3026,1569826280992182016,,0.00279999990016,-5.99999984843e-05,0.00279000005685,2.99999992421e-05
1569826281195329035,3027,1569826281093611955,,0.0114000001922,-0.000169999999343,0.0113599998876,3.99999989895e-05
1569826281295606051,3028,1569826281194771051,,0.0220999997109,-0.000169999999343,0.0220999997109,1.99999994948e-05
1569826281397467043,3029,1569826281295442104,,0.0322000011802,-0.000220000001718,0.0322000011802,1.99999994948e-05
1569826281498654117,3030,1569826281396740913,,0.0432000011206,-0.000269999989541,0.043180000037,2.99999992421e-05
1569826281599433354,3031,1569826281497950077,,0.0535000003874,-0.000319999991916,0.0534799993038,1.99999994948e-05
1569826281750963996,3032,1569826281599270105,,0.064099997282,-0.000360000005458,0.0641100034118,1.99999994948e-05
1569826281852617146,3033,1569826281750756978,,0.0758000016212,-0.000419999996666,0.0758000016212,-2.99999992421e-05
1569826281953554859,3034,1569826281852011919,,0.0816000029445,-0.000429999985499,0.0816000029445,-9.99999974738e-05
1569826282054842815,3035,1569826281953105926,,0.0856999978423,-0.000360000005458,0.0856700018048,-5.99999984843e-05
1569826282156817861,3036,1569826282054860115,,0.0811000019312,-0.000239999993937,0.0811500027776,-5.99999984843e-05
1569826282257759230,3037,1569826282156027078,,0.070799998939,-0.000199999994948,0.0707900002599,-3.99999989895e-05
1569826282359271092,3038,1569826282257853031,,0.0581000000238,-0.000209999998333,0.0581299997866,-1.99999994948e-05
1569826282511054317,3039,1569826282358947038,,0.0461999997497,-0.000159999995958,0.0461600013077,-2.99999992421e-05
1569826282611789150,3040,1569826282510410070,,0.0308999996632,-0.000110000000859,0.0308599993587,-2.99999992421e-05
1569826282714220383,3041,1569826282611881017,,0.019200000912,-7.00000018696e-05,0.0192300006747,-9.99999974738e-06
1569826282815262098,3042,1569826282713056087,,0.00719999987632,-1.99999994948e-05,0.00720999995247,-9.99999974738e-06
1569826282916469764,3043,1569826282814590930,,0.00960000045598,7.9999997979e-05,-0.00961999967694,3.99999989895e-05
1569826283017188585,3044,1569826282915781974,,0.0176999997348,7.9999997979e-05,-0.0177200008184,9.99999974738e-05
1569826283119414551,3045,1569826283017313003,,0.0197999998927,9.99999974738e-06,-0.0198100004345,5.99999984843e-05
1569826283270293871,3046,1569826283118607997,,0.0200999993831,-4.99999987369e-05,-0.0200599990785,2.99999992421e-05
1569826283371657273,3047,1569826283270203113,,0.0200999993831,2.99999992421e-05,-0.0200800001621,0.0
1569826283723510146,3048,1569826283371561050,,0.0195000004023,3.99999989895e-05,-0.0194899998605,-0.0
1569826283824936315,3049,1569826283722990036,,0.0155999995768,2.99999992421e-05,-0.0155999995768,-9.99999974738e-06
1569826283926211780,3050,1569826283824352979,,0.0137999998406,3.99999989895e-05,-0.0138499997556,-9.99999974738e-06
1569826284027002282,3051,1569826283925487995,,0.0122999995947,3.99999989895e-05,-0.0123100001365,-9.99999974738e-06
1569826284128738223,3052,1569826284026917934,,0.01070000045,1.99999994948e-05,-0.0107300002128,-1.99999994948e-05
1569826284229619519,3053,1569826284128086090,,0.00920000020415,1.99999994948e-05,-0.00918999966234,-1.99999994948e-05
1569826284331488713,3054,1569826284229305028,,0.00760000012815,9.99999974738e-06,-0.00759000005201,-9.99999974738e-06
1569826284432538526,3055,1569826284330631017,,0.00609999988228,9.99999974738e-06,-0.00608999980614,-9.99999974738e-06
1569826284583742506,3056,1569826284431915044,,0.00460000010207,0.0,-0.00459000002593,-9.99999974738e-06
1569826284684562503,3057,1569826284583085060,,0.00219999998808,-9.99999974738e-06,-0.00222999998368,-9.99999974738e-06
1569826284786254099,3058,1569826284684484004,,0.001200000057,-9.99999974738e-06,-0.001200000057,-9.99999974738e-06
1569826284887895464,3059,1569826284785892009,,0.0,-0.0,-0.0,-0.0
1569826284989242282,3060,1569826284888205051,,0.0,-0.0,-0.0,0.0
1569826285091114897,3061,1569826284989322900,,0.0,0.0,-9.99999974738e-06,-0.0
1569826285191877069,3062,1569826285090527057,,0.0,0.0,-0.0,0.0
1569826285293568689,3063,1569826285192069053,,0.0,-0.0,0.0,0.0
1569826285444571009,3064,1569826285293086051,,0.0,-0.0,0.0,0.0
1569826285545249369,3065,1569826285444025039,,0.0,0.0,-0.0,-0.0
1569826285646039822,3066,1569826285544850111,,0.0,0.0,-0.0,-0.0
1569826285747827531,3067,1569826285645900011,,0.0,-0.0,0.0,-0.0
1569826285849516262,3068,1569826285747628927,,0.0,-0.0,0.0,-0.0
1569826285950823529,3069,1569826285848825931,,0.0,0.0,9.99999974738e-06,0.0
1569826286051753652,3070,1569826285950037956,,0.0,9.99999974738e-06,0.0,0.0
1569826286153482664,3071,1569826286051141023,,0.0,-0.0,0.0,-0.0
1569826286304601492,3072,1569826286152797937,,0.0,-0.0,0.0,-0.0
1569826286405845674,3073,1569826286304008007,,0.0,0.0,-9.99999974738e-06,-0.0
1569826286507068243,3074,1569826286405107021,,0.0,0.0,-0.0,0.0
1569826286608397054,3075,1569826286506412982,,0.0,0.0,0.0,0.0
1569826286709559544,3076,1569826286607712030,,0.0,-0.0,0.0,0.0
1569826286810499390,3077,1569826286708928108,,0.0,0.0,-0.0,-0.0
1569826286912042974,3078,1569826286810637950,,0.0,-0.0,0.0,0.0
1569826287013656540,3079,1569826286911995887,,0.0,-9.99999974738e-06,-9.99999974738e-06,-0.0
1569826287115712007,3080,1569826287013524055,,0.0,-0.0,-0.0,-0.0
1569826287266806926,3081,1569826287114949941,,0.0,9.99999974738e-06,-0.0,-0.0
1569826287368333412,3082,1569826287266697883,,0.0,0.0,-9.99999974738e-06,-0.0
1569826287469701278,3083,1569826287367957115,,0.0,0.0,9.99999974738e-06,0.0
1569826287571146362,3084,1569826287469364881,,0.0,0.0,9.99999974738e-06,0.0
1569826287672954081,3085,1569826287570705890,,0.0,-0.0,0.0,0.0
1569826287773545191,3086,1569826287672188997,,0.0,0.0,0.0,0.0
1569826287875036747,3087,1569826287773113965,,0.0,0.0,-0.0,0.0
1569826288025632923,3088,1569826287874190092,,0.0,0.0,-0.0,0.0
1569826288126995072,3089,1569826288025621891,,0.0,-0.0,0.0,0.0
1569826288228046003,3090,1569826288126569032,,0.0,-0.0,0.0,-0.0
1569826288329124820,3091,1569826288227705955,,0.0,-0.0,0.0,0.0
1569826288429937251,3092,1569826288328774929,,0.0,-0.0,-9.99999974738e-06,-0.0
1569826288530895385,3093,1569826288429805994,,0.0,-0.0,-0.0,0.0
1569826288632247511,3094,1569826288530679941,,0.0,-9.99999974738e-06,0.0,-0.0
1569826288734035420,3095,1569826288632179975,,0.0,9.99999974738e-06,9.99999974738e-06,0.0
1569826288835240132,3096,1569826288733408927,,0.0,-9.99999974738e-06,9.99999974738e-06,0.0
1569826288986249120,3097,1569826288834558010,,0.0,-0.0,-0.0,-0.0
1569826289086914199,3098,1569826288985816955,,0.0,-0.0,-0.0,-0.0
1569826289188917447,3099,1569826289086810111,,0.0,0.0,0.0,-0.0
1569826289289907378,3100,1569826289188198089,,0.0,0.0,0.0,0.0
1569826289391932569,3101,1569826289289407014,,0.0,0.0,-0.0,-0.0
1569826289493061417,3102,1569826289391184091,,0.0,-0.0,0.0,0.0
1569826289593857159,3103,1569826289492679119,,0.0,-0.0,-9.99999974738e-06,-9.99999974738e-06
1569826289745687844,3104,1569826289593641996,,0.0,-0.0,-9.99999974738e-06,-0.0
1569826289846741563,3105,1569826289744745016,,0.0,-9.99999974738e-06,-9.99999974738e-06,-0.0
1569826289948298291,3106,1569826289846008062,,0.0,0.0,-0.0,-0.0
1569826290049053588,3107,1569826289947473049,,0.0,-0.0,0.0,0.0
1569826290150367777,3108,1569826290048866987,,0.0,-0.0,0.0,0.0
1569826290252705143,3109,1569826290150552988,,0.0,0.0,-0.0,-0.0
1569826290353421121,3110,1569826290252197980,,0.0,0.0,-9.99999974738e-06,-0.0
1569826290455786009,3111,1569826290353456974,,0.0,0.0,0.0,0.0
1569826290606545024,3112,1569826290455101966,,0.0,0.0,0.0,0.0
1569826290707948529,3113,1569826290606000900,,0.0,0.0,9.99999974738e-06,9.99999974738e-06
1569826290809227051,3114,1569826290707381963,,0.0,-0.0,0.0,-0.0
1569826290910719071,3115,1569826290808551073,,0.0,0.0,-0.0,-0.0
1569826291011973160,3116,1569826290910060882,,0.0,0.0,-0.0,0.0
1569826291113028511,3117,1569826291011228084,,0.0,0.0,-0.0,0.0
1569826291213905360,3118,1569826291112440109,,0.0,9.99999974738e-06,-0.0,-0.0
1569826291315467023,3119,1569826291213558912,,0.0,-0.0,0.0,0.0
1569826291466315501,3120,1569826291314816951,,0.0,-9.99999974738e-06,0.0,0.0
1569826291567509925,3121,1569826291466301918,,0.0,-0.0,0.0,-0.0
1569826291668911739,3122,1569826291567496061,,0.0,-0.0,0.0,0.0
1569826291769968974,3123,1569826291668756961,,0.0,-0.0,0.0,0.0
1569826291871377193,3124,1569826291769862890,,0.0,0.0,-0.0,0.0
1569826291972752762,3125,1569826291871254920,,0.0,0.0,0.0,0.0
1569826292074395796,3126,1569826291972855091,,0.0,-9.99999974738e-06,0.0,0.0
1569826292226002767,3127,1569826292074362039,,0.0,-0.0,9.99999974738e-06,0.0
1569826292327087787,3128,1569826292225553035,,0.0,-0.0,0.0,-0.0
1569826292428819163,3129,1569826292326679944,,0.0,0.0,-9.99999974738e-06,-0.0
1569826292530000268,3130,1569826292428179025,,0.0,0.0,-0.0,-0.0
1569826292630348441,3131,1569826292529345035,,0.0,-0.0,-0.0,-0.0
1569826292731725900,3132,1569826292630075931,,0.0,-0.0,-0.0,-0.0
1569826292832220006,3133,1569826292731132030,,0.0,0.0,0.0,-0.0
1569826292984295801,3134,1569826292831850051,,0.0,0.0,0.0,-0.0
1569826293085038708,3135,1569826292983388900,,0.0,-0.0,-0.0,-0.0
1569826293186741228,3136,1569826293085050106,,0.0,0.0,-0.0,-0.0
1569826293288403695,3137,1569826293186178922,,0.0,0.0,-0.0,-0.0
1569826293389574361,3138,1569826293287503957,,0.0,-0.0,0.0,0.0
1569826293490555694,3139,1569826293388837099,,0.0,0.0,0.0,0.0
1569826293592393945,3140,1569826293490392923,,0.0,-0.0,0.0,0.0
1569826293693319065,3141,1569826293591666936,,0.0,0.0,-0.0,0.0
1569826293844510189,3142,1569826293692960023,,0.0,9.99999974738e-06,-0.0,0.0
1569826293945959243,3143,1569826293844497919,,0.0,-0.0,0.0,0.0
1569826294048032800,3144,1569826293945895910,,0.0,-0.0,0.0,0.0
1569826294149461943,3145,1569826294047538042,,0.0,9.99999974738e-06,0.0,0.0
1569826294250066333,3146,1569826294148711919,,0.0,-0.0,0.0,-0.0
1569826294351919637,3147,1569826294250144004,,0.0,0.0,0.0,0.0
1569826294452837069,3148,1569826294351218938,,0.0,-0.0,9.99999974738e-06,0.0
1569826294554133887,3149,1569826294452438116,,0.0,-0.0,0.0,-0.0
1569826294654434942,3150,1569826294553425073,,0.0,0.0,-0.0,-0.0
1569826294805488829,3151,1569826294654092073,,0.0,-9.99999974738e-06,0.0,-0.0
1569826294907358435,3152,1569826294805524110,,0.0,-0.0,0.0,0.0
1569826295008301964,3153,1569826294906724929,,0.0,0.0,-0.0,-0.0
1569826295109557194,3154,1569826295008162975,,0.0,-0.0,-9.99999974738e-06,-0.0
1569826295211546604,3155,1569826295109731912,,0.0,-9.99999974738e-06,-0.0,-0.0
1569826295312604054,3156,1569826295210864067,,0.0,-0.0,-0.0,-0.0
1569826295414216682,3157,1569826295312206029,,0.0,0.0,-9.99999974738e-06,-0.0
1569826295565670093,3158,1569826295413908958,,0.0,0.0,-9.99999974738e-06,-0.0
1569826295667226686,3159,1569826295565337896,,0.0,0.0,-0.0,0.0
1569826295768843641,3160,1569826295666867971,,0.0,-0.0,0.0,-0.0
1569826295870095873,3161,1569826295768440961,,0.0,9.99999974738e-06,-0.0,0.0
1569826295971851930,3162,1569826295869740009,,0.0,0.0,0.0,0.0
1569826296073543740,3163,1569826295971916913,,0.0,0.0,-0.0,-0.0
1569826296174918430,3164,1569826296073199987,,0.0,-0.0,-0.0,-0.0
1569826296276551788,3165,1569826296174494981,,0.0,-9.99999974738e-06,-0.0,0.0
1569826296427910930,3166,1569826296276086091,,0.0,-0.0,0.0,9.99999974738e-06
1569826296528604234,3167,1569826296427158117,,0.0,-0.0,9.99999974738e-06,0.0
1569826296630619524,3168,1569826296528672933,,0.0,0.0,-0.0,-0.0
1569826296731918984,3169,1569826296630045890,,0.0,-0.0,0.0,-0.0
1569826296833261850,3170,1569826296731563091,,0.0,-0.0,-0.0,-0.0
1569826296934225506,3171,1569826296832743883,,0.0,-9.99999974738e-06,-0.0,0.0
1569826297035645565,3172,1569826296933794021,,0.0,-0.0,0.0,-0.0
1569826297136959101,3173,1569826297034910917,,0.0,-0.0,-0.0,-0.0
1569826297287860537,3174,1569826297136224031,,0.0,0.0,0.0,-0.0
1569826297390331649,3175,1569826297288045883,,0.0,0.0,9.99999974738e-06,0.0
1569826297491080305,3176,1569826297389595031,,0.0,0.0,-0.0,-0.0
1569826297592714064,3177,1569826297491009950,,0.0,0.0,0.0,-0.0
1569826297693582083,3178,1569826297592566967,,0.0,0.0,-0.0,0.0
1569826297795381849,3179,1569826297693262100,,0.0,-0.0,-0.0,-0.0
1569826297896495209,3180,1569826297794411897,,0.0,9.99999974738e-06,0.0,0.0
1569826297997345324,3181,1569826297895776987,,0.0,0.0,0.0,-0.0
1569826298148569750,3182,1569826297996918916,,0.0,0.0,-0.0,-0.0
1569826298249913367,3183,1569826298148190975,,0.0,0.0,0.0,0.0
1569826298351691469,3184,1569826298249865055,,0.0,0.0,0.0,0.0
1569826298453062873,3185,1569826298351327896,,0.0,0.0,-0.0,-0.0
1569826298555195947,3186,1569826298453242063,,0.0,0.0,0.0,0.0
1569826298656397309,3187,1569826298554481983,,0.0,0.0,-0.0,-0.0
1569826298756833963,3188,1569826298655669927,,0.0,0.0,0.0,-0.0
1569826298908339922,3189,1569826298756560087,,0.0,0.0,0.0,0.0
1569826299010022870,3190,1569826298908229112,,0.0,-0.0,-0.0,-0.0
1569826299111631186,3191,1569826299009557008,,0.0,0.0,-0.0,0.0
1569826299212802134,3192,1569826299110717058,,0.0,-0.0,-0.0,-0.0
1569826299314179280,3193,1569826299212110996,,0.0,-0.0,-0.0,-0.0
1569826299415728046,3194,1569826299313390016,,0.0,-0.0,0.0,0.0
1569826299516589073,3195,1569826299414810895,,0.0,0.0,0.0,-0.0
1569826299618110385,3196,1569826299516083002,,0.0,9.99999974738e-06,-0.0,-0.0
1569826299719297906,3197,1569826299617412090,,0.0,0.0,0.0,0.0
1569826299870602479,3198,1569826299718684911,,0.0,0.0,0.0,0.0
1569826299971523854,3199,1569826299869913101,,0.0,-0.0,0.0,0.0
1569826300073402453,3200,1569826299971458911,,0.0,-0.0,0.0,-0.0
1569826300174494687,3201,1569826300072680950,,0.0,-0.0,-0.0,-0.0
1569826300276291509,3202,1569826300173918008,,0.0,0.0,-9.99999974738e-06,-0.0
1569826300377134437,3203,1569826300275377988,,0.0,-0.0,0.0,0.0
1569826300478315982,3204,1569826300376493930,,0.0,-0.0,0.0,-0.0
1569826300578863855,3205,1569826300477592945,,0.0,0.0,0.0,0.0
1569826300729919555,3206,1569826300578954935,,0.0,-0.0,9.99999974738e-06,0.0
1569826300831117713,3207,1569826300729712009,,0.0,-0.0,0.0,0.0
1569826300932162627,3208,1569826300830635070,,0.0,-0.0,0.0,0.0
1569826301033746080,3209,1569826300931827068,,0.0,-0.0,0.0,0.0
1569826301134911782,3210,1569826301033288002,,0.0,0.0,0.0,0.0
1569826301235997470,3211,1569826301134397029,,0.0,0.0,-0.0,-0.0
1569826301337267655,3212,1569826301235506057,,0.0,0.0,9.99999974738e-06,0.0
1569826301488038537,3213,1569826301336636066,,0.0,-9.99999974738e-06,-9.99999974738e-06,0.0
1569826301589991139,3214,1569826301488024950,,0.0,9.99999974738e-06,0.0,0.0
1569826301691111729,3215,1569826301589221954,,0.0,0.0,-9.99999974738e-06,-0.0
1569826301792928981,3216,1569826301691010951,,0.0,-0.0,-0.0,-0.0
1569826301894093758,3217,1569826301792190074,,0.0,-0.0,-0.0,-0.0
1569826301995086483,3218,1569826301893449068,,0.0,-0.0,-0.0,-0.0
1569826302096431035,3219,1569826301994587898,,0.0,0.0,-0.0,-0.0
1569826302197657186,3220,1569826302095968008,,0.0,-0.0,-0.0,-0.0
1569826302348648875,3221,1569826302197118043,,0.0,9.99999974738e-06,0.0,0.0
1569826302449427360,3222,1569826302348262071,,0.0,-0.0,-0.0,0.0
1569826302550829718,3223,1569826302449091911,,0.0,9.99999974738e-06,0.0,0.0
1569826302651721620,3224,1569826302550179958,,0.0,-9.99999974738e-06,-0.0,-0.0
1569826302752626306,3225,1569826302651319026,,0.0,-0.0,9.99999974738e-06,0.0
1569826302854096286,3226,1569826302752258062,,0.0,9.99999974738e-06,9.99999974738e-06,0.0
1569826302954958759,3227,1569826302853423118,,0.0,9.99999974738e-06,-0.0,-0.0
1569826303106035963,3228,1569826302954488992,,0.0,-0.0,-0.0,-0.0
1569826303207851612,3229,1569826303105950117,,0.0,0.0,0.0,-0.0
1569826303309375769,3230,1569826303207123041,,0.0,9.99999974738e-06,-0.0,-0.0
1569826303410235842,3231,1569826303308574914,,0.0,-9.99999974738e-06,-0.0,-0.0
1569826303511404929,3232,1569826303409759044,,0.0,-0.0,0.0,-0.0
1569826303612728947,3233,1569826303511281013,,0.0,0.0,0.0,0.0
1569826303714392828,3234,1569826303612704038,,0.0,0.0,-0.0,0.0
1569826303866210113,3235,1569826303713974952,,0.0,-0.0,-9.99999974738e-06,-0.0
1569826303966357308,3236,1569826303865380048,,0.0,-9.99999974738e-06,-0.0,0.0
1569826304067794685,3237,1569826303966068029,,0.0,-9.99999974738e-06,-0.0,-0.0
1569826304168566603,3238,1569826304067282915,,0.0,-0.0,0.0,-0.0
1569826304270328607,3239,1569826304168411016,,0.0,-9.99999974738e-06,-0.0,-0.0
1569826304371688471,3240,1569826304269646883,,0.0,-9.99999974738e-06,-0.0,0.0
1569826304471719916,3241,1569826304370968103,,0.0,-9.99999974738e-06,-0.0,0.0
1569826304573491190,3242,1569826304471550941,,0.0,0.0,-0.0,-0.0
1569826304724836798,3243,1569826304572772026,,0.0,-0.0,-0.0,-0.0
1569826304826175758,3244,1569826304724251985,,0.0,0.0,-0.0,-0.0
1569826304926923738,3245,1569826304825453996,,0.0,0.0,-0.0,0.0
1569826305027997713,3246,1569826304926398992,,0.0,0.0,-0.0,-0.0
1569826305129986551,3247,1569826305027565002,,0.0,0.0,0.0,0.0
1569826305230627657,3248,1569826305129292964,,0.0,9.99999974738e-06,-0.0,0.0
1569826305332323432,3249,1569826305230746984,,0.0,9.99999974738e-06,0.0,0.0
1569826305484003070,3250,1569826305332175970,,0.0,0.0,-0.0,0.0
1569826305584779167,3251,1569826305483330965,,0.0,9.99999974738e-06,-0.0,-0.0
1569826305685692644,3252,1569826305584220886,,0.0,0.0,-0.0,0.0
1569826305787470360,3253,1569826305685611009,,0.0,0.0,-0.0,0.0
1569826305888407170,3254,1569826305786796092,,0.0,-0.0,0.0,-0.0
1569826305990634682,3255,1569826305888461112,,0.0,-0.0,-0.0,-0.0
1569826306091681081,3256,1569826305989892005,,0.0,-0.0,-0.0,0.0
1569826306243352908,3257,1569826306090986967,,0.0,0.0,0.0,-0.0
1569826306344091718,3258,1569826306242454051,,0.0,-0.0,0.0,0.0
