%time,field.header.seq,field.header.stamp,field.header.frame_id,field.x,field.y,field.z
1591869751152771279,129,1591869751101164102,,-1.29456591606,-0.820407569408,-0.831207811832
1591869751203990814,130,1591869751152770042,,-1.29457306862,-0.820401012897,-0.831202626228
1591869751255842376,131,1591869751204282999,,-1.29456996918,-0.820397794247,-0.831208348274
1591869751307990232,132,1591869751256292104,,-1.29455339909,-0.820411741734,-0.831220448017
1591869751360273280,133,1591869751308384895,,-1.29456281662,-0.820396780968,-0.831214189529
1591869751411066680,134,1591869751359937906,,-1.2945728302,-0.820392131805,-0.831204652786
1591869751462253472,135,1591869751411222934,,-1.29457068443,-0.820399343967,-0.83120661974
1591869751563823808,136,1591869751462609052,,-1.29456532001,-0.820411980152,-0.831207752228
1591869751616741623,137,1591869751563941001,,-1.29456245899,-0.820407092571,-0.831212162971
1591869751668260517,138,1591869751616081953,,-1.2945677042,-0.820405423641,-0.831207573414
1591869751719055045,139,1591869751668000936,,-1.29456758499,-0.820399045944,-0.831208825111
1591869751820990947,140,1591869751719414949,,-1.29456841946,-0.820408046246,-0.831204652786
1591869751874612905,141,1591869751821547985,,-1.29456925392,-0.820406138897,-0.831204116344
1591869751926504225,142,1591869751875017881,,-1.2945574522,-0.820415258408,-0.831214129925
1591869751977959653,143,1591869751926722049,,-1.29457366467,-0.820392668247,-0.831205487251
1591869752029998597,144,1591869751978368043,,-1.29456889629,-0.820402503014,-0.831208050251
1591869752082610219,145,1591869752030694961,,-1.29456651211,-0.820410490036,-0.831207156181
1591869752134417480,146,1591869752082762956,,-1.2945599556,-0.820406973362,-0.831210851669
1591869752186547797,147,1591869752134803056,,-1.29456818104,-0.820404291153,-0.831208050251
1591869752238624867,148,1591869752187043905,,-1.29455959797,-0.820408701897,-0.831215083599
1591869752290183520,149,1591869752239023923,,-1.29458200932,-0.820400595665,-0.831194281578
1591869752341728848,150,1591869752290755987,,-1.29455935955,-0.820412278175,-0.831211268902
1591869752393077426,151,1591869752342070102,,-1.29456198215,-0.820415914059,-0.831208109856
1591869752444992760,152,1591869752393332958,,-1.29456138611,-0.820399463177,-0.831213653088
1591869752497340135,153,1591869752445390939,,-1.29457080364,-0.820401310921,-0.831202924252
1591869752549058849,154,1591869752497431039,,-1.29457068443,-0.82039731741,-0.831206917763
1591869752600994403,155,1591869752549494981,,-1.29457855225,-0.820400059223,-0.831198096275
1591869752653236838,156,1591869752601417064,,-1.29457616806,-0.820393323898,-0.831202447414
1591869752707207863,157,1591869752653588056,,-1.2945741415,-0.820402026176,-0.831202566624
1591869752758863588,158,1591869752707349061,,-1.2945702076,-0.820409834385,-0.831202507019
1591869752810259079,159,1591869752758661985,,-1.29457008839,-0.820397615433,-0.83120572567
1591869752912421210,160,1591869752810843944,,-1.29457342625,-0.820393383503,-0.831207275391
1591869752964481876,161,1591869752912872076,,-1.2945690155,-0.820406258106,-0.831203818321
1591869753016458881,162,1591869752964881896,,-1.29457449913,-0.820398211479,-0.831200122833
1591869753068514321,163,1591869753016942977,,-1.29456973076,-0.820396780968,-0.83120828867
1591869753120564817,164,1591869753068948984,,-1.29456138611,-0.820415496826,-0.831210255623
1591869753172637972,165,1591869753120985031,,-1.29457080364,-0.820409357548,-0.831202805042
1591869753224716829,166,1591869753173079013,,-1.2945663929,-0.820421934128,-0.831203937531
1591869753277335969,167,1591869753225107908,,-1.29456591606,-0.820407629013,-0.831208407879
1591869753380499344,168,1591869753278780937,,-1.29457616806,-0.820390045643,-0.831203818321
1591869753432763502,169,1591869753380760908,,-1.29455947876,-0.820407748222,-0.831214666367
1591869753487140485,170,1591869753433451890,,-1.29456949234,-0.8203997612,-0.831205308437
1591869753539527008,171,1591869753487961053,,-1.29456865788,-0.820406198502,-0.831203222275
1591869753592086757,172,1591869753539901971,,-1.29456722736,-0.820391535759,-0.83120983839
1591869753644023112,173,1591869753592493057,,-1.2945715189,-0.820410311222,-0.831201195717
1591869753696084715,174,1591869753644493103,,-1.29456865788,-0.820391356945,-0.831209540367
1591869753748608143,175,1591869753696499109,,-1.29456973076,-0.820396482944,-0.831210374832
1591869753799736708,176,1591869753748434066,,-1.29456043243,-0.820407509804,-0.831214785576
1591869753851834579,177,1591869753800019025,,-1.29456579685,-0.820416688919,-0.831205487251
1591869753903544809,178,1591869753851985931,,-1.29456400871,-0.820415377617,-0.831207036972
1591869753955586009,179,1591869753903964996,,-1.29456603527,-0.820401906967,-0.83120906353
1591869754008038976,180,1591869753956012964,,-1.29456019402,-0.820407092571,-0.831212878227
1591869754060692162,181,1591869754009005069,,-1.29456162453,-0.820404410362,-0.831212759018
1591869754112802121,182,1591869754060976982,,-1.2945638895,-0.820412755013,-0.831208348274
1591869754164500097,183,1591869754112967014,,-1.29457473755,-0.820400893688,-0.831198394299
1591869754216638097,184,1591869754164915084,,-1.29456818104,-0.820390939713,-0.831210076809
1591869754268541532,185,1591869754216923952,,-1.29456591606,-0.820406675339,-0.831207633018
1591869754320637636,186,1591869754269001960,,-1.29457449913,-0.82040309906,-0.831199645996
1591869754373300985,187,1591869754321037054,,-1.29457426071,-0.820399940014,-0.831201910973
1591869754424670155,188,1591869754373040914,,-1.2945677042,-0.820413887501,-0.831205666065
1591869754476254992,189,1591869754425183057,,-1.29456830025,-0.820412933826,-0.831201970577
1591869754528773070,190,1591869754476492881,,-1.29457032681,-0.820402741432,-0.83120405674
1591869754582799057,191,1591869754528444051,,-1.29456663132,-0.820407509804,-0.831207692623
1591869754635092750,192,1591869754582572937,,-1.29457581043,-0.820402026176,-0.831199705601
1591869754687826538,193,1591869754634857892,,-1.29456579685,-0.820398747921,-0.831209778786
1591869754739532517,194,1591869754687958002,,-1.29455852509,-0.820417940617,-0.831210672855
1591869754791759633,195,1591869754739907026,,-1.29456853867,-0.820391654968,-0.831209778786
1591869754844488370,196,1591869754792144060,,-1.29456782341,-0.820407390594,-0.831203877926
1591869754897510586,197,1591869754845685005,,-1.29456424713,-0.820405483246,-0.831208884716
1591869754949634811,198,1591869754897954940,,-1.2945702076,-0.820401191711,-0.831205427647
1591869755002245298,199,1591869754950015068,,-1.2945663929,-0.820407211781,-0.831207990646
1591869755053529072,200,1591869755001935958,,-1.29457032681,-0.820402681828,-0.831205844879
1591869755405244896,201,1591869755053981065,,-1.29456377029,-0.820401787758,-0.831202030182
1591869755457703637,202,1591869755405652999,,-1.29444003105,-0.820298492908,-0.831229388714
1591869755508495157,203,1591869755457428932,,-1.29447007179,-0.820288658142,-0.831222712994
1591869755560331530,204,1591869755508714914,,-1.29399216175,-0.819390416145,-0.831596493721
1591869755613885482,205,1591869755561500072,,-1.29295194149,-0.816133737564,-0.832400977612
1591869755665929323,206,1591869755614151954,,-1.29156577587,-0.812443137169,-0.833359658718
1591869755717297691,207,1591869755666038990,,-1.29004669189,-0.808551490307,-0.834396600723
1591869755769090440,208,1591869755717520952,,-1.28865599632,-0.804882705212,-0.83536028862
1591869755821575127,209,1591869755770021915,,-1.28710222244,-0.800981640816,-0.836429178715
1591869755873628833,210,1591869755822031974,,-1.285628438,-0.797253072262,-0.837451517582
1591869755925430647,211,1591869755874090909,,-1.28414142132,-0.793407201767,-0.83848798275
1591869756028007534,212,1591869755926350116,,-1.28269445896,-0.789672136307,-0.839504718781
1591869756080218465,213,1591869756028420925,,-1.27977859974,-0.78221398592,-0.841535568237
1591869756132694122,214,1591869756080427885,,-1.27834165096,-0.778522312641,-0.842537105083
1591869756183551248,215,1591869756132456064,,-1.27687239647,-0.774800479412,-0.843559443951
1591869756235534083,216,1591869756183828115,,-1.27540457249,-0.770962834358,-0.844579875469
1591869756337333945,217,1591869756235718965,,-1.27390801907,-0.767154812813,-0.845624506474
1591869756388943851,218,1591869756337658882,,-1.27112150192,-0.759875714779,-0.847581982613
1591869756441406727,219,1591869756389859914,,-1.26961731911,-0.755966961384,-0.848626792431
1591869756493875128,220,1591869756441838026,,-1.26818299294,-0.752276241779,-0.849631071091
1591869756547034709,221,1591869756493957996,,-1.26670455933,-0.748452067375,-0.850649833679
1591869756598605852,222,1591869756546765089,,-1.26524150372,-0.744745671749,-0.851669251919
1591869756649809730,223,1591869756598788976,,-1.26374018192,-0.740855634212,-0.852721095085
1591869756702399626,224,1591869756650053977,,-1.26234722137,-0.737219214439,-0.853694677353
1591869756755036294,225,1591869756703552961,,-1.26080179214,-0.733288347721,-0.854774951935
1591869756807248218,226,1591869756755454063,,-1.2594294548,-0.729692935944,-0.855732619762
1591869756859129892,227,1591869756807496070,,-1.25791823864,-0.725860774517,-0.856784164906
1591869756911110617,228,1591869756859483957,,-1.25643622875,-0.722053825855,-0.857812404633
1591869756963059094,229,1591869756911485910,,-1.25492429733,-0.718134641647,-0.85887169838
1591869757016094050,230,1591869756963965892,,-1.25349926949,-0.71441757679,-0.859865069389
1591869757067399693,231,1591869757015820026,,-1.25206112862,-0.710741817951,-0.860868453979
1591869757119724958,232,1591869757068583011,,-1.2505364418,-0.706841528416,-0.86192470789
1591869757171024584,233,1591869757119950056,,-1.2491247654,-0.703132271767,-0.862906634808
1591869757223791588,234,1591869757171181917,,-1.24765598774,-0.699336647987,-0.86393725872
1591869757275716064,235,1591869757223985910,,-1.2461578846,-0.69554746151,-0.864965856075
1591869757328444769,236,1591869757276623010,,-1.24474358559,-0.691904366016,-0.865935862064
1591869757379787786,237,1591869757328169107,,-1.24321913719,-0.687952160835,-0.866986572742
1591869757432728226,238,1591869757381021976,,-1.24180614948,-0.684340178967,-0.867963075638
1591869757534702941,239,1591869757432998895,,-1.24029374123,-0.68042576313,-0.869030058384
1591869757586596905,240,1591869757534957885,,-1.23744797707,-0.67304712534,-0.871039748192
1591869757640657239,241,1591869757588886976,,-1.23592031002,-0.669190108776,-0.872100532055
1591869757692458206,242,1591869757640887975,,-1.23444187641,-0.66529494524,-0.873142898083
1591869757743694876,243,1591869757692636966,,-1.23301160336,-0.661646962166,-0.874133944511
1591869757794981199,244,1591869757743861913,,-1.23153078556,-0.657866835594,-0.875169336796
1591869757846763883,245,1591869757795212030,,-1.23013651371,-0.654238522053,-0.87614184618
1591869757898691808,246,1591869757847110986,,-1.22862243652,-0.650357842445,-0.877194464207
1591869758000047721,247,1591869757899156093,,-1.22720706463,-0.646677136421,-0.878185093403
1591869758051850910,248,1591869758000324010,,-1.22430717945,-0.639259517193,-0.880203306675
1591869758103230115,249,1591869758052213907,,-1.22292923927,-0.635708630085,-0.8811596632
1591869758155297391,250,1591869758103435039,,-1.22142851353,-0.631852090359,-0.882204830647
1591869758206493737,251,1591869758155410051,,-1.2199600935,-0.628069162369,-0.883230209351
1591869758307898436,252,1591869758206723928,,-1.21853423119,-0.62435990572,-0.884220600128
1591869758359488645,253,1591869758308073997,,-1.21567285061,-0.616968214512,-0.886219501495
1591869758411233781,254,1591869758359621047,,-1.21424400806,-0.613281607628,-0.887218534946
1591869758463343345,255,1591869758411674976,,-1.21277499199,-0.609481215477,-0.888237714767
1591869758515922980,256,1591869758463732957,,-1.21131706238,-0.605738580227,-0.889253377914
1591869758567956993,257,1591869758515671014,,-1.20983815193,-0.602000057697,-0.890270650387
1591869758619877858,258,1591869758568295955,,-1.20834136009,-0.598134636879,-0.891320168972
1591869758671751464,259,1591869758620204925,,-1.20690393448,-0.59443873167,-0.892316997051
1591869758723794298,260,1591869758672183990,,-1.20539939404,-0.59056353569,-0.893375396729
1591869758775813122,261,1591869758724237918,,-1.20452427864,-0.587952315807,-0.894040584564
1591869758827753393,262,1591869758776164054,,-1.20420408249,-0.587451040745,-0.89420568943
1591869758929635502,263,1591869758828162908,,-1.20451641083,-0.587392628193,-0.894151210785
1591869758981370783,264,1591869758930078983,,-1.20902335644,-0.583566904068,-0.894249081612
1591869759033485734,265,1591869758981857061,,-1.21163165569,-0.580300807953,-0.894231617451
1591869759085721923,266,1591869759034041881,,-1.21354532242,-0.576490461826,-0.894221484661
1591869759138620506,267,1591869759086724042,,-1.21452701092,-0.572560727596,-0.894239544868
1591869759190951538,268,1591869759139081954,,-1.21493852139,-0.568747639656,-0.894237756729
1591869759242411671,269,1591869759191030979,,-1.21674704552,-0.565098047256,-0.894000470638
1591869759294186733,270,1591869759242552042,,-1.21989548206,-0.564047396183,-0.894126296043
1591869759347622832,271,1591869759294770956,,-1.22420883179,-0.564168691635,-0.894179999828
1591869759400402458,272,1591869759348705053,,-1.22862482071,-0.564267873764,-0.894185781479
1591869759452956379,273,1591869759400696992,,-1.23276925087,-0.5643273592,-0.894167244434
1591869759503880575,274,1591869759452788114,,-1.23683810234,-0.564402639866,-0.894175648689
1591869759555602152,275,1591869759504020929,,-1.24110090733,-0.564507722855,-0.8941847682
1591869759607654174,276,1591869759555991888,,-1.24519133568,-0.564592242241,-0.894165754318
1591869759659502803,277,1591869759607917070,,-1.24928188324,-0.56465536356,-0.894181549549
1591869759711746183,278,1591869759659888982,,-1.25349068642,-0.564731538296,-0.894171774387
1591869759813439316,279,1591869759711874008,,-1.25756216049,-0.564807116985,-0.894149541855
1591869759865789467,280,1591869759813851118,,-1.2657828331,-0.565326631069,-0.894132614136
1591869759917364384,281,1591869759865904092,,-1.27004742622,-0.565765798092,-0.894123613834
1591869759969262449,282,1591869759917678117,,-1.2739572525,-0.566385149956,-0.894119858742
1591869760021570227,283,1591869759969789028,,-1.27814984322,-0.567159056664,-0.894125878811
1591869760073500061,284,1591869760021747112,,-1.28203320503,-0.56797850132,-0.894124865532
1591869760125304038,285,1591869760073676109,,-1.28626060486,-0.568885266781,-0.89415615797
1591869760177569413,286,1591869760125756025,,-1.29024279118,-0.569755911827,-0.894163131714
1591869760228838579,287,1591869760177706003,,-1.29432034492,-0.570864975452,-0.894138753414
1591869760330749997,288,1591869760229023933,,-1.29826390743,-0.571991086006,-0.894141614437
1591869760384432660,289,1591869760331099033,,-1.30587899685,-0.574830532074,-0.89412343502
1591869760436322169,290,1591869760384730100,,-1.30970680714,-0.576539635658,-0.894119203091
1591869760488443650,291,1591869760436768054,,-1.31358098984,-0.578357577324,-0.894108355045
1591869760539898326,292,1591869760488871097,,-1.31735372543,-0.580202698708,-0.894101440907
1591869760591431331,293,1591869760540332078,,-1.32088625431,-0.582015991211,-0.894086778164
1591869760643233926,294,1591869760591675996,,-1.3245767355,-0.584042549133,-0.89409661293
1591869760695087665,295,1591869760643590927,,-1.32823610306,-0.586089611053,-0.894070982933
1591869760747422038,296,1591869760695245027,,-1.33176100254,-0.588169813156,-0.89407145977
1591869760799008864,297,1591869760747160911,,-1.33535063267,-0.590387940407,-0.894076168537
1591869760900670203,298,1591869760799154996,,-1.33874201775,-0.592628240585,-0.894065439701
1591869760954164148,299,1591869760901019096,,-1.34504234791,-0.597682893276,-0.894126355648
1591869761006157927,300,1591869760954499006,,-1.34722042084,-0.601361691952,-0.894136190414
1591869761058034461,301,1591869761006469011,,-1.34808552265,-0.605342686176,-0.894088327885
1591869761109493685,302,1591869761058484077,,-1.34822714329,-0.609614193439,-0.894052803516
1591869761211469438,303,1591869761109864950,,-1.34814953804,-0.6135866642,-0.894046843052
1591869761263644411,304,1591869761211957931,,-1.34685254097,-0.621649086475,-0.894145846367
1591869761315581042,305,1591869761263804912,,-1.34494531155,-0.625103294849,-0.894145548344
1591869761367631386,306,1591869761315932989,,-1.34199559689,-0.627840459347,-0.894050836563
1591869761419662702,307,1591869761368032932,,-1.33861291409,-0.630000591278,-0.894016563892
1591869761471726572,308,1591869761420077085,,-1.33493375778,-0.632228791714,-0.894038438797
1591869761573110465,309,1591869761472059011,,-1.33136045933,-0.634260594845,-0.894039809704
1591869761624753282,310,1591869761573195934,,-1.32423388958,-0.638125956059,-0.894082546234
1591869761676926805,311,1591869761625160932,,-1.32064294815,-0.639910399914,-0.894096672535
1591869761778485571,312,1591869761677210092,,-1.3167732954,-0.641710162163,-0.894097208977
1591869761830517843,313,1591869761778968095,,-1.30919122696,-0.644916236401,-0.8941167593
1591869761882697496,314,1591869761830876111,,-1.30532419682,-0.646359682083,-0.894112765789
1591869761935498461,315,1591869761883598089,,-1.30136096478,-0.64772182703,-0.894110262394
1591869761987815371,316,1591869761935636997,,-1.29742097855,-0.648941874504,-0.89410585165
1591869762039057817,317,1591869761987464904,,-1.29330456257,-0.650108933449,-0.894100666046
1591869762090540107,318,1591869762039477109,,-1.28947305679,-0.651057898998,-0.894100725651
1591869762142241987,319,1591869762090635061,,-1.28535997868,-0.651950120926,-0.894093453884
1591869762194196932,320,1591869762142606019,,-1.28142344952,-0.652698278427,-0.894094526768
1591869762245969699,321,1591869762194552898,,-1.27716732025,-0.653331577778,-0.894091129303
1591869762297549665,322,1591869762246157884,,-1.27311837673,-0.65378767252,-0.894114673138
1591869762349290064,323,1591869762297786951,,-1.26890933514,-0.654145479202,-0.894104480743
1591869762454485412,324,1591869762349414110,,-1.2648857832,-0.654449105263,-0.89413279295
1591869762505690998,325,1591869762454612970,,-1.25649929047,-0.654616236687,-0.894109487534
1591869762557273888,326,1591869762505846977,,-1.25278234482,-0.654601335526,-0.894129991531
1591869762659437676,327,1591869762557552099,,-1.24837827682,-0.65454262495,-0.894112110138
1591869762710551515,328,1591869762659545898,,-1.24021601677,-0.654505670071,-0.894133746624
1591869762762270957,329,1591869762710715055,,-1.2359868288,-0.654467344284,-0.894122064114
1591869762814296265,330,1591869762762676000,,-1.23186528683,-0.654435038567,-0.894119441509
1591869762866476161,331,1591869762814795970,,-1.22778356075,-0.654399633408,-0.894126653671
1591869762918496548,332,1591869762866863012,,-1.22348773479,-0.654364466667,-0.894114792347
1591869762971278563,333,1591869762919619083,,-1.21931910515,-0.654320716858,-0.894113004208
1591869763024384974,334,1591869762971726894,,-1.21531689167,-0.653748393059,-0.894085228443
1591869763075224001,335,1591869763024260044,,-1.21351146698,-0.650839388371,-0.89403373003
1591869763126678207,336,1591869763075476884,,-1.21332025528,-0.64640390873,-0.894186913967
1591869763177924315,337,1591869763126918077,,-1.2128380537,-0.642360806465,-0.894160568714
1591869763229233407,338,1591869763178163051,,-1.21144139767,-0.638642132282,-0.894136786461
1591869763330813867,339,1591869763229321002,,-1.20915746689,-0.635035812855,-0.89414280653
1591869763382577798,340,1591869763330964088,,-1.20311760902,-0.629841089249,-0.89413946867
1591869763433641034,341,1591869763382626056,,-1.19934487343,-0.627829372883,-0.894135594368
1591869763485497891,342,1591869763433864116,,-1.19588255882,-0.626105844975,-0.894125163555
1591869763539234384,343,1591869763488262891,,-1.19326722622,-0.624378502369,-0.894032120705
1591869763590919261,344,1591869763539472103,,-1.19263935089,-0.621277332306,-0.894182562828
1591869763642638426,345,1591869763591093063,,-1.19279384613,-0.617580294609,-0.894146323204
1591869763694437749,346,1591869763643035888,,-1.19285738468,-0.61328214407,-0.894147992134
1591869763745855537,347,1591869763694766998,,-1.19290554523,-0.60926502943,-0.89415115118
1591869763797110564,348,1591869763746020078,,-1.19299554825,-0.60507440567,-0.894134163857
1591869763898989692,349,1591869763797243118,,-1.1930462122,-0.601165115833,-0.894129514694
1591869763950276977,350,1591869763898749113,,-1.19391322136,-0.593812346458,-0.894008219242
1591869764002235007,351,1591869763950387001,,-1.19608044624,-0.591675698757,-0.894038200378
1591869764054417134,352,1591869764002558946,,-1.19966471195,-0.589922070503,-0.894078671932
1591869764106111194,353,1591869764054512977,,-1.20290517807,-0.588038265705,-0.894201874733
1591869764157577968,354,1591869764106503963,,-1.20478522778,-0.58718919754,-0.894194185734
1591869764208953605,355,1591869764157771110,,-1.20575654507,-0.587646007538,-0.894027888775
1591869764260223183,356,1591869764209208965,,-1.20696461201,-0.590234220028,-0.894085168839
1591869764361388621,357,1591869764260489940,,-1.20863187313,-0.5939489007,-0.894119501114
1591869764412994777,358,1591869764361803054,,-1.21217870712,-0.601290643215,-0.894117176533
1591869764464584176,359,1591869764413161039,,-1.21393656731,-0.604953467846,-0.894125342369
1591869764516239064,360,1591869764464752912,,-1.2158280611,-0.608857035637,-0.894121050835
1591869764568144782,361,1591869764516109943,,-1.21760237217,-0.612403929234,-0.894106447697
1591869764619645301,362,1591869764568237066,,-1.21952211857,-0.616299450397,-0.894101679325
1591869764670778449,363,1591869764619760036,,-1.2212972641,-0.619948863983,-0.894114434719
1591869764722512202,364,1591869764671082019,,-1.22308325768,-0.623575985432,-0.894122481346
1591869764774447586,365,1591869764722791910,,-1.22491025925,-0.627296507359,-0.894110500813
1591869764826770960,366,1591869764774972915,,-1.22678828239,-0.631107151508,-0.89410597086
1591869764879018071,367,1591869764827274084,,-1.22811114788,-0.634219050407,-0.894203841686
1591869764931973057,368,1591869764879812002,,-1.22882544994,-0.635319232941,-0.894128322601
1591869764984278545,369,1591869764932172060,,-1.22890174389,-0.635399162769,-0.894107103348
1591869765035075698,370,1591869764984077930,,-1.22897744179,-0.635435044765,-0.894084453583
1591869765087261656,371,1591869765035315036,,-1.23009204865,-0.63569444418,-0.894014120102
1591869765138979052,372,1591869765087326049,,-1.23289108276,-0.634551465511,-0.894182622433
1591869765191029322,373,1591869765139384031,,-1.23619675636,-0.631948649883,-0.894159972668
1591869765293107506,374,1591869765191468954,,-1.23882329464,-0.628454685211,-0.894125938416
1591869765347682105,375,1591869765293509006,,-1.2440546751,-0.622290730476,-0.894045710564
1591869765399061333,376,1591869765347440958,,-1.24779164791,-0.620551586151,-0.894065320492
1591869765452129942,377,1591869765399585008,,-1.25169491768,-0.620036125183,-0.894065082073
1591869765503502049,378,1591869765451759099,,-1.25598084927,-0.620418727398,-0.894064903259
1591869765554933809,379,1591869765503906965,,-1.25996923447,-0.620922029018,-0.894065499306
1591869765606398880,380,1591869765555166959,,-1.2639349699,-0.622164845467,-0.894060492516
1591869765707627388,381,1591869765606689929,,-1.26735973358,-0.624352812767,-0.894052267075
1591869765759285594,382,1591869765707914113,,-1.27238881588,-0.630806744099,-0.89405298233
1591869765811151907,383,1591869765759563922,,-1.27466881275,-0.634147047997,-0.894046068192
1591869765863398851,384,1591869765811536073,,-1.27710294724,-0.637712478638,-0.894042253494
1591869765915322726,385,1591869765863580942,,-1.27968072891,-0.640951097012,-0.894012093544
1591869765967295964,386,1591869765915539026,,-1.28299570084,-0.64321911335,-0.894008219242
1591869766019060554,387,1591869765967408895,,-1.2869246006,-0.643718898296,-0.894050478935
1591869766072960867,388,1591869766021343946,,-1.29096829891,-0.642704665661,-0.894040703773
1591869766124407781,389,1591869766073384046,,-1.29511368275,-0.641090929508,-0.89402192831
1591869766176282784,390,1591869766124680042,,-1.29881179333,-0.639508128166,-0.894015550613
1591869766277912925,391,1591869766176677942,,-1.30275309086,-0.637797117233,-0.894013643265
1591869766329897409,392,1591869766278342008,,-1.31008124352,-0.634674966335,-0.893997967243
1591869766382043300,393,1591869766330419063,,-1.31402528286,-0.632977426052,-0.894009053707
1591869766433349701,394,1591869766382400035,,-1.31797146797,-0.631316423416,-0.893985748291
1591869766535324573,395,1591869766433864116,,-1.32160580158,-0.629759669304,-0.893994271755
1591869766587481791,396,1591869766535815000,,-1.32750558853,-0.625074744225,-0.894125819206
1591869766639463616,397,1591869766587866067,,-1.32875001431,-0.621264815331,-0.894014060497
1591869766691564747,398,1591869766639894962,,-1.33091700077,-0.618280887604,-0.893809735775
1591869766743627448,399,1591869766691947937,,-1.33405923843,-0.618469417095,-0.893956780434
1591869766797124110,400,1591869766745507001,,-1.3359619379,-0.62112981081,-0.894234538078
1591869766848859848,401,1591869766797569990,,-1.33426296711,-0.624443054199,-0.894202828407
1591869766900987243,402,1591869766849246025,,-1.33130443096,-0.624175429344,-0.894010066986
1591869766954552005,403,1591869766901215076,,-1.32926690578,-0.622328877449,-0.89384418726
1591869767007149644,404,1591869766955476999,,-1.32868754864,-0.618629157543,-0.894024729729
1591869767059334054,405,1591869767007541894,,-1.32881605625,-0.614546537399,-0.894014596939
1591869767110526394,406,1591869767059613943,,-1.32889914513,-0.610587477684,-0.894020795822
1591869767162324807,407,1591869767110769033,,-1.32900118828,-0.606219351292,-0.894010841846
1591869767215024155,408,1591869767162800073,,-1.32945668697,-0.602429270744,-0.893880665302
1591869767265701447,409,1591869767214689016,,-1.33146727085,-0.59933423996,-0.893900632858
1591869767316873026,410,1591869767265964031,,-1.33474981785,-0.598595678806,-0.893989145756
1591869767368882692,411,1591869767317229986,,-1.33612072468,-0.601174354553,-0.894270479679
1591869767420885509,412,1591869767369281053,,-1.33442211151,-0.604256868362,-0.894210338593
1591869767472753228,413,1591869767421247005,,-1.33109748363,-0.604886829853,-0.89403116703
1591869767524808603,414,1591869767473157882,,-1.32933223248,-0.601953148842,-0.89396160841
1591869767576747441,415,1591869767525103092,,-1.32807612419,-0.597859382629,-0.894168257713
1591869767629818598,416,1591869767577969074,,-1.32557880878,-0.594914734364,-0.894119977951
1591869767681720001,417,1591869767630001068,,-1.32204985619,-0.592850267887,-0.894108176231
1591869767734849514,418,1591869767682955980,,-1.3187276125,-0.591007649899,-0.894034445286
1591869767787180159,419,1591869767734896898,,-1.31620693207,-0.588199615479,-0.894206285477
1591869767837879514,420,1591869767786961078,,-1.3131955862,-0.586149156094,-0.894155740738
1591869767890587949,421,1591869767838161945,,-1.3095728159,-0.585853219032,-0.894052267075
1591869767942165045,422,1591869767890878915,,-1.30636191368,-0.584909558296,-0.894174396992
1591869768044228138,423,1591869767942411899,,-1.30301082134,-0.583293020725,-0.894172489643
1591869768096211074,424,1591869768043998956,,-1.29554080963,-0.580091893673,-0.894166111946
1591869768148752248,425,1591869768096463918,,-1.29172194004,-0.578779876232,-0.894150316715
1591869768199487063,426,1591869768148528099,,-1.28758955002,-0.577552378178,-0.894145846367
1591869768251553379,427,1591869768199717998,,-1.2837549448,-0.576628506184,-0.894140779972
1591869768304148456,428,1591869768252497911,,-1.27952051163,-0.575769901276,-0.894112348557
1591869768356070776,429,1591869768304440975,,-1.27602386475,-0.576505899429,-0.893975913525
1591869768407986414,430,1591869768356421947,,-1.27470469475,-0.579939484596,-0.893886566162
1591869768460206945,431,1591869768408411026,,-1.27682542801,-0.582427442074,-0.894071578979
1591869768512053362,432,1591869768460469007,,-1.28046810627,-0.583302021027,-0.894139111042
1591869768564529585,433,1591869768512414932,,-1.2847443819,-0.584246754646,-0.894170165062
1591869768615820895,434,1591869768564245939,,-1.28880167007,-0.585318863392,-0.894133210182
1591869768668035907,435,1591869768616247892,,-1.29291939735,-0.586690843105,-0.894121170044
1591869768719866998,436,1591869768668227910,,-1.29678785801,-0.588159263134,-0.894086182117
1591869768772765949,437,1591869768721188068,,-1.3006746769,-0.589930176735,-0.894068658352
1591869768824926801,438,1591869768773289918,,-1.30422842503,-0.591792583466,-0.894104540348
1591869768876458279,439,1591869768825345039,,-1.30694305897,-0.594328761101,-0.894011735916
1591869768928240160,440,1591869768876633882,,-1.30971372128,-0.596844613552,-0.893995881081
1591869768979937524,441,1591869768928786039,,-1.31327342987,-0.59766626358,-0.894068598747
1591869769030850300,442,1591869768979973077,,-1.31689476967,-0.598292648792,-0.893988549709
1591869769132754795,443,1591869769031155109,,-1.31999802589,-0.599723577499,-0.894019663334
1591869769184493119,444,1591869769132929086,,-1.32224214077,-0.606654047966,-0.893980026245
1591869769236457091,445,1591869769184974908,,-1.32210552692,-0.610794723034,-0.893994450569
1591869769289082580,446,1591869769236881017,,-1.32199144363,-0.614925384521,-0.894005060196
1591869769339846930,447,1591869769288847923,,-1.32181274891,-0.619053900242,-0.894037127495
1591869769392155815,448,1591869769340411901,,-1.31991672516,-0.622411191463,-0.894247829914
1591869769444133541,449,1591869769392576932,,-1.31668889523,-0.624283432961,-0.894078433514
1591869769495514310,450,1591869769444528102,,-1.31299340725,-0.625919103622,-0.894019842148
1591869769546917504,451,1591869769495696067,,-1.30912065506,-0.627553462982,-0.894038319588
1591869769598320545,452,1591869769547311067,,-1.30530357361,-0.62921410799,-0.894047856331
1591869769650277610,453,1591869769598581075,,-1.30156326294,-0.630840599537,-0.89404964447
1591869769701991552,454,1591869769650365114,,-1.29777097702,-0.632494807243,-0.894034743309
1591869769754215939,455,1591869769702402114,,-1.29389572144,-0.634164869785,-0.894070923328
1591869769805996643,456,1591869769754452943,,-1.28996026516,-0.635584294796,-0.894072771072
1591869769857900286,457,1591869769806360006,,-1.28616523743,-0.636495709419,-0.89405888319
1591869769909877053,458,1591869769858302116,,-1.28354012966,-0.636251986027,-0.893923103809
1591869769961846731,459,1591869769910291910,,-1.28239953518,-0.635757625103,-0.894176661968
1591869770013408582,460,1591869769962296009,,-1.28087246418,-0.635253608227,-0.894228994846
1591869770064504774,461,1591869770013608932,,-1.27779793739,-0.634546279907,-0.894057035446
1591869770116232312,462,1591869770064760923,,-1.27364015579,-0.63362044096,-0.894061267376
1591869770167811691,463,1591869770116466999,,-1.26969051361,-0.632748425007,-0.8940564394
1591869770219219264,464,1591869770168081045,,-1.26571249962,-0.631859183311,-0.894045889378
1591869770270485209,465,1591869770219341993,,-1.26158058643,-0.630955159664,-0.894067943096
1591869770322194254,466,1591869770270620107,,-1.25775909424,-0.630115091801,-0.894070565701
1591869770374484227,467,1591869770322591066,,-1.25353312492,-0.629161536694,-0.894073367119
1591869770476174366,468,1591869770374542951,,-1.24952626228,-0.628241121769,-0.894074082375
1591869770528242248,469,1591869770476623058,,-1.24151611328,-0.626427173615,-0.894087910652
1591869770580306439,470,1591869770528656005,,-1.23761987686,-0.625571668148,-0.894097685814
1591869770683721174,471,1591869770581326007,,-1.23332667351,-0.624596953392,-0.894092142582
1591869770735662829,472,1591869770683990955,,-1.22543263435,-0.622859835625,-0.894049465656
1591869770790851761,473,1591869770735932111,,-1.22316420078,-0.622374653816,-0.89397507906
1591869770843092808,474,1591869770791378974,,-1.22249114513,-0.622154712677,-0.894088625908
1591869770895215219,475,1591869770843625068,,-1.22249078751,-0.622171700001,-0.894082427025
1591869770997194476,476,1591869770895498991,,-1.22289443016,-0.622308015823,-0.893968701363
1591869771049532940,477,1591869770997478008,,-1.22813868523,-0.624997377396,-0.894017338753
1591869771101178599,478,1591869771050108909,,-1.23191463947,-0.626795530319,-0.894037008286
1591869771153576524,479,1591869771101351976,,-1.23576235771,-0.628609836102,-0.894038140774
1591869771204343957,480,1591869771152798891,,-1.23935186863,-0.63025957346,-0.894014179707
1591869771256341846,481,1591869771204749107,,-1.24326848984,-0.63208168745,-0.894011437893
1591869771307995067,482,1591869771256752967,,-1.24718236923,-0.632869541645,-0.894032359123
1591869771359959658,483,1591869771308300971,,-1.25058174133,-0.633483767509,-0.894080996513
1591869771412380476,484,1591869771360454082,,-1.25244796276,-0.632766664028,-0.894011199474
1591869771464422782,485,1591869771412820100,,-1.25478959084,-0.63057911396,-0.893906414509
1591869771516658048,486,1591869771464802026,,-1.25819051266,-0.629219830036,-0.893965780735
1591869771569006632,487,1591869771517409086,,-1.2621011734,-0.630094468594,-0.894027531147
1591869771621545726,488,1591869771569442033,,-1.2646201849,-0.632754683495,-0.894073843956
1591869771673030826,489,1591869771621339082,,-1.2649538517,-0.636907458305,-0.89410007
1591869771724777307,490,1591869771673142910,,-1.26301181316,-0.640410900116,-0.894143640995
1591869771776702284,491,1591869771725116014,,-1.25952577591,-0.642222225666,-0.894057512283
1591869771828296041,492,1591869771777117013,,-1.25553500652,-0.641455173492,-0.893997430801
1591869771880184433,493,1591869771828505992,,-1.25277876854,-0.638924002647,-0.893922150135
1591869771983476819,494,1591869771881360054,,-1.25203168392,-0.635286033154,-0.893929421902
1591869772035560661,495,1591869771983941078,,-1.2521892786,-0.633175551891,-0.894005060196
1591869772088245497,496,1591869772036020994,,-1.25321793556,-0.630366921425,-0.893961668015
1591869772139905700,497,1591869772087946891,,-1.25473618507,-0.626462221146,-0.893977046013
1591869772191904015,498,1591869772140033960,,-1.25624442101,-0.622684538364,-0.893991172314
1591869772243535129,499,1591869772192188024,,-1.25774848461,-0.618901908398,-0.894018828869
1591869772295332616,500,1591869772243846893,,-1.25935018063,-0.614952147007,-0.894018650055
1591869772347348650,501,1591869772295768022,,-1.26084530354,-0.611256599426,-0.894001126289
1591869772400569836,502,1591869772348695039,,-1.26248049736,-0.607172846794,-0.894008994102
1591869772502281981,503,1591869772401218891,,-1.26408791542,-0.603195846081,-0.89399266243
1591869772553983158,504,1591869772502434968,,-1.26706659794,-0.595719516277,-0.893976211548
1591869772605810147,505,1591869772554394960,,-1.26857602596,-0.591883718967,-0.893998503685
1591869772657684857,506,1591869772605978965,,-1.27015066147,-0.587990045547,-0.893969714642
1591869772710320567,507,1591869772657962083,,-1.27163875103,-0.584198057652,-0.893982350826
1591869772761748321,508,1591869772710095882,,-1.27308917046,-0.580367565155,-0.893999516964
1591869772867250543,509,1591869772764789104,,-1.27387225628,-0.578413724899,-0.894001603127
1591869772918333437,510,1591869772867352962,,-1.27400755882,-0.578234016895,-0.893975555897
1591869772969593266,511,1591869772918560028,,-1.27364885807,-0.578154802322,-0.894076883793
1591869773021854771,512,1591869772969897031,,-1.27170479298,-0.578389465809,-0.894083142281
1591869773075014513,513,1591869773023376941,,-1.26791918278,-0.579754173756,-0.893946170807
1591869773127385760,514,1591869773075463056,,-1.26415932178,-0.581097662449,-0.893918275833
1591869773180035148,515,1591869773127744913,,-1.26102995872,-0.580257415771,-0.894009411335
1591869773233034941,516,1591869773181371927,,-1.25805687904,-0.578153789043,-0.894036054611
1591869773285121643,517,1591869773233371019,,-1.25474464893,-0.578854799271,-0.893883228302
1591869773336545294,518,1591869773285070896,,-1.2516657114,-0.581409811974,-0.894002735615
1591869773388419541,519,1591869773336730957,,-1.24895334244,-0.584547817707,-0.893974721432
1591869773441061433,520,1591869773388811111,,-1.24647629261,-0.58594250679,-0.894050955772
1591869773492635883,521,1591869773440836906,,-1.24402964115,-0.584983885288,-0.894058942795
1591869773544398520,522,1591869773492750883,,-1.24037539959,-0.584799170494,-0.893980562687
1591869773597068640,523,1591869773544692039,,-1.23688769341,-0.586605250835,-0.893948674202
1591869773648722274,524,1591869773596833944,,-1.2347394228,-0.590074121952,-0.893914461136
1591869773700431632,525,1591869773648921012,,-1.23393559456,-0.593848466873,-0.893928468227
1591869773752031000,526,1591869773700844049,,-1.23393964767,-0.597510278225,-0.893917739391
1591869773803653424,527,1591869773752199888,,-1.23559713364,-0.598805189133,-0.893939375877
1591869773855070590,528,1591869773803749084,,-1.23856472969,-0.599129498005,-0.893971323967
1591869773907100493,529,1591869773855467081,,-1.24235796928,-0.599173486233,-0.894044578075
1591869773959784777,530,1591869773908132076,,-1.24621772766,-0.597776532173,-0.89408916235
1591869774011987889,531,1591869773960179090,,-1.24875259399,-0.594659328461,-0.893894731998
1591869774063976598,532,1591869774012454032,,-1.25180768967,-0.592815518379,-0.893909096718
1591869774166297473,533,1591869774064394950,,-1.25536584854,-0.592490851879,-0.894056081772
1591869774217733936,534,1591869774166078090,,-1.26108133793,-0.586764395237,-0.893932700157
1591869774269853608,535,1591869774218149900,,-1.26257836819,-0.58327049017,-0.894025981426
1591869774321731748,536,1591869774270167112,,-1.26279234886,-0.581736326218,-0.893974244595
1591869774373885459,537,1591869774322104930,,-1.26184785366,-0.581643521786,-0.894079387188
1591869774425448912,538,1591869774374274969,,-1.25923967361,-0.583265841007,-0.893974065781
1591869774476702942,539,1591869774425564050,,-1.25566959381,-0.585453987122,-0.893915772438
1591869774528670870,540,1591869774476872920,,-1.25216042995,-0.587503910065,-0.893926262856
1591869774580116497,541,1591869774529050111,,-1.24849593639,-0.589628040791,-0.893943786621
1591869774631900278,542,1591869774580317974,,-1.24503684044,-0.591643154621,-0.893953740597
1591869774684750374,543,1591869774632312059,,-1.24125242233,-0.593805015087,-0.893948495388
1591869774736315446,544,1591869774684590101,,-1.23781645298,-0.595804810524,-0.893945455551
1591869774788175398,545,1591869774736541032,,-1.23497581482,-0.597696602345,-0.893851220608
1591869774839822044,546,1591869774788501024,,-1.2340182066,-0.597969651222,-0.893957078457
1591869774891577498,547,1591869774840023040,,-1.23394858837,-0.597980678082,-0.893971562386
1591869774993472411,548,1591869774891933917,,-1.23397243023,-0.598020017147,-0.89396250248
1591869775045493951,549,1591869774993892908,,-1.2353246212,-0.602703273296,-0.893790721893
1591869775098378399,550,1591869775046070098,,-1.23848545551,-0.603945314884,-0.893963158131
1591869775200051147,551,1591869775098149061,,-1.24285209179,-0.603970587254,-0.893957078457
1591869775252035811,552,1591869775200454950,,-1.25093209743,-0.60358029604,-0.893957972527
1591869775305493262,553,1591869775253774881,,-1.255240798,-0.602406144142,-0.893938481808
1591869775357686226,554,1591869775305840015,,-1.2587890625,-0.600596725941,-0.893931746483
1591869775408264195,555,1591869775357217073,,-1.2621794939,-0.598064780235,-0.893930673599
1591869775460939212,556,1591869775408739089,,-1.2650976181,-0.594984352589,-0.893899857998
1591869775513556907,557,1591869775461291074,,-1.26769959927,-0.591821372509,-0.89390796423
1591869775564825802,558,1591869775513854980,,-1.2703357935,-0.588673293591,-0.893905162811
1591869775616251158,559,1591869775565110921,,-1.27301132679,-0.585501432419,-0.893896520138
1591869775717780816,560,1591869775616368055,,-1.27484560013,-0.583038508892,-0.893981516361
1591869775820022121,561,1591869775718286037,,-1.27553200722,-0.58257073164,-0.893900573254
1591869775871589798,562,1591869775820033073,,-1.27553927898,-0.582573831081,-0.893892168999
1591869775924011572,563,1591869775872936010,,-1.27552878857,-0.582575976849,-0.893897652626
1591869775976487077,564,1591869775925448894,,-1.27553200722,-0.582579612732,-0.893892705441
1591869776027809320,565,1591869775976840972,,-1.27552485466,-0.582577764988,-0.893898963928
1591869776080869325,566,1591869776028098106,,-1.27551794052,-0.582588493824,-0.893897950649
1591869776133600765,567,1591869776081209897,,-1.27552092075,-0.582578241825,-0.893897473812
1591869776184914130,568,1591869776133245944,,-1.27551198006,-0.582592904568,-0.893896281719
1591869776236554340,569,1591869776185183048,,-1.27550649643,-0.582590460777,-0.893899202347
1591869776288345600,570,1591869776236772060,,-1.27548551559,-0.58260256052,-0.893913447857
1591869776339756341,571,1591869776288726091,,-1.27548134327,-0.582591474056,-0.893917381763
1591869776391897352,572,1591869776340142965,,-1.27548897266,-0.582589328289,-0.893907904625
1591869776494048627,573,1591869776392165899,,-1.27547991276,-0.582591831684,-0.893911898136
1591869776546734520,574,1591869776494353055,,-1.27548575401,-0.582592666149,-0.893903076649
1591869776598173899,575,1591869776546448945,,-1.27546954155,-0.582603633404,-0.893912732601
1591869776650319861,576,1591869776598611116,,-1.27546942234,-0.582593381405,-0.893913030624
1591869776702424915,577,1591869776650690078,,-1.27546226978,-0.582588136196,-0.893917679787
1591869776803878922,578,1591869776702610015,,-1.27546370029,-0.582602858543,-0.893914937973
1591869776855921588,579,1591869776804352045,,-1.27547037601,-0.582601666451,-0.89390707016
1591869776959384005,580,1591869776856219053,,-1.27546536922,-0.582592606544,-0.89391374588
1591869777009731346,581,1591869776958132982,,-1.27545011044,-0.582600414753,-0.893923223019
1591869777311167665,582,1591869777010164976,,-1.27546536922,-0.582590460777,-0.893912374973
1591869777362423491,583,1591869777311410903,,-1.27548968792,-0.582620561123,-0.893901228905
1591869777413712411,584,1591869777362601041,,-1.27547729015,-0.582618892193,-0.893909752369
1591869777465445471,585,1591869777413885116,,-1.27548789978,-0.582595050335,-0.893905162811
1591869777517607346,586,1591869777465822935,,-1.27549409866,-0.58258742094,-0.89390027523
1591869777569169901,587,1591869777517752885,,-1.27549242973,-0.582590401173,-0.893902003765
1591869777621574475,588,1591869777569318056,,-1.27549517155,-0.582583487034,-0.893902361393
1591869777673177311,589,1591869777622098922,,-1.27549350262,-0.582586705685,-0.893899857998
1591869777724691969,590,1591869777673458099,,-1.27549338341,-0.582586705685,-0.893901765347
1591869777776733947,591,1591869777725038051,,-1.27549529076,-0.582584619522,-0.893901705742
1591869777828665983,592,1591869777777076959,,-1.27548873425,-0.582588136196,-0.893907606602
1591869777881018001,593,1591869777829034090,,-1.27549040318,-0.582593679428,-0.893907427788
1591869777934086817,594,1591869777882460117,,-1.27549362183,-0.582591891289,-0.893899083138
1591869778036291076,595,1591869777934495925,,-1.27549517155,-0.582591593266,-0.893900990486
1591869778087778489,596,1591869778036427021,,-1.27547943592,-0.582592487335,-0.893913328648
1591869778139858945,597,1591869778088157892,,-1.27549886703,-0.582584857941,-0.89389783144
1591869778193133256,598,1591869778140996932,,-1.27549147606,-0.582593500614,-0.893902420998
1591869778244045679,599,1591869778192938089,,-1.27550089359,-0.582583189011,-0.893897354603
1591869778295053240,600,1591869778244119882,,-1.27548861504,-0.582583546638,-0.893903136253
1591869778346433307,601,1591869778295294046,,-1.27549850941,-0.582587897778,-0.893896877766
1591869778398477397,602,1591869778346719026,,-1.27548408508,-0.582591831684,-0.893906831741
1591869778449852232,603,1591869778398780107,,-1.27549171448,-0.582596600056,-0.893901765347
1591869778501234389,604,1591869778450062990,,-1.27548623085,-0.58258408308,-0.893912494183
1591869778553052604,605,1591869778501408100,,-1.27549481392,-0.582582890987,-0.893903553486
1591869778605037727,606,1591869778553674936,,-1.2754894495,-0.582591354847,-0.893903791904
1591869778657157078,607,1591869778605504989,,-1.27548551559,-0.58259344101,-0.893904209137
1591869778709128021,608,1591869778657569885,,-1.27548325062,-0.58258664608,-0.893909275532
1591869778810999050,609,1591869778709325075,,-1.27549159527,-0.582592248917,-0.893905162811
1591869778862993247,610,1591869778811405897,,-1.27549469471,-0.58259087801,-0.893894731998
1591869778915295126,611,1591869778863416910,,-1.27550256252,-0.582586228848,-0.893897414207
1591869778966720629,612,1591869778915071010,,-1.27550792694,-0.582588970661,-0.893889605999
1591869779019148655,613,1591869778967566967,,-1.27548336983,-0.582589030266,-0.893910884857
1591869779076144663,614,1591869779019573926,,-1.27549779415,-0.582590758801,-0.8939011693
1591869779128071686,615,1591869779076461076,,-1.2754881382,-0.582596421242,-0.893908381462
1591869779180150579,616,1591869779128449916,,-1.27548480034,-0.582592785358,-0.893907904625
1591869779235544284,617,1591869779183162927,,-1.2754881382,-0.582581877708,-0.893907010555
1591869779337278053,618,1591869779235311985,,-1.27550256252,-0.582582294941,-0.893893539906
1591869779390124704,619,1591869779338175058,,-1.27549505234,-0.582586407661,-0.893900096416
1591869779448277501,620,1591869779391832113,,-1.27549600601,-0.582586526871,-0.893900334835
1591869779499857699,621,1591869779448569059,,-1.27550077438,-0.582592785358,-0.893895089626
1591869779551700398,622,1591869779500128984,,-1.27548539639,-0.582592368126,-0.893909275532
1591869779603361441,623,1591869779552341938,,-1.27549266815,-0.582593142986,-0.893900930882
1591869779655699812,624,1591869779603596925,,-1.27548074722,-0.582583844662,-0.893916726112
1591869779706012289,625,1591869779655004024,,-1.27549433708,-0.582584738731,-0.893900692463
1591869779757248352,626,1591869779706197023,,-1.2754945755,-0.582578063011,-0.893901824951
1591869779809110572,627,1591869779757504940,,-1.27549505234,-0.582598030567,-0.893899083138
1591869779861230243,628,1591869779809581041,,-1.27548229694,-0.582585155964,-0.893909156322
