%time,field.header.seq,field.header.stamp,field.header.frame_id,field.x,field.y,field.z
1620046078253958733,47,1620046078152066946,,-1.32034468651,0.247013777494,0.664304852486
1620046078357793820,48,1620046078254216909,,-1.32034409046,0.24701410532,0.664305090904
1620046078408238008,49,1620046078356259107,,-1.32034432888,0.247014060616,0.6643050313
1620046078510381726,50,1620046078408409118,,-1.32034468651,0.247013896704,0.664304971695
1620046078613720693,51,1620046078510570049,,-1.32034409046,0.247014403343,0.664304971695
1620046078663883060,52,1620046078612751007,,-1.32034409046,0.247014120221,0.664305090904
1620046078765751127,53,1620046078664167881,,-1.32034420967,0.247014030814,0.6643050313
1620046078867689032,54,1620046078765866041,,-1.32034409046,0.247014388442,0.664305150509
1620046078919407166,55,1620046078868099927,,-1.32034397125,0.247014343739,0.664305329323
1620046079021400127,56,1620046078919616937,,-1.32034373283,0.247014269233,0.664305329323
1620046079123412457,57,1620046079021711111,,-1.3203445673,0.247014313936,0.664304971695
1620046079176432771,58,1620046079123812913,,-1.32034432888,0.247014448047,0.664304971695
1620046079328655693,59,1620046079176672935,,-1.32034420967,0.247014418244,0.66430491209
1620046079380296848,60,1620046079329107999,,-1.32034397125,0.247014522552,0.664305090904
1620046079482660621,61,1620046079380481004,,-1.32034397125,0.247014611959,0.664305090904
1620046079583635333,62,1620046079482176065,,-1.32034432888,0.247014462948,0.664304792881
1620046079638365842,63,1620046079583758115,,-1.32034432888,0.247014313936,0.664304852486
1620046079740905468,64,1620046079639086961,,-1.32034385204,0.247014030814,0.664305329323
1620046079842695786,65,1620046079740663051,,-1.32034409046,0.247014373541,0.664305150509
1620046079895126893,66,1620046079842932939,,-1.32034409046,0.247014209628,0.664305210114
1620046079997132751,67,1620046079895423889,,-1.32034385204,0.247013881803,0.664305269718
1620046080098820554,68,1620046079997456073,,-1.32034397125,0.247014343739,0.664305150509
1620046080150741235,69,1620046080099020004,,-1.32034420967,0.247014418244,0.664305090904
1620046080253290566,70,1620046080151240110,,-1.32034468651,0.24701449275,0.664304792881
1620046080354878300,71,1620046080253705024,,-1.32034468651,0.247013553977,0.66430491209
1620046080456959189,72,1620046080355110883,,-1.32034432888,0.247015401721,0.664304494858
1620046080559815579,73,1620046080457329988,,-1.32034480572,0.247014790773,0.66430413723
1620046080661318544,74,1620046080559472084,,-1.32034683228,0.247014120221,0.664302885532
1620046080763880475,75,1620046080661672115,,-1.32034182549,0.246998861432,0.664302945137
1620046080866413209,76,1620046080763950109,,-1.32031750679,0.246955886483,0.6643050313
1620046080968095301,77,1620046080866050004,,-1.32029366493,0.246852040291,0.664304435253
1620046081071165126,78,1620046080968566894,,-1.32030558586,0.246510952711,0.664296805859
1620046081172507440,79,1620046081070841073,,-1.32030928135,0.246126160026,0.664291024208
1620046081274693829,80,1620046081173062086,,-1.32029831409,0.245734736323,0.664284229279
1620046081377286144,81,1620046081275398969,,-1.32028150558,0.24525976181,0.664278328419
1620046081479593330,82,1620046081377629041,,-1.32026898861,0.244758799672,0.664265394211
1620046081581338371,83,1620046081479525089,,-1.32023644447,0.244269832969,0.664252758026
1620046081683575178,84,1620046081581635951,,-1.32021331787,0.243794381618,0.664239227772
1620046081785037919,85,1620046081683825016,,-1.32019901276,0.243399083614,0.664224088192
1620046081886463685,86,1620046081785156965,,-1.32019305229,0.243194848299,0.664208710194
1620046081987823624,87,1620046081886632919,,-1.32019114494,0.243185028434,0.664200663567
1620046082089871218,88,1620046081987962961,,-1.32019758224,0.243186712265,0.664194762707
1620046082191821262,89,1620046082090075016,,-1.32020151615,0.243187978864,0.664190948009
1620046082294526699,90,1620046082192233085,,-1.32020425797,0.243189439178,0.664188086987
1620046082396034339,91,1620046082294226884,,-1.32020688057,0.243190214038,0.664185583591
1620046082547389291,92,1620046082396321058,,-1.32020914555,0.243191346526,0.66418325901
1620046082649720559,93,1620046082547630071,,-1.32021188736,0.243192344904,0.664180636406
1620046082751968490,94,1620046082650013923,,-1.32021379471,0.243193000555,0.664179265499
1620046082853698074,95,1620046082752449989,,-1.3202149868,0.243193477392,0.664178431034
1620046082955397391,96,1620046082853833913,,-1.32021522522,0.243193924427,0.664177775383
1620046083057569123,97,1620046082955842018,,-1.32021582127,0.243194654584,0.664177179337
1620046083159888168,98,1620046083057962894,,-1.32021653652,0.243195056915,0.664176642895
1620046083261156552,99,1620046083160046100,,-1.32021665573,0.243195429444,0.664176464081
1620046083362808451,100,1620046083261431932,,-1.32021713257,0.243195936084,0.664175927639
1620046083465216890,101,1620046083363140106,,-1.32021701336,0.243196383119,0.664175927639
1620046083567599650,102,1620046083465622901,,-1.32021725178,0.243195801973,0.664175927639
1620046083668570804,103,1620046083567251920,,-1.32021713257,0.243196800351,0.664175927639
1620046083770120470,104,1620046083668644905,,-1.32021701336,0.243197143078,0.664175748825
1620046083872453103,105,1620046083770297050,,-1.32021737099,0.24319703877,0.664175748825
1620046083924481230,106,1620046083873234987,,-1.32021689415,0.243198037148,0.664175987244
1620046084026297326,107,1620046083924649953,,-1.32021713257,0.243198931217,0.664175868034
1620046084128788674,108,1620046084026797056,,-1.32021689415,0.24319781363,0.664175868034
1620046084230601156,109,1620046084129009962,,-1.32021665573,0.243198692799,0.664175927639
1620046084332594473,110,1620046084230895042,,-1.32021653652,0.243199601769,0.664175927639
1620046084434688570,111,1620046084332758903,,-1.32021665573,0.243200302124,0.66417580843
1620046084536166938,112,1620046084434870958,,-1.32021689415,0.243199720979,0.66417568922
1620046084637722838,113,1620046084536361932,,-1.32021737099,0.243199810386,0.66417568922
1620046084740094810,114,1620046084637967109,,-1.32021689415,0.243200048804,0.66417580843
1620046084842396506,115,1620046084740648984,,-1.32021641731,0.243200808764,0.664176166058
1620046084944404417,116,1620046084842792034,,-1.32021641731,0.243201702833,0.664176225662
1620046085046866743,117,1620046084944781064,,-1.32021617889,0.243201881647,0.664176285267
1620046085148836456,118,1620046085046994924,,-1.32021582127,0.243201702833,0.664176523685
1620046085251526107,119,1620046085149544954,,-1.32021558285,0.243201434612,0.66417658329
1620046085354099141,120,1620046085252015113,,-1.32021570206,0.24320153892,0.664176464081
1620046085456119328,121,1620046085354295969,,-1.32021534443,0.243202224374,0.664176464081
1620046085558300066,122,1620046085456495046,,-1.32021534443,0.243201702833,0.664176523685
1620046085660769984,123,1620046085558618068,,-1.32021546364,0.243202507496,0.664176464081
1620046085762617278,124,1620046085660856962,,-1.32021510601,0.243202880025,0.664176523685
1620046085864587263,125,1620046085763024091,,-1.32021510601,0.243203401566,0.664176404476
1620046085966729503,126,1620046085864876985,,-1.32021510601,0.243203252554,0.664176344872
1620046086069030898,127,1620046085967495918,,-1.32021510601,0.24320282042,0.664176464081
1620046086172115295,128,1620046086069309949,,-1.32021510601,0.24320307374,0.66417658329
1620046086273548287,129,1620046086171621084,,-1.32021510601,0.243202775717,0.664176642895
1620046086376945887,130,1620046086274275064,,-1.32021486759,0.243204340339,0.664176642895
1620046086479016548,131,1620046086377051115,,-1.32021474838,0.243204474449,0.664176642895
1620046086581625169,132,1620046086479815959,,-1.3202149868,0.243203982711,0.66417658329
1620046086684083101,133,1620046086581995964,,-1.32021486759,0.243204817176,0.66417658329
1620046086786291587,134,1620046086684348106,,-1.32021546364,0.243201836944,0.664176523685
1620046086889071183,135,1620046086786581039,,-1.32019770145,0.242975965142,0.664183557034
1620046086990562456,136,1620046086888804912,,-1.32018125057,0.242392987013,0.664191246033
1620046087092577218,137,1620046086990906953,,-1.32034051418,0.242280304432,0.664160549641
1620046087194736827,138,1620046087092984914,,-1.32067418098,0.242428839207,0.664116382599
1620046087296855606,139,1620046087195138931,,-1.32095563412,0.242633506656,0.66410368681
1620046087349184071,140,1620046087297205924,,-1.32116603851,0.242807373405,0.664133489132
1620046087451747145,141,1620046087349621057,,-1.3212749958,0.242889717221,0.664151549339
1620046087554387536,142,1620046087452835083,,-1.32144236565,0.243159919977,0.664190948009
1620046087662828110,143,1620046087554682970,,-1.32163929939,0.24341674149,0.664235413074
1620046087758648213,144,1620046087656797885,,-1.321808815,0.243641942739,0.664292633533
1620046087860680235,145,1620046087758929014,,-1.32198929787,0.243861541152,0.66433429718
1620046087962117901,146,1620046087861004114,,-1.32220327854,0.244095206261,0.664372563362
1620046088064021066,147,1620046087962311029,,-1.32239425182,0.244297072291,0.664407074451
1620046088166174043,148,1620046088064219951,,-1.32261645794,0.244488224387,0.664434015751
1620046088267652479,149,1620046088166321992,,-1.32283568382,0.244655445218,0.664461195469
1620046088369046395,150,1620046088267822980,,-1.32305729389,0.244810953736,0.664488196373
1620046088420403974,151,1620046088369276046,,-1.32328188419,0.244972661138,0.664512991905
1620046088521797720,152,1620046088420674085,,-1.32339847088,0.245061203837,0.664526224136
1620046088623705126,153,1620046088522053956,,-1.32360255718,0.245228901505,0.664554536343
1620046088725193553,154,1620046088623929977,,-1.32381737232,0.245409041643,0.66459196806
1620046088827558496,155,1620046088725687980,,-1.32401359081,0.245578512549,0.664622485638
1620046088929751941,156,1620046088827791929,,-1.32425057888,0.245778277516,0.664655923843
1620046089031827384,157,1620046088929883956,,-1.32446205616,0.245972082019,0.664684951305
1620046089133553003,158,1620046089031950950,,-1.32466363907,0.24616792798,0.664712131023
1620046089185925051,159,1620046089133850097,,-1.324878335,0.246377393603,0.664740681648
1620046089287964622,160,1620046089186080932,,-1.32499682903,0.246489703655,0.664756476879
1620046089390252743,161,1620046089288480043,,-1.32519936562,0.246687948704,0.664787352085
1620046089491822118,162,1620046089390572071,,-1.32541441917,0.246881961823,0.664816200733
1620046089593154112,163,1620046089491955995,,-1.32562327385,0.247059419751,0.664845764637
1620046089694585556,164,1620046089593313932,,-1.32583856583,0.247250705957,0.664872527122
1620046089796534523,165,1620046089694734096,,-1.32605278492,0.247451364994,0.664899647236
1620046089899093635,166,1620046089796814918,,-1.32625365257,0.247657448053,0.664926171303
1620046090000521256,167,1620046089898782968,,-1.32647824287,0.247886493802,0.664954841137
1620046090102758074,168,1620046090000797033,,-1.3268481493,0.248263597488,0.665008306503
1620046090154164224,169,1620046090102947950,,-1.32744050026,0.248817652464,0.665089547634
1620046090256074170,170,1620046090154499053,,-1.32778215408,0.249114334583,0.665127635002
1620046090358487461,171,1620046090256366014,,-1.32839381695,0.2496381253,0.665219128132
1620046090460462605,172,1620046090359230995,,-1.32905626297,0.250204950571,0.665288209915
1620046090561878831,173,1620046090460773944,,-1.32968497276,0.250795274973,0.665374994278
1620046090663789472,174,1620046090562104940,,-1.3303232193,0.251338005066,0.665452957153
1620046090765357693,175,1620046090664110898,,-1.33097672462,0.251932501793,0.665535390377
1620046090866573647,176,1620046090765497922,,-1.33159244061,0.252493828535,0.665623545647
1620046090968718552,177,1620046090866842985,,-1.33227133751,0.253076195717,0.665709912777
1620046091070763156,178,1620046090968882083,,-1.33290243149,0.253617495298,0.66579079628
1620046091172867047,179,1620046091071109056,,-1.33350920677,0.254158049822,0.665876567364
1620046091275367669,180,1620046091173187971,,-1.33416771889,0.254756450653,0.665953576565
1620046091376838624,181,1620046091275664091,,-1.33482682705,0.255373626947,0.666037499905
1620046091478262856,182,1620046091377036094,,-1.33542764187,0.255944728851,0.66612380743
1620046091580720099,183,1620046091478456020,,-1.33607947826,0.256488591433,0.666204094887
1620046091682302582,184,1620046091580449104,,-1.33669149876,0.257029175758,0.666287660599
1620046091784668178,185,1620046091682714939,,-1.33738923073,0.257640272379,0.666373252869
1620046091886485632,186,1620046091784910917,,-1.33802735806,0.258224129677,0.666456699371
1620046091988632589,187,1620046091886687040,,-1.33866834641,0.258804917336,0.666545629501
1620046092090947143,188,1620046091988801002,,-1.3393124342,0.259393870831,0.666623473167
1620046092193839604,189,1620046092091299057,,-1.33998310566,0.259983897209,0.666702330112
1620046092245290917,190,1620046092193466901,,-1.34062433243,0.260542541742,0.666783928871
1620046092348672046,191,1620046092245821952,,-1.34096634388,0.260843873024,0.666826307774
1620046092450245308,192,1620046092348381996,,-1.34158778191,0.261383235455,0.666911423206
1620046092553011469,193,1620046092450994014,,-1.34227049351,0.261955946684,0.666987359524
1620046092655114051,194,1620046092553239107,,-1.34287023544,0.262551516294,0.667078495026
1620046092757326214,195,1620046092655453920,,-1.34352266788,0.263136357069,0.667155921459
1620046092858729893,196,1620046092757512092,,-1.34416997433,0.263745158911,0.667233526707
1620046092960167061,197,1620046092858937025,,-1.34482812881,0.264316946268,0.667305827141
1620046093062212321,198,1620046092960475921,,-1.34546720982,0.264870643616,0.667380511761
1620046093164376381,199,1620046093062673091,,-1.34611368179,0.265420258045,0.667458832264
1620046093266602530,200,1620046093164705991,,-1.3467502594,0.265984624624,0.667543947697
1620046093368610860,201,1620046093266789913,,-1.34739863873,0.266572237015,0.667631745338
1620046093471089615,202,1620046093368982076,,-1.34803915024,0.267147392035,0.667720139027
1620046093573074593,203,1620046093471223115,,-1.34865808487,0.267730712891,0.667800843716
1620046093675132437,204,1620046093573357105,,-1.34925162792,0.2682967484,0.667879581451
1620046093777266186,205,1620046093675512075,,-1.34992086887,0.268889456987,0.66795784235
1620046093880089772,206,1620046093777563095,,-1.35050964355,0.269345968962,0.668023526669
1620046093981722283,207,1620046093879775047,,-1.35079133511,0.269502103329,0.668061852455
1620046094085140901,208,1620046093982630968,,-1.35071527958,0.269485265017,0.668081998825
1620046094188341209,209,1620046094086443901,,-1.35024666786,0.269451379776,0.668118953705
1620046094289890511,210,1620046094188636064,,-1.3493270874,0.269428163767,0.668146371841
1620046094391842445,211,1620046094290056943,,-1.34842538834,0.269417107105,0.668139457703
1620046094494774630,212,1620046094392219066,,-1.34753227234,0.26939496398,0.668138444424
1620046094597327005,213,1620046094495470046,,-1.34660816193,0.269367724657,0.668149828911
1620046094699078475,214,1620046094597524881,,-1.34566223621,0.269351780415,0.668160676956
1620046094801287630,215,1620046094699342012,,-1.34475839138,0.269344002008,0.668169558048
1620046094903444820,216,1620046094801541090,,-1.34382450581,0.269318670034,0.668172359467
1620046095005239543,217,1620046094903531074,,-1.3429248333,0.269283980131,0.668183147907
1620046095107583186,218,1620046095005564928,,-1.34206235409,0.269262671471,0.668189585209
1620046095209736611,219,1620046095107817888,,-1.34116482735,0.269239395857,0.668189466
1620046095312265382,220,1620046095210400104,,-1.34026491642,0.269205570221,0.668183326721
1620046095415452230,221,1620046095313106060,,-1.33937764168,0.269162714481,0.668185532093
1620046095467394146,222,1620046095415688991,,-1.33841979504,0.269115000963,0.668194413185
1620046095619599025,223,1620046095467624902,,-1.33793401718,0.269096046686,0.668196618557
1620046095721595635,224,1620046095619862079,,-1.3366291523,0.26906773448,0.668203294277
1620046095823666191,225,1620046095721930027,,-1.33570516109,0.269043058157,0.668221116066
1620046095875824861,226,1620046095823961019,,-1.33478581905,0.269011199474,0.668234050274
1620046095977926047,227,1620046095875999927,,-1.33429050446,0.268992275,0.668239295483
1620046096079989308,228,1620046095978766918,,-1.33337819576,0.268975615501,0.668251276016
1620046096181791129,229,1620046096080085039,,-1.33247816563,0.268937885761,0.668260931969
1620046096283982342,230,1620046096182152986,,-1.33160257339,0.268905818462,0.668276488781
1620046096386402597,231,1620046096284544944,,-1.3306620121,0.268863171339,0.668279230595
1620046096489306211,232,1620046096387036085,,-1.32970106602,0.268825680017,0.668289482594
1620046096591726843,233,1620046096490133047,,-1.32880175114,0.268822342157,0.668292224407
1620046096693172862,234,1620046096591871023,,-1.32789444923,0.26880967617,0.668300271034
1620046096794446309,235,1620046096693255901,,-1.3270150423,0.268762528896,0.668307960033
1620046096895870613,236,1620046096794604063,,-1.32611453533,0.268714398146,0.668313145638
1620046096947602861,237,1620046096895996093,,-1.32517850399,0.268673717976,0.668320894241
1620046097049362887,238,1620046096947863101,,-1.32471776009,0.268661499023,0.668326318264
1620046097151581153,239,1620046097049654006,,-1.32387149334,0.268632858992,0.668328464031
1620046097254866680,240,1620046097151982069,,-1.32289946079,0.268598020077,0.668336391449
1620046097361426615,241,1620046097255398035,,-1.32198297977,0.268558979034,0.668345630169
1620046097463822047,242,1620046097361862897,,-1.32127094269,0.268528878689,0.668347001076
1620046097566458007,243,1620046097464078903,,-1.32106494904,0.268497407436,0.668338894844
1620046097667934383,244,1620046097566138982,,-1.32103788853,0.268478244543,0.668340444565
1620046097770386885,245,1620046097668292045,,-1.32096648216,0.268368691206,0.6683396101
1620046097872661163,246,1620046097770910978,,-1.32096540928,0.268213331699,0.668333768845
1620046097974246674,247,1620046097873003005,,-1.32116448879,0.268173545599,0.668303966522
1620046098075809290,248,1620046097974365949,,-1.32179546356,0.268164128065,0.668260872364
1620046098177935165,249,1620046098075908899,,-1.32274234295,0.268154352903,0.668256044388
1620046098279691540,250,1620046098178282976,,-1.32363247871,0.268136620522,0.668267786503
1620046098381820461,251,1620046098279931068,,-1.32449603081,0.268134772778,0.668284296989
1620046098433834937,252,1620046098382158041,,-1.3254172802,0.268158227205,0.668284416199
1620046098585911180,253,1620046098434245109,,-1.32591915131,0.268172651529,0.668276250362
1620046098637424440,254,1620046098586239099,,-1.32725572586,0.268169760704,0.668260395527
1620046098788800763,255,1620046098637635946,,-1.32775223255,0.268183529377,0.668250083923
1620046098890428224,256,1620046098789112091,,-1.32904231548,0.268213570118,0.668235659599
1620046098941794230,257,1620046098890571117,,-1.32998895645,0.268249928951,0.668226003647
1620046099043580525,258,1620046098942044973,,-1.33046984673,0.268265992403,0.668220877647
1620046099145582510,259,1620046099043734073,,-1.33134019375,0.268299520016,0.668217837811
1620046099247583982,260,1620046099145695924,,-1.33219456673,0.268329113722,0.668208539486
1620046099399144236,261,1620046099247891902,,-1.33312106133,0.268379926682,0.668199360371
1620046099451467651,262,1620046099399286985,,-1.33453190327,0.268429547548,0.668188273907
1620046099553475854,263,1620046099452260017,,-1.33501219749,0.268445521593,0.668185174465
1620046099656769448,264,1620046099554582118,,-1.3358489275,0.268468946218,0.668175756931
1620046099758740620,265,1620046099657357931,,-1.33683133125,0.268512398005,0.668175280094
1620046099860356097,266,1620046099758909940,,-1.33770227432,0.268541246653,0.668159902096
1620046099962169794,267,1620046099860553026,,-1.33867454529,0.268573045731,0.668145954609
1620046100063721603,268,1620046099962490081,,-1.33959197998,0.26859036088,0.668132781982
1620046100165642929,269,1620046100063859939,,-1.34044659138,0.268607139587,0.668136358261
1620046100267762356,270,1620046100166038036,,-1.34136402607,0.268654823303,0.668129503727
1620046100369857978,271,1620046100268151998,,-1.34229040146,0.268688231707,0.668115675449
1620046100472120506,272,1620046100370237112,,-1.34315979481,0.268683791161,0.668116271496
1620046100574356110,273,1620046100472484111,,-1.34406447411,0.268706589937,0.668101906776
1620046100676622275,274,1620046100574609994,,-1.34499907494,0.268748641014,0.668091416359
1620046100728340845,275,1620046100676686048,,-1.34593689442,0.268785506487,0.668081820011
1620046100830403622,276,1620046100728615999,,-1.34637761116,0.268790274858,0.668078541756
1620046100932443629,277,1620046100830735921,,-1.34732222557,0.268846571445,0.66806691885
1620046101034617298,278,1620046100932835102,,-1.34822368622,0.268882781267,0.668054938316
1620046101136790232,279,1620046101035028934,,-1.34911847115,0.268919676542,0.668037474155
1620046101239127735,280,1620046101137299060,,-1.34997749329,0.268963456154,0.668032228947
1620046101341371581,281,1620046101239537954,,-1.35068774223,0.26900601387,0.668028593063
1620046101442854929,282,1620046101341738939,,-1.35079777241,0.269007891417,0.668035805225
1620046101545017449,283,1620046101443140029,,-1.35080432892,0.268873900175,0.668040215969
1620046101646424527,284,1620046101545134067,,-1.35080456734,0.268471121788,0.668052971363
1620046101748979215,285,1620046101646678924,,-1.35074782372,0.268411010504,0.668060064316
1620046101850782749,286,1620046101748647928,,-1.35059797764,0.268376678228,0.668069303036
1620046101952676690,287,1620046101851358890,,-1.3498929739,0.268242150545,0.66808784008
1620046102054627214,288,1620046101953212976,,-1.34911203384,0.268180400133,0.668091714382
1620046102157279742,289,1620046102055324077,,-1.3481117487,0.268142402172,0.668101072311
1620046102259251747,290,1620046102157594919,,-1.34722352028,0.268202751875,0.668099164963
1620046102361962213,291,1620046102259812116,,-1.34628582001,0.268214672804,0.668104052544
1620046102464913043,292,1620046102363152027,,-1.34535884857,0.268222481012,0.66811054945
1620046102567176764,293,1620046102465249061,,-1.34445488453,0.268236249685,0.668110251427
1620046102669231768,294,1620046102567420959,,-1.34351158142,0.268224537373,0.668127179146
1620046102770820387,295,1620046102669567108,,-1.3425770998,0.26820114255,0.668142735958
1620046102872509846,296,1620046102771013021,,-1.34169614315,0.268192738295,0.668143630028
1620046102974049777,297,1620046102872863054,,-1.34079444408,0.268177509308,0.668144345284
1620046103075345955,298,1620046102974124908,,-1.33991098404,0.268164753914,0.668154358864
1620046103176840759,299,1620046103075577020,,-1.33898162842,0.268125236034,0.668162941933
1620046103278199951,300,1620046103176985979,,-1.33811926842,0.268102049828,0.668164551258
1620046103380382124,301,1620046103278539896,,-1.33714258671,0.268065363169,0.668174922466
1620046103482434570,302,1620046103380655050,,-1.33623611927,0.268039613962,0.668184638023
1620046103585110502,303,1620046103483203887,,-1.33538222313,0.268004924059,0.668192744255
1620046103688059995,304,1620046103585881948,,-1.33449494839,0.267968684435,0.668203175068
1620046103790431221,305,1620046103688560962,,-1.33358383179,0.267935067415,0.66821295023
1620046103893336011,306,1620046103791387081,,-1.33297359943,0.267911583185,0.66821372509
1620046104045812783,307,1620046103893706083,,-1.33266294003,0.267862945795,0.66820782423
1620046104147363762,308,1620046104045955896,,-1.33266055584,0.26786416769,0.668208777905
1620046104299030092,309,1620046104147583007,,-1.33265817165,0.267861455679,0.668210446835
1620046104349936878,310,1620046104298816919,,-1.33265805244,0.267861902714,0.668210268021
1620046104452108937,311,1620046104350136995,,-1.3326574564,0.267861962318,0.668210625648
1620046104554273037,312,1620046104452519893,,-1.33265781403,0.267861902714,0.668210566044
1620046104607058182,313,1620046104554594039,,-1.33265829086,0.267862021923,0.668210089207
1620046104708872788,314,1620046104606753110,,-1.33265864849,0.267862141132,0.668209910393
1620046104810843394,315,1620046104709022045,,-1.33265781403,0.267861396074,0.668210566044
1620046104863288366,316,1620046104811404943,,-1.33265793324,0.267861425877,0.668210446835
1620046104965852851,317,1620046104864010095,,-1.33265781403,0.267861247063,0.668210446835
1620046105068060896,318,1620046104966213941,,-1.33265769482,0.267861753702,0.668210506439
1620046105119488547,319,1620046105068355083,,-1.33265793324,0.267861664295,0.668210208416
1620046105221523162,320,1620046105119755029,,-1.33265817165,0.26786133647,0.668210089207
1620046105323945271,321,1620046105221899986,,-1.33265841007,0.267861813307,0.668210208416
1620046105376386804,322,1620046105324678897,,-1.33265841007,0.267861992121,0.668210148811
1620046105478569609,323,1620046105376686096,,-1.33265805244,0.26786211133,0.668210506439
1620046105581056145,324,1620046105478718996,,-1.33265781403,0.267862141132,0.668210327625
1620046105632732753,325,1620046105580718994,,-1.33265829086,0.267862349749,0.668210208416
1620046105734606144,326,1620046105632941961,,-1.33265817165,0.26786211133,0.668210327625
1620046105836795519,327,1620046105735050916,,-1.33265793324,0.267861783504,0.668210625648
1620046105889630678,328,1620046105837099075,,-1.33265793324,0.267861843109,0.668210625648
1620046105992099092,329,1620046105889216899,,-1.33265829086,0.267861664295,0.66821038723
1620046106094381881,330,1620046105991906881,,-1.33265852928,0.2678617239,0.668210089207
1620046106146456812,331,1620046106094778060,,-1.33265817165,0.267861902714,0.668210327625
1620046106248766716,332,1620046106146755933,,-1.33265805244,0.267861813307,0.668210327625
1620046106301259158,333,1620046106249126911,,-1.33265793324,0.267862021923,0.66821038723
1620046106404391245,334,1620046106302125930,,-1.33265805244,0.267861992121,0.668210446835
1620046106505861100,335,1620046106404545068,,-1.33265793324,0.267861962318,0.668210208416
1620046106558284097,336,1620046106506167888,,-1.33265793324,0.267861664295,0.668210327625
1620046106660947327,337,1620046106558491945,,-1.33265793324,0.267861664295,0.668210327625
1620046106762339383,338,1620046106660741090,,-1.33265769482,0.267861753702,0.668210446835
1620046106814049447,339,1620046106762799024,,-1.33265805244,0.267862051725,0.668210327625
1620046106916337347,340,1620046106814292907,,-1.33265829086,0.267861992121,0.668210208416
1620046107018293547,341,1620046106916517019,,-1.33265829086,0.267861574888,0.668210148811
1620046107070674229,342,1620046107018750905,,-1.33265781403,0.2678617239,0.668210506439
1620046107172728119,343,1620046107070749998,,-1.33265781403,0.267861962318,0.668210446835
1620046107224837350,344,1620046107172837018,,-1.33265829086,0.267861783504,0.668210208416
1620046107327119289,345,1620046107225161075,,-1.33265793324,0.267861664295,0.668210566044
1620046107429679164,346,1620046107327651977,,-1.33265805244,0.267861694098,0.668210268021
1620046107532363714,347,1620046107430512905,,-1.33265852928,0.267861664295,0.668210148811
1620046107584623668,348,1620046107532820940,,-1.33265817165,0.267861694098,0.66821038723
1620046107687097189,349,1620046107585277080,,-1.33265805244,0.267862081528,0.66821038723
1620046107789452576,350,1620046107687474966,,-1.33265817165,0.267861306667,0.668210506439
1620046107891575552,351,1620046107789592981,,-1.33265805244,0.267861783504,0.668210506439
1620046107944109780,352,1620046107892348051,,-1.33265817165,0.267862290144,0.668210327625
1620046108045529235,353,1620046107944287061,,-1.33265805244,0.267862379551,0.668210327625
1620046108146765373,354,1620046108045726060,,-1.33265829086,0.267861634493,0.668210208416
1620046108198834269,355,1620046108147075891,,-1.33265817165,0.267861455679,0.668210268021
1620046108301470933,356,1620046108199242115,,-1.33265805244,0.267861694098,0.668210446835
1620046108402561579,357,1620046108301188945,,-1.33265781403,0.267861634493,0.66821038723
1620046108454441789,358,1620046108402784109,,-1.33265817165,0.2678617239,0.668210208416
1620046108558431364,359,1620046108454776048,,-1.33265817165,0.267861604691,0.66821038723
1620046108660594982,360,1620046108558698892,,-1.33265793324,0.267861157656,0.668210446835
1620046108712734003,361,1620046108660911083,,-1.33265841007,0.267861813307,0.668210148811
1620046108815168531,362,1620046108713103055,,-1.33265852928,0.267861813307,0.668210089207
1620046108917182058,363,1620046108815371990,,-1.33265769482,0.267861753702,0.668210446835
1620046108969533725,364,1620046108917592048,,-1.33265805244,0.267861902714,0.668210089207
1620046109071563035,365,1620046108969778060,,-1.33265817165,0.267861664295,0.668210089207
1620046109173701241,366,1620046109071983098,,-1.33265769482,0.267861306667,0.668210566044
1620046109225685264,367,1620046109173966884,,-1.33265781403,0.267861604691,0.668210446835
1620046109328443137,368,1620046109226614952,,-1.33265781403,0.267861634493,0.66821038723
1620046109430623354,369,1620046109328747034,,-1.33265757561,0.2678617239,0.668210566044
1620046109482267542,370,1620046109430993080,,-1.33265769482,0.267861753702,0.668210506439
1620046109584328356,371,1620046109482501983,,-1.33265781403,0.267861664295,0.668210446835
1620046109686133346,372,1620046109584520101,,-1.33265817165,0.267861813307,0.66821038723
1620046109788238224,373,1620046109686388015,,-1.33265817165,0.267861276865,0.66821038723
1620046109839815668,374,1620046109788551092,,-1.33265793324,0.267861187458,0.668210446835
1620046109941319899,375,1620046109839983940,,-1.33265805244,0.267861306667,0.66821038723
1620046110043196641,376,1620046109941524028,,-1.33265829086,0.267861574888,0.66821038723
1620046110094626234,377,1620046110042939901,,-1.33265852928,0.267861664295,0.668210089207
1620046110197022606,378,1620046110094970941,,-1.33265852928,0.267861843109,0.668210089207
1620046110300008881,379,1620046110197204113,,-1.33265805244,0.267861694098,0.668210446835
1620046110352433870,380,1620046110300693035,,-1.33265769482,0.267861753702,0.668210506439
1620046110454086310,381,1620046110352806091,,-1.33265769482,0.267861843109,0.668210506439
1620046110556303891,382,1620046110454430103,,-1.33265841007,0.267861962318,0.668210029602
1620046110608427370,383,1620046110556641101,,-1.33265817165,0.267861932516,0.668210208416
1620046110710613950,384,1620046110608882904,,-1.33265829086,0.267861843109,0.668210268021
1620046110762107590,385,1620046110710992097,,-1.33265793324,0.267861694098,0.668210506439
1620046110864399511,386,1620046110762403011,,-1.33265781403,0.267861127853,0.668210566044
1620046110966603780,387,1620046110864767074,,-1.33265793324,0.267861068249,0.668210506439
1620046111018992490,388,1620046110967122077,,-1.33265817165,0.267861932516,0.668210327625
1620046111120603152,389,1620046111019093036,,-1.33265805244,0.26786211133,0.668210446835
1620046111222450945,390,1620046111120723962,,-1.33265817165,0.267861753702,0.668210029602
1620046111324586324,391,1620046111222795009,,-1.33265805244,0.267861545086,0.668210148811
1620046111376635905,392,1620046111324903011,,-1.33265769482,0.267861396074,0.668210506439
1620046111478745525,393,1620046111376980066,,-1.33265769482,0.267861485481,0.668210506439
1620046111530752129,394,1620046111479064941,,-1.33265781403,0.267861574888,0.668210327625
1620046111633896852,395,1620046111531208992,,-1.3326574564,0.267861932516,0.668210625648
1620046111736136974,396,1620046111634357929,,-1.33265757561,0.267861634493,0.668210566044
1620046111838953357,397,1620046111736974000,,-1.33265757561,0.267861545086,0.668210625648
1620046111940926872,398,1620046111839164972,,-1.33265781403,0.267861276865,0.668210566044
1620046111993080947,399,1620046111941235065,,-1.33265805244,0.267861694098,0.668210506439
1620046112095554921,400,1620046111993592977,,-1.33265793324,0.267861872911,0.668210566044
1620046112148113975,401,1620046112096385955,,-1.3326574564,0.267861992121,0.668210625648
1620046112250317776,402,1620046112148524045,,-1.33265769482,0.267861545086,0.668210566044
1620046112352476260,403,1620046112250637054,,-1.33265805244,0.267861068249,0.668210327625
1620046112404712166,404,1620046112352828025,,-1.33265841007,0.267861813307,0.668210148811
1620046112506736562,405,1620046112404886960,,-1.33265817165,0.267861694098,0.668210446835
1620046112608877250,406,1620046112507090091,,-1.33265781403,0.267861455679,0.66821038723
1620046112660803749,407,1620046112609229087,,-1.33265805244,0.267862081528,0.668210327625
1620046112763041347,408,1620046112661096096,,-1.33265829086,0.267861783504,0.668210268021
1620046112866935277,409,1620046112765109062,,-1.33265781403,0.267861604691,0.668210327625
1620046112969452434,410,1620046112867543935,,-1.33265781403,0.267861515284,0.668210446835
1620046113022007224,411,1620046112970205068,,-1.33265769482,0.267861843109,0.668210446835
1620046113123663994,412,1620046113022329092,,-1.33265769482,0.26786211133,0.668210327625
1620046113225795303,413,1620046113123877048,,-1.33265817165,0.267862021923,0.668210148811
1620046113277947220,414,1620046113226157903,,-1.33265805244,0.267861455679,0.668210446835
1620046113380303242,415,1620046113278338909,,-1.33265757561,0.267861485481,0.668210566044
1620046113482428780,416,1620046113380470037,,-1.33265793324,0.267861157656,0.66821038723
1620046113584449939,417,1620046113482542991,,-1.33265769482,0.267861574888,0.668210506439
1620046113637620273,418,1620046113584628105,,-1.33265769482,0.267861574888,0.668210506439
1620046113739188393,419,1620046113637367010,,-1.33265757561,0.267861604691,0.668210625648
1620046113841021905,420,1620046113739658117,,-1.33265781403,0.267861902714,0.66821038723
1620046113893019382,421,1620046113841257095,,-1.33265793324,0.267861664295,0.668210446835
1620046113995166846,422,1620046113893336057,,-1.33265817165,0.267861783504,0.668210446835
1620046114097276054,423,1620046113995577096,,-1.33265781403,0.267861843109,0.668210268021
1620046114149308915,424,1620046114097667932,,-1.33265793324,0.267861396074,0.668210327625
1620046114251608956,425,1620046114149665117,,-1.33265817165,0.267861694098,0.668210089207
1620046114354142381,426,1620046114251859903,,-1.33265769482,0.267861276865,0.668210566044
1620046114405736985,427,1620046114353846073,,-1.33265793324,0.267861664295,0.668210327625
1620046114507878648,428,1620046114406083106,,-1.33265817165,0.2678617239,0.668210089207
1620046114610159353,429,1620046114508410930,,-1.33265769482,0.267861574888,0.668210506439
1620046114662403558,430,1620046114610537052,,-1.33265757561,0.267861574888,0.668210566044
1620046114764156559,431,1620046114662825107,,-1.33265769482,0.267861574888,0.668210566044
1620046114865692840,432,1620046114764256000,,-1.33265817165,0.26786133647,0.668210327625
1620046114917439692,433,1620046114866223096,,-1.33265793324,0.26786121726,0.66821038723
1620046115018709348,434,1620046114917552947,,-1.33265793324,0.267861634493,0.668210268021
1620046115119935666,435,1620046115018779039,,-1.33265817165,0.267861634493,0.668210208416
1620046115171531494,436,1620046115120095014,,-1.33265817165,0.267861515284,0.668210268021
1620046115273530953,437,1620046115171732902,,-1.33265829086,0.267861306667,0.668210029602
1620046115376409399,438,1620046115273876905,,-1.33265805244,0.267861396074,0.668210506439
1620046115478076058,439,1620046115376087903,,-1.33265793324,0.267861753702,0.668210208416
1620046115530341521,440,1620046115478502988,,-1.33265817165,0.267861753702,0.668210208416
1620046115632841751,441,1620046115530793905,,-1.33265817165,0.267861753702,0.66821038723
1620046115684331446,442,1620046115632623910,,-1.33265805244,0.267861247063,0.668210506439
1620046115786527578,443,1620046115684716939,,-1.33265757561,0.267861545086,0.668210566044
1620046115888434996,444,1620046115786847114,,-1.33265817165,0.267861396074,0.66821038723
1620046115940064145,445,1620046115888067007,,-1.33265793324,0.267861634493,0.668210506439
1620046116041996717,446,1620046115940093994,,-1.33265805244,0.2678617239,0.668210446835
1620046116143078187,447,1620046116041728019,,-1.33265769482,0.267861753702,0.668210506439
1620046116244813020,448,1620046116143243074,,-1.33265793324,0.267861366272,0.66821038723
1620046116296812829,449,1620046116245182037,,-1.33265769482,0.267861843109,0.668210446835
1620046116398364061,450,1620046116297095060,,-1.33265757561,0.267861992121,0.668210446835
1620046116500005645,451,1620046116398487091,,-1.33265757561,0.267861872911,0.668210566044
1620046116551661299,452,1620046116500473022,,-1.33265805244,0.267861455679,0.66821038723
1620046116653085889,453,1620046116551814079,,-1.33265841007,0.267861396074,0.668210268021
1620046116754370184,454,1620046116653269052,,-1.33265769482,0.267861783504,0.668210625648
1620046116856500806,455,1620046116754697084,,-1.33265793324,0.267861664295,0.668210506439
1620046116958271693,456,1620046116856525897,,-1.33265769482,0.267861783504,0.668210446835
1620046117010385760,457,1620046116958595037,,-1.33265805244,0.267861872911,0.668210327625
1620046117112488183,458,1620046117010613918,,-1.33265817165,0.267861843109,0.668210268021
1620046117214810805,459,1620046117112998008,,-1.33265781403,0.267862260342,0.668210268021
1620046117267575346,460,1620046117215274095,,-1.33265769482,0.267861604691,0.668210446835
1620046117369916477,461,1620046117267946004,,-1.33265805244,0.267861276865,0.66821038723
1620046117422108632,462,1620046117370448112,,-1.33265805244,0.26786121726,0.668210446835
1620046117524271277,463,1620046117422530889,,-1.33265769482,0.267861604691,0.668210446835
1620046117626678186,464,1620046117524682044,,-1.33265805244,0.267861753702,0.668210446835
1620046117678957114,465,1620046117627084970,,-1.33265769482,0.267861425877,0.668210506439
1620046117780572806,466,1620046117679291009,,-1.33265769482,0.267860859632,0.668210566044
1620046117881991086,467,1620046117780821084,,-1.33265852928,0.267861843109,0.668210029602
1620046117984090243,468,1620046117882378101,,-1.33265757561,0.2678617239,0.668210566044
1620046118035937567,469,1620046117984452009,,-1.33265781403,0.267861783504,0.66821038723
1620046118140110398,470,1620046118036359071,,-1.33265793324,0.2678617239,0.668210327625
1620046118191586059,471,1620046118139825105,,-1.33265805244,0.26786211133,0.668210208416
1620046118293090750,472,1620046118191946029,,-1.33265817165,0.267862141132,0.668210327625
1620046118395531017,473,1620046118293338060,,-1.33265817165,0.2678617239,0.66821038723
1620046118497712207,474,1620046118395873069,,-1.33265793324,0.267861634493,0.668210446835
1620046118549835603,475,1620046118498079061,,-1.33265781403,0.267861872911,0.668210506439
1620046118651589812,476,1620046118550173044,,-1.33265757561,0.267862051725,0.668210566044
1620046118753297411,477,1620046118651647090,,-1.33265793324,0.267862349749,0.66821038723
1620046118805380202,478,1620046118753659009,,-1.33265769482,0.267861813307,0.66821038723
1620046118908071402,479,1620046118805726051,,-1.33265769482,0.267861545086,0.668210446835
1620046119010180693,480,1620046118908437013,,-1.33265805244,0.267861247063,0.668210327625
1620046119112027499,481,1620046119010514020,,-1.33265841007,0.267861485481,0.668210268021
1620046119164122890,482,1620046119112153053,,-1.33265805244,0.267861694098,0.668210327625
1620046119266234164,483,1620046119164501905,,-1.33265793324,0.2678617239,0.66821038723
1620046119318191008,484,1620046119266592979,,-1.33265781403,0.267862081528,0.668210446835
1620046119419840145,485,1620046119318546056,,-1.33265781403,0.267862021923,0.66821038723
1620046119521459521,486,1620046119420105934,,-1.33265841007,0.267861455679,0.668210268021
1620046119622804279,487,1620046119521586894,,-1.33265817165,0.267861694098,0.668210506439
1620046119674787071,488,1620046119622960090,,-1.33265793324,0.267861276865,0.668210446835
1620046119778260548,489,1620046119675208091,,-1.33265793324,0.267860978842,0.668210446835
1620046119880916567,490,1620046119778999090,,-1.33265781403,0.267861992121,0.668210327625
1620046119982602939,491,1620046119881314992,,-1.33265793324,0.267861753702,0.668210268021
1620046120084585675,492,1620046119982784986,,-1.33265817165,0.267861932516,0.668210327625
1620046120136869931,493,1620046120085000038,,-1.33265841007,0.267861813307,0.668210148811
1620046120239394141,494,1620046120137595891,,-1.33265829086,0.267861843109,0.668210208416
1620046120291518563,495,1620046120239784955,,-1.33265829086,0.267862319946,0.668210029602
1620046120393251293,496,1620046120291903972,,-1.33265817165,0.267862409353,0.668210268021
1620046120495288172,497,1620046120393457889,,-1.33265817165,0.267861604691,0.668210148811
1620046120547295944,498,1620046120495628118,,-1.33265793324,0.267861396074,0.66821038723
1620046120649654602,499,1620046120547744989,,-1.33265781403,0.267861664295,0.66821038723
1620046120751725140,500,1620046120649851083,,-1.3326574564,0.267861962318,0.668210566044
1620046120803274862,501,1620046120751833915,,-1.33265817165,0.2678617239,0.668210208416
1620046120905213132,502,1620046120803395986,,-1.33265864849,0.267861455679,0.668210029602
1620046121008034441,503,1620046120906075000,,-1.33265793324,0.267861664295,0.66821038723
1620046121060320992,504,1620046121008929014,,-1.33265829086,0.267861783504,0.668210029602
1620046121162304468,505,1620046121060578107,,-1.33265817165,0.267861813307,0.668210089207
1620046121215571832,506,1620046121162698984,,-1.33265793324,0.267862081528,0.668210446835
1620046121317529433,507,1620046121215590000,,-1.33265757561,0.267861962318,0.668210566044
1620046121419623170,508,1620046121317830085,,-1.33265769482,0.267861902714,0.668210566044
1620046121472682034,509,1620046121420012950,,-1.33265817165,0.2678617239,0.668210327625
1620046121574288039,510,1620046121472450017,,-1.33265781403,0.267861634493,0.66821038723
1620046121676427700,511,1620046121574886083,,-1.33265781403,0.267861634493,0.668210506439
1620046121728414625,512,1620046121677134990,,-1.33265829086,0.267861515284,0.66821038723
1620046121830398276,513,1620046121728634119,,-1.33265841007,0.267861396074,0.668210268021
1620046121932515630,514,1620046121830785036,,-1.33265817165,0.267861813307,0.668210089207
1620046121984607198,515,1620046121932883977,,-1.33265829086,0.267861545086,0.668210148811
1620046122086312841,516,1620046121985038042,,-1.33265841007,0.267861425877,0.668210268021
1620046122188232606,517,1620046122086580991,,-1.33265769482,0.267861813307,0.668210446835
1620046122290303921,518,1620046122188606023,,-1.33265769482,0.267861276865,0.668210566044
1620046122342404588,519,1620046122290611982,,-1.33265757561,0.267861545086,0.668210625648
1620046122444546791,520,1620046122342844963,,-1.33265757561,0.267861545086,0.668210625648
1620046122546285584,521,1620046122444921016,,-1.33265805244,0.267861872911,0.668210327625
1620046122598143347,522,1620046122546468019,,-1.33265841007,0.267862260342,0.668210089207
1620046122700283636,523,1620046122598460912,,-1.33265864849,0.267862081528,0.668209969997
1620046122801850319,524,1620046122700581073,,-1.33265852928,0.267861545086,0.668210089207
1620046122853182839,525,1620046122801872968,,-1.33265793324,0.267862051725,0.668210327625
1620046122955245896,526,1620046122853317022,,-1.33265757561,0.267862260342,0.66821038723
1620046123057276243,527,1620046122955411911,,-1.33265793324,0.267861962318,0.668210268021
1620046123109803940,528,1620046123057703018,,-1.33265817165,0.267861872911,0.668210029602
1620046123212406145,529,1620046123110619068,,-1.33265817165,0.2678617239,0.668210089207
1620046123264614247,530,1620046123212829113,,-1.33265781403,0.267861813307,0.668210327625
1620046123367159538,531,1620046123265038013,,-1.33265781403,0.267862051725,0.668210327625
1620046123469153150,532,1620046123367274045,,-1.33265805244,0.267862051725,0.668210029602
1620046123521785644,533,1620046123469667911,,-1.33265805244,0.267861932516,0.668210089207
1620046123623924113,534,1620046123521899938,,-1.33265793324,0.267861694098,0.668210148811
1620046123725919375,535,1620046123624130964,,-1.33265781403,0.267861634493,0.668210446835
1620046123828158773,536,1620046123726314067,,-1.33265829086,0.267861962318,0.668210268021
1620046123880511442,537,1620046123828510999,,-1.33265841007,0.267862230539,0.668210089207
1620046123982281548,538,1620046123880759954,,-1.33265852928,0.267862170935,0.668210029602
1620046124034304598,539,1620046123982561111,,-1.33265829086,0.267861753702,0.668210327625
1620046124137141881,540,1620046124034707069,,-1.33265817165,0.267861694098,0.668210327625
1620046124238635600,541,1620046124136714935,,-1.33265841007,0.267861306667,0.668210029602
1620046124290885802,542,1620046124239222049,,-1.33265829086,0.267862141132,0.668210208416
1620046124393213231,543,1620046124291254997,,-1.33265805244,0.267862051725,0.668210506439
1620046124495181249,544,1620046124393393039,,-1.33265817165,0.26786133647,0.668210446835
1620046124597251900,545,1620046124495546102,,-1.33265829086,0.267861843109,0.668210148811
1620046124649569429,546,1620046124597734928,,-1.33265817165,0.267862141132,0.668210208416
1620046124751682755,547,1620046124649979114,,-1.33265817165,0.267862051725,0.668210268021
1620046124803854830,548,1620046124752094030,,-1.33265841007,0.267861604691,0.668209969997
1620046124905970249,549,1620046124804253101,,-1.3326587677,0.267861485481,0.668209910393
1620046125007902581,550,1620046124906462907,,-1.33265793324,0.267862349749,0.668210148811
1620046125110761518,551,1620046125008050918,,-1.33265781403,0.267861783504,0.668210327625
1620046125211182704,552,1620046125109795093,,-1.33265817165,0.267861962318,0.668210148811
1620046125313280762,553,1620046125211424112,,-1.33265852928,0.267861962318,0.668210089207
1620046125365434098,554,1620046125313745975,,-1.33265841007,0.267861962318,0.668210148811
1620046125467522473,555,1620046125365828037,,-1.33265829086,0.267861783504,0.668210327625
1620046125569736141,556,1620046125467842102,,-1.33265805244,0.26786211133,0.668210446835
1620046125671947524,557,1620046125570095062,,-1.33265805244,0.26786211133,0.668210029602
1620046125773553040,558,1620046125672148942,,-1.33265852928,0.267861455679,0.668210089207
1620046125875827267,559,1620046125773772954,,-1.33265793324,0.267861664295,0.668210268021
1620046125927675402,560,1620046125876486063,,-1.33265829086,0.267861753702,0.668210208416
1620046126029494060,561,1620046125927870988,,-1.33265829086,0.267861813307,0.668210268021
1620046126130916976,562,1620046126029658079,,-1.33265829086,0.267862141132,0.668210029602
1620046126182856581,563,1620046126131059885,,-1.33265841007,0.267861932516,0.668210029602
1620046126285061726,564,1620046126183214902,,-1.33265817165,0.267861753702,0.668210029602
1620046126387186496,565,1620046126285352945,,-1.33265817165,0.267861902714,0.668210148811
1620046126439312073,566,1620046126387470960,,-1.33265805244,0.267862349749,0.668210148811
1620046126541496611,567,1620046126439677000,,-1.33265793324,0.267862528563,0.668210089207
1620046126644253538,568,1620046126541819095,,-1.33265805244,0.267862141132,0.668210089207
1620046126745942434,569,1620046126644040107,,-1.33265805244,0.267861962318,0.668210327625
1620046126798541441,570,1620046126746534109,,-1.33265781403,0.267861902714,0.668210506439
1620046126900404152,571,1620046126798791885,,-1.33265781403,0.267862141132,0.668210566044
1620046126952746803,572,1620046126900839090,,-1.33265769482,0.267862290144,0.668210446835
1620046127054953680,573,1620046126953495979,,-1.33265817165,0.267862170935,0.668210268021
1620046127156424405,574,1620046127054979085,,-1.33265852928,0.267862260342,0.668210029602
1620046127258639155,575,1620046127156625986,,-1.33265805244,0.267861962318,0.668210327625
1620046127310706244,576,1620046127258814096,,-1.33265817165,0.2678617239,0.668210268021
1620046127413186202,577,1620046127311279058,,-1.33265829086,0.267861783504,0.668210268021
1620046127465661443,578,1620046127413758039,,-1.33265793324,0.267861843109,0.668210446835
1620046127567346639,579,1620046127465789079,,-1.33265781403,0.267862021923,0.668210327625
1620046127668318868,580,1620046127567095994,,-1.33265829086,0.267861872911,0.668210029602
1620046127720605579,581,1620046127668545007,,-1.33265841007,0.267861843109,0.668209969997
1620046127822505601,582,1620046127720762014,,-1.33265829086,0.267861396074,0.668210029602
1620046127924673276,583,1620046127822997093,,-1.33265805244,0.267862260342,0.668210327625
1620046127976023847,584,1620046127924442052,,-1.33265781403,0.267862051725,0.668210268021
1620046128080046881,585,1620046127976397991,,-1.33265793324,0.267862468958,0.668210089207
1620046128182242504,586,1620046128080287933,,-1.33265841007,0.267861783504,0.668210029602
1620046128234737157,587,1620046128182738065,,-1.33265841007,0.267862021923,0.668210148811
1620046128336664923,588,1620046128234899997,,-1.33265817165,0.26786211133,0.668210327625
1620046128389073018,589,1620046128336926937,,-1.33265852928,0.267861813307,0.668210148811
1620046128490930404,590,1620046128389667987,,-1.33265864849,0.267861902714,0.668209969997
1620046128592200685,591,1620046128491058111,,-1.33265817165,0.267862379551,0.668210327625
1620046128644393620,592,1620046128592426061,,-1.33265817165,0.267862141132,0.668210208416
1620046128746802003,593,1620046128644942045,,-1.33265805244,0.267862141132,0.668210089207
1620046128849150950,594,1620046128747279882,,-1.33265829086,0.267862200737,0.668210089207
1620046128901523930,595,1620046128849559068,,-1.33265817165,0.267861962318,0.668210208416
1620046129002999750,596,1620046128901741027,,-1.33265864849,0.267861813307,0.668209969997
1620046129105176640,597,1620046129003371953,,-1.33265793324,0.26786121726,0.668210327625
1620046129157413849,598,1620046129105381965,,-1.33265781403,0.267861157656,0.668210446835
1620046129259383679,599,1620046129157524108,,-1.33265793324,0.267861247063,0.668210506439
1620046129361080741,600,1620046129259541034,,-1.33265829086,0.267861753702,0.668210327625
1620046129412799710,601,1620046129361263036,,-1.33265793324,0.267861664295,0.66821038723
1620046129515262740,602,1620046129413114070,,-1.33265805244,0.267861694098,0.668210268021
1620046129618150066,603,1620046129516119003,,-1.33265829086,0.267861783504,0.668210148811
1620046129670212948,604,1620046129618488073,,-1.33265817165,0.267861485481,0.668210327625
1620046129772777106,605,1620046129670737981,,-1.33265829086,0.267861485481,0.668210268021
1620046129874612764,606,1620046129773056030,,-1.33265781403,0.267862260342,0.668210327625
1620046129926402485,607,1620046129875099897,,-1.33265852928,0.267862021923,0.668210029602
1620046130027652156,608,1620046129926562070,,-1.33265841007,0.267861992121,0.668210089207
1620046130129413962,609,1620046130027972936,,-1.33265841007,0.267862141132,0.668210148811
1620046130182641255,610,1620046130129847049,,-1.33265841007,0.267861902714,0.668210148811
1620046130285124948,611,1620046130183078050,,-1.33265829086,0.267862081528,0.668210268021
1620046130337177630,612,1620046130285319089,,-1.33265817165,0.267862051725,0.668210327625
1620046130439251689,613,1620046130337421894,,-1.33265805244,0.267862319946,0.66821038723
1620046130541285181,614,1620046130439574003,,-1.33265793324,0.267861455679,0.66821038723
1620046130643399602,615,1620046130541637897,,-1.33265817165,0.26786211133,0.668210327625
1620046130695468768,616,1620046130643805027,,-1.33265829086,0.267862141132,0.668210268021
1620046130796489154,617,1620046130695203065,,-1.33265829086,0.267862141132,0.668210208416
1620046130898403351,618,1620046130796756982,,-1.33265852928,0.267861902714,0.668210029602
1620046130999952675,619,1620046130898792982,,-1.33265793324,0.267862051725,0.668210327625
1620046131102088640,620,1620046131000277042,,-1.33265829086,0.267861962318,0.668210268021
1620046131154349039,621,1620046131102479934,,-1.33265841007,0.267861783504,0.668210268021
1620046131256697710,622,1620046131154885053,,-1.33265817165,0.267861664295,0.668210327625
1620046131308944418,623,1620046131257097005,,-1.33265769482,0.267861634493,0.66821038723
1620046131410623199,624,1620046131309140920,,-1.33265805244,0.267862081528,0.668210148811
1620046131512562562,625,1620046131410847902,,-1.33265817165,0.267861813307,0.668210268021
1620046131564545046,626,1620046131512886047,,-1.33265793324,0.267861813307,0.668210446835
1620046131666126699,627,1620046131564842939,,-1.33265805244,0.267861753702,0.668210506439
1620046131768112951,628,1620046131666280984,,-1.33265817165,0.267861992121,0.668210446835
1620046131820896875,629,1620046131768430948,,-1.33265829086,0.267861485481,0.668210148811
1620046131922608954,630,1620046131820605993,,-1.33265817165,0.267861425877,0.668210089207
1620046132024585927,631,1620046131922797918,,-1.33265793324,0.267861962318,0.66821038723
1620046132076638260,632,1620046132024965047,,-1.33265805244,0.267861396074,0.668210506439
1620046132178836889,633,1620046132076986074,,-1.33265817165,0.267861485481,0.668210446835
1620046132281731314,634,1620046132179164886,,-1.33265817165,0.267862141132,0.66821038723
1620046132333269970,635,1620046132281451940,,-1.33265781403,0.267862051725,0.668210506439
1620046132434819843,636,1620046132333576917,,-1.3326574564,0.267861872911,0.668210625648
1620046132536589907,637,1620046132434971094,,-1.33265781403,0.267861485481,0.668210506439
1620046132588097831,638,1620046132536768913,,-1.33265841007,0.26786133647,0.668210268021
1620046132690113500,639,1620046132588264942,,-1.33265829086,0.267861425877,0.668210268021
1620046132793053866,640,1620046132690841913,,-1.33265829086,0.267862230539,0.668210029602
1620046132845733142,641,1620046132793262958,,-1.33265805244,0.267862230539,0.668210208416
1620046132949330719,642,1620046132845371007,,-1.33265781403,0.267861962318,0.66821038723
1620046133000891348,643,1620046132949110984,,-1.33265805244,0.267861694098,0.668210327625
1620046133103046211,644,1620046133001106977,,-1.33265829086,0.267861783504,0.668210268021
1620046133205194797,645,1620046133103220939,,-1.33265793324,0.267861664295,0.66821038723
1620046133256865652,646,1620046133205370903,,-1.33265805244,0.267861694098,0.66821038723
1620046133360081572,647,1620046133257010936,,-1.33265793324,0.267861634493,0.66821038723
1620046133462451212,648,1620046133360635042,,-1.33265793324,0.267861664295,0.668210446835
1620046133514622980,649,1620046133462857961,,-1.33265793324,0.267861396074,0.668210327625
1620046133616735824,650,1620046133515132904,,-1.33265805244,0.267861306667,0.668210268021
1620046133719939141,651,1620046133617089033,,-1.33265817165,0.267861932516,0.668210148811
1620046133771793163,652,1620046133720063924,,-1.33265829086,0.267861932516,0.668210268021
1620046133873533822,653,1620046133771570920,,-1.33265829086,0.267861872911,0.668210268021
1620046133925974902,654,1620046133873934984,,-1.33265817165,0.267862170935,0.668210268021
1620046134027691846,655,1620046133926311969,,-1.33265829086,0.267862200737,0.668210268021
1620046134129495468,656,1620046134027762889,,-1.33265805244,0.267862260342,0.668210327625
1620046134181604812,657,1620046134129864931,,-1.33265805244,0.267861872911,0.668210327625
1620046134285254230,658,1620046134181941032,,-1.33265841007,0.267861396074,0.668210268021
1620046134388067617,659,1620046134286145925,,-1.33265841007,0.267861783504,0.668210029602
1620046134440248372,660,1620046134388474941,,-1.33265817165,0.2678617239,0.668210208416
1620046134542288647,661,1620046134440570116,,-1.33265781403,0.267861694098,0.66821038723
1620046134594517396,662,1620046134542710065,,-1.33265793324,0.267861843109,0.668210208416
1620046134696563897,663,1620046134594753980,,-1.33265817165,0.267861783504,0.668210029602
1620046134798671371,664,1620046134696866035,,-1.33265852928,0.267862170935,0.668209969997
1620046134900802497,665,1620046134799083948,,-1.33265805244,0.267861872911,0.668210089207
1620046134952892081,666,1620046134901158094,,-1.33265781403,0.267861813307,0.66821038723
1620046135055271233,667,1620046134953289031,,-1.33265781403,0.267861604691,0.668210506439
1620046135157429558,668,1620046135055449962,,-1.33265829086,0.267861902714,0.668210268021
1620046135209015172,669,1620046135157541036,,-1.33265829086,0.267861992121,0.668210268021
1620046135310893771,670,1620046135209273099,,-1.33265829086,0.267861783504,0.668210268021
1620046135412939250,671,1620046135310956001,,-1.33265781403,0.267861515284,0.66821038723
1620046135515265435,672,1620046135413328886,,-1.33265805244,0.26786121726,0.668210268021
1620046135567437041,673,1620046135515623092,,-1.33265793324,0.2678617239,0.668210268021
1620046135669707677,674,1620046135567856073,,-1.33265781403,0.267861872911,0.66821038723
1620046135724286751,675,1620046135670386075,,-1.33265841007,0.267861515284,0.668210268021
1620046135825986080,676,1620046135724797964,,-1.33265817165,0.2678617239,0.668210327625
1620046135927511762,677,1620046135826189994,,-1.33265769482,0.267861843109,0.668210446835
1620046135979378475,678,1620046135927732944,,-1.33265733719,0.267861932516,0.668210685253
1620046136081528783,679,1620046135979994058,,-1.33265757561,0.267861545086,0.668210566044
1620046136182996975,680,1620046136081561088,,-1.33265829086,0.267861872911,0.668210148811
1620046136284606938,681,1620046136183299064,,-1.33265805244,0.267862200737,0.668210208416
1620046136336026729,682,1620046136284812927,,-1.33265817165,0.267862319946,0.668210029602
1620046136437982867,683,1620046136336401939,,-1.33265805244,0.267862081528,0.668210089207
1620046136539432060,684,1620046136437942981,,-1.33265829086,0.267862051725,0.668210089207
1620046136591541660,685,1620046136539809942,,-1.33265781403,0.267861992121,0.66821038723
1620046136693633148,686,1620046136591859102,,-1.33265793324,0.267861664295,0.668210327625
1620046136795983121,687,1620046136694036960,,-1.33265841007,0.267861932516,0.668210029602
1620046136849757645,688,1620046136796427011,,-1.33265781403,0.267861902714,0.668210268021
1620046136951469137,689,1620046136849865913,,-1.33265805244,0.2678617239,0.668210148811
1620046137053364687,690,1620046136951554059,,-1.33265817165,0.267862051725,0.668210268021
1620046137155399846,691,1620046137053653001,,-1.33265781403,0.267861634493,0.66821038723
1620046137207578452,692,1620046137155678033,,-1.33265781403,0.267861872911,0.66821038723
1620046137309690860,693,1620046137207758903,,-1.33265781403,0.267862051725,0.668210327625
1620046137411379299,694,1620046137309447050,,-1.33265805244,0.267861872911,0.668210089207
1620046137462630962,695,1620046137411504030,,-1.33265805244,0.267861604691,0.668210148811
1620046137564819979,696,1620046137462913990,,-1.33265805244,0.267861545086,0.668210148811
1620046137617246612,697,1620046137565097093,,-1.33265793324,0.267861962318,0.668210268021
1620046137719920679,698,1620046137617917060,,-1.33265805244,0.267862379551,0.668210089207
1620046137824096901,699,1620046137722254037,,-1.33265817165,0.267861574888,0.66821038723
1620046137926466729,700,1620046137824945926,,-1.33265769482,0.267861604691,0.668210506439
1620046137978678418,701,1620046137926882028,,-1.33265817165,0.267861634493,0.668210268021
1620046138081004617,702,1620046137979119062,,-1.33265829086,0.267861634493,0.668210268021
1620046138182661095,703,1620046138081448078,,-1.33265793324,0.267861783504,0.668210268021
1620046138234780182,704,1620046138182877063,,-1.33265829086,0.2678617239,0.668210148811
1620046138336824601,705,1620046138235074996,,-1.33265841007,0.267861485481,0.668210268021
1620046138438334859,706,1620046138337151050,,-1.33265805244,0.267861753702,0.668210268021
1620046138539720535,707,1620046138438477039,,-1.33265829086,0.267862230539,0.668210029602
1620046138591909372,708,1620046138539817094,,-1.33265829086,0.267861992121,0.668210029602
1620046138695436095,709,1620046138592256069,,-1.33265852928,0.2678617239,0.668210029602
1620046138746952102,710,1620046138695178985,,-1.33265829086,0.267861753702,0.668210148811
1620046138849247314,711,1620046138747294902,,-1.33265769482,0.267861604691,0.668210446835
1620046138951817106,712,1620046138848946094,,-1.33265781403,0.2678617239,0.66821038723
1620046139002744091,713,1620046138951472997,,-1.33265793324,0.267861872911,0.668210446835
1620046139104736068,714,1620046139002959012,,-1.33265805244,0.267861753702,0.668210446835
1620046139207078146,715,1620046139105241060,,-1.33265841007,0.267862230539,0.668210089207
1620046139260270493,716,1620046139207514047,,-1.33265805244,0.267861902714,0.668210327625
1620046139363016396,717,1620046139260005950,,-1.33265781403,0.267861634493,0.66821038723
1620046139465141893,718,1620046139363873958,,-1.33265793324,0.267861455679,0.668210506439
1620046139516907701,719,1620046139465328931,,-1.33265805244,0.267861515284,0.668210327625
1620046139619086035,720,1620046139516977071,,-1.33265781403,0.267861634493,0.668210446835
1620046139671580551,721,1620046139619224071,,-1.33265805244,0.267861694098,0.668210327625
1620046139773174989,722,1620046139671291112,,-1.33265805244,0.267861694098,0.668210089207
1620046139875140741,723,1620046139773319005,,-1.33265793324,0.267861634493,0.668210446835
1620046139927649826,724,1620046139875396013,,-1.33265829086,0.267861962318,0.668210148811
1620046140029461678,725,1620046139927396059,,-1.33265781403,0.267862021923,0.66821038723
1620046140132983858,726,1620046140029907941,,-1.33265793324,0.267861634493,0.668210446835
1620046140183991481,727,1620046140132694959,,-1.33265805244,0.267861694098,0.668210327625
1620046140285793416,728,1620046140184216976,,-1.33265805244,0.2678617239,0.668210268021
1620046140388035827,729,1620046140286247014,,-1.33265864849,0.267862051725,0.668209969997
1620046140440211380,730,1620046140388398885,,-1.33265817165,0.2678617239,0.668210208416
1620046140541731050,731,1620046140440490007,,-1.33265793324,0.267861664295,0.668210327625
1620046140593384537,732,1620046140541846990,,-1.33265829086,0.267861753702,0.668210148811
1620046140695682048,733,1620046140593606948,,-1.33265817165,0.267861753702,0.668210029602
1620046140797924690,734,1620046140696008920,,-1.33265829086,0.267862170935,0.668210089207
1620046140850419754,735,1620046140798491954,,-1.33265805244,0.267861664295,0.66821038723
1620046140955924178,736,1620046140850632905,,-1.33265793324,0.267861425877,0.66821038723
1620046141060535674,737,1620046140956819057,,-1.33265817165,0.267862230539,0.668210268021
1620046141112975970,738,1620046141061115980,,-1.33265805244,0.267861694098,0.668210327625
1620046141215061281,739,1620046141113388061,,-1.33265793324,0.267861813307,0.668210327625
1620046141317365886,740,1620046141215256929,,-1.33265817165,0.267862170935,0.668210208416
1620046141370082510,741,1620046141317748069,,-1.33265841007,0.267861783504,0.668210029602
1620046141471728592,742,1620046141370455026,,-1.33265841007,0.267861783504,0.668210089207
1620046141573145871,743,1620046141471909046,,-1.33265793324,0.267861515284,0.66821038723
1620046141625556955,744,1620046141573421955,,-1.33265793324,0.267861455679,0.668210446835
1620046141727718446,745,1620046141625844001,,-1.33265757561,0.267861545086,0.668210625648
1620046141830103662,746,1620046141728250026,,-1.33265805244,0.2678617239,0.668210327625
1620046141882372613,747,1620046141830492973,,-1.33265805244,0.267861694098,0.668210327625
1620046141984711644,748,1620046141882741928,,-1.33265805244,0.267861664295,0.668210506439
1620046142036839424,749,1620046141985090970,,-1.33265805244,0.267861902714,0.668210327625
1620046142139107261,750,1620046142037261009,,-1.33265793324,0.267862021923,0.668210148811
1620046142241063990,751,1620046142139472961,,-1.33265817165,0.267861396074,0.66821038723
1620046142293013651,752,1620046142241283893,,-1.33265769482,0.267861574888,0.668210506439
1620046142394609136,753,1620046142293133974,,-1.33265793324,0.267861604691,0.668210327625
1620046142496789521,754,1620046142395348072,,-1.33265817165,0.26786133647,0.668210268021
1620046142598318559,755,1620046142497051954,,-1.33265829086,0.267861753702,0.668210208416
1620046142650261937,756,1620046142598499059,,-1.33265793324,0.267861366272,0.668210268021
1620046142752261805,757,1620046142650448083,,-1.33265793324,0.267861425877,0.668210268021
1620046142804869453,758,1620046142752774953,,-1.33265781403,0.267861872911,0.668210506439
1620046142906916587,759,1620046142804972887,,-1.33265841007,0.267861783504,0.668210208416
1620046143009171409,760,1620046142907238960,,-1.33265864849,0.267861992121,0.668209969997
1620046143061482087,761,1620046143009320020,,-1.33265852928,0.267862260342,0.668210029602
1620046143163149783,762,1620046143061224937,,-1.33265841007,0.267862200737,0.668210029602
1620046143265548815,763,1620046143163491964,,-1.33265864849,0.267861843109,0.668209969997
1620046143318408359,764,1620046143266324996,,-1.33265841007,0.267861902714,0.668210148811
1620046143421081818,765,1620046143318783998,,-1.33265829086,0.267862141132,0.668210208416
1620046143522990695,766,1620046143421175003,,-1.33265852928,0.267862439156,0.668209969997
1620046143575572331,767,1620046143523339033,,-1.33265864849,0.267862021923,0.668209969997
1620046143676840219,768,1620046143575311899,,-1.33265864849,0.267861753702,0.668210029602
1620046143729751110,769,1620046143677117109,,-1.33265841007,0.267861545086,0.668210268021
1620046143832221477,770,1620046143730401992,,-1.33265829086,0.267861783504,0.668210268021
1620046143933302739,771,1620046143832010984,,-1.33265817165,0.267861574888,0.668210208416
1620046143985476243,772,1620046143933684110,,-1.33265829086,0.267861545086,0.668210148811
1620046144088006576,773,1620046143985848903,,-1.33265793324,0.267861604691,0.668210327625
1620046144189694226,774,1620046144087685108,,-1.33265793324,0.267861306667,0.66821038723
1620046144293195239,775,1620046144190071105,,-1.33265805244,0.267861485481,0.668210327625
1620046144345403962,776,1620046144293618917,,-1.33265852928,0.267861664295,0.668210089207
1620046144446739513,777,1620046144345558881,,-1.33265852928,0.267861902714,0.668210029602
1620046144498089717,778,1620046144446959018,,-1.33265805244,0.267862081528,0.668210208416
1620046144599620610,779,1620046144498382091,,-1.33265805244,0.267862051725,0.668210089207
1620046144702529668,780,1620046144599970102,,-1.33265793324,0.26786133647,0.668210327625
1620046144754923511,781,1620046144702869892,,-1.33265793324,0.267861664295,0.668210268021
1620046144856884273,782,1620046144755106925,,-1.33265793324,0.2678617239,0.668210327625
1620046144958997605,783,1620046144857140064,,-1.33265829086,0.267861872911,0.668210148811
1620046145011006149,784,1620046144959326028,,-1.33265817165,0.267861753702,0.668210268021
1620046145112705387,785,1620046145011322021,,-1.33265817165,0.267861992121,0.668210268021
1620046145167920344,786,1620046145112792015,,-1.33265793324,0.267861187458,0.668210327625
1620046145270481818,787,1620046145168270111,,-1.33265793324,0.267861247063,0.668210327625
1620046145373446049,788,1620046145271502971,,-1.33265852928,0.267861694098,0.668210029602
1620046145425474082,789,1620046145374130010,,-1.33265805244,0.267861694098,0.668210327625
1620046145527555074,790,1620046145425668001,,-1.33265805244,0.267862081528,0.668210327625
1620046145629872001,791,1620046145528012990,,-1.33265829086,0.267861753702,0.668210268021
1620046145681702077,792,1620046145630445003,,-1.33265829086,0.267861515284,0.668210148811
1620046145783118015,793,1620046145681865930,,-1.33265829086,0.267861366272,0.668210089207
1620046145885063933,794,1620046145783345937,,-1.33265805244,0.267861664295,0.668210327625
1620046145937566283,795,1620046145885426044,,-1.33265805244,0.267861425877,0.668210327625
1620046146039051005,796,1620046145937766075,,-1.33265805244,0.26786133647,0.668210327625
1620046146090735298,797,1620046146039225101,,-1.33265829086,0.267861753702,0.668210208416
1620046146192388195,798,1620046146091098070,,-1.33265817165,0.2678617239,0.668210029602
1620046146293810169,799,1620046146192532062,,-1.33265841007,0.267861455679,0.668210148811
1620046146346934490,800,1620046146295068025,,-1.33265817165,0.2678617239,0.668210208416
1620046146449232878,801,1620046146347342967,,-1.33265864849,0.267861843109,0.668209969997
1620046146551170435,802,1620046146449383020,,-1.33265864849,0.267861515284,0.668209969997
1620046146652960395,803,1620046146551470994,,-1.33265829086,0.267861425877,0.668210148811
1620046146704497432,804,1620046146653212070,,-1.33265829086,0.267861753702,0.66821038723
1620046146806052675,805,1620046146704632997,,-1.33265841007,0.267861783504,0.668210268021
1620046146907599635,806,1620046146806272029,,-1.33265829086,0.267861962318,0.668210208416
1620046147009621957,807,1620046146907829046,,-1.33265793324,0.267861664295,0.668210208416
1620046147061873790,808,1620046147010066986,,-1.33265769482,0.267861604691,0.668210446835
1620046147164180616,809,1620046147062273025,,-1.33265781403,0.267861574888,0.66821038723
1620046147266691534,810,1620046147164539098,,-1.33265793324,0.267861396074,0.66821038723
1620046147369384078,811,1620046147266958951,,-1.33265817165,0.267861455679,0.668210327625
1620046147421160161,812,1620046147369127035,,-1.33265781403,0.267861366272,0.668210446835
1620046147524031121,813,1620046147421674966,,-1.33265781403,0.26786121726,0.668210506439
1620046147576718117,814,1620046147524913072,,-1.33265805244,0.267861694098,0.668210327625
1620046147678590812,815,1620046147577342033,,-1.33265829086,0.267861813307,0.668210268021
1620046147780747610,816,1620046147678879022,,-1.33265793324,0.267862260342,0.668210268021
1620046147833286040,817,1620046147781188964,,-1.33265817165,0.267861902714,0.668210208416
1620046147936806524,818,1620046147834250926,,-1.33265793324,0.267861694098,0.668210327625
1620046148039107091,819,1620046147937621116,,-1.33265805244,0.26786211133,0.668210327625
1620046148090739565,820,1620046148039127111,,-1.33265793324,0.267862021923,0.668210208416
1620046148192316259,821,1620046148091056108,,-1.33265805244,0.267861902714,0.668210089207
1620046148294292326,822,1620046148192456007,,-1.33265805244,0.267861396074,0.668210268021
1620046148346667541,823,1620046148294680118,,-1.33265841007,0.267861813307,0.668210148811
1620046148449039869,824,1620046148347125053,,-1.33265829086,0.267861843109,0.668210268021
1620046148551317575,825,1620046148449477910,,-1.33265805244,0.267861962318,0.668210327625
1620046148603863899,826,1620046148551659107,,-1.33265781403,0.267861634493,0.66821038723
1620046148706374309,827,1620046148604358911,,-1.33265793324,0.267861574888,0.668210327625
1620046148808907710,828,1620046148706789970,,-1.33265805244,0.26786121726,0.668210268021
1620046148861174695,829,1620046148809120893,,-1.33265769482,0.267863631248,0.668210208416
1620046148963990083,830,1620046148861363887,,-1.33265674114,0.267866998911,0.668210506439
1620046149066053296,831,1620046148963890075,,-1.33265483379,0.267868995667,0.668210208416
1620046149168269566,832,1620046149066481113,,-1.33258354664,0.267855733633,0.668215811253
1620046149270914386,833,1620046149168704986,,-1.33206367493,0.267815560102,0.668238341808
1620046149373928997,834,1620046149271645069,,-1.33120238781,0.267881691456,0.66823476553
1620046149476054408,835,1620046149374610900,,-1.330275774,0.267844647169,0.668245732784
1620046149577778845,836,1620046149476114988,,-1.3293453455,0.267814129591,0.668246686459
1620046149679863996,837,1620046149578108072,,-1.32843160629,0.267788112164,0.668258428574
1620046149781537092,838,1620046149680319070,,-1.32750570774,0.267747968435,0.668259203434
1620046149883588896,839,1620046149781780958,,-1.3266197443,0.267713308334,0.668262183666
1620046149986322242,840,1620046149883946895,,-1.32569825649,0.267687439919,0.668274104595
1620046150037619587,841,1620046149985960960,,-1.32480466366,0.267670184374,0.66827917099
1620046150139996183,842,1620046150037926912,,-1.32437336445,0.267667412758,0.668271720409
1620046150242048656,843,1620046150140172958,,-1.32346403599,0.267649322748,0.668268382549
1620046150342999991,844,1620046150241825103,,-1.32252955437,0.267579913139,0.668279886246
1620046150444982690,845,1620046150343213081,,-1.3217446804,0.267539322376,0.668285250664
1620046150547258574,846,1620046150445399045,,-1.32111251354,0.267474919558,0.668280422688
1620046150649449866,847,1620046150547499895,,-1.32103669643,0.267462998629,0.668279111385
1620046150751097689,848,1620046150649825096,,-1.32097923756,0.267407476902,0.66828328371
1620046150853085757,849,1620046150751172065,,-1.32093524933,0.267241835594,0.668277621269
1620046150954967283,850,1620046150853183031,,-1.32114577293,0.267197549343,0.668249964714
1620046151057243635,851,1620046150955332040,,-1.3220770359,0.267202049494,0.668186426163
1620046151158687202,852,1620046151057588100,,-1.32358789444,0.267138123512,0.668204724789
1620046151260467412,853,1620046151158943891,,-1.32504725456,0.267093777657,0.668223500252
1620046151362584199,854,1620046151260749101,,-1.32656025887,0.267106503248,0.668218076229
1620046151470784123,855,1620046151362912893,,-1.3280775547,0.26713052392,0.668197035789
1620046151566122568,856,1620046151464791059,,-1.32963871956,0.267207503319,0.668176174164
1620046151668583548,857,1620046151566509008,,-1.33132958412,0.267262369394,0.668146789074
1620046151771241158,858,1620046151668987035,,-1.33312249184,0.267294198275,0.668132722378
1620046151873290170,859,1620046151771727085,,-1.33554649353,0.267343521118,0.668093383312
1620046151975746910,860,1620046151874007940,,-1.33791434765,0.267427146435,0.668093800545
1620046152078108941,861,1620046151975956916,,-1.34013390541,0.267461687326,0.668060064316
1620046152179655372,862,1620046152077788114,,-1.34230279922,0.267552673817,0.668059587479
1620046152281727853,863,1620046152179976940,,-1.34457206726,0.267650425434,0.668041169643
1620046152383929834,864,1620046152282115936,,-1.34690988064,0.26775559783,0.668016016483
1620046152486382492,865,1620046152384272098,,-1.34920942783,0.267810642719,0.66796374321
1620046152588202400,866,1620046152486453056,,-1.3506269455,0.267923116684,0.667990088463
1620046152690738119,867,1620046152588608026,,-1.35075330734,0.267917454243,0.668004274368
1620046152792802866,868,1620046152690900087,,-1.35075926781,0.267602711916,0.668012797832
1620046152944899380,869,1620046152793169021,,-1.35069489479,0.26738846302,0.668022990227
1620046153047637595,870,1620046152945210933,,-1.34923577309,0.267172455788,0.668086290359
1620046153149152056,871,1620046153047358989,,-1.34709846973,0.267060548067,0.668119013309
1620046153251220899,872,1620046153149461984,,-1.34483540058,0.267118245363,0.668132305145
1620046153353938633,873,1620046153252024888,,-1.34256231785,0.267147123814,0.668151795864
1620046153455912959,874,1620046153354197978,,-1.34026038647,0.267090797424,0.668159723282
1620046153557352567,875,1620046153455687046,,-1.33792674541,0.26704916358,0.668182551861
1620046153659566204,876,1620046153557602882,,-1.33574330807,0.267036467791,0.668180882931
1620046153761612669,877,1620046153659799098,,-1.33344233036,0.266968160868,0.668181419373
1620046153813208208,878,1620046153761893987,,-1.33107364178,0.266872346401,0.66821116209
1620046153965594827,879,1620046153813500881,,-1.32992780209,0.266815364361,0.668226659298
1620046154016682496,880,1620046153965342044,,-1.32665038109,0.266719460487,0.668263196945
1620046154168773270,881,1620046154016999959,,-1.32537996769,0.26665866375,0.668271124363
1620046154271229849,882,1620046154169392108,,-1.32244062424,0.266574174166,0.66828674078
1620046154374110689,883,1620046154272053956,,-1.32113361359,0.266446262598,0.668249547482
1620046154476298466,884,1620046154374579906,,-1.32097649574,0.266397178173,0.668244242668
1620046154578046224,885,1620046154476536035,,-1.32092738152,0.26625341177,0.668244898319
1620046154678859673,886,1620046154577799081,,-1.3210310936,0.26610481739,0.668222904205
1620046154781050921,887,1620046154679054975,,-1.32205462456,0.266067624092,0.668156683445
1620046154882063787,888,1620046154780808925,,-1.32456934452,0.266038417816,0.668108582497
1620046154984130338,889,1620046154882210016,,-1.32746732235,0.266070812941,0.668135166168
1620046155086095790,890,1620046154984304904,,-1.33039629459,0.266126543283,0.668107688427
1620046155188061483,891,1620046155086364984,,-1.333507061,0.266213268042,0.668086767197
1620046155289842521,892,1620046155188431978,,-1.33670067787,0.266288369894,0.668061256409
1620046155391092387,893,1620046155289948940,,-1.33963477612,0.266402840614,0.668038725853
1620046155492747413,894,1620046155391320943,,-1.34261226654,0.266511797905,0.6680149436
1620046155594547013,895,1620046155492938995,,-1.34557330608,0.266572535038,0.667988777161
1620046155646817637,896,1620046155594954967,,-1.3484723568,0.266681194305,0.667963266373
1620046155748985797,897,1620046155647306919,,-1.34999740124,0.266785860062,0.667951226234
1620046155850709360,898,1620046155749442100,,-1.35071742535,0.266874492168,0.667973041534
1620046155951877396,899,1620046155850857973,,-1.35071575642,0.266736418009,0.667979001999
1620046156054014229,900,1620046155952183961,,-1.35068917274,0.266370415688,0.667988538742
1620046156159115009,901,1620046156054192066,,-1.35051584244,0.266324967146,0.667996883392
1620046156257192662,902,1620046156155868053,,-1.34920179844,0.266112536192,0.668050229549
1620046156359808930,903,1620046156257320880,,-1.34629094601,0.265941232443,0.668094277382
1620046156462052419,904,1620046156360119104,,-1.34334933758,0.266005814075,0.668116211891
1620046156563847554,905,1620046156462157011,,-1.34015083313,0.266030222178,0.668141186237
1620046156666215310,906,1620046156564198017,,-1.33708238602,0.265982151031,0.668164491653
1620046156769575870,907,1620046156666996002,,-1.3341909647,0.265918582678,0.668145656586
1620046156871464606,908,1620046156769169092,,-1.331204772,0.265858232975,0.668165028095
1620046156973208027,909,1620046156871403932,,-1.32803380489,0.265759795904,0.668207287788
1620046157075476399,910,1620046156973577976,,-1.32503175735,0.265642464161,0.668253302574
1620046157177751101,911,1620046157075781106,,-1.32226407528,0.265476286411,0.668256163597
1620046157229976986,912,1620046157178102016,,-1.32110309601,0.265380233526,0.66821116209
1620046157332901219,913,1620046157230297088,,-1.32096529007,0.265349715948,0.668202280998
1620046157434804117,914,1620046157332580089,,-1.32091999054,0.265261799097,0.668207406998
1620046157536170593,915,1620046157435009002,,-1.32089138031,0.265033990145,0.668199956417
1620046157641003225,916,1620046157536426067,,-1.32111728191,0.264983862638,0.668178081512
1620046157742560712,917,1620046157640765905,,-1.32326865196,0.264948546886,0.668105483055
1620046157845271238,918,1620046157743230104,,-1.32624852657,0.265020161867,0.668067991734
1620046157947513095,919,1620046157845650911,,-1.32945597172,0.265046864748,0.668076574802
1620046158050035399,920,1620046157948095083,,-1.33234739304,0.2650565207,0.668052971363
1620046158151552844,921,1620046158050306081,,-1.33554375172,0.265223026276,0.668033897877
1620046158252992438,922,1620046158151671886,,-1.33845460415,0.265306830406,0.668016254902
1620046158355019901,923,1620046158253171920,,-1.34146595001,0.265378504992,0.667997479439
1620046158458788745,924,1620046158356834888,,-1.34452068806,0.265470802784,0.667970597744
1620046158561486114,925,1620046158459388971,,-1.34752261639,0.265595853329,0.667939662933
1620046158663367984,926,1620046158561532020,,-1.34987556934,0.265764385462,0.667927443981
1620046158715463400,927,1620046158663690090,,-1.35064375401,0.265841335058,0.667943060398
1620046158817666303,928,1620046158715881109,,-1.3506629467,0.265799880028,0.66794770956
1620046158919773551,929,1620046158817969083,,-1.35066795349,0.265417575836,0.667952954769
1620046159021800206,930,1620046158920078992,,-1.35056340694,0.265267670155,0.667962133884
1620046159124238720,931,1620046159022099971,,-1.34985435009,0.265137404203,0.66800814867
1620046159226175946,932,1620046159124330043,,-1.34744846821,0.264933973551,0.66804766655
1620046159328342229,933,1620046159227252960,,-1.34441447258,0.264906853437,0.668073654175
1620046159430464143,934,1620046159328586101,,-1.34121453762,0.264938503504,0.668092608452
1620046159532794951,935,1620046159430927038,,-1.33824515343,0.264966517687,0.668102145195
1620046159635357857,936,1620046159533128023,,-1.3355191946,0.264984130859,0.668107926846
1620046159737719118,937,1620046159635921001,,-1.33217048645,0.26478600502,0.668122649193
1620046159840216810,938,1620046159738046884,,-1.32903528214,0.264691829681,0.668158531189
1620046159943041758,939,1620046159841082096,,-1.32603955269,0.264631301165,0.668181359768
1620046159995824313,940,1620046159943758010,,-1.32306611538,0.264497935772,0.668204009533
1620046160148024693,941,1620046159996048927,,-1.32171452045,0.264410823584,0.668202161789
1620046160199694920,942,1620046160148071050,,-1.3209195137,0.264290690422,0.668167412281
1620046160301970947,943,1620046160200064897,,-1.32090485096,0.264264136553,0.668168663979
1620046160405976401,944,1620046160302139997,,-1.32084143162,0.264013826847,0.668171584606
1620046160508947981,945,1620046160406809091,,-1.32102525234,0.263959169388,0.668150305748
1620046160611958450,946,1620046160509320020,,-1.32232642174,0.263951331377,0.668080687523
1620046160713418062,947,1620046160611666917,,-1.32521986961,0.263900697231,0.668069958687
1620046160815384231,948,1620046160713401079,,-1.32810735703,0.263906925917,0.668041348457
1620046160917706006,949,1620046160815984010,,-1.3313729763,0.264033526182,0.668021023273
1620046161019003038,950,1620046160917480945,,-1.33401036263,0.264120221138,0.668006360531
1620046161120414586,951,1620046161019233942,,-1.33753156662,0.264229208231,0.667967498302
1620046161221861508,952,1620046161120608091,,-1.34034240246,0.264280378819,0.667980253696
1620046161323190118,953,1620046161222101926,,-1.34334802628,0.264403671026,0.667954087257
1620046161424749425,954,1620046161323477983,,-1.34638035297,0.26452678442,0.667910575867
1620046161526377526,955,1620046161425021886,,-1.34913182259,0.264611452818,0.667877852917
1620046161628509236,956,1620046161526637077,,-1.3505153656,0.264708846807,0.667909145355
1620046161730600988,957,1620046161628917932,,-1.35063803196,0.264623165131,0.667917191982
1620046161832721102,958,1620046161730911970,,-1.35062909126,0.264367610216,0.667920053005
1620046161934907048,959,1620046161833054065,,-1.35053026676,0.264187842607,0.667929470539
1620046162036271370,960,1620046161935023069,,-1.34952795506,0.264060765505,0.667965352535
1620046162138279470,961,1620046162036487102,,-1.34705889225,0.263910651207,0.668026983738
1620046162240579416,962,1620046162138751029,,-1.34397947788,0.263893723488,0.668073773384
1620046162342333291,963,1620046162241044044,,-1.34089362621,0.26388001442,0.668075919151
1620046162444396020,964,1620046162342720031,,-1.33808207512,0.263842970133,0.668063402176
1620046162546744021,965,1620046162445178985,,-1.33513259888,0.263823330402,0.668068230152
1620046162599407104,966,1620046162547336101,,-1.33197152615,0.26376748085,0.668074131012
1620046162700863982,967,1620046162599129915,,-1.33029651642,0.263710796833,0.668078005314
1620046162802961904,968,1620046162701164007,,-1.32729828358,0.263583302498,0.66811054945
1620046162954273593,969,1620046162803082942,,-1.32461047173,0.263508498669,0.668151140213
1620046163056375924,970,1620046162954488992,,-1.32126033306,0.263316601515,0.668164432049
1620046163158721316,971,1620046163056741952,,-1.32086884975,0.263247936964,0.668133318424
1620046163261096248,972,1620046163159079074,,-1.32082915306,0.263095617294,0.668136954308
1620046163362507859,973,1620046163261250019,,-1.3208104372,0.262908488512,0.668133556843
1620046163464044771,974,1620046163362844944,,-1.32158267498,0.262849271297,0.668075442314
1620046163565563047,975,1620046163464319944,,-1.32371270657,0.262808084488,0.668000280857
1620046163666965939,976,1620046163565789937,,-1.32650637627,0.262850314379,0.668008565903
1620046163768956427,977,1620046163667187929,,-1.32963263988,0.26293823123,0.667994976044
1620046163871365017,978,1620046163769476890,,-1.33265829086,0.262984067202,0.667988061905
1620046163973033808,979,1620046163871748924,,-1.33578944206,0.263048022985,0.667995691299
1620046164074721124,980,1620046163973211050,,-1.33883452415,0.263171494007,0.667932093143
1620046164176848151,981,1620046164074769020,,-1.34169757366,0.263298928738,0.667942643166
1620046164278216894,982,1620046164176559925,,-1.34487557411,0.263361722231,0.667908906937
1620046164380503421,983,1620046164278579950,,-1.34777259827,0.263412564993,0.6678789258
1620046164485350759,984,1620046164382335901,,-1.35019075871,0.263602852821,0.667869746685
1620046164587743161,985,1620046164485812902,,-1.35058796406,0.263637423515,0.667887628078
1620046164689810284,986,1620046164588484048,,-1.35059630871,0.263426274061,0.667885899544
1620046164791950174,987,1620046164690018892,,-1.35055661201,0.263185560703,0.667888045311
1620046164894209247,988,1620046164792371988,,-1.3501906395,0.263120532036,0.667900145054
1620046164996376010,989,1620046164894567966,,-1.34835100174,0.262886434793,0.667959034443
1620046165098107428,990,1620046164996788978,,-1.34554624557,0.262783735991,0.667989432812
1620046165200072272,991,1620046165098325014,,-1.34255099297,0.262888938189,0.668008208275
1620046165352072452,992,1620046165200160026,,-1.33945667744,0.262883335352,0.668016731739
1620046165404102226,993,1620046165352205991,,-1.33501851559,0.262763231993,0.6680098176
1620046165505583641,994,1620046165404304027,,-1.33343839645,0.262725114822,0.668028593063
1620046165607180548,995,1620046165505760908,,-1.33034038544,0.262640655041,0.668043136597
1620046165709415137,996,1620046165607465028,,-1.32722389698,0.262599110603,0.668067038059
1620046165811675785,997,1620046165709537029,,-1.32439303398,0.262451291084,0.668111562729
1620046165913187034,998,1620046165811388015,,-1.32161724567,0.262273132801,0.668127596378
1620046166015400944,999,1620046165913471937,,-1.32085323334,0.262172341347,0.668095588684
1620046166117680243,1000,1620046166015821933,,-1.32082593441,0.262111067772,0.6680996418
1620046166219963139,1001,1620046166118057966,,-1.32076716423,0.261890858412,0.668100297451
1620046166322067686,1002,1620046166220184087,,-1.32099950314,0.261829793453,0.66806769371
1620046166373783315,1003,1620046166322438001,,-1.32256948948,0.261825144291,0.668003499508
1620046166475218020,1004,1620046166374012947,,-1.32399356365,0.261818140745,0.667987406254
1620046166577605582,1005,1620046166475580930,,-1.32676482201,0.261782884598,0.667964458466
1620046166679724078,1006,1620046166577729940,,-1.32997608185,0.261877685785,0.66795361042
1620046166831593389,1007,1620046166680114984,,-1.33281469345,0.261958688498,0.66794359684
1620046166933705775,1008,1620046166831983089,,-1.33719885349,0.262093007565,0.667919158936
1620046166985542239,1009,1620046166934082984,,-1.34037458897,0.262179464102,0.667923569679
1620046167087875007,1010,1620046166985954046,,-1.3419469595,0.262207865715,0.667910277843
1620046167190200034,1011,1620046167088269948,,-1.34513366222,0.262316644192,0.667868673801
1620046167292335093,1012,1620046167190891027,,-1.34808456898,0.262443989515,0.667816758156
1620046167393947302,1013,1620046167292532920,,-1.35016906261,0.262586861849,0.667839348316
1620046167495935265,1014,1620046167394176959,,-1.35054159164,0.262606739998,0.667855501175
1620046167598086089,1015,1620046167496367931,,-1.35055625439,0.262361377478,0.667852520943
1620046167700287130,1016,1620046167598551988,,-1.35052776337,0.262091457844,0.667852282524
1620046167802619073,1017,1620046167700731039,,-1.35007941723,0.26201865077,0.667868793011
1620046167904090650,1018,1620046167802917957,,-1.3482427597,0.261832386255,0.667921841145
1620046168006357971,1019,1620046167904303073,,-1.3452372551,0.261711984873,0.66796708107
1620046168108599791,1020,1620046168006505966,,-1.34216916561,0.261742413044,0.6679880023
1620046168210643009,1021,1620046168108830928,,-1.3392444849,0.261779904366,0.66797798872
1620046168312894350,1022,1620046168210973024,,-1.33620285988,0.261750489473,0.66798210144
1620046168365087148,1023,1620046168313236951,,-1.33310008049,0.261637836695,0.667990207672
1620046168467242696,1024,1620046168365381002,,-1.33151650429,0.261564642191,0.667995512486
1620046168569466656,1025,1620046168467549085,,-1.32854270935,0.261504888535,0.668010413647
1620046168671686287,1026,1620046168569883108,,-1.32535088062,0.261430740356,0.668060302734
1620046168773801873,1027,1620046168672004938,,-1.32258224487,0.261317193508,0.668086886406
1620046168875906233,1028,1620046168774115085,,-1.32102394104,0.261189818382,0.668073773384
1620046168978208917,1029,1620046168876291036,,-1.32095611095,0.261182963848,0.66804599762
1620046169080178615,1030,1620046168978807926,,-1.32191884518,0.261453062296,0.667964756489
1620046169182319771,1031,1620046169080351114,,-1.32439410686,0.26215416193,0.66802072525
1620046169283699864,1032,1620046169182171106,,-1.32513833046,0.262361168861,0.668069303036
1620046169435618990,1033,1620046169283806085,,-1.32513439655,0.262359440327,0.668075740337
1620046169537911395,1034,1620046169435956954,,-1.32513105869,0.262353867292,0.668079912663
1620046169640003106,1035,1620046169538161993,,-1.32512891293,0.262353718281,0.66808116436
1620046169742143226,1036,1620046169640289068,,-1.32512891293,0.26235345006,0.668081223965
1620046169794240422,1037,1620046169742440938,,-1.32512891293,0.26235345006,0.668081283569
1620046169896421285,1038,1620046169794626951,,-1.32512879372,0.262353807688,0.668081223965
1620046169998518770,1039,1620046169896812915,,-1.32512879372,0.26235422492,0.668081223965
1620046170100796233,1040,1620046169998894929,,-1.32512891293,0.262353718281,0.66808116436
1620046170152959579,1041,1620046170101047992,,-1.32512891293,0.262353688478,0.668081223965
1620046170255713382,1042,1620046170153754949,,-1.32512879372,0.262353748083,0.668081223965
1620046170308143850,1043,1620046170256242990,,-1.32512891293,0.262353897095,0.668081104755
1620046170410260570,1044,1620046170308408021,,-1.32512915134,0.262353777885,0.668080925941
1620046170512489791,1045,1620046170410579919,,-1.3251285553,0.262353628874,0.668081223965
1620046170565440902,1046,1620046170512914896,,-1.32512891293,0.262353867292,0.668080985546
1620046170667073146,1047,1620046170565896987,,-1.32512879372,0.262353926897,0.668080866337
1620046170768634529,1048,1620046170667380094,,-1.3251285553,0.262353569269,0.668081283569
1620046170820891157,1049,1620046170768951892,,-1.32512927055,0.262353748083,0.668080866337
1620046170923390549,1050,1620046170821490049,,-1.32512938976,0.262353897095,0.668080687523
1620046171026132339,1051,1620046170924909114,,-1.32512891293,0.262353718281,0.668081104755
1620046171128370059,1052,1620046171026580095,,-1.32512927055,0.262353420258,0.668080925941
1620046171180162529,1053,1620046171128710985,,-1.32512891293,0.262353718281,0.668080925941
1620046171282680809,1054,1620046171180489063,,-1.32512903214,0.262353748083,0.668080747128
1620046171387267640,1055,1620046171282429933,,-1.32512927055,0.262353658676,0.668080866337
1620046171438574519,1056,1620046171386847972,,-1.32512891293,0.26235383749,0.66808116436
1620046171540878268,1057,1620046171438960075,,-1.32512879372,0.262354135513,0.668081223965
