%time,field.header.seq,field.header.stamp,field.header.frame_id,field.speed,field.vx,field.vy,field.vz
1620046078254514485,6682,1620046078152066946,,0.0,0.0,0.0,0.0
1620046078357759990,6683,1620046078254216909,,0.0,9.99999974738e-06,0.0,0.0
1620046078408323029,6684,1620046078356259107,,0.0,-0.0,-0.0,-0.0
1620046078510482909,6685,1620046078408409118,,0.0,-0.0,-0.0,-0.0
1620046078612616775,6686,1620046078510570049,,0.0,0.0,0.0,0.0
1620046078664102540,6687,1620046078612751007,,0.0,0.0,-0.0,0.0
1620046078765686099,6688,1620046078664167881,,0.0,-0.0,-0.0,-0.0
1620046078868353419,6689,1620046078765866041,,0.0,0.0,0.0,0.0
1620046078919582310,6690,1620046078868099927,,0.0,0.0,-0.0,0.0
1620046079022018258,6691,1620046078919616937,,0.0,0.0,-0.0,0.0
1620046079123650093,6692,1620046079021711111,,0.0,-9.99999974738e-06,0.0,-0.0
1620046079176944013,6693,1620046079123812913,,0.0,0.0,0.0,-0.0
1620046079329011238,6694,1620046079176672935,,0.0,0.0,-0.0,-0.0
1620046079380359605,6695,1620046079329107999,,0.0,0.0,0.0,0.0
1620046079482421891,6696,1620046079380481004,,0.0,-0.0,0.0,-0.0
1620046079583719274,6697,1620046079482176065,,0.0,-0.0,-0.0,-0.0
1620046079638898302,6698,1620046079583758115,,0.0,0.0,-0.0,0.0
1620046079741131143,6699,1620046079639086961,,0.0,9.99999974738e-06,-0.0,9.99999974738e-06
1620046079842796994,6700,1620046079740663051,,0.0,-0.0,0.0,-0.0
1620046079895246307,6701,1620046079842932939,,0.0,-0.0,-0.0,0.0
1620046079997714846,6702,1620046079895423889,,0.0,0.0,-9.99999974738e-06,0.0
1620046080098927487,6703,1620046079997456073,,0.0,-0.0,0.0,-0.0
1620046080151533884,6704,1620046080099020004,,0.0,-0.0,0.0,-0.0
1620046080253970724,6705,1620046080151240110,,0.0,-9.99999974738e-06,0.0,-9.99999974738e-06
1620046080355046821,6706,1620046080253705024,,0.0,-0.0,-9.99999974738e-06,0.0
1620046080457149749,6707,1620046080355110883,,0.0,0.0,1.99999994948e-05,-0.0
1620046080559790013,6708,1620046080457329988,,0.0,-0.0,-9.99999974738e-06,-0.0
1620046080661568380,6709,1620046080559472084,,0.0,-1.99999994948e-05,-9.99999974738e-06,-9.99999974738e-06
1620046080764266505,6710,1620046080661672115,,0.000199999994948,4.99999987369e-05,-0.000150000007125,0.0
1620046080866380286,6711,1620046080763950109,,0.000500000023749,0.000239999993937,-0.000419999996666,1.99999994948e-05
1620046080969127518,6712,1620046080866050004,,0.0010000000475,0.000230000005104,-0.00101999996696,-9.99999974738e-06
1620046081071222528,6713,1620046080968566894,,0.00329999998212,-0.000119999996969,-0.00332999997772,-7.00000018696e-05
1620046081172939875,6714,1620046081070841073,,0.00380000006407,-3.99999989895e-05,-0.00375999999233,-5.99999984843e-05
1620046081275184571,6715,1620046081173062086,,0.00380000006407,0.000110000000859,-0.00383000005968,-7.00000018696e-05
1620046081377631023,6716,1620046081275398969,,0.00460000010207,0.000159999995958,-0.00463999994099,-5.99999984843e-05
1620046081479736778,6717,1620046081377629041,,0.00490000005811,0.000119999996969,-0.00490000005811,-0.000130000000354
1620046081581980898,6718,1620046081479525089,,0.00480000022799,0.000319999991916,-0.00480000022799,-0.000119999996969
1620046081683667076,6719,1620046081581635951,,0.0046999999322,0.000230000005104,-0.00466000009328,-0.000130000000354
1620046081785376767,6720,1620046081683825016,,0.0038999998942,0.000140000003739,-0.0038699998986,-0.000150000007125
1620046081886487649,6721,1620046081785156965,,0.00200000009499,5.99999984843e-05,-0.00202000001445,-0.000150000007125
1620046081988176828,6722,1620046081886632919,,9.99999974738e-05,1.99999994948e-05,-9.99999974738e-05,-7.9999997979e-05
1620046082090359495,6723,1620046081987962961,,9.99999974738e-05,-5.99999984843e-05,1.99999994948e-05,-5.99999984843e-05
1620046082192120876,6724,1620046082090075016,,9.99999974738e-05,-3.99999989895e-05,9.99999974738e-06,-3.99999989895e-05
1620046082294506566,6725,1620046082192233085,,0.0,-2.99999992421e-05,9.99999974738e-06,-2.99999992421e-05
1620046082396742337,6726,1620046082294226884,,0.0,-2.99999992421e-05,9.99999974738e-06,-1.99999994948e-05
1620046082547850246,6727,1620046082396321058,,0.0,-1.99999994948e-05,9.99999974738e-06,-1.99999994948e-05
1620046082650257112,6728,1620046082547630071,,0.0,-1.99999994948e-05,9.99999974738e-06,-1.99999994948e-05
1620046082752266501,6729,1620046082650013923,,0.0,-1.99999994948e-05,9.99999974738e-06,-9.99999974738e-06
1620046082854067150,6730,1620046082752449989,,0.0,-9.99999974738e-06,0.0,-9.99999974738e-06
1620046082955698296,6731,1620046082853833913,,0.0,-0.0,0.0,-9.99999974738e-06
1620046083057838862,6732,1620046082955842018,,0.0,-9.99999974738e-06,9.99999974738e-06,-9.99999974738e-06
1620046083159922308,6733,1620046083057962894,,0.0,-9.99999974738e-06,0.0,-9.99999974738e-06
1620046083261313651,6734,1620046083160046100,,0.0,-0.0,0.0,-0.0
1620046083363036543,6735,1620046083261431932,,0.0,-0.0,0.0,-9.99999974738e-06
1620046083465941678,6736,1620046083363140106,,0.0,0.0,0.0,0.0
1620046083567080373,6737,1620046083465622901,,0.0,-0.0,-9.99999974738e-06,-0.0
1620046083668844999,6738,1620046083567251920,,0.0,0.0,9.99999974738e-06,0.0
1620046083770580819,6739,1620046083668644905,,0.0,0.0,0.0,-0.0
1620046083873023402,6740,1620046083770297050,,0.0,-0.0,-0.0,-0.0
1620046083924844474,6741,1620046083873234987,,0.0,0.0,9.99999974738e-06,0.0
1620046084027028132,6742,1620046083924649953,,0.0,-0.0,1.99999994948e-05,-0.0
1620046084128831523,6743,1620046084026797056,,0.0,0.0,-9.99999974738e-06,0.0
1620046084231180918,6744,1620046084129009962,,0.0,0.0,9.99999974738e-06,0.0
1620046084332971462,6745,1620046084230895042,,0.0,0.0,9.99999974738e-06,0.0
1620046084434847187,6746,1620046084332758903,,0.0,-0.0,9.99999974738e-06,-0.0
1620046084536226915,6747,1620046084434870958,,0.0,-0.0,-9.99999974738e-06,-0.0
1620046084637744474,6748,1620046084536361932,,0.0,-0.0,0.0,-0.0
1620046084740523382,6749,1620046084637967109,,0.0,0.0,0.0,0.0
1620046084842469447,6750,1620046084740648984,,0.0,0.0,9.99999974738e-06,0.0
1620046084944711532,6751,1620046084842792034,,0.0,0.0,9.99999974738e-06,0.0
1620046085046797101,6752,1620046084944781064,,0.0,0.0,0.0,0.0
1620046085149839448,6753,1620046085046994924,,0.0,0.0,-0.0,0.0
1620046085252312742,6754,1620046085149544954,,0.0,0.0,-0.0,0.0
1620046085354109441,6755,1620046085252015113,,0.0,-0.0,0.0,-0.0
1620046085456357854,6756,1620046085354295969,,0.0,0.0,9.99999974738e-06,0.0
1620046085559102016,6757,1620046085456495046,,0.0,0.0,-9.99999974738e-06,0.0
1620046085660748065,6758,1620046085558618068,,0.0,-0.0,9.99999974738e-06,-0.0
1620046085762921222,6759,1620046085660856962,,0.0,0.0,0.0,0.0
1620046085865167085,6760,1620046085763024091,,0.0,-0.0,9.99999974738e-06,-0.0
1620046085967327390,6761,1620046085864876985,,0.0,-0.0,-0.0,-0.0
1620046086069577921,6762,1620046085967495918,,0.0,0.0,-0.0,0.0
1620046086172095914,6763,1620046086069309949,,0.0,-0.0,0.0,0.0
1620046086274080730,6764,1620046086171621084,,0.0,0.0,-0.0,0.0
1620046086376961649,6765,1620046086274275064,,0.0,0.0,1.99999994948e-05,-0.0
1620046086479632286,6766,1620046086377051115,,0.0,0.0,0.0,-0.0
1620046086581898913,6767,1620046086479815959,,0.0,-0.0,-0.0,-0.0
1620046086684223431,6768,1620046086581995964,,0.0,0.0,9.99999974738e-06,-0.0
1620046086786903036,6769,1620046086684348106,,0.0,-9.99999974738e-06,-2.99999992421e-05,-0.0
1620046086889072232,6770,1620046086786581039,,0.00219999998808,0.000169999999343,-0.00221000006422,7.00000018696e-05
1620046086991184176,6771,1620046086888804912,,0.00570000009611,0.000159999995958,-0.00570000009611,7.00000018696e-05
1620046087092838348,6772,1620046086990906953,,0.00190000003204,-0.00156000000425,-0.00109999999404,-0.000300000014249
1620046087195413498,6773,1620046087092984914,,0.00359999993816,-0.00326999998651,0.0014600000577,-0.000429999985499
1620046087297083799,6774,1620046087195138931,,0.00340000004508,-0.00276000006124,0.00200000009499,-0.000119999996969
1620046087349462344,6775,1620046087297205924,,0.00270000007004,-0.0020600000862,0.00170000002254,0.000289999996312
1620046087452435342,6776,1620046087349621057,,0.00260000000708,-0.00208000000566,0.00156999996398,0.000339999998687
1620046087554508393,6777,1620046087452835083,,0.00310000008903,-0.00161999999546,0.00261999992654,0.000380000012228
1620046087656705552,6778,1620046087554682970,,0.00319999991916,-0.00193000002764,0.00252000009641,0.000440000003437
1620046087759196524,6779,1620046087656797885,,0.00279999990016,-0.00165999995079,0.00221000006422,0.000560000014957
1620046087861321022,6780,1620046087758929014,,0.00279999990016,-0.00176999997348,0.00215000007302,0.000410000007832
1620046087962501331,6781,1620046087861004114,,0.00310000008903,-0.00209999992512,0.00228999997489,0.000369999994291
1620046088064080674,6782,1620046087962311029,,0.00279999990016,-0.00188999995589,0.00199000001885,0.000339999998687
1620046088166617685,6783,1620046088064219951,,0.00289999996312,-0.00218000006862,0.00187999999616,0.000260000000708
1620046088268005730,6784,1620046088166321992,,0.00270000007004,-0.00215000007302,0.00164000003133,0.000269999989541
1620046088369477154,6785,1620046088267822980,,0.00270000007004,-0.00218000006862,0.00153000000864,0.000269999989541
1620046088420869150,6786,1620046088369276046,,0.00270000007004,-0.00221000006422,0.00158999999985,0.000239999993937
1620046088522000880,6787,1620046088420674085,,0.00289999996312,-0.00227000005543,0.001719999942,0.000260000000708
1620046088623780976,6788,1620046088522053956,,0.00260000000708,-0.00200999993831,0.00164999999106,0.000280000007479
1620046088725618892,6789,1620046088623929977,,0.00279999990016,-0.00211000000127,0.00176999997348,0.000369999994291
1620046088827750524,6790,1620046088725687980,,0.00260000000708,-0.00193000002764,0.00167000002693,0.000300000014249
1620046088930123956,6791,1620046088827791929,,0.00310000008903,-0.0023199999705,0.00196000002325,0.000330000009853
1620046089032224117,6792,1620046088929883956,,0.00279999990016,-0.00206999992952,0.00190000003204,0.000280000007479
1620046089134129623,6793,1620046089031950950,,0.00279999990016,-0.00197000009939,0.0019199999515,0.000269999989541
1620046089186061987,6794,1620046089133850097,,0.00300000002608,-0.00211000000127,0.0020600000862,0.000280000007479
1620046089288340111,6795,1620046089186080932,,0.00310000008903,-0.00227000005543,0.00215000007302,0.000300000014249
1620046089390457099,6796,1620046089288480043,,0.00279999990016,-0.00197999994271,0.00193999998737,0.000300000014249
1620046089492174828,6797,1620046089390572071,,0.00289999996312,-0.00211000000127,0.00190000003204,0.000280000007479
1620046089593494736,6798,1620046089491955995,,0.00270000007004,-0.0020600000862,0.00175000005402,0.000289999996312
1620046089694918972,6799,1620046089593313932,,0.00289999996312,-0.00212000007741,0.00188999995589,0.000260000000708
1620046089797150636,6800,1620046089694734096,,0.00289999996312,-0.00211000000127,0.00197999994271,0.000269999989541
1620046089899110589,6801,1620046089796814918,,0.00279999990016,-0.00197000009939,0.00202000001445,0.000260000000708
1620046090001095175,6802,1620046089898782968,,0.00319999991916,-0.00219999998808,0.00224999990314,0.000280000007479
1620046090102797834,6803,1620046090000797033,,0.00520000001416,-0.00362999993376,0.00370000000112,0.000520000001416
1620046090154454726,6804,1620046090102947950,,0.00800000037998,-0.00579999992624,0.0054199998267,0.00079999997979
1620046090256283668,6805,1620046090154499053,,0.00879999995232,-0.00663000019267,0.00576000008732,0.000739999988582
1620046090359064596,6806,1620046090256366014,,0.00800000037998,-0.00600000005215,0.00514000002295,0.00089999998454
1620046090460707355,6807,1620046090359230995,,0.00850000046194,-0.0064400001429,0.00551000004634,0.000669999979436
1620046090562298211,6808,1620046090460773944,,0.00850000046194,-0.00619000010192,0.00581000000238,0.000850000011269
1620046090664393192,6809,1620046090562104940,,0.00829999987036,-0.0063000000082,0.00535999983549,0.000769999984186
1620046090765670093,6810,1620046090664110898,,0.00870000012219,-0.00640999991447,0.00583000015467,0.000809999997728
1620046090866826564,6811,1620046090765497922,,0.00829999987036,-0.00607000011951,0.00553999980912,0.000869999988936
1620046090968857793,6812,1620046090866842985,,0.00889999978244,-0.00669999979436,0.00575000001118,0.000850000011269
1620046091071411848,6813,1620046090968882083,,0.00820000004023,-0.00618000002578,0.00529999984428,0.000790000020061
1620046091173451562,6814,1620046091071109056,,0.00800000037998,-0.00594000006095,0.00528999976814,0.000839999993332
1620046091275978761,6815,1620046091173187971,,0.00870000012219,-0.00645000021905,0.00585999991745,0.000750000006519
1620046091377243248,6816,1620046091275664091,,0.00879999995232,-0.00643000006676,0.00602000020444,0.000820000015665
1620046091478432670,6817,1620046091377036094,,0.00820000004023,-0.0059299999848,0.00563000002876,0.000850000011269
1620046091580719935,6818,1620046091478456020,,0.00839999970049,-0.00643000006676,0.00535999983549,0.000790000020061
1620046091682944104,6819,1620046091580449104,,0.00800000037998,-0.00600000005215,0.00529999984428,0.000820000015665
1620046091785180394,6820,1620046091682714939,,0.00910000037402,-0.00681999977678,0.00597999989986,0.000839999993332
1620046091886976523,6821,1620046091784910917,,0.00850000046194,-0.00625000009313,0.00571000017226,0.000820000015665
1620046091989088705,6822,1620046091886687040,,0.00850000046194,-0.0063000000082,0.00571000017226,0.000869999988936
1620046092091225452,6823,1620046091988801002,,0.00860000029206,-0.00631000008434,0.00577000016347,0.000760000024457
1620046092193804775,6824,1620046092091299057,,0.00870000012219,-0.00653999997303,0.00576000008732,0.000769999984186
1620046092245668559,6825,1620046092193466901,,0.00839999970049,-0.00627999985591,0.00547000020742,0.00079999997979
1620046092348670478,6826,1620046092245821952,,0.00870000012219,-0.00652999989688,0.00576000008732,0.000809999997728
1620046092450740179,6827,1620046092348381996,,0.00810000021011,-0.00606000004336,0.00526000000536,0.000829999975394
1620046092553134100,6828,1620046092450994014,,0.00870000012219,-0.0066499998793,0.0055800001137,0.000739999988582
1620046092655759310,6829,1620046092553239107,,0.00829999987036,-0.00586999999359,0.00582000007853,0.00089000002481
1620046092757374594,6830,1620046092655453920,,0.00860000029206,-0.00638000015169,0.00571999978274,0.000760000024457
1620046092858855913,6831,1620046092757512092,,0.00870000012219,-0.00633999984711,0.00596999982372,0.000760000024457
1620046092960292778,6832,1620046092858937025,,0.00860000029206,-0.00649000005797,0.0056400001049,0.000709999992978
1620046093062504878,6833,1620046092960475921,,0.00839999970049,-0.00628999993205,0.00545000005513,0.000739999988582
1620046093164945448,6834,1620046093062673091,,0.00829999987036,-0.00632999977097,0.00537999998778,0.000769999984186
1620046093267044484,6835,1620046093164705991,,0.00839999970049,-0.00624000001699,0.00553000019863,0.000829999975394
1620046093369317207,6836,1620046093266789913,,0.00860000029206,-0.00634999992326,0.00576000008732,0.000859999970999
1620046093471075446,6837,1620046093368982076,,0.00850000046194,-0.00626999977976,0.00563000002876,0.000859999970999
1620046093573629791,6838,1620046093471223115,,0.00839999970049,-0.00604999996722,0.00571000017226,0.000790000020061
1620046093675448657,6839,1620046093573357105,,0.00810000021011,-0.00581000000238,0.00553999980912,0.000769999984186
1620046093777860889,6840,1620046093675512075,,0.00879999995232,-0.00655000004917,0.00579999992624,0.000769999984186
1620046093880144792,6841,1620046093777563095,,0.00730000017211,-0.00577000016347,0.00447000004351,0.000639999983832
1620046093982358462,6842,1620046093879775047,,0.00319999991916,-0.00276000006124,0.00153000000864,0.000369999994291
1620046094086667377,6843,1620046093982630968,,0.00079999997979,0.000739999988582,-0.000159999995958,0.000199999994948
1620046094188541916,6844,1620046094086443901,,0.00449999980628,0.00450999988243,-0.000330000009853,0.000360000005458
1620046094289997944,6845,1620046094188636064,,0.00899999961257,0.00899999961257,-0.000230000005104,0.000269999989541
1620046094392097061,6846,1620046094290056943,,0.00889999978244,0.00889000017196,-0.000110000000859,-7.00000018696e-05
1620046094495750867,6847,1620046094392219066,,0.00870000012219,0.00874000042677,-0.000220000001718,-9.99999974738e-06
1620046094597423399,6848,1620046094495470046,,0.00899999961257,0.00894999969751,-0.000260000000708,0.000110000000859
1620046094699592026,6849,1620046094597524881,,0.00930000003427,0.0092700002715,-0.000159999995958,0.000110000000859
1620046094801315089,6850,1620046094699342012,,0.00889999978244,0.00887999963015,-7.9999997979e-05,9.00000013644e-05
1620046094903377516,6851,1620046094801541090,,0.00910000037402,0.00913999974728,-0.000250000011874,2.99999992421e-05
1620046095005825816,6852,1620046094903531074,,0.00879999995232,0.00882000010461,-0.000339999998687,0.000110000000859
1620046095107709961,6853,1620046095005564928,,0.00850000046194,0.00844999961555,-0.000209999998333,5.99999984843e-05
1620046095210192267,6854,1620046095107817888,,0.00879999995232,0.00877999980003,-0.000230000005104,-0.0
1620046095312912325,6855,1620046095210400104,,0.00879999995232,0.00877000018954,-0.000330000009853,-5.99999984843e-05
1620046095415282479,6856,1620046095313106060,,0.00860000029206,0.00863999966532,-0.000419999996666,1.99999994948e-05
1620046095467895195,6857,1620046095415688991,,0.00930000003427,0.00934000033885,-0.000469999999041,9.00000013644e-05
1620046095619687986,6858,1620046095467624902,,0.0093999998644,0.00934999994934,-0.000369999994291,3.99999989895e-05
1620046095721801752,6859,1620046095619862079,,0.00860000029206,0.00856999959797,-0.000190000006114,3.99999989895e-05
1620046095823870162,6860,1620046095721930027,,0.00910000037402,0.00905000045896,-0.000239999993937,0.000169999999343
1620046095875834992,6861,1620046095823961019,,0.00899999961257,0.00901000015438,-0.000310000003083,0.000130000000354
1620046095978623246,6862,1620046095875999927,,0.00949999969453,0.00951999984682,-0.000360000005458,9.99999974738e-05
1620046096080274153,6863,1620046095978766918,,0.00889999978244,0.00887999963015,-0.000159999995958,0.000119999996969
1620046096182469168,6864,1620046096080085039,,0.00889999978244,0.00887999963015,-0.000369999994291,9.99999974738e-05
1620046096284719570,6865,1620046096182152986,,0.00860000029206,0.00858000013977,-0.000310000003083,0.000150000007125
1620046096386836804,6866,1620046096284544944,,0.00920000020415,0.00918999966234,-0.000419999996666,2.99999992421e-05
1620046096490445383,6867,1620046096387036085,,0.0093999998644,0.00937000010163,-0.000369999994291,9.99999974738e-05
1620046096592138718,6868,1620046096490133047,,0.00870000012219,0.00872000027448,-2.99999992421e-05,2.99999992421e-05
1620046096693257812,6869,1620046096591871023,,0.00889999978244,0.00891999993473,-0.000119999996969,7.9999997979e-05
1620046096794537230,6870,1620046096693255901,,0.00870000012219,0.00867000035942,-0.000469999999041,7.9999997979e-05
1620046096895961065,6871,1620046096794604063,,0.00889999978244,0.00889000017196,-0.000469999999041,4.99999987369e-05
1620046096949390255,6872,1620046096895996093,,0.00920000020415,0.00922999996692,-0.000399999989895,7.9999997979e-05
1620046097049880835,6873,1620046096947863101,,0.00889999978244,0.00887999963015,-0.000239999993937,9.99999974738e-05
1620046097152255397,6874,1620046097049654006,,0.00829999987036,0.00831000041217,-0.000280000007479,1.99999994948e-05
1620046097254883151,6875,1620046097151982069,,0.00949999969453,0.00949999969453,-0.000339999998687,7.9999997979e-05
1620046097361740640,6876,1620046097255398035,,0.00889999978244,0.00886000040919,-0.000380000012228,9.00000013644e-05
1620046097463926235,6877,1620046097361862897,,0.00669999979436,0.00669000018388,-0.000280000007479,9.99999974738e-06
1620046097566463586,6878,1620046097464078903,,0.00200000009499,0.00200999993831,-0.000310000003083,-7.9999997979e-05
1620046097668193779,6879,1620046097566138982,,0.000300000014249,0.000269999989541,-0.000190000006114,1.99999994948e-05
1620046097770669930,6880,1620046097668292045,,0.00130000000354,0.000699999975041,-0.00106999999844,-9.99999974738e-06
1620046097872881391,6881,1620046097770910978,,0.00150000001304,9.99999974738e-06,-0.00150999997277,-5.99999984843e-05
1620046097974601500,6882,1620046097873003005,,0.00200000009499,-0.0019499999471,-0.000390000001062,-0.000289999996312
1620046098075830315,6883,1620046097974365949,,0.00620000017807,-0.00622999994084,-9.00000013644e-05,-0.000419999996666
1620046098178087906,6884,1620046098075908899,,0.00930000003427,-0.00932000018656,-9.99999974738e-05,-4.99999987369e-05
1620046098279847257,6885,1620046098178282976,,0.00870000012219,-0.00870000012219,-0.000169999999343,0.000110000000859
1620046098382485600,6886,1620046098279931068,,0.00850000046194,-0.00848999992013,-1.99999994948e-05,0.000159999995958
1620046098434519292,6887,1620046098382158041,,0.00899999961257,-0.00901000015438,0.000230000005104,0.0
1620046098586224968,6888,1620046098434245109,,0.00960000045598,-0.00963000021875,0.000280000007479,-0.000159999995958
1620046098637534273,6889,1620046098586239099,,0.00879999995232,-0.00879000034183,-1.99999994948e-05,-9.99999974738e-05
1620046098789012422,6890,1620046098637635946,,0.0097000002861,-0.00965999998152,0.000269999989541,-0.000199999994948
1620046098890869516,6891,1620046098789112091,,0.00850000046194,-0.0085199996829,0.000199999994948,-9.99999974738e-05
1620046098941841965,6892,1620046098890571117,,0.00930000003427,-0.00932999979705,0.000360000005458,-9.99999974738e-05
1620046099043598673,6893,1620046098942044973,,0.00930000003427,-0.00934000033885,0.000310000003083,-9.99999974738e-05
1620046099145983366,6894,1620046099043734073,,0.00860000029206,-0.00855999998748,0.000330000009853,-2.99999992421e-05
1620046099247784721,6895,1620046099145695924,,0.00839999970049,-0.0083799995482,0.000289999996312,-9.00000013644e-05
1620046099399488072,6896,1620046099247891902,,0.00910000037402,-0.00906999967992,0.000500000023749,-9.00000013644e-05
1620046099452013066,6897,1620046099399286985,,0.00930000003427,-0.00932000018656,0.000330000009853,-7.00000018696e-05
1620046099554870702,6898,1620046099452260017,,0.00910000037402,-0.00906999967992,0.000300000014249,-5.99999984843e-05
1620046099657669163,6899,1620046099554582118,,0.00820000004023,-0.00817999988794,0.000230000005104,-9.00000013644e-05
1620046099758714242,6900,1620046099657357931,,0.00960000045598,-0.0095600001514,0.000419999996666,-9.99999974738e-06
1620046099860747490,6901,1620046099758909940,,0.00860000029206,-0.00858000013977,0.000280000007479,-0.000150000007125
1620046099962854450,6902,1620046099860553026,,0.00960000045598,-0.00956999976188,0.000310000003083,-0.000140000003739
1620046100064030395,6903,1620046099962490081,,0.00899999961257,-0.00899999961257,0.000169999999343,-0.000130000000354
1620046100165916233,6904,1620046100063859939,,0.00839999970049,-0.00843000039458,0.000169999999343,2.99999992421e-05
1620046100267984167,6905,1620046100166038036,,0.00899999961257,-0.0089800003916,0.000469999999041,-7.00000018696e-05
1620046100370185958,6906,1620046100268151998,,0.00910000037402,-0.00906999967992,0.000330000009853,-0.000140000003739
1620046100472784946,6907,1620046100370237112,,0.00850000046194,-0.0085199996829,-3.99999989895e-05,9.99999974738e-06
1620046100574479088,6908,1620046100472484111,,0.00889999978244,-0.00884999986738,0.000220000001718,-0.000140000003739
1620046100676592907,6909,1620046100574609994,,0.00920000020415,-0.00915000028908,0.000410000007832,-9.99999974738e-05
1620046100728651775,6910,1620046100676686048,,0.00920000020415,-0.00918999966234,0.000360000005458,-9.00000013644e-05
1620046100831029203,6911,1620046100728615999,,0.00850000046194,-0.00848999992013,9.00000013644e-05,-5.99999984843e-05
1620046100932790310,6912,1620046100830735921,,0.00930000003427,-0.00925000011921,0.00054999999702,-0.000110000000859
1620046101035295892,6913,1620046100932835102,,0.00879999995232,-0.00882999971509,0.00034999998752,-0.000119999996969
1620046101137191225,6914,1620046101035028934,,0.00879999995232,-0.00875999964774,0.000360000005458,-0.000169999999343
1620046101239432088,6915,1620046101137299060,,0.00839999970049,-0.00839999970049,0.000429999985499,-4.99999987369e-05
1620046101341584850,6916,1620046101239537954,,0.00700000021607,-0.00694999983534,0.000419999996666,-3.99999989895e-05
1620046101443339755,6917,1620046101341738939,,0.00109999999404,-0.00107999995816,1.99999994948e-05,7.00000018696e-05
1620046101545437791,6918,1620046101443140029,,0.00130000000354,-5.99999984843e-05,-0.00132000003941,3.99999989895e-05
1620046101646859062,6919,1620046101545134067,,0.00400000018999,-0.0,-0.00394999980927,0.000130000000354
1620046101748960222,6920,1620046101646678924,,0.00079999997979,0.000560000014957,-0.000590000010561,7.00000018696e-05
1620046101851232970,6921,1620046101748647928,,0.00150000001304,0.00147000001743,-0.000339999998687,9.00000013644e-05
1620046101953061052,6922,1620046101851358890,,0.00700000021607,0.00686000008136,-0.00130999996327,0.000180000002729
1620046102055129762,6923,1620046101953212976,,0.00769999995828,0.0076700001955,-0.000609999988228,3.99999989895e-05
1620046102157867401,6924,1620046102055324077,,0.00980000011623,0.00980000011623,-0.000369999994291,9.00000013644e-05
1620046102259616057,6925,1620046102157594919,,0.00870000012219,0.0086799999699,0.000590000010561,-1.99999994948e-05
1620046102362873988,6926,1620046102259812116,,0.00920000020415,0.00917000044137,0.000119999996969,4.99999987369e-05
1620046102465129458,6927,1620046102363152027,,0.00899999961257,0.0089699998498,7.9999997979e-05,5.99999984843e-05
1620046102567307046,6928,1620046102465249061,,0.00889999978244,0.00884999986738,0.000130000000354,-0.0
1620046102669869480,6929,1620046102567420959,,0.00920000020415,0.00922999996692,-0.000110000000859,0.000169999999343
1620046102770953126,6930,1620046102669567108,,0.00920000020415,0.00915000028908,-0.000230000005104,0.000150000007125
1620046102872802641,6931,1620046102771013021,,0.00870000012219,0.0086799999699,-7.9999997979e-05,9.99999974738e-06
1620046102974091060,6932,1620046102872863054,,0.00889999978244,0.00884999986738,-0.000150000007125,9.99999974738e-06
1620046103075524475,6933,1620046102974124908,,0.00870000012219,0.00872000027448,-0.000130000000354,9.99999974738e-05
1620046103177268822,6934,1620046103075577020,,0.00920000020415,0.00915999989957,-0.000390000001062,9.00000013644e-05
1620046103278519602,6935,1620046103176985979,,0.00850000046194,0.00850000046194,-0.000230000005104,1.99999994948e-05
1620046103380523929,6936,1620046103278539896,,0.00960000045598,0.00961999967694,-0.000360000005458,9.99999974738e-05
1620046103482986133,6937,1620046103380655050,,0.00889999978244,0.00887999963015,-0.000250000011874,9.99999974738e-05
1620046103585675472,6938,1620046103483203887,,0.00829999987036,0.00832999963313,-0.000339999998687,7.9999997979e-05
1620046103688480390,6939,1620046103585881948,,0.00860000029206,0.00863999966532,-0.00034999998752,9.99999974738e-05
1620046103791171658,6940,1620046103688560962,,0.00889999978244,0.00887000001967,-0.000330000009853,9.99999974738e-05
1620046103893637561,6941,1620046103791387081,,0.00590000022203,0.0059299999848,-0.000230000005104,9.99999974738e-06
1620046104046157190,6942,1620046103893706083,,0.00310000008903,0.00304000009783,-0.000479999987874,-5.99999984843e-05
1620046104147433683,6943,1620046104045955896,,0.0,1.99999994948e-05,9.99999974738e-06,9.99999974738e-06
1620046104298810921,6944,1620046104147583007,,0.0,1.99999994948e-05,-2.99999992421e-05,1.99999994948e-05
1620046104350334875,6945,1620046104298816919,,0.0,0.0,0.0,-0.0
1620046104452388920,6946,1620046104350136995,,0.0,9.99999974738e-06,0.0,9.99999974738e-06
1620046104554946627,6947,1620046104452519893,,0.0,-0.0,-0.0,-0.0
1620046104607042290,6948,1620046104554594039,,0.0,-0.0,0.0,-0.0
1620046104708903586,6949,1620046104606753110,,0.0,-9.99999974738e-06,0.0,-0.0
1620046104811224431,6950,1620046104709022045,,0.0,9.99999974738e-06,-9.99999974738e-06,9.99999974738e-06
1620046104863762983,6951,1620046104811404943,,0.0,-0.0,0.0,-0.0
1620046104966123218,6952,1620046104864010095,,0.0,0.0,-0.0,0.0
1620046105068221898,6953,1620046104966213941,,0.0,0.0,0.0,0.0
1620046105119683265,6954,1620046105068355083,,0.0,-0.0,-0.0,-0.0
1620046105221946097,6955,1620046105119755029,,0.0,-0.0,-9.99999974738e-06,-0.0
1620046105324475604,6956,1620046105221899986,,0.0,-0.0,0.0,0.0
1620046105376578399,6957,1620046105324678897,,0.0,0.0,0.0,-0.0
1620046105479027072,6958,1620046105376686096,,0.0,9.99999974738e-06,0.0,9.99999974738e-06
1620046105581043585,6959,1620046105478718996,,0.0,0.0,0.0,-0.0
1620046105633134865,6960,1620046105580718994,,0.0,-0.0,0.0,-0.0
1620046105734856158,6961,1620046105632941961,,0.0,0.0,-0.0,0.0
1620046105837427162,6962,1620046105735050916,,0.0,0.0,-0.0,0.0
1620046105889543523,6963,1620046105837099075,,0.0,-0.0,0.0,0.0
1620046105992148565,6964,1620046105889216899,,0.0,-9.99999974738e-06,-0.0,-0.0
1620046106094570446,6965,1620046105991906881,,0.0,-0.0,0.0,-0.0
1620046106146483645,6966,1620046106094778060,,0.0,0.0,0.0,0.0
1620046106248999565,6967,1620046106146755933,,0.0,0.0,-0.0,0.0
1620046106302002512,6968,1620046106249126911,,0.0,0.0,0.0,0.0
1620046106404370109,6969,1620046106302125930,,0.0,-0.0,-0.0,0.0
1620046106506467307,6970,1620046106404545068,,0.0,0.0,-0.0,-0.0
1620046106558284005,6971,1620046106506167888,,0.0,0.0,-0.0,0.0
1620046106660954139,6972,1620046106558491945,,0.0,-0.0,0.0,-0.0
1620046106762700936,6973,1620046106660741090,,0.0,0.0,0.0,0.0
1620046106814143025,6974,1620046106762799024,,0.0,-0.0,0.0,-0.0
1620046106916792657,6975,1620046106814292907,,0.0,-0.0,-0.0,-0.0
1620046107018505205,6976,1620046106916517019,,0.0,0.0,-0.0,-0.0
1620046107070669510,6977,1620046107018750905,,0.0,0.0,0.0,0.0
1620046107172753434,6978,1620046107070749998,,0.0,0.0,0.0,-0.0
1620046107225630691,6979,1620046107172837018,,0.0,-9.99999974738e-06,-0.0,-0.0
1620046107329336211,6980,1620046107225161075,,0.0,9.99999974738e-06,-0.0,9.99999974738e-06
1620046107430169392,6981,1620046107327651977,,0.0,-0.0,0.0,-0.0
1620046107533128697,6982,1620046107430512905,,0.0,-0.0,-0.0,-0.0
1620046107585164183,6983,1620046107532820940,,0.0,0.0,0.0,0.0
1620046107687371033,6984,1620046107585277080,,0.0,0.0,9.99999974738e-06,-0.0
1620046107789463603,6985,1620046107687474966,,0.0,-0.0,-9.99999974738e-06,0.0
1620046107892091084,6986,1620046107789592981,,0.0,0.0,0.0,-0.0
1620046107944314936,6987,1620046107892348051,,0.0,-0.0,0.0,-0.0
1620046108045605830,6988,1620046107944287061,,0.0,0.0,0.0,0.0
1620046108147058905,6989,1620046108045726060,,0.0,-0.0,-9.99999974738e-06,-0.0
1620046108199542384,6990,1620046108147075891,,0.0,0.0,-0.0,0.0
1620046108301099027,6991,1620046108199242115,,0.0,0.0,0.0,0.0
1620046108402719137,6992,1620046108301188945,,0.0,0.0,-0.0,-0.0
1620046108455042721,6993,1620046108402784109,,0.0,-0.0,0.0,-0.0
1620046108558996823,6994,1620046108454776048,,0.0,0.0,-0.0,0.0
1620046108661216626,6995,1620046108558698892,,0.0,0.0,-0.0,0.0
1620046108712953162,6996,1620046108660911083,,0.0,-0.0,9.99999974738e-06,-0.0
1620046108815686486,6997,1620046108713103055,,0.0,-0.0,0.0,-0.0
1620046108917409920,6998,1620046108815371990,,0.0,9.99999974738e-06,-0.0,0.0
1620046108969615784,6999,1620046108917592048,,0.0,-0.0,0.0,-0.0
1620046109071824940,7000,1620046108969778060,,0.0,-0.0,-0.0,0.0
1620046109174369101,7001,1620046109071983098,,0.0,0.0,-0.0,0.0
1620046109226279865,7002,1620046109173966884,,0.0,-0.0,0.0,-0.0
1620046109329043940,7003,1620046109226614952,,0.0,-0.0,0.0,-0.0
1620046109431669858,7004,1620046109328747034,,0.0,0.0,0.0,0.0
1620046109482387932,7005,1620046109430993080,,0.0,-0.0,0.0,-0.0
1620046109584787804,7006,1620046109482501983,,0.0,-0.0,-0.0,-0.0
1620046109686250597,7007,1620046109584520101,,0.0,-0.0,0.0,-0.0
1620046109788869184,7008,1620046109686388015,,0.0,0.0,-9.99999974738e-06,-0.0
1620046109839905830,7009,1620046109788551092,,0.0,0.0,-0.0,0.0
1620046109941397572,7010,1620046109839983940,,0.0,-0.0,0.0,-0.0
1620046110042925032,7011,1620046109941524028,,0.0,-0.0,0.0,0.0
1620046110094861916,7012,1620046110042939901,,0.0,-0.0,0.0,-0.0
1620046110197498812,7013,1620046110094970941,,0.0,0.0,0.0,-0.0
1620046110300540059,7014,1620046110197204113,,0.0,0.0,-0.0,0.0
1620046110352685914,7015,1620046110300693035,,0.0,0.0,0.0,0.0
1620046110454310646,7016,1620046110352806091,,0.0,-0.0,0.0,0.0
1620046110556497198,7017,1620046110454430103,,0.0,-9.99999974738e-06,0.0,-0.0
1620046110608858754,7018,1620046110556641101,,0.0,0.0,-0.0,0.0
1620046110710886965,7019,1620046110608882904,,0.0,-0.0,-0.0,0.0
1620046110762316162,7020,1620046110710992097,,0.0,0.0,-0.0,0.0
1620046110864700517,7021,1620046110762403011,,0.0,0.0,-9.99999974738e-06,0.0
1620046110966830861,7022,1620046110864767074,,0.0,-0.0,-0.0,-0.0
1620046111018977476,7023,1620046110967122077,,0.0,-0.0,9.99999974738e-06,-0.0
1620046111121025796,7024,1620046111019093036,,0.0,0.0,0.0,0.0
1620046111223101104,7025,1620046111120723962,,0.0,-0.0,-0.0,-0.0
1620046111325204511,7026,1620046111222795009,,0.0,0.0,-0.0,0.0
1620046111377292462,7027,1620046111324903011,,0.0,0.0,-0.0,0.0
1620046111478972290,7028,1620046111376980066,,0.0,0.0,0.0,-0.0
1620046111531118412,7029,1620046111479064941,,0.0,-0.0,0.0,-0.0
1620046111634211715,7030,1620046111531208992,,0.0,9.99999974738e-06,9.99999974738e-06,9.99999974738e-06
1620046111736905024,7031,1620046111634357929,,0.0,-0.0,-0.0,-0.0
1620046111839061015,7032,1620046111736974000,,0.0,0.0,-0.0,0.0
1620046111941505193,7033,1620046111839164972,,0.0,-0.0,-0.0,-0.0
1620046111993400450,7034,1620046111941235065,,0.0,-0.0,0.0,-0.0
1620046112096108730,7035,1620046111993592977,,0.0,0.0,0.0,0.0
1620046112148403202,7036,1620046112096385955,,0.0,0.0,0.0,0.0
1620046112251000015,7037,1620046112148524045,,0.0,-0.0,-9.99999974738e-06,-0.0
1620046112352830094,7038,1620046112250637054,,0.0,-0.0,-0.0,-0.0
1620046112405182947,7039,1620046112352828025,,0.0,-0.0,9.99999974738e-06,-0.0
1620046112507398448,7040,1620046112404886960,,0.0,9.99999974738e-06,-0.0,9.99999974738e-06
1620046112609555287,7041,1620046112507090091,,0.0,0.0,-0.0,-0.0
1620046112661369370,7042,1620046112609229087,,0.0,-0.0,9.99999974738e-06,-0.0
1620046112763596176,7043,1620046112661096096,,0.0,-9.99999974738e-06,-9.99999974738e-06,-0.0
1620046112867941079,7044,1620046112765109062,,0.0,0.0,-0.0,0.0
1620046112970512889,7045,1620046112867543935,,0.0,0.0,-0.0,0.0
1620046113022609825,7046,1620046112970205068,,0.0,0.0,0.0,0.0
1620046113123744047,7047,1620046113022329092,,0.0,-0.0,9.99999974738e-06,-0.0
1620046113226479946,7048,1620046113123877048,,0.0,-0.0,-0.0,-0.0
1620046113278692293,7049,1620046113226157903,,0.0,0.0,-9.99999974738e-06,0.0
1620046113380740196,7050,1620046113278338909,,0.0,9.99999974738e-06,0.0,0.0
1620046113482877143,7051,1620046113380470037,,0.0,-0.0,-0.0,-0.0
1620046113584581673,7052,1620046113482542991,,0.0,0.0,0.0,0.0
1620046113637632403,7053,1620046113584628105,,0.0,0.0,-0.0,0.0
1620046113739563883,7054,1620046113637367010,,0.0,0.0,0.0,0.0
1620046113841087175,7055,1620046113739658117,,0.0,-0.0,0.0,-0.0
1620046113893238402,7056,1620046113841257095,,0.0,-0.0,-0.0,0.0
1620046113995771402,7057,1620046113893336057,,0.0,-0.0,0.0,-0.0
1620046114097687701,7058,1620046113995577096,,0.0,0.0,0.0,-0.0
1620046114149610685,7059,1620046114097667932,,0.0,-0.0,-0.0,0.0
1620046114251755072,7060,1620046114149665117,,0.0,-0.0,9.99999974738e-06,-0.0
1620046114354130837,7061,1620046114251859903,,0.0,0.0,-0.0,0.0
1620046114406388072,7062,1620046114353846073,,0.0,-0.0,0.0,-0.0
1620046114508247329,7063,1620046114406083106,,0.0,-0.0,0.0,-0.0
1620046114610874784,7064,1620046114508410930,,0.0,0.0,-0.0,0.0
1620046114662698503,7065,1620046114610537052,,0.0,0.0,-0.0,0.0
1620046114764207532,7066,1620046114662825107,,0.0,-0.0,0.0,-0.0
1620046114866046711,7067,1620046114764256000,,0.0,-9.99999974738e-06,-0.0,-0.0
1620046114917788643,7068,1620046114866223096,,0.0,0.0,-0.0,0.0
1620046115018989103,7069,1620046114917552947,,0.0,-0.0,9.99999974738e-06,-0.0
1620046115120096893,7070,1620046115018779039,,0.0,-0.0,0.0,-0.0
1620046115171650601,7071,1620046115120095014,,0.0,-0.0,-0.0,0.0
1620046115274141553,7072,1620046115171732902,,0.0,-0.0,-0.0,-0.0
1620046115375982103,7073,1620046115273876905,,0.0,0.0,0.0,0.0
1620046115478391647,7074,1620046115376087903,,0.0,0.0,0.0,-0.0
1620046115530631804,7075,1620046115478502988,,0.0,-0.0,0.0,-0.0
1620046115632905602,7076,1620046115530793905,,0.0,0.0,0.0,0.0
1620046115684615677,7077,1620046115632623910,,0.0,0.0,-9.99999974738e-06,0.0
1620046115786679531,7078,1620046115684716939,,0.0,9.99999974738e-06,9.99999974738e-06,0.0
1620046115888280514,7079,1620046115786847114,,0.0,-9.99999974738e-06,-0.0,-0.0
1620046115940096236,7080,1620046115888067007,,0.0,0.0,0.0,0.0
1620046116041720103,7081,1620046115940093994,,0.0,-0.0,0.0,-0.0
1620046116143108026,7082,1620046116041728019,,0.0,0.0,0.0,0.0
1620046116245109695,7083,1620046116143243074,,0.0,-0.0,-0.0,-0.0
1620046116296942170,7084,1620046116245182037,,0.0,0.0,0.0,0.0
1620046116398429297,7085,1620046116297095060,,0.0,0.0,0.0,0.0
1620046116500272544,7086,1620046116398487091,,0.0,0.0,-0.0,0.0
1620046116551894482,7087,1620046116500473022,,0.0,-0.0,-0.0,-0.0
1620046116653296327,7088,1620046116551814079,,0.0,-9.99999974738e-06,-0.0,-0.0
1620046116754594430,7089,1620046116653269052,,0.0,9.99999974738e-06,0.0,0.0
1620046116856441992,7090,1620046116754697084,,0.0,-0.0,-0.0,-0.0
1620046116958474991,7091,1620046116856525897,,0.0,0.0,0.0,-0.0
1620046117010900198,7092,1620046116958595037,,0.0,-0.0,0.0,-0.0
1620046117112829965,7093,1620046117010613918,,0.0,-0.0,-0.0,-0.0
1620046117215109190,7094,1620046117112998008,,0.0,0.0,0.0,0.0
1620046117268173332,7095,1620046117215274095,,0.0,0.0,-9.99999974738e-06,0.0
1620046117370332508,7096,1620046117267946004,,0.0,-9.99999974738e-06,-9.99999974738e-06,-0.0
1620046117422382266,7097,1620046117370448112,,0.0,-0.0,-0.0,0.0
1620046117524527958,7098,1620046117422530889,,0.0,9.99999974738e-06,9.99999974738e-06,-0.0
1620046117627013852,7099,1620046117524682044,,0.0,-0.0,0.0,-0.0
1620046117679582080,7100,1620046117627084970,,0.0,0.0,-0.0,0.0
1620046117780653037,7101,1620046117679291009,,0.0,0.0,-9.99999974738e-06,0.0
1620046117882251990,7102,1620046117780821084,,0.0,-9.99999974738e-06,9.99999974738e-06,-9.99999974738e-06
1620046117984409667,7103,1620046117882378101,,0.0,9.99999974738e-06,-0.0,9.99999974738e-06
1620046118036275485,7104,1620046117984452009,,0.0,-0.0,0.0,-0.0
1620046118140301601,7105,1620046118036359071,,0.0,-0.0,-0.0,-0.0
1620046118191809193,7106,1620046118139825105,,0.0,-0.0,0.0,-0.0
1620046118293540662,7107,1620046118191946029,,0.0,-0.0,0.0,0.0
1620046118395735747,7108,1620046118293338060,,0.0,0.0,-0.0,0.0
1620046118497943356,7109,1620046118395873069,,0.0,0.0,-0.0,0.0
1620046118550450402,7110,1620046118498079061,,0.0,0.0,0.0,0.0
1620046118651873295,7111,1620046118550173044,,0.0,0.0,0.0,0.0
1620046118753542125,7112,1620046118651647090,,0.0,-0.0,0.0,-0.0
1620046118805998629,7113,1620046118753659009,,0.0,0.0,-9.99999974738e-06,0.0
1620046118908647929,7114,1620046118805726051,,0.0,0.0,-0.0,0.0
1620046119010494933,7115,1620046118908437013,,0.0,-0.0,-0.0,-0.0
1620046119112093310,7116,1620046119010514020,,0.0,-0.0,0.0,-0.0
1620046119164362270,7117,1620046119112153053,,0.0,0.0,0.0,0.0
1620046119266889428,7118,1620046119164501905,,0.0,0.0,0.0,0.0
1620046119318406244,7119,1620046119266592979,,0.0,0.0,0.0,0.0
1620046119419971577,7120,1620046119318546056,,0.0,0.0,-0.0,-0.0
1620046119521552291,7121,1620046119420105934,,0.0,-9.99999974738e-06,-9.99999974738e-06,-0.0
1620046119622831539,7122,1620046119521586894,,0.0,0.0,0.0,0.0
1620046119675125673,7123,1620046119622960090,,0.0,0.0,-0.0,-0.0
1620046119778748963,7124,1620046119675208091,,0.0,0.0,-9.99999974738e-06,-0.0
1620046119881204656,7125,1620046119778999090,,0.0,0.0,9.99999974738e-06,-0.0
1620046119983092899,7126,1620046119881314992,,0.0,-0.0,-0.0,-0.0
1620046120084902694,7127,1620046119982784986,,0.0,-0.0,0.0,0.0
1620046120137395828,7128,1620046120085000038,,0.0,-0.0,-0.0,-0.0
1620046120239719285,7129,1620046120137595891,,0.0,0.0,0.0,0.0
1620046120291744102,7130,1620046120239784955,,0.0,0.0,0.0,-0.0
1620046120393384296,7131,1620046120291903972,,0.0,0.0,0.0,0.0
1620046120495490510,7132,1620046120393457889,,0.0,0.0,-9.99999974738e-06,-0.0
1620046120548022720,7133,1620046120495628118,,0.0,0.0,-0.0,0.0
1620046120649752609,7134,1620046120547744989,,0.0,0.0,9.99999974738e-06,0.0
1620046120752085524,7135,1620046120649851083,,0.0,0.0,0.0,0.0
1620046120803337705,7136,1620046120751833915,,0.0,-9.99999974738e-06,-0.0,-0.0
1620046120905834607,7137,1620046120803395986,,0.0,-9.99999974738e-06,-0.0,-0.0
1620046121008680154,7138,1620046120906075000,,0.0,9.99999974738e-06,0.0,0.0
1620046121060715262,7139,1620046121008929014,,0.0,-0.0,0.0,-0.0
1620046121162547530,7140,1620046121060578107,,0.0,0.0,0.0,0.0
1620046121215592504,7141,1620046121162698984,,0.0,0.0,0.0,0.0
1620046121317711793,7142,1620046121215590000,,0.0,9.99999974738e-06,-0.0,0.0
1620046121420279819,7143,1620046121317830085,,0.0,-0.0,-0.0,-0.0
1620046121472703930,7144,1620046121420012950,,0.0,-0.0,-0.0,-0.0
1620046121574748289,7145,1620046121472450017,,0.0,9.99999974738e-06,-0.0,0.0
1620046121676940659,7146,1620046121574886083,,0.0,0.0,-0.0,0.0
1620046121728834526,7147,1620046121677134990,,0.0,-0.0,-0.0,-0.0
1620046121831060640,7148,1620046121728634119,,0.0,-0.0,-0.0,-0.0
1620046121932767216,7149,1620046121830785036,,0.0,0.0,0.0,-0.0
1620046121984917081,7150,1620046121932883977,,0.0,-0.0,-0.0,0.0
1620046122086549387,7151,1620046121985038042,,0.0,-0.0,-0.0,0.0
1620046122188493414,7152,1620046122086580991,,0.0,9.99999974738e-06,0.0,0.0
1620046122290918243,7153,1620046122188606023,,0.0,-0.0,-9.99999974738e-06,0.0
1620046122342731864,7154,1620046122290611982,,0.0,0.0,0.0,0.0
1620046122444761543,7155,1620046122342844963,,0.0,0.0,-0.0,-0.0
1620046122546406169,7156,1620046122444921016,,0.0,-0.0,0.0,-0.0
1620046122598738150,7157,1620046122546468019,,0.0,-0.0,0.0,-0.0
1620046122700887763,7158,1620046122598460912,,0.0,-0.0,-0.0,-0.0
1620046122802127291,7159,1620046122700581073,,0.0,0.0,-9.99999974738e-06,0.0
1620046122853512937,7160,1620046122801872968,,0.0,9.99999974738e-06,0.0,0.0
1620046122955675300,7161,1620046122853317022,,0.0,9.99999974738e-06,0.0,0.0
1620046123057654925,7162,1620046122955411911,,0.0,-0.0,-0.0,-0.0
1620046123110346200,7163,1620046123057703018,,0.0,-0.0,-0.0,-0.0
1620046123212644258,7164,1620046123110619068,,0.0,0.0,-0.0,0.0
1620046123265286516,7165,1620046123212829113,,0.0,0.0,0.0,0.0
1620046123367230462,7166,1620046123265038013,,0.0,0.0,0.0,-0.0
1620046123469981202,7167,1620046123367274045,,0.0,-0.0,0.0,-0.0
1620046123521761180,7168,1620046123469667911,,0.0,0.0,-0.0,0.0
1620046123624431768,7169,1620046123521899938,,0.0,0.0,-0.0,0.0
1620046123726194037,7170,1620046123624130964,,0.0,0.0,-0.0,0.0
1620046123828397554,7171,1620046123726314067,,0.0,-0.0,0.0,-0.0
1620046123881028171,7172,1620046123828510999,,0.0,-0.0,0.0,-0.0
1620046123982411951,7173,1620046123880759954,,0.0,-0.0,-0.0,-0.0
1620046124034535982,7174,1620046123982561111,,0.0,0.0,-0.0,0.0
1620046124137160402,7175,1620046124034707069,,0.0,0.0,-0.0,0.0
1620046124238909429,7176,1620046124136714935,,0.0,-0.0,-0.0,-0.0
1620046124291086245,7177,1620046124239222049,,0.0,0.0,9.99999974738e-06,0.0
1620046124393253071,7178,1620046124291254997,,0.0,0.0,-0.0,0.0
1620046124495583124,7179,1620046124393393039,,0.0,-0.0,-9.99999974738e-06,-0.0
1620046124597476598,7180,1620046124495546102,,0.0,-0.0,9.99999974738e-06,-0.0
1620046124649833790,7181,1620046124597734928,,0.0,0.0,0.0,0.0
1620046124751966509,7182,1620046124649979114,,0.0,-0.0,-0.0,0.0
1620046124804110053,7183,1620046124752094030,,0.0,-0.0,-0.0,-0.0
1620046124906831002,7184,1620046124804253101,,0.0,-9.99999974738e-06,-0.0,-0.0
1620046125008311508,7185,1620046124906462907,,0.0,9.99999974738e-06,9.99999974738e-06,0.0
1620046125110119909,7186,1620046125008050918,,0.0,0.0,-9.99999974738e-06,0.0
1620046125211730205,7187,1620046125109795093,,0.0,-0.0,0.0,-0.0
1620046125313749830,7188,1620046125211424112,,0.0,-0.0,-0.0,-0.0
1620046125365739835,7189,1620046125313745975,,0.0,0.0,-0.0,0.0
1620046125468125674,7190,1620046125365828037,,0.0,0.0,-0.0,0.0
1620046125570478037,7191,1620046125467842102,,0.0,0.0,0.0,0.0
1620046125672469836,7192,1620046125570095062,,0.0,-0.0,-0.0,-0.0
1620046125773979430,7193,1620046125672148942,,0.0,-0.0,-9.99999974738e-06,0.0
1620046125876309459,7194,1620046125773772954,,0.0,0.0,0.0,0.0
1620046125927771491,7195,1620046125876486063,,0.0,-0.0,0.0,-0.0
1620046126029907996,7196,1620046125927870988,,0.0,-0.0,0.0,0.0
1620046126131261236,7197,1620046126029658079,,0.0,-0.0,0.0,-0.0
1620046126183177831,7198,1620046126131059885,,0.0,-0.0,-0.0,-0.0
1620046126285279204,7199,1620046126183214902,,0.0,0.0,-0.0,0.0
1620046126387335746,7200,1620046126285352945,,0.0,-0.0,0.0,0.0
1620046126439551413,7201,1620046126387470960,,0.0,0.0,0.0,0.0
1620046126541715426,7202,1620046126439677000,,0.0,0.0,0.0,-0.0
1620046126644275411,7203,1620046126541819095,,0.0,-0.0,-0.0,0.0
1620046126746832117,7204,1620046126644040107,,0.0,0.0,-0.0,0.0
1620046126798581052,7205,1620046126746534109,,0.0,0.0,-0.0,0.0
1620046126900638878,7206,1620046126798791885,,0.0,0.0,0.0,0.0
1620046126953308385,7207,1620046126900839090,,0.0,0.0,0.0,-0.0
1620046127055196399,7208,1620046126953495979,,0.0,-9.99999974738e-06,-0.0,-0.0
1620046127156446445,7209,1620046127054979085,,0.0,-0.0,0.0,-0.0
1620046127258634687,7210,1620046127156625986,,0.0,0.0,-0.0,0.0
1620046127311167384,7211,1620046127258814096,,0.0,-0.0,-0.0,-0.0
1620046127413993411,7212,1620046127311279058,,0.0,-0.0,0.0,0.0
1620046127465981010,7213,1620046127413758039,,0.0,0.0,0.0,0.0
1620046127567353724,7214,1620046127465789079,,0.0,0.0,0.0,-0.0
1620046127668420462,7215,1620046127567095994,,0.0,-0.0,-0.0,-0.0
1620046127720575674,7216,1620046127668545007,,0.0,-0.0,-0.0,-0.0
1620046127822781419,7217,1620046127720762014,,0.0,0.0,-9.99999974738e-06,0.0
1620046127924654784,7218,1620046127822997093,,0.0,0.0,9.99999974738e-06,0.0
1620046127976647413,7219,1620046127924442052,,0.0,0.0,-0.0,-0.0
1620046128080552982,7220,1620046127976397991,,0.0,-0.0,9.99999974738e-06,-0.0
1620046128183031898,7221,1620046128080287933,,0.0,-0.0,-9.99999974738e-06,-0.0
1620046128234792248,7222,1620046128182738065,,0.0,-0.0,0.0,0.0
1620046128337196931,7223,1620046128234899997,,0.0,0.0,0.0,0.0
1620046128389564988,7224,1620046128336926937,,0.0,-0.0,-0.0,-0.0
1620046128491006631,7225,1620046128389667987,,0.0,-0.0,0.0,-0.0
1620046128592608711,7226,1620046128491058111,,0.0,9.99999974738e-06,0.0,0.0
1620046128645099327,7227,1620046128592426061,,0.0,-0.0,-0.0,-0.0
1620046128747648175,7228,1620046128644942045,,0.0,0.0,-0.0,-0.0
1620046128849478492,7229,1620046128747279882,,0.0,-0.0,0.0,-0.0
1620046128902033575,7230,1620046128849559068,,0.0,0.0,-0.0,0.0
1620046129003313345,7231,1620046128901741027,,0.0,-9.99999974738e-06,-0.0,-0.0
1620046129105233555,7232,1620046129003371953,,0.0,9.99999974738e-06,-9.99999974738e-06,0.0
1620046129157783395,7233,1620046129105381965,,0.0,0.0,-0.0,0.0
1620046129259465443,7234,1620046129157524108,,0.0,-0.0,0.0,0.0
1620046129361109766,7235,1620046129259541034,,0.0,-0.0,0.0,-0.0
1620046129413394070,7236,1620046129361263036,,0.0,0.0,-0.0,0.0
1620046129515873020,7237,1620046129413114070,,0.0,-0.0,0.0,-0.0
1620046129618376908,7238,1620046129516119003,,0.0,-0.0,0.0,-0.0
1620046129670583089,7239,1620046129618488073,,0.0,0.0,-0.0,0.0
1620046129772882192,7240,1620046129670737981,,0.0,-0.0,0.0,-0.0
1620046129875366176,7241,1620046129773056030,,0.0,0.0,9.99999974738e-06,0.0
1620046129926450826,7242,1620046129875099897,,0.0,-9.99999974738e-06,-0.0,-0.0
1620046130027912041,7243,1620046129926562070,,0.0,0.0,-0.0,0.0
1620046130129655183,7244,1620046130027972936,,0.0,0.0,0.0,0.0
1620046130182964058,7245,1620046130129847049,,0.0,-0.0,-0.0,-0.0
1620046130285096301,7246,1620046130183078050,,0.0,0.0,0.0,0.0
1620046130337693104,7247,1620046130285319089,,0.0,0.0,-0.0,0.0
1620046130439858197,7248,1620046130337421894,,0.0,0.0,0.0,0.0
1620046130541632010,7249,1620046130439574003,,0.0,0.0,-9.99999974738e-06,0.0
1620046130643620344,7250,1620046130541637897,,0.0,-0.0,9.99999974738e-06,-0.0
1620046130695157070,7251,1620046130643805027,,0.0,-0.0,0.0,-0.0
1620046130796574770,7252,1620046130695203065,,0.0,-0.0,0.0,-0.0
1620046130898686249,7253,1620046130796756982,,0.0,-0.0,-0.0,-0.0
1620046131000205621,7254,1620046130898792982,,0.0,9.99999974738e-06,0.0,0.0
1620046131102426835,7255,1620046131000277042,,0.0,-0.0,-0.0,-0.0
1620046131154765274,7256,1620046131102479934,,0.0,-0.0,-0.0,-0.0
1620046131256960194,7257,1620046131154885053,,0.0,0.0,-0.0,0.0
1620046131309024749,7258,1620046131257097005,,0.0,0.0,-0.0,0.0
1620046131410642072,7259,1620046131309140920,,0.0,-9.99999974738e-06,9.99999974738e-06,-9.99999974738e-06
1620046131512779819,7260,1620046131410847902,,0.0,-0.0,-0.0,0.0
1620046131564783009,7261,1620046131512886047,,0.0,0.0,-0.0,0.0
1620046131666095677,7262,1620046131564842939,,0.0,-0.0,-0.0,0.0
1620046131768726598,7263,1620046131666280984,,0.0,-0.0,0.0,-0.0
1620046131820911332,7264,1620046131768430948,,0.0,-0.0,-0.0,-0.0
1620046131922669018,7265,1620046131820605993,,0.0,0.0,-0.0,-0.0
1620046132024816118,7266,1620046131922797918,,0.0,0.0,9.99999974738e-06,0.0
1620046132076877340,7267,1620046132024965047,,0.0,-0.0,-9.99999974738e-06,0.0
1620046132179038821,7268,1620046132076986074,,0.0,-0.0,0.0,-0.0
1620046132281766771,7269,1620046132179164886,,0.0,0.0,9.99999974738e-06,-0.0
1620046132333378004,7270,1620046132281451940,,0.0,0.0,-0.0,0.0
1620046132434923406,7271,1620046132333576917,,0.0,9.99999974738e-06,-0.0,0.0
1620046132536825165,7272,1620046132434971094,,0.0,-0.0,-0.0,-0.0
1620046132588247245,7273,1620046132536768913,,0.0,-9.99999974738e-06,-0.0,-0.0
1620046132690590558,7274,1620046132588264942,,0.0,0.0,0.0,-0.0
1620046132793195989,7275,1620046132690841913,,0.0,0.0,9.99999974738e-06,-0.0
1620046132845793051,7276,1620046132793262958,,0.0,0.0,0.0,0.0
1620046132949352622,7277,1620046132845371007,,0.0,0.0,-9.99999974738e-06,0.0
1620046133001378916,7278,1620046132949110984,,0.0,-0.0,-0.0,-0.0
1620046133103075672,7279,1620046133001106977,,0.0,-0.0,0.0,-0.0
1620046133205267622,7280,1620046133103220939,,0.0,0.0,-0.0,0.0
1620046133257314616,7281,1620046133205370903,,0.0,-0.0,0.0,0.0
1620046133361009440,7282,1620046133257010936,,0.0,0.0,-0.0,-0.0
1620046133462730247,7283,1620046133360635042,,0.0,-0.0,0.0,0.0
1620046133515129933,7284,1620046133462857961,,0.0,0.0,-0.0,-0.0
1620046133617324962,7285,1620046133515132904,,0.0,-0.0,-0.0,-0.0
1620046133721163017,7286,1620046133617089033,,0.0,-0.0,9.99999974738e-06,-0.0
1620046133771670953,7287,1620046133720063924,,0.0,-0.0,0.0,0.0
1620046133874240063,7288,1620046133771570920,,0.0,0.0,-0.0,0.0
1620046133926195132,7289,1620046133873934984,,0.0,0.0,0.0,0.0
1620046134027962943,7290,1620046133926311969,,0.0,-0.0,0.0,-0.0
1620046134130145614,7291,1620046134027762889,,0.0,0.0,0.0,0.0
1620046134181998946,7292,1620046134129864931,,0.0,0.0,-0.0,0.0
1620046134285880543,7293,1620046134181941032,,0.0,-9.99999974738e-06,-9.99999974738e-06,-0.0
1620046134388452252,7294,1620046134286145925,,0.0,-0.0,0.0,-0.0
1620046134440463193,7295,1620046134388474941,,0.0,0.0,-0.0,0.0
1620046134542560919,7296,1620046134440570116,,0.0,9.99999974738e-06,-0.0,0.0
1620046134594599717,7297,1620046134542710065,,0.0,-0.0,0.0,-0.0
1620046134697122303,7298,1620046134594753980,,0.0,-0.0,-0.0,-0.0
1620046134798976599,7299,1620046134696866035,,0.0,-0.0,0.0,-0.0
1620046134901402549,7300,1620046134799083948,,0.0,0.0,-0.0,0.0
1620046134953633359,7301,1620046134901158094,,0.0,0.0,-0.0,0.0
1620046135056882776,7302,1620046134953289031,,0.0,-0.0,-0.0,0.0
1620046135157453762,7303,1620046135055449962,,0.0,-9.99999974738e-06,0.0,-0.0
1620046135209161076,7304,1620046135157541036,,0.0,0.0,0.0,0.0
1620046135310800183,7305,1620046135209273099,,0.0,-0.0,-0.0,-0.0
1620046135413180828,7306,1620046135310956001,,0.0,0.0,-0.0,0.0
1620046135515897029,7307,1620046135413328886,,0.0,-0.0,-0.0,-0.0
1620046135567808502,7308,1620046135515623092,,0.0,0.0,9.99999974738e-06,-0.0
1620046135670036599,7309,1620046135567856073,,0.0,0.0,0.0,0.0
1620046135724712748,7310,1620046135670386075,,0.0,-9.99999974738e-06,-0.0,-0.0
1620046135826069431,7311,1620046135724797964,,0.0,0.0,0.0,0.0
1620046135927969478,7312,1620046135826189994,,0.0,0.0,0.0,0.0
1620046135979821526,7313,1620046135927732944,,0.0,0.0,0.0,0.0
1620046136081465979,7314,1620046135979994058,,0.0,-0.0,-9.99999974738e-06,-0.0
1620046136183202524,7315,1620046136081561088,,0.0,-9.99999974738e-06,0.0,-0.0
1620046136284752373,7316,1620046136183299064,,0.0,0.0,0.0,0.0
1620046136336298240,7317,1620046136284812927,,0.0,-0.0,0.0,-0.0
1620046136437794700,7318,1620046136336401939,,0.0,0.0,-0.0,0.0
1620046136539696995,7319,1620046136437942981,,0.0,-0.0,-0.0,0.0
1620046136592104530,7320,1620046136539809942,,0.0,9.99999974738e-06,-0.0,0.0
1620046136693859490,7321,1620046136591859102,,0.0,-0.0,-9.99999974738e-06,-0.0
1620046136796367552,7322,1620046136694036960,,0.0,-0.0,0.0,-0.0
1620046136851107220,7323,1620046136796427011,,0.0,9.99999974738e-06,-0.0,0.0
1620046136951447735,7324,1620046136849865913,,0.0,-0.0,-0.0,-0.0
1620046137053762888,7325,1620046136951554059,,0.0,-0.0,0.0,0.0
1620046137155540048,7326,1620046137053653001,,0.0,0.0,-0.0,0.0
1620046137207648872,7327,1620046137155678033,,0.0,0.0,0.0,0.0
1620046137309718996,7328,1620046137207758903,,0.0,-0.0,0.0,-0.0
1620046137411732208,7329,1620046137309447050,,0.0,-0.0,-0.0,-0.0
1620046137462817182,7330,1620046137411504030,,0.0,-0.0,-0.0,0.0
1620046137565366089,7331,1620046137462913990,,0.0,0.0,-0.0,0.0
1620046137617683105,7332,1620046137565097093,,0.0,0.0,0.0,0.0
1620046137721921400,7333,1620046137617917060,,0.0,-0.0,9.99999974738e-06,-0.0
1620046137824701739,7334,1620046137722254037,,0.0,-0.0,-9.99999974738e-06,0.0
1620046137926765319,7335,1620046137824945926,,0.0,0.0,0.0,0.0
1620046137978963153,7336,1620046137926882028,,0.0,-0.0,0.0,-0.0
1620046138081410477,7337,1620046137979119062,,0.0,-0.0,-0.0,-0.0
1620046138182777606,7338,1620046138081448078,,0.0,0.0,0.0,-0.0
1620046138235291734,7339,1620046138182877063,,0.0,-0.0,-0.0,-0.0
1620046138337053316,7340,1620046138235074996,,0.0,-0.0,-0.0,0.0
1620046138438478446,7341,1620046138337151050,,0.0,0.0,0.0,0.0
1620046138539992244,7342,1620046138438477039,,0.0,-0.0,0.0,-0.0
1620046138592481348,7343,1620046138539817094,,0.0,-0.0,-0.0,-0.0
1620046138695502863,7344,1620046138592256069,,0.0,-0.0,-9.99999974738e-06,-0.0
1620046138747547968,7345,1620046138695178985,,0.0,0.0,0.0,0.0
1620046138849212999,7346,1620046138747294902,,0.0,9.99999974738e-06,-0.0,9.99999974738e-06
1620046138951864219,7347,1620046138848946094,,0.0,-0.0,0.0,-0.0
1620046139003217878,7348,1620046138951472997,,0.0,-0.0,0.0,0.0
1620046139105038656,7349,1620046139002959012,,0.0,-0.0,-0.0,0.0
1620046139207407387,7350,1620046139105241060,,0.0,-0.0,0.0,-0.0
1620046139260335908,7351,1620046139207514047,,0.0,0.0,-0.0,0.0
1620046139363629203,7352,1620046139260005950,,0.0,0.0,-9.99999974738e-06,0.0
1620046139465289169,7353,1620046139363873958,,0.0,-0.0,-0.0,0.0
1620046139516837729,7354,1620046139465328931,,0.0,-0.0,0.0,-0.0
1620046139619530479,7355,1620046139516977071,,0.0,0.0,0.0,0.0
1620046139671241627,7356,1620046139619224071,,0.0,-0.0,0.0,-0.0
1620046139773595207,7357,1620046139671291112,,0.0,-0.0,0.0,-0.0
1620046139875677742,7358,1620046139773319005,,0.0,0.0,-0.0,0.0
1620046139928643344,7359,1620046139875396013,,0.0,-0.0,0.0,-0.0
1620046140029540035,7360,1620046139927396059,,0.0,9.99999974738e-06,0.0,0.0
1620046140133064073,7361,1620046140029907941,,0.0,-0.0,-0.0,0.0
1620046140184429353,7362,1620046140132694959,,0.0,-0.0,0.0,-0.0
1620046140286552113,7363,1620046140184216976,,0.0,0.0,0.0,-0.0
1620046140388263424,7364,1620046140286247014,,0.0,-9.99999974738e-06,0.0,-0.0
1620046140440701666,7365,1620046140388398885,,0.0,0.0,-0.0,0.0
1620046140541749562,7366,1620046140440490007,,0.0,0.0,-0.0,0.0
1620046140593925737,7367,1620046140541846990,,0.0,-0.0,0.0,-0.0
1620046140695837839,7368,1620046140593606948,,0.0,0.0,-0.0,-0.0
1620046140798365884,7369,1620046140696008920,,0.0,-0.0,0.0,0.0
1620046140850471700,7370,1620046140798491954,,0.0,0.0,-0.0,0.0
1620046140956584767,7371,1620046140850632905,,0.0,0.0,-0.0,0.0
1620046141060993954,7372,1620046140956819057,,0.0,-0.0,9.99999974738e-06,-0.0
1620046141113686068,7373,1620046141061115980,,0.0,0.0,-9.99999974738e-06,0.0
1620046141215219201,7374,1620046141113388061,,0.0,0.0,0.0,0.0
1620046141317653139,7375,1620046141215256929,,0.0,-0.0,0.0,-0.0
1620046141370394641,7376,1620046141317748069,,0.0,-0.0,-0.0,-0.0
1620046141471823161,7377,1620046141370455026,,0.0,-0.0,0.0,0.0
1620046141573323478,7378,1620046141471909046,,0.0,0.0,-0.0,0.0
1620046141626241426,7379,1620046141573421955,,0.0,0.0,-0.0,0.0
1620046141728141321,7380,1620046141625844001,,0.0,9.99999974738e-06,0.0,0.0
1620046141830337323,7381,1620046141728250026,,0.0,-9.99999974738e-06,0.0,-0.0
1620046141882619574,7382,1620046141830492973,,0.0,0.0,-0.0,0.0
1620046141985074036,7383,1620046141882741928,,0.0,0.0,-0.0,0.0
1620046142037159269,7384,1620046141985090970,,0.0,-0.0,0.0,-0.0
1620046142139759116,7385,1620046142037261009,,0.0,0.0,0.0,-0.0
1620046142241561237,7386,1620046142139472961,,0.0,-0.0,-9.99999974738e-06,0.0
1620046142293057478,7387,1620046142241283893,,0.0,9.99999974738e-06,0.0,0.0
1620046142395142467,7388,1620046142293133974,,0.0,-0.0,0.0,-0.0
1620046142497302342,7389,1620046142395348072,,0.0,-0.0,-0.0,-0.0
1620046142598701931,7390,1620046142497051954,,0.0,-0.0,0.0,-0.0
1620046142650702628,7391,1620046142598499059,,0.0,0.0,-0.0,0.0
1620046142752660298,7392,1620046142650448083,,0.0,0.0,0.0,-0.0
1620046142804759023,7393,1620046142752774953,,0.0,0.0,0.0,0.0
1620046142907606974,7394,1620046142804972887,,0.0,-9.99999974738e-06,-0.0,-0.0
1620046143009191292,7395,1620046142907238960,,0.0,-0.0,0.0,-0.0
1620046143061488696,7396,1620046143009320020,,0.0,0.0,0.0,0.0
1620046143163388245,7397,1620046143061224937,,0.0,0.0,-0.0,0.0
1620046143266110292,7398,1620046143163491964,,0.0,-0.0,-0.0,-0.0
1620046143319113964,7399,1620046143266324996,,0.0,0.0,0.0,0.0
1620046143421060742,7400,1620046143318783998,,0.0,0.0,0.0,0.0
1620046143523229368,7401,1620046143421175003,,0.0,-0.0,0.0,-0.0
1620046143575151402,7402,1620046143523339033,,0.0,-0.0,-0.0,-0.0
1620046143677398334,7403,1620046143575311899,,0.0,0.0,-9.99999974738e-06,0.0
1620046143730226797,7404,1620046143677117109,,0.0,0.0,-0.0,0.0
1620046143832236059,7405,1620046143730401992,,0.0,0.0,0.0,0.0
1620046143933499016,7406,1620046143832010984,,0.0,0.0,-0.0,-0.0
1620046143985711220,7407,1620046143933684110,,0.0,-0.0,-0.0,-0.0
1620046144088087941,7408,1620046143985848903,,0.0,9.99999974738e-06,0.0,0.0
1620046144190187295,7409,1620046144087685108,,0.0,-0.0,-0.0,0.0
1620046144293930805,7410,1620046144190071105,,0.0,-0.0,0.0,-0.0
1620046144345820467,7411,1620046144293618917,,0.0,-0.0,0.0,-0.0
1620046144447220125,7412,1620046144345558881,,0.0,0.0,0.0,-0.0
1620046144498717910,7413,1620046144446959018,,0.0,0.0,0.0,0.0
1620046144599905023,7414,1620046144498382091,,0.0,0.0,-0.0,-0.0
1620046144702621673,7415,1620046144599970102,,0.0,0.0,-9.99999974738e-06,0.0
1620046144755059377,7416,1620046144702869892,,0.0,0.0,0.0,-0.0
1620046144857391207,7417,1620046144755106925,,0.0,-0.0,0.0,0.0
1620046144959180727,7418,1620046144857140064,,0.0,-0.0,0.0,-0.0
1620046145011560709,7419,1620046144959326028,,0.0,0.0,-0.0,0.0
1620046145112839000,7420,1620046145011322021,,0.0,-0.0,0.0,-0.0
1620046145168527476,7421,1620046145112792015,,0.0,0.0,-9.99999974738e-06,0.0
1620046145271959706,7422,1620046145168270111,,0.0,-0.0,0.0,-0.0
1620046145373852473,7423,1620046145271502971,,0.0,-9.99999974738e-06,0.0,-0.0
1620046145425605712,7424,1620046145374130010,,0.0,0.0,-0.0,0.0
1620046145528113911,7425,1620046145425668001,,0.0,-0.0,9.99999974738e-06,0.0
1620046145630739547,7426,1620046145528012990,,0.0,-0.0,-0.0,-0.0
1620046145682032002,7427,1620046145630445003,,0.0,-0.0,-0.0,-0.0
1620046145783644347,7428,1620046145681865930,,0.0,0.0,-0.0,-0.0
1620046145885342654,7429,1620046145783345937,,0.0,0.0,0.0,0.0
1620046145937647936,7430,1620046145885426044,,0.0,-0.0,-0.0,-0.0
1620046146039142793,7431,1620046145937766075,,0.0,0.0,-0.0,-0.0
1620046146090998785,7432,1620046146039225101,,0.0,-0.0,0.0,-0.0
1620046146192836658,7433,1620046146091098070,,0.0,0.0,-0.0,-0.0
1620046146295382782,7434,1620046146192532062,,0.0,-0.0,-0.0,0.0
1620046146347218044,7435,1620046146295068025,,0.0,0.0,0.0,0.0
1620046146449265217,7436,1620046146347342967,,0.0,-9.99999974738e-06,0.0,-9.99999974738e-06
1620046146551734136,7437,1620046146449383020,,0.0,0.0,-0.0,0.0
1620046146653491218,7438,1620046146551470994,,0.0,0.0,-0.0,0.0
1620046146704836585,7439,1620046146653212070,,0.0,0.0,0.0,0.0
1620046146806073468,7440,1620046146704632997,,0.0,-0.0,0.0,-0.0
1620046146907757911,7441,1620046146806272029,,0.0,0.0,0.0,-0.0
1620046147009906681,7442,1620046146907829046,,0.0,0.0,-0.0,0.0
1620046147062120023,7443,1620046147010066986,,0.0,0.0,-0.0,0.0
1620046147164427700,7444,1620046147062273025,,0.0,-0.0,-0.0,-0.0
1620046147267321433,7445,1620046147164539098,,0.0,-0.0,-0.0,-0.0
1620046147369405482,7446,1620046147266958951,,0.0,-0.0,0.0,-0.0
1620046147421999911,7447,1620046147369127035,,0.0,0.0,-0.0,0.0
1620046147524718372,7448,1620046147421674966,,0.0,0.0,-0.0,0.0
1620046147577264997,7449,1620046147524913072,,0.0,-0.0,0.0,-0.0
1620046147679152585,7450,1620046147577342033,,0.0,-9.99999974738e-06,0.0,-0.0
1620046147781038160,7451,1620046147678879022,,0.0,0.0,0.0,0.0
1620046147833965043,7452,1620046147781188964,,0.0,-0.0,-0.0,-0.0
1620046147937366592,7453,1620046147834250926,,0.0,9.99999974738e-06,-0.0,0.0
1620046148039129768,7454,1620046147937621116,,0.0,-0.0,0.0,-0.0
1620046148090912940,7455,1620046148039127111,,0.0,0.0,-0.0,-0.0
1620046148192702553,7456,1620046148091056108,,0.0,-0.0,-0.0,-0.0
1620046148294559227,7457,1620046148192456007,,0.0,-0.0,-0.0,0.0
1620046148347448757,7458,1620046148294680118,,0.0,-0.0,0.0,-0.0
1620046148449715811,7459,1620046148347125053,,0.0,0.0,0.0,0.0
1620046148551937499,7460,1620046148449477910,,0.0,0.0,0.0,0.0
1620046148604728422,7461,1620046148551659107,,0.0,0.0,-0.0,0.0
1620046148706687931,7462,1620046148604358911,,0.0,-0.0,-0.0,-0.0
1620046148809149565,7463,1620046148706789970,,0.0,-0.0,-0.0,-0.0
1620046148861281692,7464,1620046148809120893,,0.0,0.0,1.99999994948e-05,-0.0
1620046148964017303,7465,1620046148861363887,,9.99999974738e-05,1.99999994948e-05,5.99999984843e-05,9.99999974738e-06
1620046149066759777,7466,1620046148963890075,,0.0,1.99999994948e-05,1.99999994948e-05,-0.0
1620046149170480305,7467,1620046149066481113,,0.000699999975041,0.000690000015311,-0.000130000000354,4.99999987369e-05
1620046149271418984,7468,1620046149168704986,,0.00510000018403,0.00509000010788,-0.000390000001062,0.000220000001718
1620046149374396031,7469,1620046149271645069,,0.00839999970049,0.00836999993771,0.000639999983832,-2.99999992421e-05
1620046149476363015,7470,1620046149374610900,,0.00899999961257,0.00899999961257,-0.000360000005458,0.000110000000859
1620046149578356784,7471,1620046149476114988,,0.00920000020415,0.00917000044137,-0.000300000014249,9.99999974738e-06
1620046149680189288,7472,1620046149578108072,,0.00899999961257,0.00896000023931,-0.000260000000708,0.000119999996969
1620046149781697818,7473,1620046149680319070,,0.00910000037402,0.00906000006944,-0.000390000001062,9.99999974738e-06
1620046149883816558,7474,1620046149781780958,,0.00870000012219,0.00872999988496,-0.000339999998687,2.99999992421e-05
1620046149986308639,7475,1620046149883946895,,0.00899999961257,0.00901999976486,-0.000250000011874,0.000119999996969
1620046150038194750,7476,1620046149985960960,,0.00879999995232,0.00875999964774,-0.000169999999343,4.99999987369e-05
1620046150140070798,7477,1620046150037926912,,0.00829999987036,0.00829999987036,-4.99999987369e-05,-0.000140000003739
1620046150241739732,7478,1620046150140172958,,0.00889999978244,0.00889000017196,-0.000180000002729,-2.99999992421e-05
1620046150343410324,7479,1620046150241825103,,0.00920000020415,0.00918999966234,-0.000679999997374,0.000110000000859
1620046150445312702,7480,1620046150343213081,,0.0077999997884,0.0077399997972,-0.000399999989895,4.99999987369e-05
1620046150547805820,7481,1620046150445399045,,0.00620000017807,0.00619000010192,-0.000630000024103,-4.99999987369e-05
1620046150650080633,7482,1620046150547499895,,0.00079999997979,0.000739999988582,-0.000119999996969,-9.99999974738e-06
1620046150751339643,7483,1620046150649825096,,0.00079999997979,0.000560000014957,-0.000539999979082,3.99999989895e-05
1620046150853533764,7484,1620046150751172065,,0.00170000002254,0.000429999985499,-0.00162999995518,-5.99999984843e-05
1620046150955271196,7485,1620046150853183031,,0.00209999992512,-0.0020600000862,-0.000429999985499,-0.000269999989541
1620046151057497880,7486,1620046150955332040,,0.00910000037402,-0.00911999959499,3.99999989895e-05,-0.000620000006165
1620046151158909800,7487,1620046151057588100,,0.0148000000045,-0.0147799998522,-0.000630000024103,0.000180000002729
1620046151261017363,7488,1620046151158943891,,0.0143999997526,-0.0143999997526,-0.000440000003437,0.000190000006114
1620046151362766229,7489,1620046151260749101,,0.0148999998346,-0.0148600004613,0.000130000000354,-4.99999987369e-05
1620046151465097610,7490,1620046151362912893,,0.0148999998346,-0.0148499999195,0.000239999993937,-0.000209999998333
1620046151566442978,7491,1620046151464791059,,0.0153000000864,-0.0153200002387,0.000760000024457,-0.000209999998333
1620046151669577339,7492,1620046151566509008,,0.0165999997407,-0.0166200008243,0.000539999979082,-0.000289999996312
1620046151771795043,7493,1620046151668987035,,0.0175000000745,-0.0175000000745,0.000310000003083,-0.000140000003739
1620046151874345911,7494,1620046151771727085,,0.0236000008881,-0.0235900003463,0.000479999987874,-0.000380000012228
1620046151975867083,7495,1620046151874007940,,0.023199999705,-0.0231500007212,0.000820000015665,0.0
1620046152078108638,7496,1620046151975956916,,0.0218000002205,-0.0217700004578,0.000339999998687,-0.000330000009853
1620046152179785899,7497,1620046152077788114,,0.0212999992073,-0.0212999992073,0.00089000002481,-0.0
1620046152282447575,7498,1620046152179976940,,0.022199999541,-0.0222100000829,0.000959999975748,-0.000180000002729
1620046152384579474,7499,1620046152282115936,,0.0229000002146,-0.0228899996728,0.0010300000431,-0.000250000011874
1620046152486773609,7500,1620046152384272098,,0.0225000008941,-0.0225099995732,0.000539999979082,-0.000509999983478
1620046152588488389,7501,1620046152486453056,,0.0138999996707,-0.0138699999079,0.00109999999404,0.000260000000708
1620046152690790672,7502,1620046152588608026,,0.001200000057,-0.00124000001233,-5.99999984843e-05,0.000140000003739
1620046152793464827,7503,1620046152690900087,,0.00310000008903,-5.99999984843e-05,-0.00307999993674,7.9999997979e-05
1620046152945504437,7504,1620046152793169021,,0.00219999998808,0.000630000024103,-0.00209000008181,9.99999974738e-05
1620046153047202947,7505,1620046152945210933,,0.0097000002861,0.00960000045598,-0.00141999998596,0.000419999996666
1620046153150336095,7506,1620046153047358989,,0.0209999997169,0.0209199991077,-0.00109999999404,0.000319999991916
1620046153251818367,7507,1620046153149461984,,0.022199999541,0.0221599992365,0.000569999974687,0.000130000000354
1620046153354075245,7508,1620046153252024888,,0.022199999541,0.0221599992365,0.000280000007479,0.000190000006114
1620046153455639913,7509,1620046153354197978,,0.0225000008941,0.0225300006568,-0.00054999999702,7.9999997979e-05
1620046153557514312,7510,1620046153455687046,,0.0230000000447,0.0229899995029,-0.000410000007832,0.000230000005104
1620046153659674554,7511,1620046153557602882,,0.0214000009,0.021420000121,-0.000119999996969,-1.99999994948e-05
1620046153762178003,7512,1620046153659799098,,0.0225000008941,0.0225099995732,-0.000669999979436,9.99999974738e-06
1620046153813383119,7513,1620046153761893987,,0.023199999705,0.023199999705,-0.000939999998081,0.000289999996312
1620046153965593935,7514,1620046153813500881,,0.022199999541,0.022199999541,-0.00109999999404,0.000300000014249
1620046154017191500,7515,1620046153965342044,,0.0216000005603,0.0215799994767,-0.000630000024103,0.000239999993937
1620046154169263361,7516,1620046154016999959,,0.0245999991894,0.0245900005102,-0.00118000002112,0.000150000007125
1620046154271831800,7517,1620046154169392108,,0.0193000007421,0.0192900002003,-0.00054999999702,9.99999974738e-05
1620046154374356810,7518,1620046154272053956,,0.0127999996766,0.0127299996093,-0.00124999997206,-0.000360000005458
1620046154476450867,7519,1620046154374579906,,0.00159999995958,0.00153000000864,-0.000479999987874,-4.99999987369e-05
1620046154578028864,7520,1620046154476536035,,0.00150000001304,0.000479999987874,-0.00141000002623,9.99999974738e-06
1620046154680180085,7521,1620046154577799081,,0.00179999996908,-0.00101999996696,-0.00147000001743,-0.000220000001718
1620046154780681674,7522,1620046154679054975,,0.0100999996066,-0.0101100001484,-0.000369999994291,-0.00065000000177
1620046154882408254,7523,1620046154780808925,,0.0247000008821,-0.0247099995613,-0.000289999996312,-0.000469999999041
1620046154984570136,7524,1620046154882210016,,0.028599999845,-0.0285800006241,0.000319999991916,0.000260000000708
1620046155086263603,7525,1620046154984304904,,0.0286999996752,-0.0286899991333,0.00054999999702,-0.000269999989541
1620046155188332757,7526,1620046155086364984,,0.0305000003427,-0.0304799992591,0.000850000011269,-0.000209999998333
1620046155289919024,7527,1620046155188431978,,0.0313000008464,-0.0312899984419,0.000739999988582,-0.000250000011874
1620046155391508349,7528,1620046155289948940,,0.0288999993354,-0.0288999993354,0.00112999998964,-0.000220000001718
1620046155492846741,7529,1620046155391320943,,0.0294000003487,-0.0293700005859,0.00106999999844,-0.000230000005104
1620046155594800948,7530,1620046155492938995,,0.0291000008583,-0.0291399993002,0.000600000028498,-0.000260000000708
1620046155647201991,7531,1620046155594954967,,0.0284000001848,-0.0284199994057,0.00106000003871,-0.000250000011874
1620046155749692243,7532,1620046155647306919,,0.0292000006884,-0.0291300006211,0.00200000009499,-0.000230000005104
1620046155850868507,7533,1620046155749442100,,0.00710000004619,-0.00705000013113,0.000869999988936,0.000209999998333
1620046155952019125,7534,1620046155850857973,,0.00139999995008,1.99999994948e-05,-0.00135999999475,5.99999984843e-05
1620046156054044042,7535,1620046155952183961,,0.00359999993816,0.000260000000708,-0.00361000001431,9.00000013644e-05
1620046156159117027,7536,1620046156054192066,,0.00179999996908,0.00170000002254,-0.00044999999227,7.9999997979e-05
1620046156257499573,7537,1620046156155868053,,0.0131000000983,0.0129199996591,-0.00209000008181,0.000520000001416
1620046156360523757,7538,1620046156257320880,,0.0286999996752,0.0286899991333,-0.00168999994639,0.000429999985499
1620046156461956915,7539,1620046156360119104,,0.028599999845,0.0286200009286,0.000630000024103,0.000209999998333
1620046156564074496,7540,1620046156462157011,,0.0313000008464,0.0313500016928,0.000239999993937,0.000239999993937
1620046156666781908,7541,1620046156564198017,,0.0300999991596,0.0300699993968,-0.000469999999041,0.000230000005104
1620046156769677214,7542,1620046156666996002,,0.0281000006944,0.0281300004572,-0.000620000006165,-0.000180000002729
1620046156871523343,7543,1620046156769169092,,0.0292000006884,0.0292300004512,-0.000590000010561,0.000190000006114
1620046156973796200,7544,1620046156871403932,,0.0309999994934,0.031020000577,-0.000959999975748,0.000410000007832
1620046157075752947,7545,1620046156973577976,,0.0294000003487,0.0293799992651,-0.00115000002552,0.00044999999227
1620046157177962792,7546,1620046157075781106,,0.0271000005305,0.0270799994469,-0.00162999995518,2.99999992421e-05
1620046157230620005,7547,1620046157178102016,,0.0114000001922,0.0113500002772,-0.000939999998081,-0.000440000003437
1620046157332459200,7548,1620046157230297088,,0.00270000007004,0.00264000007883,-0.000590000010561,-0.000169999999343
1620046157434887424,7549,1620046157332580089,,0.0010000000475,0.000440000003437,-0.000859999970999,4.99999987369e-05
1620046157536332656,7550,1620046157435009002,,0.00219999998808,0.000280000007479,-0.00221999990754,-7.00000018696e-05
1620046157641063650,7551,1620046157536426067,,0.00230000005104,-0.00222999998368,-0.000490000005811,-0.000220000001718
1620046157743017700,7552,1620046157640765905,,0.0206000003964,-0.0206199996173,-0.000339999998687,-0.000699999975041
1620046157845574907,7553,1620046157743230104,,0.0291000008583,-0.0290799997747,0.000699999975041,-0.000369999994291
1620046157947914189,7554,1620046157845650911,,0.0313000008464,-0.0313199982047,0.000260000000708,7.9999997979e-05
1620046158050205030,7555,1620046157948095083,,0.0282000005245,-0.0282199997455,9.00000013644e-05,-0.000230000005104
1620046158151579205,7556,1620046158050306081,,0.0313000008464,-0.0312700010836,0.00162999995518,-0.000190000006114
1620046158253084296,7557,1620046158151671886,,0.0286999996752,-0.0287200007588,0.000829999975394,-0.000169999999343
1620046158356460032,7558,1620046158253171920,,0.0296999998391,-0.0296700000763,0.000709999992978,-0.000190000006114
1620046158459287042,7559,1620046158356834888,,0.0295000001788,-0.029470000416,0.00089000002481,-0.000260000000708
1620046158561514803,7560,1620046158459388971,,0.0293000005186,-0.0292700007558,0.00121999997646,-0.000300000014249
1620046158663581929,7561,1620046158561532020,,0.0230999998748,-0.0230400003493,0.00164999999106,-0.000119999996969
1620046158715705347,7562,1620046158663690090,,0.00760000012815,-0.00751999998465,0.000750000006519,0.000150000007125
1620046158817768686,7563,1620046158715881109,,0.00089999998454,-0.000369999994291,-0.000790000020061,9.00000013644e-05
1620046158919972749,7564,1620046158817969083,,0.00370000000112,-4.99999987369e-05,-0.00374000007287,4.99999987369e-05
1620046159022388434,7565,1620046158920078992,,0.00179999996908,0.00101999996696,-0.00147000001743,9.00000013644e-05
1620046159124193963,7566,1620046159022099971,,0.00710000004619,0.00694999983534,-0.00127999996766,0.00044999999227
1620046159227108636,7567,1620046159124330043,,0.0236000008881,0.0235300008208,-0.00199000001885,0.000390000001062
1620046159328757896,7568,1620046159227252960,,0.0295000001788,0.0294799990952,-0.000260000000708,0.000250000011874
1620046159430844295,7569,1620046159328586101,,0.0315999984741,0.0315800011158,0.000310000003083,0.000190000006114
1620046159533440092,7570,1620046159430927038,,0.0289999991655,0.0290200002491,0.000269999989541,9.00000013644e-05
1620046159635796597,7571,1620046159533128023,,0.0266999993473,0.0266699995846,0.000169999999343,5.99999984843e-05
1620046159738344717,7572,1620046159635921001,,0.0326000005007,0.0325799994171,-0.00193000002764,0.000140000003739
1620046159840848728,7573,1620046159738046884,,0.030700000003,0.030700000003,-0.000920000020415,0.00034999998752
1620046159943533862,7574,1620046159841082096,,0.0291000008583,0.0290799997747,-0.000590000010561,0.000220000001718
1620046159996317002,7575,1620046159943758010,,0.0289999991655,0.0289600007236,-0.00130000000354,0.000220000001718
1620046160147933949,7576,1620046159996048927,,0.0259000007063,0.0258499998599,-0.00167000002693,-3.99999989895e-05
1620046160199980717,7577,1620046160148071050,,0.00529999984428,0.00522999977693,-0.000790000020061,-0.000230000005104
1620046160302397756,7578,1620046160200064897,,0.000600000028498,0.000280000007479,-0.000509999983478,1.99999994948e-05
1620046160406632820,7579,1620046160302139997,,0.00249999994412,0.000620000006165,-0.00245000002906,2.99999992421e-05
1620046160509174569,7580,1620046160406809091,,0.00179999996908,-0.00176000001375,-0.000520000001416,-0.000199999994948
1620046160611957913,7581,1620046160509320020,,0.0126999998465,-0.012690000236,-7.9999997979e-05,-0.000679999997374
1620046160713450087,7582,1620046160611666917,,0.0283000003546,-0.0282700005919,-0.000490000005811,-9.99999974738e-05
1620046160815941985,7583,1620046160713401079,,0.0284000001848,-0.0283799991012,5.99999984843e-05,-0.000280000007479
1620046160917375790,7584,1620046160815984010,,0.0318999998271,-0.0318300016224,0.0012300000526,-0.000199999994948
1620046161019430425,7585,1620046160917480945,,0.0260000005364,-0.0259899999946,0.000850000011269,-0.000140000003739
1620046161120526520,7586,1620046161019233942,,0.0346000008285,-0.0346000008285,0.00106999999844,-0.000380000012228
1620046161222049851,7587,1620046161120608091,,0.0276999995112,-0.027729999274,0.000500000023749,0.000130000000354
1620046161323413325,7588,1620046161222101926,,0.0296000000089,-0.0296100005507,0.00121000001673,-0.000260000000708
1620046161424911373,7589,1620046161323477983,,0.0298999994993,-0.0299100000411,0.00121000001673,-0.000429999985499
1620046161526463105,7590,1620046161425021886,,0.0271000005305,-0.0271000005305,0.000829999975394,-0.000319999991916
1620046161628765274,7591,1620046161526637077,,0.0137000000104,-0.0136200003326,0.000959999975748,0.000310000003083
1620046161731177264,7592,1620046161628917932,,0.00150000001304,-0.001200000057,-0.000839999993332,7.9999997979e-05
1620046161832923125,7593,1620046161730911970,,0.00249999994412,9.00000013644e-05,-0.00251000002027,2.99999992421e-05
1620046161934861763,7594,1620046161833054065,,0.00200000009499,0.000969999993686,-0.00176000001375,9.00000013644e-05
1620046162036682848,7595,1620046161935023069,,0.00989999994636,0.009829999879,-0.00124999997206,0.00034999998752
1620046162138634480,7596,1620046162036487102,,0.0243999995291,0.0243400000036,-0.00147999997716,0.000609999988228
1620046162240942351,7597,1620046162138751029,,0.0300999991596,0.0301099997014,-0.000169999999343,0.000460000010207
1620046162342693094,7598,1620046162241044044,,0.0302000008523,0.0301699992269,-0.000130000000354,1.99999994948e-05
1620046162444830881,7599,1620046162342720031,,0.0276999995112,0.0276500005275,-0.000360000005458,-0.000119999996969
1620046162547176631,7600,1620046162445178985,,0.0287999995053,0.0287900008261,-0.000190000006114,4.99999987369e-05
1620046162598979321,7601,1620046162547336101,,0.0308999996632,0.0309399999678,-0.00054999999702,5.99999984843e-05
1620046162701442022,7602,1620046162599129915,,0.0324000008404,0.0323400013149,-0.00109000003431,7.9999997979e-05
1620046162802997751,7603,1620046162701164007,,0.0294000003487,0.0293799992651,-0.00124999997206,0.000319999991916
1620046162954424796,7604,1620046162803082942,,0.0263999998569,0.0263700000942,-0.000730000028852,0.000399999989895
1620046163057034986,7605,1620046162954488992,,0.022199999541,0.0221299994737,-0.00127000000793,9.00000013644e-05
1620046163159083131,7606,1620046163056741952,,0.0038999998942,0.00383000005968,-0.000669999979436,-0.000300000014249
1620046163261116357,7607,1620046163159079074,,0.00150000001304,0.000390000001062,-0.00149000005331,3.99999989895e-05
1620046163362894338,7608,1620046163261250019,,0.00179999996908,0.000180000002729,-0.00182999996468,-2.99999992421e-05
1620046163464576377,7609,1620046163362844944,,0.00760000012815,-0.00760000012815,-0.000579999992624,-0.000569999974687
1620046163565692409,7610,1620046163464319944,,0.0209999997169,-0.0209899991751,-0.000410000007832,-0.000739999988582
1620046163667179403,7611,1620046163565789937,,0.027499999851,-0.0275299996138,0.000419999996666,7.9999997979e-05
1620046163769786714,7612,1620046163667187929,,0.0307999998331,-0.0308299995959,0.000869999988936,-0.000130000000354
1620046163871708364,7613,1620046163769476890,,0.0296000000089,-0.029580000788,0.00044999999227,-7.00000018696e-05
1620046163973129354,7614,1620046163871748924,,0.0306000001729,-0.0306199993938,0.000630000024103,7.00000018696e-05
1620046164075001803,7615,1620046163973211050,,0.0299999993294,-0.0300099998713,0.00121999997646,-0.000630000024103
1620046164176875751,7616,1620046164074769020,,0.0282000005245,-0.0281899999827,0.00124999997206,9.99999974738e-05
1620046164278434104,7617,1620046164176559925,,0.0311999991536,-0.0312200002372,0.000620000006165,-0.000330000009853
1620046164382053744,7618,1620046164278579950,,0.0284000001848,-0.0284000001848,0.000500000023749,-0.000289999996312
1620046164486052730,7619,1620046164382335901,,0.0233999993652,-0.0233100000769,0.00182999996468,-9.00000013644e-05
1620046164588057421,7620,1620046164485812902,,0.0038999998942,-0.00383999990299,0.000330000009853,0.000169999999343
1620046164689875557,7621,1620046164588484048,,0.00209999992512,-7.9999997979e-05,-0.0020600000862,-1.99999994948e-05
1620046164792313040,7622,1620046164690018892,,0.00240000011399,0.000390000001062,-0.00236999988556,1.99999994948e-05
1620046164894840386,7623,1620046164792371988,,0.00359999993816,0.0035800000187,-0.000639999983832,0.000119999996969
1620046164996673498,7624,1620046164894567966,,0.018200000748,0.0179999992251,-0.00228999997489,0.000579999992624
1620046165098262373,7625,1620046164996788978,,0.027499999851,0.0274400003254,-0.0010000000475,0.000300000014249
1620046165199986476,7626,1620046165098325014,,0.0295000001788,0.0295000001788,0.00104000000283,0.000190000006114
1620046165352139806,7627,1620046165200160026,,0.0304000005126,0.0303899999708,-5.99999984843e-05,7.9999997979e-05
1620046165404596230,7628,1620046165352205991,,0.0292000006884,0.0291900001466,-0.000790000020061,-4.99999987369e-05
1620046165505755436,7629,1620046165404304027,,0.0303000006825,0.0303300004452,-0.000730000028852,0.000360000005458
1620046165607409895,7630,1620046165505760908,,0.0305000003427,0.0305400006473,-0.000829999975394,0.000140000003739
1620046165709729911,7631,1620046165607465028,,0.0306000001729,0.0306400004774,-0.000410000007832,0.000239999993937
1620046165811697609,7632,1620046165709537029,,0.0277999993414,0.027729999274,-0.00144999998156,0.000440000003437
1620046165913783766,7633,1620046165811388015,,0.0273000001907,0.0272499993443,-0.00175000005402,0.000159999995958
1620046166015717099,7634,1620046165913471937,,0.00760000012815,0.00748000014573,-0.000989999971353,-0.000310000003083
1620046166118387850,7635,1620046166015821933,,0.000699999975041,0.000269999989541,-0.000600000028498,3.99999989895e-05
1620046166220451796,7636,1620046166118057966,,0.00219999998808,0.000569999974687,-0.00215000007302,9.99999974738e-06
1620046166322381488,7637,1620046166220184087,,0.00240000011399,-0.00227000005543,-0.000600000028498,-0.000319999991916
1620046166373939967,7638,1620046166322438001,,0.0153999999166,-0.0153500000015,-4.99999987369e-05,-0.000630000024103
1620046166475459162,7639,1620046166374012947,,0.0275999996811,-0.0276100002229,-0.000140000003739,-0.000310000003083
1620046166578029158,7640,1620046166475580930,,0.0273000001907,-0.0272799991071,-0.00034999998752,-0.000230000005104
1620046166682173185,7641,1620046166577729940,,0.0315000005066,-0.0314400009811,0.000929999980144,-0.000110000000859
1620046166831850201,7642,1620046166680114984,,0.0276999995112,-0.0277200005949,0.000790000020061,-9.99999974738e-05
1620046166934362525,7643,1620046166831983089,,0.0288999993354,-0.0288699995726,0.000880000006873,-0.000159999995958
1620046166985801090,7644,1620046166934082984,,0.0310999993235,-0.0310999993235,0.000850000011269,3.99999989895e-05
1620046167088491492,7645,1620046166985954046,,0.0303000006825,-0.0303099993616,0.00054999999702,-0.000260000000708
1620046167190575344,7646,1620046167088269948,,0.0311999991536,-0.0311500001699,0.00106000003871,-0.000410000007832
1620046167292435860,7647,1620046167190891027,,0.0287999995053,-0.0287599992007,0.00124000001233,-0.000509999983478
1620046167394037072,7648,1620046167292532920,,0.0206000003964,-0.0205099992454,0.00141000002623,0.000220000001718
1620046167496297649,7649,1620046167394176959,,0.00370000000112,-0.00367000000551,0.000199999994948,0.000159999995958
1620046167598346981,7650,1620046167496367931,,0.00240000011399,-0.000140000003739,-0.00240000011399,-2.99999992421e-05
1620046167700686149,7651,1620046167598551988,,0.00270000007004,0.000280000007479,-0.00264000007883,-0.0
1620046167802849471,7652,1620046167700731039,,0.00439999997616,0.00438999990001,-0.000709999992978,0.000159999995958
1620046167904287043,7653,1620046167802917957,,0.0181000009179,0.0179699994624,-0.00182000000495,0.000520000001416
1620046168006829178,7654,1620046167904303073,,0.0296999998391,0.0296400003135,-0.00118999998085,0.00044999999227
1620046168108729838,7655,1620046168006505966,,0.0299999993294,0.0300200004131,0.000300000014249,0.000199999994948
1620046168211246425,7656,1620046168108830928,,0.028599999845,0.0285800006241,0.000369999994291,-9.99999974738e-05
1620046168313112823,7657,1620046168210973024,,0.0297999996692,0.0297800004482,-0.000289999996312,3.99999989895e-05
1620046168365246064,7658,1620046168313236951,,0.0304000005126,0.0303399991244,-0.00109999999404,7.9999997979e-05
1620046168467833934,7659,1620046168365381002,,0.0304000005126,0.0303700007498,-0.00139999995008,9.99999974738e-05
1620046168569783968,7660,1620046168467549085,,0.0291000008583,0.0291099995375,-0.000579999992624,0.000150000007125
1620046168672263053,7661,1620046168569883108,,0.0311999991536,0.0311900004745,-0.000720000010915,0.000490000005811
1620046168774008098,7662,1620046168672004938,,0.0271000005305,0.0271099992096,-0.00110999995377,0.000260000000708
1620046168876156512,7663,1620046168774115085,,0.0153000000864,0.0152599997818,-0.00124999997206,-0.000130000000354
1620046168978579613,7664,1620046168876291036,,0.000699999975041,0.000660000019707,-7.00000018696e-05,-0.000269999989541
1620046169080135180,7665,1620046168978807926,,0.00980000011623,-0.00939000025392,0.00263000000268,-0.000790000020061
1620046169185183850,7666,1620046169080351114,,0.0252999998629,-0.0243800003082,0.00689999992028,0.00054999999702
1620046169283714679,7667,1620046169182171106,,0.00760000012815,-0.00730999978259,0.0020300000906,0.000479999987874
1620046169436200649,7668,1620046169283806085,,9.99999974738e-05,3.99999989895e-05,-1.99999994948e-05,5.99999984843e-05
1620046169538013605,7669,1620046169435956954,,9.99999974738e-05,1.99999994948e-05,-3.99999989895e-05,2.99999992421e-05
1620046169640371574,7670,1620046169538161993,,0.0,1.99999994948e-05,-0.0,9.99999974738e-06
1620046169742769167,7671,1620046169640289068,,0.0,0.0,-0.0,0.0
1620046169794517846,7672,1620046169742440938,,0.0,0.0,-0.0,0.0
1620046169896662278,7673,1620046169794626951,,0.0,0.0,9.99999974738e-06,-0.0
1620046169999275771,7674,1620046169896812915,,0.0,0.0,0.0,-0.0
1620046170101317052,7675,1620046169998894929,,0.0,-0.0,-9.99999974738e-06,-0.0
1620046170153541392,7676,1620046170101047992,,0.0,0.0,-0.0,0.0
1620046170256042284,7677,1620046170153754949,,0.0,0.0,0.0,-0.0
1620046170308229069,7678,1620046170256242990,,0.0,-0.0,0.0,-0.0
1620046170410929131,7679,1620046170308408021,,0.0,-0.0,-0.0,-0.0
1620046170512761668,7680,1620046170410579919,,0.0,0.0,-0.0,0.0
1620046170566092873,7681,1620046170512914896,,0.0,-0.0,0.0,-0.0
1620046170667298143,7682,1620046170565896987,,0.0,0.0,0.0,-0.0
1620046170768784639,7683,1620046170667380094,,0.0,0.0,-0.0,0.0
1620046170821359792,7684,1620046170768951892,,0.0,-9.99999974738e-06,0.0,-0.0
1620046170923803355,7685,1620046170821490049,,0.0,-0.0,0.0,-0.0
1620046171026516107,7686,1620046170924909114,,0.0,0.0,-0.0,0.0
1620046171128998891,7687,1620046171026580095,,0.0,-0.0,-0.0,-0.0
1620046171180372372,7688,1620046171128710985,,0.0,0.0,0.0,-0.0
1620046171282698237,7689,1620046171180489063,,0.0,-0.0,0.0,-0.0
1620046171387288042,7690,1620046171282429933,,0.0,-0.0,-0.0,0.0
1620046171438883683,7691,1620046171386847972,,0.0,0.0,0.0,0.0
1620046171541288943,7692,1620046171438960075,,0.0,0.0,9.99999974738e-06,0.0
