%time,field.header.seq,field.header.stamp,field.header.frame_id,field.x,field.y,field.z
1591954887214458737,590,1591954887163229942,,-1.18938672543,-0.584261417389,-0.866735577583
1591954887316653458,591,1591954887215574979,,-1.18938815594,-0.584260046482,-0.866735041142
1591954887368734643,592,1591954887317177057,,-1.18937861919,-0.584253191948,-0.866738140583
1591954887420913951,593,1591954887368884086,,-1.18938601017,-0.584259212017,-0.866732954979
1591954887473335925,594,1591954887421344995,,-1.18938207626,-0.584259331226,-0.866737365723
1591954887526654772,595,1591954887474617958,,-1.18938279152,-0.584261715412,-0.866736412048
1591954887629255288,596,1591954887527249097,,-1.18938064575,-0.584265530109,-0.866737425327
1591954887681494842,597,1591954887630220890,,-1.18938410282,-0.584265768528,-0.86673438549
1591954887733133887,598,1591954887681862115,,-1.18938279152,-0.584258377552,-0.866737186909
1591954887785823622,599,1591954887733484983,,-1.18937015533,-0.584260284901,-0.866745650768
1591954887887778722,600,1591954887785907983,,-1.18938148022,-0.584264695644,-0.866738200188
1591954887940193228,601,1591954887888283967,,-1.1893863678,-0.58425205946,-0.866735816002
1591954887992777903,602,1591954887940782070,,-1.1893876791,-0.584250926971,-0.866731822491
1591954888046635149,603,1591954887993706941,,-1.18938624859,-0.584254860878,-0.866734325886
1591954888098438327,604,1591954888046344995,,-1.18937957287,-0.584267377853,-0.866740345955
1591954888153918090,605,1591954888098823070,,-1.18938136101,-0.5842654109,-0.866737186909
1591954888206965985,606,1591954888154375076,,-1.18937540054,-0.58425951004,-0.866741359234
1591954888257671543,607,1591954888206455945,,-1.18938827515,-0.584262013435,-0.866735517979
1591954888309239638,608,1591954888258101940,,-1.18938362598,-0.584255754948,-0.866735160351
1591954888361431751,609,1591954888309564113,,-1.18939161301,-0.584264576435,-0.866733133793
1591954888412884346,610,1591954888361521959,,-1.18938362598,-0.58425962925,-0.86673694849
1591954888465918926,611,1591954888413923978,,-1.18938159943,-0.584259033203,-0.866737544537
1591954888520119380,612,1591954888467407941,,-1.18938183784,-0.58426296711,-0.866737246513
1591954888572359601,613,1591954888520409107,,-1.18938577175,-0.584265112877,-0.866735458374
1591954888626415276,614,1591954888572926044,,-1.18938088417,-0.584257721901,-0.86673951149
1591954888679501427,615,1591954888626939058,,-1.18938004971,-0.58426207304,-0.86673784256
1591954888731590426,616,1591954888679619073,,-1.18937432766,-0.58426463604,-0.866739153862
1591954888784083980,617,1591954888732177972,,-1.18937659264,-0.584261417389,-0.866738796234
1591954888837178613,618,1591954888784898996,,-1.18938112259,-0.584266066551,-0.866737246513
1591954888888873117,619,1591954888837457895,,-1.18938469887,-0.584255993366,-0.866736829281
1591954888941281376,620,1591954888889863014,,-1.18937885761,-0.584258973598,-0.866740345955
1591954888993176737,621,1591954888941636085,,-1.18938744068,-0.584252178669,-0.866733551025
1591954889096279111,622,1591954888994688034,,-1.18938970566,-0.584256291389,-0.866733491421
1591954889148379194,623,1591954889096515893,,-1.18937909603,-0.584267258644,-0.866738438606
1591954889200817252,624,1591954889148648977,,-1.18938922882,-0.584262311459,-0.866731703281
1591954889253178856,625,1591954889201397895,,-1.18937659264,-0.584258675575,-0.866741299629
1591954889304709965,626,1591954889253371953,,-1.18938374519,-0.584259748459,-0.866737186909
1591954889356856191,627,1591954889305016040,,-1.18937718868,-0.584264576435,-0.866740524769
1591954889409823706,628,1591954889357543945,,-1.18939101696,-0.584259092808,-0.866734325886
1591954889461521542,629,1591954889409487009,,-1.18938827515,-0.584254920483,-0.866734147072
1591954889514441687,630,1591954889462537050,,-1.18938744068,-0.58426117897,-0.866731345654
1591954889566521947,631,1591954889515206098,,-1.18938195705,-0.584257423878,-0.866737127304
1591954889619056716,632,1591954889566759109,,-1.1893851757,-0.58426451683,-0.866735696793
1591954889671210185,633,1591954889619333982,,-1.18937695026,-0.584256529808,-0.866740107536
1591954889723294021,634,1591954889671983003,,-1.18938374519,-0.584260523319,-0.866735458374
1591954889775504513,635,1591954889723540067,,-1.18938267231,-0.584269344807,-0.866734683514
1591954889827873621,636,1591954889775998115,,-1.18940007687,-0.584250032902,-0.8667293787
1591954889878739889,637,1591954889827614068,,-1.18938887119,-0.584260284901,-0.8667319417
1591954889930030957,638,1591954889878932952,,-1.18937897682,-0.584265172482,-0.866739869118
1591954889981384243,639,1591954889930156946,,-1.18938148022,-0.584263026714,-0.866737365723
1591954890033668125,640,1591954889981664896,,-1.18938183784,-0.58425962925,-0.866737425327
1591954890086101314,641,1591954890034277915,,-1.18938076496,-0.584264457226,-0.866737484932
1591954890138702947,642,1591954890086894989,,-1.18939125538,-0.584260702133,-0.866732776165
1591954890190318935,643,1591954890139169931,,-1.18937289715,-0.584269881248,-0.866744697094
1591954890242659981,644,1591954890190656900,,-1.18936085701,-0.584269702435,-0.866748213768
1591954890294617427,645,1591954890243213891,,-1.1893901825,-0.584257364273,-0.866733908653
1591954890347345170,646,1591954890295473098,,-1.18938398361,-0.584263205528,-0.866736650467
1591954890399605015,647,1591954890347799062,,-1.18937683105,-0.584261536598,-0.866739630699
1591954890451634022,648,1591954890399714946,,-1.18939578533,-0.584254980087,-0.866731643677
1591954890503994866,649,1591954890452128887,,-1.18938207626,-0.584262371063,-0.866739273071
1591954890556407330,650,1591954890504574060,,-1.18938040733,-0.584265291691,-0.866735756397
1591954890608873086,651,1591954890556901931,,-1.18938314915,-0.584260046482,-0.866738379002
1591954890661675709,652,1591954890609417915,,-1.1893787384,-0.584264159203,-0.866737782955
1591954890763339629,653,1591954890661840915,,-1.18937790394,-0.584257900715,-0.866740822792
1591954890815660396,654,1591954890763617992,,-1.18938279152,-0.584267795086,-0.866736650467
1591954890868741193,655,1591954890816070079,,-1.18938183784,-0.584250152111,-0.866738319397
1591954890969858117,656,1591954890868505001,,-1.18938708305,-0.584261596203,-0.866733074188
1591954891021454156,657,1591954890970135927,,-1.18938779831,-0.584265291691,-0.866735160351
1591954891074361008,658,1591954891021759033,,-1.18938803673,-0.584259986877,-0.866734445095
1591954891427212567,659,1591954891075053930,,-1.18938696384,-0.584257423878,-0.866733372211
1591954891479311699,660,1591954891427750110,,-1.18937397003,-0.584274411201,-0.866737186909
1591954891530936002,661,1591954891479795932,,-1.18939113617,-0.584274172783,-0.866727173328
1591954891583488806,662,1591954891531399011,,-1.19013702869,-0.584175229073,-0.866609990597
1591954891635410897,663,1591954891584086894,,-1.19292926788,-0.582687139511,-0.866678953171
1591954891687332390,664,1591954891635652065,,-1.19653451443,-0.581003010273,-0.866728544235
1591954891739344833,665,1591954891687588930,,-1.19948554039,-0.579432725906,-0.866825342178
1591954891791080441,666,1591954891739917039,,-1.20086336136,-0.579142332077,-0.86671602726
1591954891842763692,667,1591954891791496038,,-1.20199048519,-0.578674614429,-0.866656005383
1591954891894035966,668,1591954891842885971,,-1.2045737505,-0.576444089413,-0.866785407066
1591954891945758879,669,1591954891894407033,,-1.2072262764,-0.573637485504,-0.866808354855
1591954891998138422,670,1591954891946103096,,-1.20941579342,-0.569927096367,-0.866807937622
1591954892053421316,671,1591954891999411106,,-1.21066772938,-0.566146314144,-0.866814851761
1591954892104631898,672,1591954892052484035,,-1.21138608456,-0.561889588833,-0.866838276386
1591954892156151773,673,1591954892104788064,,-1.21238017082,-0.558160543442,-0.866670787334
1591954892208204674,674,1591954892156339883,,-1.2152402401,-0.556091368198,-0.866685152054
1591954892260166427,675,1591954892208704948,,-1.21929013729,-0.556069612503,-0.866728484631
1591954892313133463,676,1591954892260749101,,-1.2233196497,-0.556163012981,-0.866764485836
1591954892365811859,677,1591954892313402891,,-1.22759795189,-0.556251466274,-0.866785943508
1591954892419395859,678,1591954892366378068,,-1.23198962212,-0.556358158588,-0.866769075394
1591954892472092932,679,1591954892419922113,,-1.23616743088,-0.556459546089,-0.866774320602
1591954892524054916,680,1591954892472472906,,-1.2404718399,-0.556559562683,-0.866765141487
1591954892576609114,681,1591954892524298906,,-1.24438965321,-0.556643664837,-0.866751492023
1591954892679640452,682,1591954892576740980,,-1.24880456924,-0.55675059557,-0.866767942905
1591954892731645087,683,1591954892679740905,,-1.2570848465,-0.557014644146,-0.866749763489
1591954892792491100,684,1591954892732358932,,-1.26119351387,-0.557350516319,-0.866739213467
1591954892844998061,685,1591954892793654918,,-1.26610863209,-0.557944655418,-0.866722822189
1591954892896548274,686,1591954892845217943,,-1.27013444901,-0.558649837971,-0.866700351238
1591954892949344105,687,1591954892896800041,,-1.27400672436,-0.559458553791,-0.866723954678
1591954893001355615,688,1591954892949496030,,-1.2783267498,-0.560405433178,-0.866708517075
1591954893053283276,689,1591954893001902103,,-1.28219819069,-0.561261415482,-0.866735041142
1591954893105906213,690,1591954893053675889,,-1.286429286,-0.562245070934,-0.866756558418
1591954893158191715,691,1591954893106683015,,-1.2904664278,-0.56334143877,-0.866752922535
1591954893260349590,692,1591954893159225940,,-1.29437661171,-0.564448952675,-0.866754829884
1591954893312605948,693,1591954893260732889,,-1.3021736145,-0.567320883274,-0.866723179817
1591954893365166504,694,1591954893313143014,,-1.30588984489,-0.568972885609,-0.866718232632
1591954893467676249,695,1591954893365746974,,-1.30976879597,-0.570773482323,-0.866711437702
1591954893521158671,696,1591954893468156099,,-1.31709051132,-0.5745408535,-0.866694748402
1591954893572669561,697,1591954893520673990,,-1.32064783573,-0.57652169466,-0.86669844389
1591954893625281819,698,1591954893573288917,,-1.3244177103,-0.578697025776,-0.86668753624
1591954893679662415,699,1591954893627382993,,-1.32797038555,-0.580825090408,-0.866676032543
1591954893782588808,700,1591954893681157112,,-1.33172416687,-0.583330690861,-0.866672515869
1591954893834746499,701,1591954893783627986,,-1.33839452267,-0.588071584702,-0.866682708263
1591954893887154240,702,1591954893835150003,,-1.34128654003,-0.590822637081,-0.86670589447
1591954893939585603,703,1591954893887850046,,-1.34337425232,-0.594393789768,-0.866704642773
1591954893991738250,704,1591954893939847946,,-1.34416329861,-0.598473310471,-0.866659939289
1591954894043406238,705,1591954893992197990,,-1.34429740906,-0.602834820747,-0.866621434689
1591954894095261583,706,1591954894043745040,,-1.34426319599,-0.606938779354,-0.866613149643
1591954894147718158,707,1591954894095556974,,-1.34394133091,-0.610902547836,-0.866682529449
1591954894200629043,708,1591954894148581981,,-1.34279537201,-0.614939510822,-0.866741776466
1591954894255511766,709,1591954894201009035,,-1.34052169323,-0.618394553661,-0.866741001606
1591954894308041111,710,1591954894255883932,,-1.33741927147,-0.621062040329,-0.86665302515
1591954894361099581,711,1591954894308784008,,-1.33383691311,-0.623419761658,-0.866605699062
1591954894413253301,712,1591954894361314058,,-1.33029341698,-0.625575900078,-0.866654276848
1591954894516081567,713,1591954894413865089,,-1.3265786171,-0.627663135529,-0.866648256779
1591954894568363474,714,1591954894516417980,,-1.31931102276,-0.631484210491,-0.866696536541
1591954894621183003,715,1591954894569166898,,-1.31558573246,-0.633274316788,-0.866705536842
1591954894675774546,716,1591954894622620105,,-1.31153678894,-0.635081171989,-0.866708755493
1591954894728015842,717,1591954894676011085,,-1.30768895149,-0.63675558567,-0.866718232632
1591954894780305041,718,1591954894728485107,,-1.30375647545,-0.638345479965,-0.866714298725
1591954894832884598,719,1591954894780931949,,-1.30000567436,-0.639729499817,-0.866695940495
1591954894885396534,720,1591954894833417892,,-1.2959009409,-0.641117751598,-0.86671513319
1591954894940941022,721,1591954894888932943,,-1.29163336754,-0.642370998859,-0.866684615612
1591954894992795014,722,1591954894941488981,,-1.28761696815,-0.643373012543,-0.866695046425
1591954895095861643,723,1591954894993113040,,-1.28343427181,-0.644242584705,-0.866711616516
1591954895148512665,724,1591954895096335887,,-1.27534639835,-0.64550691843,-0.86670178175
1591954895201990665,725,1591954895150094032,,-1.27118396759,-0.6459389925,-0.86669510603
1591954895255533968,726,1591954895203504085,,-1.26690423489,-0.646372258663,-0.866706550121
1591954895357230907,727,1591954895256011962,,-1.26267123222,-0.646804690361,-0.866725325584
1591954895410028291,728,1591954895357585906,,-1.25459885597,-0.647172749043,-0.866729199886
1591954895462473693,729,1591954895410988092,,-1.25041997433,-0.647072970867,-0.866749227047
1591954895514553140,730,1591954895463217020,,-1.24629580975,-0.646939337254,-0.866732239723
1591954895616297037,731,1591954895514750957,,-1.24194526672,-0.646808922291,-0.866729021072
1591954895669122943,732,1591954895617516040,,-1.23368644714,-0.646587610245,-0.866729915142
1591954895721920858,733,1591954895669775962,,-1.2296577692,-0.646433353424,-0.866717576981
1591954895774361373,734,1591954895722311973,,-1.22533905506,-0.646306991577,-0.866724789143
1591954895828955676,735,1591954895774980068,,-1.22122478485,-0.646198272705,-0.866697847843
1591954895931894053,736,1591954895828687906,,-1.2169829607,-0.646058738232,-0.86671090126
1591954895984245667,737,1591954895932229995,,-1.20983350277,-0.644594430923,-0.866608381271
1591954896036702304,738,1591954895984775066,,-1.2088868618,-0.640185952187,-0.866744220257
1591954896089228801,739,1591954896037225961,,-1.20859241486,-0.635908067226,-0.866795182228
1591954896193753662,740,1591954896091609954,,-1.2074906826,-0.631861150265,-0.866776108742
1591954896245880189,741,1591954896194328069,,-1.20298695564,-0.624848544598,-0.866736114025
1591954896297390129,742,1591954896245938062,,-1.19987523556,-0.622233450413,-0.866731703281
1591954896349054136,743,1591954896297785997,,-1.19641506672,-0.620198845863,-0.866755723953
1591954896401675136,744,1591954896349328041,,-1.19267809391,-0.618174612522,-0.866748869419
1591954896453298802,745,1591954896401396036,,-1.19005441666,-0.61639046669,-0.866634249687
1591954896505784062,746,1591954896453787088,,-1.18916213512,-0.61322426796,-0.866770088673
1591954896558386284,747,1591954896506335973,,-1.18921887875,-0.609428405762,-0.866768419743
1591954896610719188,748,1591954896558886051,,-1.18923568726,-0.605291008949,-0.866767585278
1591954896712913586,749,1591954896610776901,,-1.18926608562,-0.601064383984,-0.866763055325
1591954896767420963,750,1591954896713188886,,-1.18933236599,-0.592828929424,-0.866756021976
1591954896819812999,751,1591954896767756938,,-1.18935322762,-0.58860296011,-0.866752505302
1591954896872277179,752,1591954896820317029,,-1.19043588638,-0.58535784483,-0.866573631763
1591954896925013064,753,1591954896872711896,,-1.19288253784,-0.583349704742,-0.866673111916
1591954896976740788,754,1591954896925185918,,-1.19646787643,-0.581515729427,-0.866701543331
1591954897029979486,755,1591954896977320909,,-1.19958245754,-0.57962757349,-0.866811513901
1591954897082034719,756,1591954897030131101,,-1.20118200779,-0.579026639462,-0.866755604744
1591954897134609499,757,1591954897082539081,,-1.20201909542,-0.579702615738,-0.866646647453
1591954897187397479,758,1591954897135363101,,-1.20340108871,-0.582665264606,-0.866714477539
1591954897240726291,759,1591954897188853025,,-1.20521616936,-0.586440861225,-0.866731882095
1591954897294086323,760,1591954897241867065,,-1.20701432228,-0.590113520622,-0.866729974747
1591954897345972568,761,1591954897294483900,,-1.20904350281,-0.594146251678,-0.866713821888
1591954897398090272,762,1591954897346059083,,-1.21085071564,-0.597807705402,-0.866735100746
1591954897450375453,763,1591954897398353099,,-1.21273541451,-0.601545751095,-0.866728246212
1591954897502876105,764,1591954897450743913,,-1.21468818188,-0.60539996624,-0.866730034351
1591954897555841304,765,1591954897503242969,,-1.21654379368,-0.609078407288,-0.866721272469
1591954897608140436,766,1591954897556902885,,-1.21843016148,-0.61279964447,-0.86671769619
1591954897660404374,767,1591954897608453989,,-1.22036147118,-0.616586148739,-0.866718649864
1591954897712786487,768,1591954897661490917,,-1.22224247456,-0.620320618153,-0.866718351841
1591954897764536565,769,1591954897712966918,,-1.22410809994,-0.624054670334,-0.866719186306
1591954897816571655,770,1591954897765242099,,-1.22525882721,-0.626663327217,-0.866796851158
1591954897870198960,771,1591954897816797018,,-1.22566950321,-0.627239048481,-0.866727769375
1591954897972861337,772,1591954897870755910,,-1.22526264191,-0.627587378025,-0.866721153259
1591954898025291813,773,1591954897973259925,,-1.22548985481,-0.62762606144,-0.866601347923
1591954898077842228,774,1591954898025763034,,-1.22785997391,-0.626855015755,-0.866663634777
1591954898130075522,775,1591954898078459024,,-1.23112142086,-0.624618828297,-0.866780936718
1591954898182720534,776,1591954898130789041,,-1.23384428024,-0.621456384659,-0.866758525372
1591954898235081114,777,1591954898183180093,,-1.23620784283,-0.618025183678,-0.866700232029
1591954898287824407,778,1591954898235584974,,-1.23909771442,-0.614841222763,-0.866660416126
1591954898340365084,779,1591954898288485050,,-1.24257946014,-0.612700223923,-0.866659224033
1591954898393161416,780,1591954898340883970,,-1.24657273293,-0.611889123917,-0.866689622402
1591954898445631434,781,1591954898393501043,,-1.2507891655,-0.612118303776,-0.86669677496
1591954898548200812,782,1591954898445933103,,-1.25494647026,-0.612623155117,-0.866670310497
1591954898600640281,783,1591954898548403024,,-1.26233303547,-0.615596652031,-0.866659939289
1591954898654123709,784,1591954898601632118,,-1.26529955864,-0.618741214275,-0.866648256779
1591954898706199485,785,1591954898654134988,,-1.26765751839,-0.622240304947,-0.866658687592
1591954898758704875,786,1591954898706759929,,-1.2699277401,-0.625699579716,-0.866659045219
1591954898811097224,787,1591954898759241104,,-1.27235817909,-0.629341244698,-0.866647481918
1591954898864210769,788,1591954898811635971,,-1.27468347549,-0.632673084736,-0.866626262665
1591954898918230193,789,1591954898865919113,,-1.27814471722,-0.635293841362,-0.866660177708
1591954898972364714,790,1591954898918525934,,-1.28194284439,-0.636081159115,-0.866673111916
1591954899025094522,791,1591954898972923994,,-1.28638863564,-0.635158479214,-0.866657614708
1591954899077384268,792,1591954899025398015,,-1.29039597511,-0.633831620216,-0.866634726524
1591954899132267481,793,1591954899077892065,,-1.29416692257,-0.632257461548,-0.866611003876
1591954899185490780,794,1591954899133481979,,-1.29837739468,-0.630391299725,-0.866619944572
1591954899288184259,795,1591954899186068058,,-1.30221927166,-0.628682672977,-0.86661618948
1591954899340397579,796,1591954899288408994,,-1.30979764462,-0.625335335732,-0.86662453413
1591954899392992226,797,1591954899340955018,,-1.31353342533,-0.623719274998,-0.866605997086
1591954899445853806,798,1591954899393554925,,-1.31754040718,-0.62193852663,-0.866601109505
1591954899498562604,799,1591954899446225881,,-1.32103705406,-0.620196640491,-0.866667509079
1591954899550619932,800,1591954899498778104,,-1.32364964485,-0.617073476315,-0.866727828979
1591954899603051849,801,1591954899551213979,,-1.32479715347,-0.613455832005,-0.866641581059
1591954899655044664,802,1591954899603529930,,-1.32659173012,-0.610975682735,-0.866413593292
1591954899707157185,803,1591954899655235052,,-1.32936191559,-0.610936701298,-0.866527676582
1591954899759142799,804,1591954899707721948,,-1.33165574074,-0.613212764263,-0.866786301136
1591954899811425420,805,1591954899759479045,,-1.33056521416,-0.616649866104,-0.866883456707
1591954899863933463,806,1591954899811961889,,-1.32766139507,-0.61684179306,-0.866629242897
1591954899917068732,807,1591954899865134954,,-1.32548296452,-0.614780008793,-0.866436421871
1591954899970277359,808,1591954899917625904,,-1.32475948334,-0.610929787159,-0.866653323174
1591954900022259567,809,1591954899970830917,,-1.32489871979,-0.606922507286,-0.866625189781
1591954900074478864,810,1591954900022567987,,-1.32499945164,-0.602624058723,-0.866619944572
1591954900127022656,811,1591954900075037002,,-1.32509350777,-0.598425030708,-0.866618335247
1591954900180000787,812,1591954900128072023,,-1.32559359074,-0.594556510448,-0.8664727211
1591954900232738872,813,1591954900180531024,,-1.32748687267,-0.592035651207,-0.866498529911
1591954900285045222,814,1591954900233170986,,-1.3308712244,-0.591507315636,-0.866620779037
1591954900337768519,815,1591954900285551071,,-1.33179497719,-0.594129621983,-0.866905987263
1591954900390921037,816,1591954900338730096,,-1.32977414131,-0.59745657444,-0.866789996624
1591954900442530685,817,1591954900391242980,,-1.32671844959,-0.596878647804,-0.866563975811
1591954900495039446,818,1591954900442742109,,-1.32523357868,-0.59330534935,-0.866611480713
1591954900549122389,819,1591954900497272014,,-1.32378196716,-0.589260220528,-0.866771697998
1591954900651505859,820,1591954900549617052,,-1.32094180584,-0.586978316307,-0.86672025919
1591954900704413229,821,1591954900652152061,,-1.31445217133,-0.582926988602,-0.866644144058
1591954900757049766,822,1591954900704830884,,-1.31177318096,-0.579770803452,-0.86681842804
1591954900809371052,823,1591954900757285118,,-1.30860388279,-0.577930569649,-0.86671769619
1591954900912059304,824,1591954900809889078,,-1.30495429039,-0.577841460705,-0.866687476635
1591954900966404825,825,1591954900914576053,,-1.29828822613,-0.574985444546,-0.866773307323
1591954901018063245,826,1591954900966958999,,-1.29451560974,-0.57332277298,-0.866753697395
1591954901121556542,827,1591954901018420934,,-1.29056632519,-0.571783423424,-0.866741895676
1591954901176111544,828,1591954901120944976,,-1.2827706337,-0.569409310818,-0.866743385792
1591954901228421056,829,1591954901176352977,,-1.2784640789,-0.568425297737,-0.866732358932
1591954901280470661,830,1591954901228826045,,-1.27438664436,-0.567776322365,-0.866715312004
1591954901333355311,831,1591954901280829906,,-1.27132868767,-0.569663882256,-0.866552889347
1591954901386238366,832,1591954901334305047,,-1.27118015289,-0.573011517525,-0.86652803421
1591954901438977530,833,1591954901386710882,,-1.27427339554,-0.574900686741,-0.866711497307
1591954901492194106,834,1591954901439419031,,-1.27837133408,-0.575735449791,-0.866750001907
1591954901545481742,835,1591954901493560075,,-1.28257513046,-0.576765298843,-0.866759777069
1591954901598025913,836,1591954901546025991,,-1.2866307497,-0.577922821045,-0.866713106632
1591954901650877229,837,1591954901598561048,,-1.29072344303,-0.579428553581,-0.866728305817
1591954901703135026,838,1591954901651293992,,-1.29453825951,-0.581027746201,-0.866708338261
1591954901755575348,839,1591954901703664064,,-1.29839730263,-0.58287769556,-0.866701185703
1591954901808368655,840,1591954901756093978,,-1.30142915249,-0.584706783295,-0.866780161858
1591954901860610610,841,1591954901808485031,,-1.30382514,-0.587691605091,-0.866570115089
1591954901965189702,842,1591954901861013889,,-1.30696630478,-0.589866161346,-0.866621017456
1591954902017724367,843,1591954901965784072,,-1.31424546242,-0.591554999352,-0.866604447365
1591954902070823695,844,1591954902018301963,,-1.31693100929,-0.593190312386,-0.866789340973
1591954902173132212,845,1591954902070631980,,-1.31784689426,-0.597247719765,-0.866621673107
1591954902225317276,846,1591954902173276901,,-1.31772232056,-0.605601847172,-0.866600453854
1591954902277810994,847,1591954902225840091,,-1.31764423847,-0.609811425209,-0.866596579552
1591954902332164560,848,1591954902279174089,,-1.31668901443,-0.613724827766,-0.866861760616
1591954902385849058,849,1591954902332801103,,-1.31392621994,-0.616241157055,-0.866725504398
1591954902438346247,850,1591954902386389970,,-1.31005072594,-0.617965877056,-0.866649985313
1591954902491433824,851,1591954902438792943,,-1.30634915829,-0.619544446468,-0.8666254282
1591954902545015201,852,1591954902492242097,,-1.30221533775,-0.621344208717,-0.866630375385
1591954902596680051,853,1591954902544734954,,-1.29843175411,-0.62296128273,-0.866619467735
1591954902650255045,854,1591954902598145961,,-1.29450953007,-0.624629199505,-0.866636872292
1591954902702771581,855,1591954902650736093,,-1.29055786133,-0.626263022423,-0.866686820984
1591954902807975614,856,1591954902706724882,,-1.28621339798,-0.627658426762,-0.866665065289
1591954902859546180,857,1591954902808249950,,-1.27973330021,-0.628474831581,-0.866531670094
1591954902912219395,858,1591954902859904050,,-1.27857327461,-0.627891838551,-0.866751194
1591954902965012999,859,1591954902912846088,,-1.27708494663,-0.627348184586,-0.866817653179
1591954903017946263,860,1591954902965477943,,-1.2736928463,-0.626588881016,-0.866655826569
1591954903070530574,861,1591954903018127918,,-1.26962864399,-0.625679373741,-0.866665303707
1591954903122392236,862,1591954903071042060,,-1.26547527313,-0.624752044678,-0.866668105125
1591954903175247374,863,1591954903122966051,,-1.26142811775,-0.623862981796,-0.866683661938
1591954903228457789,864,1591954903175973892,,-1.25723683834,-0.622943460941,-0.86669254303
1591954903280034518,865,1591954903228256940,,-1.25322127342,-0.622046709061,-0.866683125496
1591954903332154771,866,1591954903280419111,,-1.24898958206,-0.6211130023,-0.866695940495
1591954903383704845,867,1591954903332165002,,-1.2450170517,-0.620212972164,-0.866697728634
1591954903436167254,868,1591954903384067058,,-1.24102175236,-0.619294047356,-0.866688668728
1591954903539174136,869,1591954903436403989,,-1.23707020283,-0.61840647459,-0.866692245007
1591954903591245398,870,1591954903539678096,,-1.22887885571,-0.616561889648,-0.866681039333
1591954903643618434,871,1591954903591933012,,-1.22490894794,-0.615686655045,-0.866692483425
1591954903695145022,872,1591954903643908977,,-1.22100925446,-0.614862263203,-0.866618096828
1591954903747373934,873,1591954903695404052,,-1.21903634071,-0.614428818226,-0.866587936878
1591954903799636126,874,1591954903747670888,,-1.21857333183,-0.61426538229,-0.866694331169
1591954903851188878,875,1591954903799737930,,-1.2185781002,-0.614264905453,-0.866687595844
1591954903904570896,876,1591954903852279901,,-1.21904957294,-0.614423513412,-0.866557776928
1591954903956821252,877,1591954903904912948,,-1.22108519077,-0.615455508232,-0.866515100002
1591954904009580916,878,1591954903957588911,,-1.22460818291,-0.617311835289,-0.866649270058
1591954904062317164,879,1591954904010061979,,-1.22834765911,-0.619036912918,-0.866648793221
1591954904114447643,880,1591954904062650918,,-1.23228013515,-0.620903134346,-0.866650402546
1591954904167216600,881,1591954904114914894,,-1.23593664169,-0.622604429722,-0.866645812988
1591954904219589107,882,1591954904167514085,,-1.23997926712,-0.624310731888,-0.866614341736
1591954904272097925,883,1591954904220086097,,-1.24389588833,-0.625035583973,-0.866666257381
1591954904324480648,884,1591954904272593021,,-1.24698317051,-0.625554919243,-0.86673527956
1591954904377225600,885,1591954904325067043,,-1.24896073341,-0.624497532845,-0.866586208344
1591954904429474397,886,1591954904377564907,,-1.25161898136,-0.622375011444,-0.866518855095
1591954904531919799,887,1591954904430588006,,-1.25525021553,-0.621614336967,-0.866592645645
1591954904584489353,888,1591954904532370090,,-1.26054131985,-0.626642227173,-0.866703033447
1591954904636063326,889,1591954904584878921,,-1.25962042809,-0.630633354187,-0.866754293442
1591954904687967702,890,1591954904636616945,,-1.25676524639,-0.63352638483,-0.866710245609
1591954904742030374,891,1591954904688431024,,-1.25306808949,-0.633806169033,-0.866626501083
1591954904843915174,892,1591954904742420911,,-1.24949717522,-0.631886959076,-0.866547048092
1591954904896744750,893,1591954904844156980,,-1.24808001518,-0.626049935818,-0.866619110107
1591954904948965286,894,1591954904896863937,,-1.24822294712,-0.625440657139,-0.866617262363
1591954905001464550,895,1591954904949285984,,-1.24916744232,-0.622857749462,-0.866576492786
1591954905104692442,896,1591954905002626895,,-1.25068724155,-0.618988990784,-0.866583347321
1591954905156976827,897,1591954905105165958,,-1.25374984741,-0.611445605755,-0.866611123085
1591954905208799368,898,1591954905157476902,,-1.25537240505,-0.607461690903,-0.86662119627
1591954905260702401,899,1591954905208995103,,-1.25686752796,-0.603778362274,-0.866612255573
1591954905312684520,900,1591954905260936021,,-1.25848114491,-0.59982842207,-0.866610705853
1591954905364769844,901,1591954905312880992,,-1.26009774208,-0.595853745937,-0.866599261761
1591954905416467025,902,1591954905365333080,,-1.26160037518,-0.592108368874,-0.86660182476
1591954905468381739,903,1591954905416862964,,-1.26318287849,-0.588152825832,-0.866596639156
1591954905570891497,904,1591954905468827009,,-1.26467764378,-0.584416925907,-0.866590797901
1591954905624307866,905,1591954905571232080,,-1.26767206192,-0.576953232288,-0.866598784924
1591954905675617465,906,1591954905624438047,,-1.26927351952,-0.572891891003,-0.866602361202
1591954905728628399,907,1591954905675987005,,-1.27011156082,-0.570795357227,-0.866602063179
1591954905780314685,908,1591954905728415966,,-1.27018594742,-0.570515275002,-0.86660271883
1591954905831440641,909,1591954905780323982,,-1.27017343044,-0.570405364037,-0.866600871086
1591954905933682598,910,1591954905831835031,,-1.26985669136,-0.570294380188,-0.86667239666
1591954905985228561,911,1591954905934107065,,-1.26454210281,-0.571765303612,-0.866556167603
1591954906036782862,912,1591954905985640048,,-1.26055586338,-0.573063373566,-0.866552710533
1591954906089053840,913,1591954906037086963,,-1.25746512413,-0.573087394238,-0.866583049297
1591954906141962513,914,1591954906089945077,,-1.25461769104,-0.571035563946,-0.866653978825
1591954906193962451,915,1591954906142635107,,-1.25151598454,-0.570936203003,-0.866479039192
1591954906246901776,916,1591954906194348096,,-1.24820125103,-0.573655366898,-0.866602778435
1591954906298950292,917,1591954906246704101,,-1.24573194981,-0.576809883118,-0.866582453251
1591954906350717779,918,1591954906298681974,,-1.24349713326,-0.578735947609,-0.866625368595
1591954906453114736,919,1591954906351577043,,-1.24140810966,-0.577753126621,-0.866655766964
1591954906505936227,920,1591954906453633069,,-1.23469626904,-0.57759809494,-0.866539955139
1591954906559092167,921,1591954906507113933,,-1.23174059391,-0.580840110779,-0.86652380228
1591954906612353254,922,1591954906559804916,,-1.23069214821,-0.58471518755,-0.866524636745
1591954906663425423,923,1591954906612145900,,-1.2306882143,-0.588522315025,-0.866522729397
1591954906715251219,924,1591954906663866996,,-1.23217868805,-0.590151906013,-0.866549491882
1591954906766945763,925,1591954906715637922,,-1.23522245884,-0.590469360352,-0.866562008858
1591954906819396837,926,1591954906767425060,,-1.23913168907,-0.590538680553,-0.86664712429
1591954906871822881,927,1591954906819940090,,-1.24231469631,-0.588661372662,-0.866766273975
1591954906924513927,928,1591954906872332096,,-1.24435436726,-0.585467875004,-0.866496086121
1591954906976778419,929,1591954906925256013,,-1.24709582329,-0.583885610104,-0.866538763046
1591954907028433280,930,1591954906977238893,,-1.25067520142,-0.584331572056,-0.86657756567
1591954907080147139,931,1591954907028817892,,-1.25397968292,-0.581997692585,-0.866578757763
1591954907131865022,932,1591954907080406904,,-1.25649952888,-0.579010903835,-0.866567134857
1591954907186766910,933,1591954907131977081,,-1.25817859173,-0.5755828619,-0.86665391922
1591954907239051344,934,1591954907187191009,,-1.25848722458,-0.574152886868,-0.866571009159
1591954907290868749,935,1591954907239641904,,-1.25757777691,-0.574097394943,-0.866667747498
1591954907343454556,936,1591954907291148900,,-1.25509977341,-0.575679659843,-0.866546928883
1591954907394771095,937,1591954907343592882,,-1.25158774853,-0.577825903893,-0.866517364979
1591954907448638014,938,1591954907395885944,,-1.24784457684,-0.580046355724,-0.866530537605
1591954907501233272,939,1591954907449738979,,-1.24407231808,-0.582209467888,-0.866554737091
1591954907554712484,940,1591954907502782106,,-1.24038660526,-0.584365963936,-0.866537690163
1591954907607111344,941,1591954907555247068,,-1.23663055897,-0.586532056332,-0.866537928581
1591954907658421389,942,1591954907607304096,,-1.23318576813,-0.588582038879,-0.866537630558
1591954907760891897,943,1591954907658966064,,-1.23101019859,-0.589998364449,-0.866477429867
1591954907813832749,944,1591954907761373996,,-1.23023056984,-0.590127110481,-0.866529941559
1591954907865428172,945,1591954907813555955,,-1.23055410385,-0.590105950832,-0.866537570953
1591954907918353410,946,1591954907865979909,,-1.23074245453,-0.590189993382,-0.866539239883
1591954907970221069,947,1591954907918626070,,-1.23054802418,-0.591974794865,-0.866454005241
1591954908021851151,948,1591954907970444917,,-1.23176229,-0.595149576664,-0.866475582123
1591954908073043059,949,1591954908021917104,,-1.23541772366,-0.596104562283,-0.866554379463
1591954908124990020,950,1591954908073450088,,-1.23946416378,-0.59614521265,-0.866586625576
1591954908177863131,951,1591954908125282049,,-1.24375867844,-0.596116602421,-0.866576731205
1591954908232815809,952,1591954908178220033,,-1.24779105186,-0.595710396767,-0.866560995579
1591954908290134711,953,1591954908233431100,,-1.25212085247,-0.594154953957,-0.866568505764
1591954908341568136,954,1591954908290271997,,-1.25606870651,-0.591863870621,-0.866542637348
1591954908393088937,955,1591954908341916084,,-1.2591984272,-0.589198172092,-0.866544663906
1591954908445281641,956,1591954908393362998,,-1.26191234589,-0.586247205734,-0.866494953632
1591954908497707010,957,1591954908445723056,,-1.26462113857,-0.582913696766,-0.866498589516
1591954908550143498,958,1591954908498270988,,-1.2672727108,-0.579739034176,-0.866514086723
1591954908601908259,959,1591954908550616025,,-1.26982498169,-0.576607465744,-0.866552710533
1591954908653957901,960,1591954908602171897,,-1.27128756046,-0.574812293053,-0.866559922695
1591954908705640897,961,1591954908654232978,,-1.27162277699,-0.574693858624,-0.86650288105
1591954908757650404,962,1591954908706042051,,-1.27163386345,-0.574681639671,-0.866496682167
1591954908860498844,963,1591954908758769035,,-1.27161633968,-0.574672937393,-0.866515100002
1591954908912008456,964,1591954908860606908,,-1.27161419392,-0.57468187809,-0.86650377512
1591954908964397677,965,1591954908912400960,,-1.27160739899,-0.574676573277,-0.866513311863
1591954909016921187,966,1591954908964957952,,-1.27160155773,-0.574666380882,-0.866515278816
1591954909118882462,967,1591954909017520904,,-1.27160346508,-0.574678003788,-0.866502642632
1591954909171223775,968,1591954909119159936,,-1.27157783508,-0.574687361717,-0.866519570351
1591954909223060456,969,1591954909171782016,,-1.27156937122,-0.574682295322,-0.866524517536
1591954909275441985,970,1591954909223398923,,-1.27157521248,-0.574686408043,-0.866515874863
1591954909327686440,971,1591954909275727033,,-1.27156233788,-0.574677944183,-0.866527736187
1591954909379437961,972,1591954909328155040,,-1.27158033848,-0.574677884579,-0.866506159306
1591954909431357862,973,1591954909379614114,,-1.27157258987,-0.574684202671,-0.866512537003
1591954909483129027,974,1591954909431535959,,-1.27155685425,-0.574697434902,-0.866522431374
1591954909536230465,975,1591954909483506917,,-1.27156150341,-0.574676573277,-0.866517722607
1591954909588751435,976,1591954909535907983,,-1.27155935764,-0.57468521595,-0.86651712656
1591954909639790364,977,1591954909588455915,,-1.27155292034,-0.574685156345,-0.866525352001
1591954909691423931,978,1591954909640077114,,-1.2715498209,-0.574695587158,-0.866520524025
1591954909743518047,979,1591954909691513061,,-1.27154910564,-0.574688673019,-0.866525650024
1591954909796353201,980,1591954909744003057,,-1.27154564857,-0.574687719345,-0.866525173187
1591954909848477521,981,1591954909796538114,,-1.27154648304,-0.574688732624,-0.866529047489
1591954909950954930,982,1591954909849019050,,-1.27153813839,-0.574688732624,-0.866531431675
1591954910003529316,983,1591954909951771974,,-1.27154397964,-0.574687361717,-0.866526484489
1591954910056717484,984,1591954910004568099,,-1.27155482769,-0.574683368206,-0.86652058363
1591954910108578378,985,1591954910056896924,,-1.27154302597,-0.574690163136,-0.866526782513
1591954910210927592,986,1591954910108931064,,-1.2715549469,-0.574678778648,-0.866517186165
1591954910262435857,987,1591954910210977077,,-1.27154994011,-0.574692249298,-0.866523504257
1591954910314988397,988,1591954910262912034,,-1.27154970169,-0.574694097042,-0.86651968956
1591954910367383311,989,1591954910315349102,,-1.27154457569,-0.574679911137,-0.866526424885
1591954910420028705,990,1591954910367872953,,-1.27154743671,-0.574678301811,-0.86652559042
1591954910472410138,991,1591954910420537948,,-1.27154612541,-0.574691712856,-0.866523623466
1591954910524706485,992,1591954910472868919,,-1.2715460062,-0.57468855381,-0.866527020931
1591954910577157552,993,1591954910525239944,,-1.27155816555,-0.57468277216,-0.866514384747
1591954910629580284,994,1591954910577688932,,-1.27154803276,-0.57468777895,-0.86652636528
1591954910681619515,995,1591954910630182027,,-1.27154898643,-0.574699163437,-0.866519629955
1591954910733268209,996,1591954910681963920,,-1.2715473175,-0.574685931206,-0.86652392149
1591954910835431101,997,1591954910733603000,,-1.27154099941,-0.574703574181,-0.866528391838
1591954910886992604,998,1591954910835648059,,-1.27153801918,-0.574690401554,-0.866530001163
1591954910939290008,999,1591954910887336015,,-1.27155017853,-0.574681937695,-0.866522669792
1591954910992323345,1000,1591954910939814090,,-1.27155697346,-0.574676334858,-0.866517424583
1591954911045618158,1001,1591954910992685079,,-1.27155017853,-0.574688494205,-0.866524159908
1591954911097913969,1002,1591954911046000003,,-1.27154147625,-0.574692368507,-0.866530001163
1591954911150924294,1003,1591954911098371028,,-1.2715524435,-0.574683845043,-0.866517305374
1591954911203584893,1004,1591954911151285886,,-1.27154743671,-0.574685573578,-0.866522073746
1591954911255724338,1005,1591954911203743934,,-1.27154910564,-0.57469856739,-0.866523623466
1591954911308834532,1006,1591954911256300926,,-1.27154183388,-0.574698090553,-0.866523444653
1591954911360512509,1007,1591954911308619976,,-1.27155458927,-0.574682295322,-0.866519451141
1591954911413668811,1008,1591954911361452102,,-1.27154147625,-0.574693143368,-0.866527974606
1591954911465908612,1009,1591954911413872003,,-1.27155470848,-0.574681460857,-0.866519510746
1591954911569334528,1010,1591954911466506958,,-1.27153813839,-0.574690103531,-0.866531789303
1591954911622902144,1011,1591954911570921897,,-1.27153623104,-0.574683368206,-0.866535842419
1591954911675283848,1012,1591954911623572111,,-1.27155268192,-0.574679911137,-0.866521537304
1591954911776914125,1013,1591954911675431013,,-1.27153432369,-0.57469367981,-0.866533458233
1591954911829407311,1014,1591954911777451038,,-1.27154481411,-0.574685037136,-0.866528630257
1591954911881424714,1015,1591954911829744100,,-1.27155089378,-0.57468432188,-0.866521120071
1591954911934018372,1016,1591954911881768941,,-1.27154147625,-0.574682414532,-0.866530120373
1591954911986510794,1017,1591954911934478044,,-1.27155554295,-0.574676096439,-0.866518735886
1591954912039500291,1018,1591954911987024068,,-1.2715408802,-0.574680268764,-0.866531133652
1591954912092296122,1019,1591954912040344953,,-1.27155268192,-0.574688673019,-0.866520524025
1591954912144911752,1020,1591954912092802047,,-1.27154326439,-0.57468944788,-0.866525411606
1591954912197636087,1021,1591954912145400047,,-1.27154397964,-0.574681580067,-0.866527795792
1591954912250275377,1022,1591954912197909116,,-1.27155268192,-0.574688673019,-0.8665163517
1591954912304057666,1023,1591954912250488996,,-1.27155637741,-0.574688255787,-0.866515994072
1591954912356912937,1024,1591954912304755926,,-1.2715587616,-0.574674069881,-0.866519331932
1591954912409097792,1025,1591954912357160091,,-1.27154672146,-0.57468020916,-0.866526544094
1591954912464272370,1026,1591954912410146951,,-1.27154958248,-0.574688315392,-0.866521477699
1591954912515611696,1027,1591954912464380025,,-1.27153241634,-0.574680626392,-0.866538345814
1591954912568284906,1028,1591954912515996932,,-1.2715433836,-0.574680447578,-0.866526722908
1591954912620321977,1029,1591954912567958116,,-1.27154827118,-0.574692606926,-0.866522908211
1591954912722870899,1030,1591954912620654106,,-1.27154445648,-0.574686229229,-0.866525948048
1591954912775210339,1031,1591954912723201036,,-1.2715511322,-0.574678480625,-0.866516172886
1591954912827948436,1032,1591954912775680065,,-1.27154743671,-0.57469278574,-0.86652547121
