%time,field.header.seq,field.header.stamp,field.header.frame_id,field.linear_x,field.linear_y,field.linear_z
1573118956214787464,1,1573118956111426115,,-2.77834715234e-05,8.16424289951e-05,0.000144816978718
1573118956268485875,2,1573118956215181112,,-9.73306305241e-05,-9.54656934482e-05,-0.000124762780615
1573118956321912711,3,1573118956269287109,,3.62983792002e-06,-5.69252915739e-05,-1.97372028197e-05
1573118956376238122,4,1573118956322308063,,5.55733240617e-05,-2.85217265628e-05,-6.49258217891e-05
1573118956428784646,5,1573118956375557899,,0.00010972871678,4.58069371234e-05,8.04467781563e-05
1573118956483912586,6,1573118956429634094,,8.73853205121e-05,2.64904083451e-05,0.000141127864481
1573118956539132099,7,1573118956485774040,,-1.40129814099e-05,0.00013070818386,5.51115408598e-05
1573118956594512808,8,1573118956540056943,,8.57412378537e-05,2.68980747933e-05,8.49164862302e-05
1573118956647597657,9,1573118956593825101,,3.46003143932e-05,-3.59079604095e-05,4.18625131715e-05
1573118956701493082,10,1573118956648139953,,-3.53258001269e-05,-7.02338511473e-05,-6.18874109932e-05
1573118956756745142,11,1573118956701591014,,4.54711989732e-05,6.76217969158e-05,2.03258223337e-05
1573118956809138618,12,1573118956757076025,,-1.37132019518e-05,-8.61887474457e-06,-5.94540179009e-05
1573118956863374020,13,1573118956808811902,,-4.87196921313e-05,-9.96081653284e-05,-0.000197480185307
1573118956917678099,14,1573118956862993955,,-0.000139731229865,-8.71407755767e-05,-0.000194180203835
1573118956972621513,15,1573118956917921066,,-2.73213136097e-05,-7.29298917577e-05,-6.37857665424e-05
1573118957027669573,16,1573118956973160028,,3.92518777517e-05,-2.08744568226e-05,-7.44415956433e-05
1573118957080834478,17,1573118957028672933,,8.84993496584e-05,3.85720559279e-05,7.3618699389e-05
1573118957133953870,18,1573118957080771923,,5.70421179873e-05,-8.42729150463e-06,-1.62616979651e-05
1573118957239291001,19,1573118957134637117,,-2.20828246711e-06,2.78417101072e-05,5.00256610394e-05
1573118957293013981,20,1573118957239732027,,5.38925996807e-05,6.59420766169e-05,9.96145463432e-05
1573118957347146775,21,1573118957293517112,,-3.15613397106e-05,-8.22020956548e-06,-6.11058712821e-05
1573118957400998993,22,1573118957347232103,,-0.000152454405907,-0.000103499587567,-0.000168839513208
1573118957453498769,23,1573118957401065111,,-3.39352991432e-05,8.49897551234e-05,6.45774998702e-05
1573118957506963303,24,1573118957453664064,,2.76562459476e-05,-1.71872216015e-05,-3.27788111463e-05
1573118957559882441,25,1573118957507082939,,0.00012190243433,5.9358724684e-05,0.000108889544208
1573118957614263089,26,1573118957560691118,,8.97590216482e-05,3.30249349645e-05,7.06801947672e-05
1573118957717389378,27,1573118957613986968,,9.05578690436e-06,6.49633511784e-05,-2.44048060267e-05
1573118957771260414,28,1573118957717952013,,-2.47589991886e-06,-1.59200826602e-05,1.97736135306e-05
1573118957824880034,29,1573118957771610975,,3.20959043165e-05,-0.000164688317454,-1.2299530681e-05
1573118957878931451,30,1573118957825341939,,-4.12983026763e-05,2.45629121309e-06,-1.1687312508e-05
1573118957932897469,31,1573118957879270076,,7.76548913564e-05,4.09637141274e-05,7.61731571401e-05
1573118957987068888,32,1573118957933414936,,-2.14028805203e-05,-4.41570773546e-06,-5.07243748871e-05
1573118958041107018,33,1573118957987639904,,-9.72800262389e-05,-4.57928508695e-05,-0.000170540195541
1573118958095298285,34,1573118958041763067,,-9.82563433354e-05,-2.94582096103e-05,-0.000121313350974
1573118958199502014,35,1573118958096103906,,-9.03210602701e-05,-2.94382589345e-05,-6.62899310555e-06
1573118958252568168,36,1573118958200119018,,5.86219284742e-05,1.24943580886e-05,6.49060239084e-05
1573118958306215929,37,1573118958252727031,,-1.35667887662e-05,8.37019979372e-06,-1.83572210517e-05
1573118958359913058,38,1573118958306459903,,-5.11506586918e-05,8.35189057398e-05,-3.12264455715e-05
1573118958412359515,39,1573118958360671997,,-4.54736546089e-05,-2.14701449295e-05,-3.68492146663e-05
1573118958463410037,40,1573118958412313938,,-4.43633653049e-05,-6.37008124613e-05,-9.65041763266e-05
1573118958518361355,41,1573118958463432073,,2.19982284761e-05,-1.29756408569e-05,2.47124662565e-05
1573118958571965038,42,1573118958518413066,,8.46286638989e-05,7.77351378929e-05,8.06180978543e-05
1573118958626018143,43,1573118958572321891,,-5.75824051339e-05,8.94861659617e-05,1.8044926037e-05
1573118958679597325,44,1573118958626291036,,4.00146655011e-06,-1.71212032001e-05,4.43332392024e-05
1573118958732884627,45,1573118958680394887,,-2.26425800065e-05,-1.31020306071e-05,-7.88779143477e-05
1573118958787667168,46,1573118958733393907,,1.99801597773e-05,-2.32419642998e-05,-2.53674770647e-05
1573118958840088196,47,1573118958788606882,,4.99103152833e-05,-3.30522270815e-05,-5.80015475862e-05
1573118958893484802,48,1573118958840276002,,-1.87685952824e-06,-7.61682604207e-05,-0.000120051387057
1573118958946183821,49,1573118958893770933,,-3.34536634909e-05,2.72893817055e-06,-3.15364195558e-05
1573118958998965519,50,1573118958946533918,,3.83392180083e-05,-5.26838121004e-05,-7.26254220353e-05
1573118959052248278,51,1573118958999212980,,-3.29403264914e-05,-1.60865256476e-05,-6.12302756053e-05
1573118959106234076,52,1573118959053172111,,5.91639109189e-05,2.0937901354e-05,9.07083594939e-05
1573118959159704080,53,1573118959106935977,,5.37401865586e-05,-7.59201429901e-05,-0.000119998469017
1573118959213329576,54,1573118959159967899,,0.000252021796769,-8.58123312355e-05,-0.000105138999061
1573118959267003936,55,1573118959213547945,,-4.98082908962e-06,5.37563282705e-05,6.83848411427e-05
1573118959321217269,56,1573118959268095970,,-0.00110533891711,9.1885412985e-05,0.000121527766169
1573118959376488594,57,1573118959322067022,,0.00572187174112,-8.23575974209e-05,-0.000252454861766
1573118959430398932,58,1573118959376941919,,0.000141749595059,6.73207905493e-05,9.9950688309e-05
1573118959484059738,59,1573118959430779933,,9.03468680917e-05,-3.41002232744e-05,-2.10185262404e-05
1573118959586678427,60,1573118959484333038,,-9.32366820052e-05,-2.60613505816e-05,1.40814318002e-05
1573118959641498889,61,1573118959587697029,,6.22096122243e-05,-4.66451019747e-05,-3.05804314849e-05
1573118959696839965,62,1573118959642144918,,-0.00013946533727,4.06777598982e-06,-3.03828674078e-05
1573118959749547481,63,1573118959696172952,,5.81816448175e-06,-6.73435977205e-07,7.70299011492e-05
1573118959803076365,64,1573118959749764919,,0.000154834226123,2.06295430871e-06,-3.15152537951e-05
1573118959855864538,65,1573118959803719997,,7.16336799087e-05,2.37962449319e-05,0.000141491691465
1573118959908811591,66,1573118959856004953,,0.000118636402476,-1.31074993988e-05,0.000101869743958
1573118959961476071,67,1573118959909013032,,-3.68815999536e-05,1.3902331375e-06,-2.38689590333e-05
1573118960013331636,68,1573118959961776971,,-7.36009460525e-05,-1.02446010715e-05,-0.000111599896627
1573118960065368300,69,1573118960013407945,,-0.000148797946167,-4.53975408163e-05,-0.000103272563138
1573118960170698180,70,1573118960065572023,,7.20116950106e-05,3.84711311199e-05,7.11880347808e-05
1573118960223646695,71,1573118960171287059,,2.99967814499e-05,-2.6041199817e-05,-1.85155349754e-05
1573118960277187174,72,1573118960223537921,,-0.00022989831632,4.28339153586e-05,9.78416937869e-05
1573118960330667212,73,1573118960277566909,,-3.2292589367e-06,3.15836805385e-05,-2.28316221182e-05
1573118960383140541,74,1573118960331362009,,-8.55553807924e-05,-0.000177133333636,-0.000215351596125
1573118960485454531,75,1573118960383301019,,2.97963124467e-05,8.72201489983e-05,0.000162545387866
1573118960539556649,76,1573118960486077070,,-2.89951476589e-05,7.65398363001e-06,6.23982268735e-05
1573118960591456187,77,1573118960540437936,,7.44041171856e-05,2.22800626943e-05,0.000131748776766
1573118960645239346,78,1573118960591485977,,-3.16864316119e-05,3.47294771927e-05,-9.11446331884e-05
1573118960698631022,79,1573118960645226955,,1.7531832782e-05,5.90259915043e-05,1.01942105175e-05
1573118960752176238,80,1573118960699019908,,2.90942462016e-05,-7.29827879695e-05,1.91612593881e-06
1573118960806345901,81,1573118960753377914,,0.00130572624039,-4.75960223412e-05,-8.80917559698e-06
1573118960861313437,82,1573118960807322978,,0.000150897481944,6.2394701672e-06,0.000207966775633
1573118960914729112,83,1573118960861962080,,4.37588714703e-05,-1.92613479157e-05,1.25421693156e-05
1573118961018159011,84,1573118960914937019,,-0.000103260608739,4.85382006445e-05,-3.28719943354e-06
1573118961071301223,85,1573118961018665075,,2.05262804229e-05,-0.000123776640976,-0.000239410306676
1573118961123897748,86,1573118961071557998,,1.23375339172e-05,3.38554455084e-05,1.3917776414e-05
1573118961177709578,87,1573118961124191045,,-0.00011114445806,3.65716696251e-05,7.86660602898e-05
1573118961231842647,88,1573118961178215026,,0.000108082014776,4.64054573968e-05,0.000190193735762
1573118961284564044,89,1573118961232074975,,-4.33622553828e-05,5.98618726144e-06,-0.000131523862365
1573118961337405514,90,1573118961284840106,,0.000144368677866,4.76321292808e-05,0.000298245518934
1573118961391665801,91,1573118961337723970,,-8.13545048004e-05,3.29173453792e-05,2.53137332038e-05
1573118961445057462,92,1573118961391988039,,-4.54633627669e-05,-1.74568885996e-05,-0.000110176821181
1573118961497613594,93,1573118961445312976,,3.44908039551e-05,3.22288069583e-05,8.05620686606e-07
1573118961550422347,94,1573118961497956991,,8.41964356368e-05,-2.16722219193e-05,-1.35194450195e-05
1573118961604736153,95,1573118961550786972,,9.45450447034e-05,2.9138283935e-05,0.000151832922711
1573118961658255280,96,1573118961604362964,,3.63066246791e-05,4.10808243032e-05,-4.08310006605e-05
1573118961712382870,97,1573118961658974885,,-2.19226558329e-06,-7.67933161114e-05,-0.000114028436656
1573118961814059367,98,1573118961712779045,,-1.57855702128e-05,0.000151742526214,0.000295091449516
1573118961867405080,99,1573118961814208030,,-3.42625389749e-06,-0.000116404808068,-0.000224619609071
1573118961921428535,100,1573118961867887020,,3.35540207743e-05,-0.000112069938041,-8.16289975774e-05
1573118961975611414,101,1573118961921978950,,7.88331599324e-05,4.36317532149e-05,0.000139443582157
1573118962027826191,102,1573118961975574016,,-1.04302853288e-05,-3.51328321813e-06,7.37657455829e-06
1573118962131353423,103,1573118962027945041,,2.71778335446e-05,4.29054234701e-05,0.000118795520393
1573118962185736794,104,1573118962132081031,,8.08745789982e-06,-6.08595255471e-05,-2.72687939287e-05
1573118962240980252,105,1573118962186554908,,4.71853309136e-05,7.61988485465e-05,3.90104396502e-05
1573118962344130415,106,1573118962240444898,,1.03840256998e-05,-1.01392879515e-05,-4.08885853176e-06
1573118962400344742,107,1573118962345761060,,0.000118982294225,1.22384981296e-05,9.49652312556e-05
1573118962454168300,108,1573118962400769948,,-2.38649226958e-06,0.000117598356155,0.000176123183337
1573118962507938524,109,1573118962454560041,,-7.71136110416e-05,-0.000139369483804,-0.000143036231748
1573118962561693555,110,1573118962508285999,,-3.17092162732e-05,-0.000143990808283,-0.000190986102098
1573118962615938233,111,1573118962563246011,,-9.23727857298e-05,3.37928031513e-05,-9.77118033916e-05
1573118962668478028,112,1573118962616195917,,3.35011209245e-05,-1.78205596058e-06,-1.47392902363e-05
1573118962721282117,113,1573118962669123888,,-4.4918837375e-05,-6.17048135609e-05,-7.46840087231e-05
1573118962775140365,114,1573118962721673011,,-7.30986357667e-05,2.05442629522e-05,-1.32282775667e-05
1573118962878391590,115,1573118962775405883,,7.55972796469e-05,2.06166478165e-05,9.01277526282e-05
1573118962932419886,116,1573118962878787040,,-5.98924707447e-05,-4.67022764497e-05,-0.00016262131976
1573118962985055421,117,1573118962932691097,,2.39744258579e-05,3.57778517355e-05,2.40901208599e-05
1573118963037241989,118,1573118962985457897,,-5.19140194228e-05,-2.51789720096e-06,5.68285977351e-05
1573118963088434775,119,1573118963037314891,,-1.31162732941e-05,-6.11245559412e-05,-6.85385166435e-05
1573118963141265407,120,1573118963088210105,,-6.06154208072e-05,-2.20334914047e-05,-5.12722181156e-05
1573118963193309678,121,1573118963142163991,,-3.397069122e-06,5.55186416022e-05,1.9325329049e-05
1573118963246261889,122,1573118963193380117,,0.00176889949944,-6.30566573818e-05,-0.000115596616524
1573118963299109568,123,1573118963245644092,,4.41246447735e-05,3.38385325449e-05,0.000132430024678
1573118963351024762,124,1573118963299719095,,-8.68477582117e-05,-7.5562420534e-06,-1.12226516649e-05
1573118963404520636,125,1573118963351166963,,-1.35666014103e-05,3.43400606653e-05,9.32055263547e-05
1573118963457068750,126,1573118963404757022,,-9.16441240406e-06,7.9193720012e-05,1.18030657177e-05
1573118963510771502,127,1573118963457324981,,7.14214229447e-06,-6.13834854448e-05,-7.48515822124e-06
1573118963614829108,128,1573118963511415958,,-7.9651537817e-05,3.00470474031e-05,-4.13204834331e-05
1573118963969038754,129,1573118963615612983,,2.07928678719e-05,-3.86292304029e-05,6.03235639574e-06
1573118964025144860,130,1573118963969757080,,-6.57164855511e-05,3.92606707464e-05,0.000116365088616
1573118964077078602,131,1573118964024478912,,-0.0451984554529,-0.00795449316502,-0.0317223481834
1573118964130886855,132,1573118964077666997,,-0.0995203405619,-0.0200638081878,-0.0730381086469
1573118964184986153,133,1573118964131817102,,-0.128256112337,-0.0254801381379,-0.0977062210441
1573118964238229020,134,1573118964185661077,,-0.121066257358,-0.0240764394403,-0.0946634188294
1573118964292659937,135,1573118964238521099,,-0.120918259025,-0.023468580097,-0.0947747528553
1573118964346607486,136,1573118964293752908,,-0.116889953613,-0.0217929873616,-0.0926968157291
1573118964399790504,137,1573118964346791028,,-0.116062492132,-0.0213073287159,-0.092617444694
1573118964503650491,138,1573118964400188922,,-0.111355401576,-0.0199791453779,-0.0883090868592
1573118964557747877,139,1573118964504401922,,-0.0517804734409,-0.00879358965904,-0.0432130619884
1573118964611685733,140,1573118964558708906,,0.00171192677226,-0.00326526211575,0.000998581759632
1573118964666643562,141,1573118964612524032,,0.0438159219921,-0.000682111596689,0.0298947263509
1573118964770211037,142,1573118964667145013,,0.0504719503224,0.00129883061163,0.0416251309216
1573118964823145613,143,1573118964771172046,,0.0409621372819,0.00167684454937,0.0317609347403
1573118964877183436,144,1573118964823703050,,0.0292304288596,0.0010591201717,0.027939947322
1573118964931663553,145,1573118964878166913,,0.0475775562227,0.00542160077021,0.033787868917
1573118964986124985,146,1573118964932806015,,0.0501148253679,0.00503701902926,0.0380159765482
1573118965041556872,147,1573118964988292932,,0.0288546048105,0.003654549364,0.0254477262497
1573118965094366172,148,1573118965042217969,,0.0533586218953,0.0081474352628,0.0378689989448
1573118965147756577,149,1573118965094526052,,0.0460585430264,0.00688014179468,0.034485232085
1573118965201733593,150,1573118965148401021,,0.0265535209328,0.00337793165818,0.0252965111285
1573118965256131609,151,1573118965202511072,,0.0584071539342,0.0119201457128,0.0445113666356
1573118965309937377,152,1573118965256598949,,0.0321929082274,0.00546703999862,0.0280820261687
1573118965363993457,153,1573118965310292959,,0.0236213188618,0.00660937931389,0.0186078473926
1573118965417101154,154,1573118965364027023,,0.0453820824623,0.0108564598486,0.0340958870947
1573118965521636513,155,1573118965418257951,,0.0448729805648,0.0120750432834,0.0348269455135
1573118965576073461,156,1573118965522540092,,0.0504161082208,0.016568787396,0.0392494015396
1573118965630081784,157,1573118965576796054,,0.0500105135143,0.0172703266144,0.0395184792578
1573118965684477916,158,1573118965630886077,,0.0656789019704,0.0251733884215,0.0511549785733
1573118965738820786,159,1573118965685151100,,0.053034786135,0.0196741111577,0.0424228422344
1573118965793072965,160,1573118965739187955,,0.0596162006259,0.0266434904188,0.0465216450393
1573118965846834404,161,1573118965793562889,,0.0674573853612,0.0301469415426,0.0517612956464
1573118965899374314,162,1573118965847769975,,0.0397150740027,0.0149833355099,0.030818913132
1573118965952839811,163,1573118965899682044,,0.0293108168989,0.0146275637671,0.0242048930377
1573118966005747206,164,1573118965953285932,,0.0516254752874,0.0248967818916,0.0398783236742
1573118966059867817,165,1573118966006302118,,0.0351652354002,0.013378277421,0.0257090181112
1573118966114156307,166,1573118966060534000,,0.0349868126214,0.0209909882396,0.0277746245265
1573118966218463355,167,1573118966114741086,,0.0515643395483,0.0253218840808,0.0378868766129
1573118966274090256,168,1573118966220307111,,0.0414917990565,0.0260841455311,0.034011464566
1573118966328117547,169,1573118966274753093,,0.0302663259208,0.0146480314434,0.0220527481288
1573118966381821204,170,1573118966329090118,,0.056461378932,0.0355945900083,0.0455869212747
1573118966436303804,171,1573118966382186889,,0.106515318155,0.0663819983602,0.084460914135
1573118966490622515,172,1573118966436816930,,0.129574671388,0.0794943124056,0.100626051426
1573118966544569140,173,1573118966490808010,,0.12971188128,0.0792918354273,0.0999500080943
1573118966597764797,174,1573118966545391082,,0.132239058614,0.0800890251994,0.100630439818
1573118966651843303,175,1573118966597995042,,0.119177162647,0.074103564024,0.0914220362902
1573118966706444719,176,1573118966652210950,,0.0290488190949,0.0158958155662,0.0202788282186
1573118966760858342,177,1573118966707087993,,0.00848067831248,0.00683896336704,0.0077657783404
1573118966814008985,178,1573118966761482954,,0.0124705797061,0.0128211155534,0.0132140517235
1573118966868131645,179,1573118966814857959,,0.0154678495601,0.0131661398336,0.0131823075935
1573118966920879626,180,1573118966868766069,,0.0106939906254,0.0149192493409,0.0119190802798
1573118966974678982,181,1573118966921634912,,0.0100864646956,0.0158623047173,0.00880277901888
1573118967029944340,182,1573118966976139068,,0.00392716005445,0.0135389547795,0.00167096219957
1573118967084239870,183,1573118967030921936,,0.00371419172734,0.0137242814526,0.00363540323451
1573118967189058375,184,1573118967084903001,,0.00238876463845,0.0176662690938,0.00573672680184
1573118967243529002,185,1573118967190246105,,-0.00200792681426,0.0246421601623,0.00393651379272
1573118967296701221,186,1573118967244136095,,-0.00401226896793,0.0366539545357,0.00199380610138
1573118967351281098,187,1573118967297017097,,-0.000528009433765,0.0395299755037,0.00848855171353
1573118967405213373,188,1573118967352044105,,-0.00326385465451,0.0352251976728,-0.00268042855896
1573118967459432700,189,1573118967406212091,,0.00625899760053,0.0414988845587,0.0155414389446
1573118967513067785,190,1573118967460056066,,0.0105491252616,0.0409658923745,0.0172910057008
1573118967567803034,191,1573118967513803005,,0.00539610860869,0.0285539254546,0.00848811585456
1573118967621737344,192,1573118967567996025,,0.0020165827591,0.0153794428334,0.000307547190459
1573118967675913022,193,1573118967622643947,,0.0055354014039,0.0202569663525,0.00686702784151
1573118967731002723,194,1573118967676419973,,0.00345766195096,0.0136892450973,0.00406575948
1573118967784468562,195,1573118967731575965,,0.0028053431306,0.0103454384953,0.00277491845191
1573118967887397157,196,1573118967785042047,,0.00699145579711,0.0157261751592,0.00838577654213
1573118967940885097,197,1573118967888025045,,0.00730136968195,0.0173121206462,0.00825032126158
1573118967995800725,198,1573118967941955089,,0.0102522419766,0.0231744423509,0.00957894511521
1573118968049700893,199,1573118967996649980,,0.0191864166409,0.0330401100218,0.0175727326423
1573118968102378093,200,1573118968050427913,,0.0242983810604,0.0427791774273,0.0269505996257
1573118968205982406,201,1573118968102617025,,0.0224939696491,0.0306271053851,0.0209802240133
1573118968259402529,202,1573118968206614017,,0.0162999052554,0.0202787276357,0.0138413412496
1573118968312052452,203,1573118968259635925,,0.00916353240609,0.01138097886,0.00629075011238
1573118968365209392,204,1573118968312501907,,0.0114473896101,0.0141838118434,0.0110861593857
1573118968470359798,205,1573118968366081953,,0.0138187892735,0.0169115718454,0.0124416267499
1573118968524283219,206,1573118968470978021,,0.0146628227085,0.0176457241178,0.0129909692332
1573118968577226698,207,1573118968524789094,,0.0142042944208,0.0172848831862,0.0125427786261
1573118968681300956,208,1573118968577752113,,0.0143599752337,0.0174145698547,0.0126338629052
1573118968736177661,209,1573118968681741952,,0.0140983257443,0.0170756671578,0.0120693296194
1573118968788959307,210,1573118968735301017,,0.0138718178496,0.0166357923299,0.0118309957907
1573118968843003351,211,1573118968789645910,,0.0126653742045,0.0155287478119,0.0112814670429
1573118968895638475,212,1573118968843734979,,0.00791090819985,0.00944493338466,0.00620685191825
1573118968951563176,213,1573118968895853042,,0.00754636432976,0.00997804477811,0.00652579357848
1573118969005511566,214,1573118968952186107,,0.00802839640528,0.0104682845995,0.00690279528499
1573118969059953019,215,1573118969006515979,,0.00485066371039,0.0084718586877,0.00383771420456
1573118969113321428,216,1573118969060528039,,0.00546751264483,0.012197541073,0.00681063393131
1573118969216574418,217,1573118969113552093,,0.0031074041035,0.0101466700435,0.00290064397268
1573118969270088616,218,1573118969216808080,,0.00273474212736,0.0114365033805,0.00291735306382
1573118969323752529,219,1573118969270601034,,0.00126527249813,0.0103554436937,0.00206415378489
1573118969375599916,220,1573118969324368953,,0.00121531693731,0.0110296215862,0.00390104367398
1573118969479206587,221,1573118969375665903,,-0.00605839677155,0.0490248911083,0.00465309526771
1573118969533570738,222,1573118969479796886,,-0.0121364174411,0.111146524549,0.013207164593
1573118969587336892,223,1573118969534651041,,-0.0133664188907,0.110742785037,0.0108648436144
1573118969640801261,224,1573118969587579965,,-0.012256831862,0.107286944985,0.0119019588456
1573118969695542422,225,1573118969641483068,,-0.00907233729959,0.100576080382,0.0158143304288
1573118969750308394,226,1573118969697329998,,-0.00408286089078,0.017907967791,-0.00192909559701
1573118969804903234,227,1573118969751473903,,-0.00399591121823,0.00884316861629,-0.00413345079869
1573118969858099272,228,1573118969805541038,,-0.00088749662973,0.0020779822953,-0.000621911021881
1573118969961660246,229,1573118969858396053,,-0.000395926996134,-0.000105556988274,-0.000678049458656
1573118970014705259,230,1573118969962776899,,-5.4905343859e-05,-0.000171389809111,0.000233468614169
1573118970068090992,231,1573118970014842033,,-5.88993243582e-05,-0.000294178666081,-0.00016825311468
1573118970122400364,232,1573118970069046974,,-7.70188053139e-05,-5.20055727975e-05,7.30930623831e-05
1573118970176314533,233,1573118970122936010,,0.000125589693198,6.29588103038e-05,0.000233090366237
1573118970230568505,234,1573118970177131891,,0.000112234556582,-0.000143112774822,-2.31284047914e-05
1573118970285004031,235,1573118970231439113,,-1.83521278814e-05,-0.000134790840093,3.83751330446e-06
1573118970339082946,236,1573118970285583019,,-1.05807639557e-05,-3.89720298699e-05,6.76043491694e-05
1573118970391764273,237,1573118970339781999,,-0.000446677266154,-0.00010316776752,3.14845019602e-05
1573118970444255294,238,1573118970391880989,,2.37937697989e-07,-9.44654821069e-05,2.38304073719e-06
1573118970497494889,239,1573118970444482088,,4.72675264973e-06,-1.16708479254e-05,0.000155252986588
1573118970552266891,240,1573118970498781919,,9.76846640697e-05,4.42885648226e-05,0.000262217479758
1573118970606423089,241,1573118970553061008,,0.000125809150632,-4.77536996186e-05,0.000173789740074
1573118970711219775,242,1573118970607150077,,4.59150442111e-06,-7.35698777135e-05,0.000111854889838
1573118970766128364,243,1573118970712816953,,3.82102080039e-05,-7.29968860469e-06,0.000151691958308
1573118970819477385,244,1573118970766505956,,0.000225265757763,5.39858410775e-05,0.000266471703071
1573118970873527866,245,1573118970819883108,,2.74382764474e-05,-2.98267423204e-05,7.91954444139e-05
1573118970926638081,246,1573118970874016046,,8.10106503195e-05,5.77360442549e-05,0.000157309652423
1573118970980285979,247,1573118970926934003,,0.000162698648637,1.48312728925e-05,0.000170796207385
1573118971035207845,248,1573118970981132984,,3.18318525387e-05,-7.19538365956e-05,1.34762085509e-05
1573118971089667720,249,1573118971036134958,,-5.86833411944e-05,-0.000130450745928,-8.71235388331e-05
1573118971143469928,250,1573118971090111017,,6.45099935355e-05,2.15674826904e-05,1.35790387503e-05
1573118971198058087,251,1573118971144124031,,3.7752364733e-05,-4.78795082017e-05,-2.07175071409e-05
1573118971252385670,252,1573118971198911905,,-7.08375955583e-06,-3.10749710479e-05,6.58156859572e-05
1573118971306730930,253,1573118971253247022,,1.4812678728e-06,-1.29252948682e-05,9.64498176472e-05
1573118971360798925,254,1573118971307284116,,-5.87585309404e-05,-7.55177243263e-05,-7.66259327065e-05
1573118971415216402,255,1573118971361529111,,1.67715297721e-05,2.27188661484e-06,-4.88638761453e-05
1573118971718957037,256,1573118971415626049,,-0.000100614881376,-5.81933227295e-06,1.51266585817e-05
1573118971772792784,257,1573118971719655990,,-9.07917856239e-05,-1.59670253197e-05,-1.17518775369e-05
1573118971827511319,258,1573118971773948907,,-0.000132608198328,-3.86072060792e-05,-2.85124533548e-05
1573118971881499361,259,1573118971828138113,,-1.01722525869e-05,-1.60215950018e-05,2.69238025794e-05
1573118971934726877,260,1573118971882185935,,-8.47298797453e-05,-7.00849022905e-06,-8.70245494298e-05
1573118971988516446,261,1573118971935200929,,5.78364488319e-05,-4.02182959078e-05,-4.59485709143e-05
1573118972043413868,262,1573118971989103078,,1.35097197926e-05,1.87861696759e-05,4.48477148893e-05
1573118972099024533,263,1573118972044145107,,-2.14168685488e-05,5.46813935216e-05,0.000101739395177
1573118972151722373,264,1573118972098059892,,7.7031829278e-05,-9.34542913456e-06,2.98980739899e-05
1573118972205342866,265,1573118972152520895,,0.00013031475828,2.97189781122e-05,4.57538080809e-05
1573118972259530681,266,1573118972205796957,,-6.26387045486e-05,1.93335017684e-05,2.67105497187e-05
1573118972313480177,267,1573118972260179996,,3.14915960189e-05,-2.89939362119e-05,-3.95239876525e-05
1573118972367650904,268,1573118972314306020,,-4.75596170872e-05,-1.57690976721e-06,-3.49711117451e-05
1573118972421708249,269,1573118972368463993,,-8.11494246591e-05,3.5058841604e-05,-1.33525611545e-06
1573118972476312062,270,1573118972422683954,,-2.91313663183e-05,-1.98266880034e-05,7.52614482735e-07
1573118972529075751,271,1573118972476772069,,-0.000405284372391,0.000104004502646,0.000138977789902
1573118972582840730,272,1573118972529628038,,-2.3856811822e-05,-1.90272894542e-05,1.37526794788e-05
1573118972637183409,273,1573118972583586931,,1.25967844724e-05,5.10085956194e-05,4.84837710246e-06
1573118972693343708,274,1573118972639242887,,1.38398518175e-05,-6.11986888543e-06,-2.13084040297e-05
1573118972747562357,275,1573118972694164037,,-0.000107913459942,3.50256705133e-05,4.53028078482e-05
1573118972801570919,276,1573118972748246908,,-8.38296909933e-05,0.000104389044282,8.32834630273e-05
1573118972857330138,277,1573118972802602052,,4.57843198092e-05,-7.4327067523e-06,5.95148867433e-06
1573118972911789641,278,1573118972858103990,,7.18932933523e-05,1.50619653141e-05,3.49073270627e-05
1573118972965104517,279,1573118972912592887,,7.8572651546e-05,2.850418241e-05,1.88624435395e-05
1573118973068989130,280,1573118972965514898,,-0.000163164382684,-0.000114764996397,-0.000190801933059
1573118973122558489,281,1573118973069483041,,-3.14115059155e-05,5.47149502381e-05,6.23999658274e-05
1573118973176787132,282,1573118973123636960,,8.26804389362e-05,2.57888732449e-05,0.000119765616546
1573118973231051139,283,1573118973177639961,,0.000105990729935,5.37848018212e-06,4.89557605761e-05
1573118973284800711,284,1573118973231596946,,-7.86243908806e-05,-4.35971596744e-05,-8.92902899068e-05
1573118973338580853,285,1573118973285188913,,-0.000205594595172,-0.000116800758406,-0.000191967395949
1573118973394605499,286,1573118973340579986,,4.71737839689e-05,1.97286044568e-05,3.04527657136e-05
1573118973449055701,287,1573118973395240068,,1.59881130912e-06,-3.64179431926e-05,-4.81708921143e-05
1573118973502183329,288,1573118973449573993,,1.48711424117e-05,-1.2829705156e-05,3.21665065712e-05
1573118973555247930,289,1573118973502827882,,2.59058815573e-05,-6.31494694971e-05,-8.91589443199e-05
1573118973660142256,290,1573118973555860042,,0.00010532586748,7.24995479686e-05,7.65823206166e-05
1573118973714453558,291,1573118973660928964,,-1.44841260408e-05,5.47119270777e-05,5.70737101953e-05
1573118973768774287,292,1573118973715302944,,-5.61905198992e-06,-1.74012620846e-05,1.96582664103e-06
1573118973821232545,293,1573118973769282102,,-7.54962748033e-05,-5.3538587963e-05,-0.000132890301757
1573118973874512281,294,1573118973821402072,,-6.57820201013e-05,-2.29212946579e-05,-5.70186275581e-05
1573118973930044405,295,1573118973876840114,,-0.000391799549107,2.03217441594e-05,1.65415021911e-05
1573118973983939570,296,1573118973930548906,,-0.00483972672373,0.000343229650753,0.000211536738789
1573118974038961396,297,1573118973984358072,,-3.19858531839e-06,5.3381176258e-05,8.29202617751e-05
1573118974143850058,298,1573118974039834976,,-0.000110506254714,1.55192519742e-05,-3.4645319829e-05
1573118974198205902,299,1573118974145020008,,2.11723636312e-05,-1.4394830032e-05,1.03936436062e-05
1573118974252133064,300,1573118974198678970,,-9.07776120584e-05,-9.64822320384e-05,-8.79619256011e-05
1573118974306627379,301,1573118974252885103,,-0.000192579449504,-2.89610143227e-05,-5.32844569534e-05
1573118974360851125,302,1573118974307086944,,9.10319067771e-05,0.000111063949589,9.04194021132e-05
1573118974415384814,303,1573118974361394882,,0.000101133693533,-4.13744419347e-06,7.81927519711e-05
1573118974469226499,304,1573118974414906978,,3.64409861504e-05,8.17520995042e-05,0.000148555976921
1573118974523157393,305,1573118974469726085,,5.85934094488e-06,-1.55580401042e-05,8.52729954204e-06
1573118974626178928,306,1573118974524216890,,7.38642120268e-05,8.14263985376e-05,7.47487938497e-05
1573118974677569597,307,1573118974626585960,,-0.000116054172395,-2.23811239266e-05,-2.92900476779e-05
1573118974730837130,308,1573118974677685976,,-5.52370838705e-05,-9.88871215668e-06,-5.1158687711e-05
1573118974785604920,309,1573118974731215953,,-2.21635891648e-05,-7.09926971467e-05,-8.89791772352e-05
1573118974841948759,310,1573118974786773920,,0.000227528958931,1.87945115613e-05,0.000111207613372
1573118974895917553,311,1573118974842166900,,-0.000218131346628,4.28280166886e-08,-5.1051742048e-05
1573118974950495982,312,1573118974896374940,,0.000118059615488,7.06454375177e-05,0.000100647877844
1573118975005241084,313,1573118974951613903,,3.24971151713e-05,-9.57275915425e-06,6.91850027579e-06
1573118975059217273,314,1573118975005708932,,-0.000179932379979,-5.70600650462e-06,-8.64644025569e-05
1573118975112152355,315,1573118975059809923,,-8.01863498054e-05,-4.62094103568e-05,-7.67582241679e-05
1573118975164905635,316,1573118975112376928,,6.71185116516e-05,4.48198215963e-06,-1.51132762767e-05
1573118975218023110,317,1573118975165572881,,5.03725932504e-05,0.000115824070235,0.000146327947732
1573118975270634715,318,1573118975218548059,,-5.46883165953e-05,-5.75426311116e-05,-4.56749185105e-05
1573118975324262072,319,1573118975270896911,,-3.42993516824e-05,-5.59887776035e-05,-8.28106130939e-05
1573118975377967947,320,1573118975324712038,,-7.39651586628e-05,-3.71478672605e-05,-5.39507527719e-05
1573118975432366585,321,1573118975378729104,,-4.16734110331e-06,-6.65628158458e-06,-4.71382554679e-05
1573118975486330586,322,1573118975432796001,,-0.00098141503986,3.89915221604e-05,5.73371398787e-05
1573118975541966403,323,1573118975487025022,,-0.000105989362055,1.98035413632e-05,3.13278942485e-05
1573118975596524747,324,1573118975543267011,,6.84027836542e-05,1.82164894795e-05,7.11637185304e-05
1573118975650332706,325,1573118975597012996,,-5.44348949916e-06,1.01617570181e-05,-5.69938947592e-07
1573118975704986542,326,1573118975651109933,,-5.36847728654e-05,-1.53507164669e-06,-6.12108669884e-06
1573118975758706908,327,1573118975705605030,,0.0105726029724,-0.000680553261191,-0.00035536091309
1573118975861542857,328,1573118975759206056,,-4.97855107824e-05,4.09005588153e-05,2.41588350036e-05
1573118975915375754,329,1573118975862097978,,8.89315997483e-05,-1.24794314615e-05,2.07495468203e-05
1573118975969360851,330,1573118975915812969,,-0.000139513111208,-4.73038453492e-05,6.9914362939e-06
1573118976023214356,331,1573118975969825983,,-9.28151566768e-05,-6.71245834383e-06,-6.81849951434e-06
1573118976127392903,332,1573118976023611068,,4.58275644633e-05,1.14173244583e-05,7.23235598343e-06
1573118976181679207,333,1573118976127973079,,-2.20273141167e-05,-3.41716295225e-05,3.42110579368e-05
1573118976234578673,334,1573118976182221889,,-8.42215085868e-05,2.62238681898e-05,-4.95030581078e-05
1573118976288042056,335,1573118976234702110,,2.62422290689e-05,7.98387009127e-06,-1.06035058707e-05
1573118976341299839,336,1573118976288767099,,-4.24525569542e-05,-4.61970703327e-05,-8.70859294082e-05
1573118976395776204,337,1573118976342154979,,-0.000122555429698,-7.03559089743e-06,-5.6941235016e-06
1573118976450101983,338,1573118976396226882,,6.50664442219e-05,-2.29279503401e-05,-9.00335817278e-06
1573118976505361989,339,1573118976450457096,,1.12558482215e-05,5.21722540725e-05,3.67772991012e-05
1573118976609091283,340,1573118976505624055,,3.64733386959e-05,1.63034746947e-05,2.90659791062e-05
1573118976664618074,341,1573118976609926939,,2.90285861411e-05,1.21844004752e-05,4.52699823654e-05
1573118976717842004,342,1573118976664180040,,-0.00109946122393,-2.00695230888e-05,-9.48172237258e-05
1573118976772235524,343,1573118976718307971,,2.99072189591e-06,-1.68769911397e-05,-9.28760491661e-05
1573118976828021253,344,1573118976772933006,,-9.53758426476e-05,-5.27923111804e-05,-9.1928675829e-05
1573118976880698126,345,1573118976827037096,,-7.49155833546e-06,8.39644371808e-07,1.76888261194e-05
1573118976934596860,346,1573118976881459951,,3.80851524824e-05,-1.79308335646e-05,-2.32296879403e-05
1573118976989119884,347,1573118976935400962,,-6.00957810093e-06,-1.75282229975e-06,-1.34823822009e-05
1573118977093622507,348,1573118976989801883,,8.11130303191e-06,-4.50570769317e-05,-2.99932253256e-05
1573118977147676611,349,1573118977093978881,,-7.24126948626e-05,7.35327193979e-06,1.44158711919e-05
1573118977201836398,350,1573118977148386955,,-3.41904087691e-05,7.08158186171e-05,4.18471281591e-05
1573118977255210180,351,1573118977202498912,,0.000108240747068,4.22030607297e-05,8.77453712747e-05
1573118977308348451,352,1573118977255461931,,0.000114281625429,2.74575759249e-05,0.000105583974801
1573118977363036469,353,1573118977308661937,,0.000259555497905,3.31413320964e-05,2.76129303529e-05
1573118977415391350,354,1573118977362232923,,-0.000152342297952,-5.8377854657e-06,-3.19212304021e-05
1573118977468295380,355,1573118977415889978,,-5.19737977811e-06,2.19890316657e-05,2.27032087423e-05
1573118977573229119,356,1573118977468708992,,-1.74670694832e-05,-3.08233757096e-05,1.17520203275e-05
1573118977627053369,357,1573118977574451923,,-8.51920922287e-05,1.86203833437e-05,-2.54710721492e-05
1573118977680977800,358,1573118977627552032,,-1.8750441086e-05,-9.39962228586e-06,-6.09562921454e-05
1573118977735100966,359,1573118977681457996,,5.47963172721e-05,2.59295920841e-05,7.16658760211e-05
1573118977788048831,360,1573118977735466957,,-8.78726405062e-06,7.07291519575e-06,6.48130371701e-05
1573118977841127043,361,1573118977788414955,,5.95180063101e-06,8.81637242856e-06,-5.10630297867e-06
1573118977894719778,362,1573118977841371059,,-4.24432364525e-05,-5.36181541975e-05,-9.37214135774e-05
1573118977948285001,363,1573118977895246982,,2.51168821706e-05,3.1272713386e-05,6.98539079167e-05
1573118978002005366,364,1573118977949537038,,-2.50607972703e-05,7.91705097072e-05,0.000110635817691
1573118978105746463,365,1573118978002576112,,4.4670610805e-05,2.17524157051e-05,6.16402903688e-05
1573118978159195899,366,1573118978106252908,,-2.11981896427e-05,2.81312477455e-05,6.05812965659e-05
1573118978212514908,367,1573118978159646034,,7.99631307018e-05,9.50693083723e-06,6.49162029731e-05
1573118978265967045,368,1573118978212788105,,-7.0646929089e-05,-7.79314650572e-05,-0.000103246507933
