%time,field.header.seq,field.header.stamp,field.header.frame_id,field.speed,field.vx,field.vy,field.vz
1573118956215748731,245,1573118956111426115,,0.0,-9.99999974738e-06,-9.99999974738e-06,9.99999974738e-06
1573118956269179785,246,1573118956215181112,,0.0,-9.99999974738e-06,2.99999992421e-05,9.99999974738e-06
1573118956322731792,247,1573118956269287109,,0.0,-0.0,-1.99999994948e-05,0.0
1573118956376224000,248,1573118956322308063,,0.0,-9.99999974738e-06,-0.0,0.0
1573118956430256746,249,1573118956375557899,,0.0,0.0,-1.99999994948e-05,-0.0
1573118956485761614,250,1573118956429634094,,0.0,-9.99999974738e-06,1.99999994948e-05,9.99999974738e-06
1573118956539829714,251,1573118956485774040,,0.0,0.0,9.99999974738e-06,-0.0
1573118956593743603,252,1573118956540056943,,0.0,9.99999974738e-06,1.99999994948e-05,-9.99999974738e-06
1573118956648642381,253,1573118956593825101,,0.0,0.0,9.99999974738e-06,0.0
1573118956703014851,254,1573118956648139953,,0.0,-1.99999994948e-05,9.99999974738e-06,0.0
1573118956756968175,255,1573118956701591014,,0.0,9.99999974738e-06,-9.99999974738e-06,-9.99999974738e-06
1573118956809256581,256,1573118956757076025,,0.0,-0.0,-9.99999974738e-06,9.99999974738e-06
1573118956863833286,257,1573118956808811902,,0.0,-0.0,9.99999974738e-06,0.0
1573118956918315218,258,1573118956862993955,,0.0,-9.99999974738e-06,0.0,0.0
1573118956973803629,259,1573118956917921066,,0.0,-0.0,9.99999974738e-06,0.0
1573118957029180533,260,1573118956973160028,,0.0,9.99999974738e-06,9.99999974738e-06,-9.99999974738e-06
1573118957081266229,261,1573118957028672933,,0.0,-9.99999974738e-06,-9.99999974738e-06,0.0
1573118957134357448,262,1573118957080771923,,0.0,-0.0,-1.99999994948e-05,0.0
1573118957239619773,263,1573118957134637117,,0.0,-1.99999994948e-05,2.99999992421e-05,9.99999974738e-06
1573118957293752876,264,1573118957239732027,,0.0,0.0,-9.99999974738e-06,0.0
1573118957347699571,265,1573118957293517112,,0.0,-9.99999974738e-06,-9.99999974738e-06,9.99999974738e-06
1573118957402222510,266,1573118957347232103,,0.0,-0.0,-0.0,-0.0
1573118957455194005,267,1573118957401065111,,0.0,-0.0,9.99999974738e-06,-0.0
1573118957506991032,268,1573118957453664064,,0.0,-0.0,2.99999992421e-05,-0.0
1573118957560603381,269,1573118957507082939,,0.0,0.0,9.99999974738e-06,-0.0
1573118957614857444,270,1573118957560691118,,0.0,-9.99999974738e-06,-9.99999974738e-06,0.0
1573118957718580089,271,1573118957613986968,,0.0,9.99999974738e-06,0.0,-9.99999974738e-06
1573118957771683070,272,1573118957717952013,,0.0,-0.0,9.99999974738e-06,0.0
1573118957826047877,273,1573118957771610975,,0.0,-0.0,-9.99999974738e-06,-0.0
1573118957879187031,274,1573118957825341939,,0.0,0.0,-0.0,-0.0
1573118957934198692,275,1573118957879270076,,0.0,0.0,1.99999994948e-05,0.0
1573118957987325603,276,1573118957933414936,,0.0,1.99999994948e-05,-0.0,-9.99999974738e-06
1573118958041601803,277,1573118957987639904,,0.0,0.0,-1.99999994948e-05,0.0
1573118958096154511,278,1573118958041763067,,0.0,9.99999974738e-06,-3.99999989895e-05,-0.0
1573118958200441034,279,1573118958096103906,,0.0,9.99999974738e-06,-3.99999989895e-05,-9.99999974738e-06
1573118958253186587,280,1573118958200119018,,0.0,9.99999974738e-06,-0.0,-0.0
1573118958307155094,281,1573118958252727031,,0.0,-9.99999974738e-06,1.99999994948e-05,9.99999974738e-06
1573118958360509068,282,1573118958306459903,,0.0,9.99999974738e-06,9.99999974738e-06,-9.99999974738e-06
1573118958412722503,283,1573118958360671997,,0.0,9.99999974738e-06,-1.99999994948e-05,-0.0
1573118958463417199,284,1573118958412313938,,0.0,-0.0,1.99999994948e-05,0.0
1573118958519317905,285,1573118958463432073,,0.0,-0.0,0.0,0.0
1573118958572938593,286,1573118958518413066,,0.0,-9.99999974738e-06,-9.99999974738e-06,9.99999974738e-06
1573118958626711746,287,1573118958572321891,,0.0,-9.99999974738e-06,1.99999994948e-05,0.0
1573118958680502417,288,1573118958626291036,,0.0,9.99999974738e-06,2.99999992421e-05,-0.0
1573118958733463054,289,1573118958680394887,,0.0,-9.99999974738e-06,2.99999992421e-05,9.99999974738e-06
1573118958788331578,290,1573118958733393907,,0.0,1.99999994948e-05,9.99999974738e-06,-9.99999974738e-06
1573118958840618437,291,1573118958788606882,,0.0,9.99999974738e-06,-0.0,-0.0
1573118958894299086,292,1573118958840276002,,0.0,-0.0,-9.99999974738e-06,-0.0
1573118958947176739,293,1573118958893770933,,0.0,0.0,-1.99999994948e-05,-0.0
1573118958999743583,294,1573118958946533918,,0.0,-0.0,-1.99999994948e-05,0.0
1573118959053713963,295,1573118958999212980,,0.0,0.0,-1.99999994948e-05,-0.0
1573118959107333429,296,1573118959053172111,,0.0,9.99999974738e-06,-9.99999974738e-06,-0.0
1573118959160387799,297,1573118959106935977,,0.0,9.99999974738e-06,-9.99999974738e-06,-0.0
1573118959214304979,298,1573118959159967899,,0.0,9.99999974738e-06,-2.99999992421e-05,-9.99999974738e-06
1573118959267957510,299,1573118959213547945,,0.0,-9.99999974738e-06,0.0,0.0
1573118959322874494,300,1573118959268095970,,0.0,-1.99999994948e-05,-9.99999974738e-06,9.99999974738e-06
1573118959376823379,301,1573118959322067022,,0.0,0.0,-1.99999994948e-05,-0.0
1573118959430713015,302,1573118959376941919,,0.0,0.0,0.0,0.0
1573118959485086280,303,1573118959430779933,,0.0,0.0,1.99999994948e-05,0.0
1573118959588619110,304,1573118959484333038,,0.0,9.99999974738e-06,1.99999994948e-05,-0.0
1573118959642030049,305,1573118959587697029,,0.0,-0.0,9.99999974738e-06,0.0
1573118959696156787,306,1573118959642144918,,0.0,0.0,1.99999994948e-05,-0.0
1573118959749701391,307,1573118959696172952,,0.0,-9.99999974738e-06,-9.99999974738e-06,0.0
1573118959803584950,308,1573118959749764919,,0.0,-9.99999974738e-06,-9.99999974738e-06,9.99999974738e-06
1573118959856356696,309,1573118959803719997,,0.0,9.99999974738e-06,0.0,-9.99999974738e-06
1573118959909212592,310,1573118959856004953,,0.0,9.99999974738e-06,-0.0,-9.99999974738e-06
1573118959962472210,311,1573118959909013032,,0.0,-9.99999974738e-06,9.99999974738e-06,0.0
1573118960013905106,312,1573118959961776971,,0.0,-9.99999974738e-06,-9.99999974738e-06,9.99999974738e-06
1573118960065516676,313,1573118960013407945,,0.0,0.0,-0.0,-0.0
1573118960171046099,314,1573118960065572023,,0.0,-0.0,-9.99999974738e-06,-0.0
1573118960223665403,315,1573118960171287059,,0.0,9.99999974738e-06,-0.0,-9.99999974738e-06
1573118960277385651,316,1573118960223537921,,0.0,-9.99999974738e-06,1.99999994948e-05,9.99999974738e-06
1573118960331699016,317,1573118960277566909,,0.0,9.99999974738e-06,1.99999994948e-05,-0.0
1573118960383206036,318,1573118960331362009,,0.0,-0.0,-9.99999974738e-06,0.0
1573118960485890826,319,1573118960383301019,,0.0,-9.99999974738e-06,-9.99999974738e-06,9.99999974738e-06
1573118960540284901,320,1573118960486077070,,0.0,-0.0,9.99999974738e-06,0.0
1573118960591678419,321,1573118960540437936,,0.0,9.99999974738e-06,-1.99999994948e-05,-9.99999974738e-06
1573118960646108371,322,1573118960591485977,,0.0,9.99999974738e-06,1.99999994948e-05,0.0
1573118960699798998,323,1573118960645226955,,0.0,-9.99999974738e-06,-0.0,9.99999974738e-06
1573118960753218413,324,1573118960699019908,,0.0,9.99999974738e-06,0.0,-0.0
1573118960807189979,325,1573118960753377914,,0.0,9.99999974738e-06,0.0,0.0
1573118960862686371,326,1573118960807322978,,0.0,0.0,-3.99999989895e-05,-0.0
1573118960915270345,327,1573118960861962080,,0.0,-9.99999974738e-06,-1.99999994948e-05,0.0
1573118961019340208,328,1573118960914937019,,0.0,9.99999974738e-06,4.99999987369e-05,-9.99999974738e-06
1573118961071907207,329,1573118961018665075,,0.0,0.0,-9.99999974738e-06,-0.0
1573118961124918167,330,1573118961071557998,,0.0,9.99999974738e-06,-0.0,-9.99999974738e-06
1573118961178619070,331,1573118961124191045,,0.0,-0.0,1.99999994948e-05,-0.0
1573118961231880906,332,1573118961178215026,,0.0,-0.0,-9.99999974738e-06,-0.0
1573118961285486027,333,1573118961232074975,,0.0,9.99999974738e-06,-0.0,-0.0
1573118961337994567,334,1573118961284840106,,0.0,-0.0,0.0,0.0
1573118961391923150,335,1573118961337723970,,0.0,-9.99999974738e-06,-9.99999974738e-06,0.0
1573118961445536568,336,1573118961391988039,,0.0,9.99999974738e-06,3.99999989895e-05,0.0
1573118961498353836,337,1573118961445312976,,0.0,0.0,1.99999994948e-05,0.0
1573118961550806805,338,1573118961497956991,,0.0,0.0,-2.99999992421e-05,0.0
1573118961604520540,339,1573118961550786972,,0.0,-9.99999974738e-06,-9.99999974738e-06,0.0
1573118961659695881,340,1573118961604362964,,0.0,-9.99999974738e-06,1.99999994948e-05,9.99999974738e-06
1573118961713518495,341,1573118961658974885,,9.99999974738e-05,-9.99999974738e-06,-4.99999987369e-05,9.99999974738e-06
1573118961814396230,342,1573118961712779045,,0.0,9.99999974738e-06,-0.0,-0.0
1573118961868629500,343,1573118961814208030,,0.0,9.99999974738e-06,0.0,-9.99999974738e-06
1573118961922642367,344,1573118961867887020,,0.0,-1.99999994948e-05,9.99999974738e-06,9.99999974738e-06
1573118961976285564,345,1573118961921978950,,0.0,9.99999974738e-06,9.99999974738e-06,0.0
1573118962028311770,346,1573118961975574016,,9.99999974738e-05,-9.99999974738e-06,-4.99999987369e-05,0.0
1573118962132055289,347,1573118962027945041,,0.0,-0.0,-9.99999974738e-06,0.0
1573118962186512609,348,1573118962132081031,,0.0,9.99999974738e-06,9.99999974738e-06,-9.99999974738e-06
1573118962240351426,349,1573118962186554908,,0.0,9.99999974738e-06,2.99999992421e-05,-9.99999974738e-06
1573118962346487272,350,1573118962240444898,,0.0,9.99999974738e-06,0.0,-0.0
1573118962401665826,351,1573118962345761060,,0.0,0.0,2.99999992421e-05,-0.0
1573118962454471006,352,1573118962400769948,,0.0,-9.99999974738e-06,-0.0,0.0
1573118962508943022,353,1573118962454560041,,0.0,-9.99999974738e-06,-9.99999974738e-06,0.0
1573118962563947290,354,1573118962508285999,,0.0,1.99999994948e-05,-1.99999994948e-05,-9.99999974738e-06
1573118962616014419,355,1573118962563246011,,0.0,-9.99999974738e-06,-0.0,0.0
1573118962669034835,356,1573118962616195917,,0.0,9.99999974738e-06,1.99999994948e-05,-0.0
1573118962722311491,357,1573118962669123888,,0.0,9.99999974738e-06,-9.99999974738e-06,-9.99999974738e-06
1573118962775977403,358,1573118962721673011,,0.0,0.0,0.0,0.0
1573118962878416408,359,1573118962775405883,,0.0,-0.0,0.0,-0.0
1573118962932613481,360,1573118962878787040,,0.0,-0.0,-9.99999974738e-06,0.0
1573118962985417412,361,1573118962932691097,,0.0,9.99999974738e-06,-1.99999994948e-05,-9.99999974738e-06
1573118963037468406,362,1573118962985457897,,0.0,0.0,-9.99999974738e-06,0.0
1573118963088432402,363,1573118963037314891,,0.0,0.0,-9.99999974738e-06,-0.0
1573118963142849931,364,1573118963088210105,,0.0,-9.99999974738e-06,-9.99999974738e-06,9.99999974738e-06
1573118963193354411,365,1573118963142163991,,0.0,0.0,-0.0,-0.0
1573118963245925793,366,1573118963193380117,,0.0,0.0,0.0,-0.0
1573118963299460147,367,1573118963245644092,,0.0,-0.0,0.0,0.0
1573118963351484088,368,1573118963299719095,,0.0,-2.99999992421e-05,-9.99999974738e-06,9.99999974738e-06
1573118963405406504,369,1573118963351166963,,0.0,-0.0,-9.99999974738e-06,0.0
1573118963458138946,370,1573118963404757022,,0.0,-0.0,9.99999974738e-06,0.0
1573118963511376498,371,1573118963457324981,,0.0,-9.99999974738e-06,2.99999992421e-05,9.99999974738e-06
1573118963614985724,372,1573118963511415958,,0.0,0.0,9.99999974738e-06,-0.0
1573118963969330705,373,1573118963615612983,,0.0,-1.99999994948e-05,9.99999974738e-06,9.99999974738e-06
1573118964024102439,374,1573118963969757080,,0.0,9.99999974738e-06,9.99999974738e-06,-0.0
1573118964077276679,375,1573118964024478912,,0.001200000057,-0.00112999998964,-0.000209999998333,0.000209999998333
1573118964131460298,376,1573118964077666997,,0.00520000001416,-0.0047800000757,-0.00197000009939,-0.000110000000859
1573118964187169013,377,1573118964131817102,,0.0111999996006,-0.0101800002158,-0.00466000009328,-0.000310000003083
1573118964238879352,378,1573118964185661077,,0.017100000754,-0.0154499998316,-0.00724999979138,-0.000419999996666
1573118964293693402,379,1573118964238521099,,0.0230999998748,-0.0208299998194,-0.00987999979407,-0.000469999999041
1573118964347245174,380,1573118964293752908,,0.0294000003487,-0.0265100002289,-0.0126000000164,-0.000440000003437
1573118964400153466,381,1573118964346791028,,0.0351999998093,-0.0317599996924,-0.0150600001216,-0.00034999998752
1573118964504162156,382,1573118964400188922,,0.0417999997735,-0.0377300009131,-0.017899999395,-0.000239999993937
1573118964558125100,383,1573118964504401922,,0.0498999990523,-0.045079998672,-0.0213099997491,-9.99999974738e-06
1573118964612384305,384,1573118964558708906,,0.0740000009537,-0.0666799992323,-0.0320799984038,-0.000319999991916
1573118964667016696,385,1573118964612524032,,0.068599998951,-0.0612200014293,-0.0309200007468,-0.000250000011874
1573118964771061513,386,1573118964667145013,,0.0592000000179,-0.0523900017142,-0.027519999072,-0.000159999995958
1573118964823676898,387,1573118964771172046,,0.0395999997854,-0.034469999373,-0.0194400008768,0.000410000007832
1573118964877727051,388,1573118964823703050,,0.0303000006825,-0.0260300002992,-0.0154400002211,0.000369999994291
1573118964932779598,389,1573118964878166913,,0.0179999992251,-0.0147399995476,-0.0102899996564,0.000809999997728
1573118964988511025,390,1573118964932806015,,0.00680000009015,-0.00402999995276,-0.0054999999702,0.000569999974687
1573118965042127787,391,1573118964988292932,,0.00510000018403,0.00487999990582,-0.00147000001743,0.000239999993937
1573118965094366167,392,1573118965042217969,,0.0174000002444,0.0168999992311,0.00418000016361,0.000560000014957
1573118965148401886,393,1573118965094526052,,0.0337999984622,0.0320600010455,0.0107399998233,-4.99999987369e-05
1573118965202436817,394,1573118965148401021,,0.0344999991357,0.0325599983335,0.0114000001922,5.99999984843e-05
1573118965256501920,395,1573118965202511072,,0.0351999998093,0.0327700003982,0.0129199996591,0.000239999993937
1573118965311126998,396,1573118965256598949,,0.0348000004888,0.032120000571,0.0132900001481,0.000289999996312
1573118965364766319,397,1573118965310292959,,0.0326000005007,0.0298999994993,0.0129399998114,-0.000220000001718
1573118965418146508,398,1573118965364027023,,0.0346000008285,0.0315600000322,0.0142799997702,0.00034999998752
1573118965522257887,399,1573118965418257951,,0.034200001508,0.0309599991888,0.0144800003618,-0.000300000014249
1573118965576538817,400,1573118965522540092,,0.0355999991298,0.0318100005388,0.0160900000483,0.0
1573118965630863291,401,1573118965576796054,,0.0379999987781,0.0336799994111,0.017689999193,5.99999984843e-05
1573118965685781411,402,1573118965630886077,,0.0401000007987,0.0349100008607,0.0197999998927,-0.000190000006114
1573118965739077384,403,1573118965685151100,,0.0417999997735,0.0360100008547,0.0212900005281,2.99999992421e-05
1573118965793304019,404,1573118965739187955,,0.0445000007749,0.0380700007081,0.0230700001121,2.99999992421e-05
1573118965847446575,405,1573118965793562889,,0.0465999990702,0.0392899997532,0.0249799992889,-0.000159999995958
1573118965899617800,406,1573118965847769975,,0.0458000004292,0.0384999997914,0.0249000005424,-9.00000013644e-05
1573118965953349828,407,1573118965899682044,,0.0472000017762,0.0393700003624,0.0260300002992,3.99999989895e-05
1573118966006074640,408,1573118965953285932,,0.0485000014305,0.0399099998176,0.0275400001556,2.99999992421e-05
1573118966061343420,409,1573118966006302118,,0.0465000011027,0.0381399989128,0.0265200007707,-5.99999984843e-05
1573118966114399501,410,1573118966060534000,,0.0476999990642,0.0385299995542,0.028069999069,4.99999987369e-05
1573118966220163484,411,1573118966114741086,,0.0483000017703,0.0388199985027,0.028710000217,9.00000013644e-05
1573118966274592896,412,1573118966220307111,,0.0465999990702,0.036740001291,0.0286899991333,-9.99999974738e-06
1573118966328728772,413,1573118966274753093,,0.0434999987483,0.0343299992383,0.0267099998891,-0.000190000006114
1573118966382054138,414,1573118966329090118,,0.0452000014484,0.035229999572,0.0283599998802,-7.9999997979e-05
1573118966436721186,415,1573118966382186889,,0.0505000017583,0.0389499999583,0.0321899987757,-0.000419999996666
1573118966490577646,416,1573118966436816930,,0.0612000003457,0.0467999987304,0.0393600016832,-0.000199999994948
1573118966545228381,417,1573118966490808010,,0.0697999969125,0.0531999990344,0.0451700016856,-0.000150000007125
1573118966598332573,418,1573118966545391082,,0.0772999972105,0.0590599998832,0.049809999764,-0.000339999998687
1573118966652140699,419,1573118966597995042,,0.0850000008941,0.0643900036812,0.0555399991572,0.000319999991916
1573118966706729136,420,1573118966652210950,,0.082999996841,0.063210003078,0.0538199990988,-4.99999987369e-05
1573118966761357143,421,1573118966707087993,,0.0794000029564,0.0601399987936,0.0517899990082,9.99999974738e-05
1573118966814664035,422,1573118966761482954,,0.0785000026226,0.0598100014031,0.0508500002325,-0.000119999996969
1573118966868368860,423,1573118966814857959,,0.0785000026226,0.0590899996459,0.0517299994826,0.000230000005104
1573118966921572561,424,1573118966868766069,,0.0734999999404,0.0547199994326,0.0490499995649,0.000330000009853
1573118966975497357,425,1573118966921634912,,0.0621000006795,0.0461000017822,0.0416099987924,0.000239999993937
1573118967030416642,426,1573118966976139068,,0.0496000014246,0.0359399989247,0.0341599993408,0.000390000001062
1573118967084563486,427,1573118967030921936,,0.0375000014901,0.0261199995875,0.0269399993122,0.000360000005458
1573118967189606061,428,1573118967084903001,,0.0258000008762,0.0164500009269,0.0198999997228,0.000209999998333
1573118967243881933,429,1573118967190246105,,0.0166999995708,0.00834000017494,0.0144199999049,-0.000150000007125
1573118967297309519,430,1573118967244136095,,0.0189999993891,0.00631000008434,0.0178699996322,3.99999989895e-05
1573118967351695081,431,1573118967297017097,,0.021099999547,0.00604999996722,0.0201799999923,9.99999974738e-06
1573118967405798200,432,1573118967352044105,,0.0226000007242,0.00559000018984,0.0219299998134,2.99999992421e-05
1573118967459882528,433,1573118967406212091,,0.0254999995232,0.00555999996141,0.024849999696,3.99999989895e-05
1573118967513615936,434,1573118967460056066,,0.0275999996811,0.00590999983251,0.0269200000912,0.0
1573118967567767498,435,1573118967513803005,,0.0281000006944,0.00560999987647,0.0274899993092,5.99999984843e-05
1573118967622463891,436,1573118967567996025,,0.0281000006944,0.00571999978274,0.0275400001556,-3.99999989895e-05
1573118967676666781,437,1573118967622643947,,0.0288999993354,0.00586999999359,0.0282600000501,9.99999974738e-06
1573118967731033178,438,1573118967676419973,,0.0288999993354,0.0059299999848,0.0283300001174,1.99999994948e-05
1573118967784763311,439,1573118967731575965,,0.0294000003487,0.00652999989688,0.028710000217,-9.99999974738e-06
1573118967887816622,440,1573118967785042047,,0.0258000008762,0.00669999979436,0.0248700007796,9.99999974738e-06
1573118967941460080,441,1573118967888025045,,0.024299999699,0.00718999980018,0.0232299994677,1.99999994948e-05
1573118967996226017,442,1573118967941955089,,0.0228000003844,0.00737999984995,0.0216000005603,-9.99999974738e-06
1573118968051089611,443,1573118967996649980,,0.023199999705,0.0085199996829,0.0216000005603,9.99999974738e-06
1573118968103000488,444,1573118968050427913,,0.0236000008881,0.00989999994636,0.0214000009,-3.99999989895e-05
1573118968206424197,445,1573118968102617025,,0.0247000008821,0.0107100000605,0.0222999993712,-9.99999974738e-06
1573118968260326089,446,1573118968206614017,,0.0263999998569,0.0123800002038,0.0233200006187,-9.99999974738e-06
1573118968312619113,447,1573118968259635925,,0.0254999995232,0.0124099999666,0.0222399998456,-2.99999992421e-05
1573118968365902386,448,1573118968312501907,,0.0255999993533,0.0127999996766,0.0222200006247,-9.99999974738e-06
1573118968470573180,449,1573118968366081953,,0.0267999991775,0.0135899996385,0.0231400001794,0.0
1573118968525495446,450,1573118968470978021,,0.0269000008702,0.0140899997205,0.0229599997401,-9.99999974738e-06
1573118968577673415,451,1573118968524789094,,0.0273000001907,0.0148200001568,0.0229700002819,-2.99999992421e-05
1573118968682855367,452,1573118968577752113,,0.0276999995112,0.0150300003588,0.0232200007886,1.99999994948e-05
1573118968736016320,453,1573118968681741952,,0.0250000003725,0.0143799996004,0.0204600002617,-4.99999987369e-05
1573118968789483206,454,1573118968735301017,,0.0229000002146,0.0131999999285,0.0187199991196,2.99999992421e-05
1573118968843677172,455,1573118968789645910,,0.0217000003904,0.0127400001511,0.0175999999046,1.99999994948e-05
1573118968896114920,456,1573118968843734979,,0.0190999992192,0.0112800002098,0.0153900003061,1.99999994948e-05
1573118968951970176,457,1573118968895853042,,0.0190999992192,0.0113099999726,0.0154100004584,1.99999994948e-05
1573118969006384285,458,1573118968952186107,,0.0185000002384,0.0109999999404,0.0149299995974,9.99999974738e-06
1573118969060843656,459,1573118969006515979,,0.0174000002444,0.0103399995714,0.0140399998054,-9.99999974738e-06
1573118969114203749,460,1573118969060528039,,0.0166999995708,0.00951999984682,0.0137200001627,1.99999994948e-05
1573118969216615381,461,1573118969113552093,,0.0153999999166,0.00872000027448,0.0126700000837,1.99999994948e-05
1573118969270428657,462,1573118969216808080,,0.0147000001743,0.00779000017792,0.012480000034,3.99999989895e-05
1573118969324764264,463,1573118969270601034,,0.0129000004381,0.00640999991447,0.0112100001425,1.99999994948e-05
1573118969375611533,464,1573118969324368953,,0.0122999995947,0.00551000004634,0.0109500000253,9.99999974738e-06
1573118969479562410,465,1573118969375665903,,0.0116999996826,0.0046999999322,0.01070000045,-0.0
1573118969534449475,466,1573118969479796886,,0.0265999995172,0.00554999988526,0.0260199997574,-2.99999992421e-05
1573118969587952222,467,1573118969534651041,,0.0351000018418,0.00591999990866,0.0346399992704,-9.99999974738e-06
1573118969642126855,468,1573118969587579965,,0.0439000017941,0.00628999993205,0.0434699989855,-1.99999994948e-05
1573118969697295619,469,1573118969641483068,,0.0516999997199,0.00677999993786,0.0512900017202,-9.99999974738e-06
1573118969752091323,470,1573118969697329998,,0.0520000010729,0.0064400001429,0.0516400001943,-9.99999974738e-06
1573118969805647803,471,1573118969751473903,,0.0520999990404,0.00610999995843,0.051709998399,9.99999974738e-06
1573118969858794241,472,1573118969805541038,,0.0540000014007,0.00582000007853,0.0537099987268,0.0
1573118969962795671,473,1573118969858396053,,0.0533000007272,0.0055800001137,0.0530200004578,1.99999994948e-05
1573118970015268443,474,1573118969962776899,,0.0478999987245,0.00490000005811,0.0476600006223,9.99999974738e-06
1573118970068492193,475,1573118970014842033,,0.0467000007629,0.00471000000834,0.0464800000191,-0.0
1573118970122878125,476,1573118970069046974,,0.0326000005007,0.00331999990158,0.0324399992824,1.99999994948e-05
1573118970176756344,477,1573118970122936010,,0.0222999993712,0.00224999990314,0.0221900008619,1.99999994948e-05
1573118970231316551,478,1573118970177131891,,0.0118000004441,0.00115999998525,0.0117399999872,9.99999974738e-06
1573118970285433832,479,1573118970231439113,,0.00279999990016,0.000199999994948,0.0027499999851,1.99999994948e-05
1573118970339491779,480,1573118970285583019,,0.000600000028498,-1.99999994948e-05,0.000630000024103,-9.99999974738e-06
1573118970391782682,481,1573118970339781999,,9.99999974738e-05,-4.99999987369e-05,-5.99999984843e-05,-1.99999994948e-05
1573118970444371806,482,1573118970391880989,,9.99999974738e-05,-5.99999984843e-05,-5.99999984843e-05,-9.99999974738e-06
1573118970498434094,483,1573118970444482088,,9.99999974738e-05,-3.99999989895e-05,-4.99999987369e-05,-1.99999994948e-05
1573118970552807879,484,1573118970498781919,,9.99999974738e-05,-4.99999987369e-05,-5.99999984843e-05,-9.99999974738e-06
1573118970607377792,485,1573118970553061008,,9.99999974738e-05,-7.9999997979e-05,-4.99999987369e-05,9.99999974738e-06
1573118970711153623,486,1573118970607150077,,9.99999974738e-05,-5.99999984843e-05,-1.99999994948e-05,-0.0
1573118970767210456,487,1573118970712816953,,9.99999974738e-05,-4.99999987369e-05,-3.99999989895e-05,-0.0
1573118970819489539,488,1573118970766505956,,9.99999974738e-05,-3.99999989895e-05,-4.99999987369e-05,-9.99999974738e-06
1573118970873692429,489,1573118970819883108,,0.0,-2.99999992421e-05,-3.99999989895e-05,-9.99999974738e-06
1573118970926664136,490,1573118970874016046,,9.99999974738e-05,-4.99999987369e-05,-0.0,9.99999974738e-06
1573118970980546223,491,1573118970926934003,,0.0,-2.99999992421e-05,-0.0,0.0
1573118971035456398,492,1573118970981132984,,0.0,-9.99999974738e-06,-2.99999992421e-05,-9.99999974738e-06
1573118971090793021,493,1573118971036134958,,0.0,-3.99999989895e-05,0.0,9.99999974738e-06
1573118971143928729,494,1573118971090111017,,0.0,-1.99999994948e-05,-1.99999994948e-05,9.99999974738e-06
1573118971198503217,495,1573118971144124031,,0.0,9.99999974738e-06,9.99999974738e-06,-9.99999974738e-06
1573118971252859607,496,1573118971198911905,,0.0,-1.99999994948e-05,9.99999974738e-06,0.0
1573118971307082195,497,1573118971253247022,,0.0,-1.99999994948e-05,-9.99999974738e-06,-0.0
1573118971361132642,498,1573118971307284116,,0.0,-0.0,1.99999994948e-05,0.0
1573118971415493506,499,1573118971361529111,,0.0,-9.99999974738e-06,9.99999974738e-06,9.99999974738e-06
1573118971719374521,500,1573118971415626049,,0.0,-0.0,-9.99999974738e-06,0.0
1573118971773472438,501,1573118971719655990,,0.0,-2.99999992421e-05,0.0,9.99999974738e-06
1573118971827491808,502,1573118971773948907,,0.0,-1.99999994948e-05,1.99999994948e-05,0.0
1573118971882021243,503,1573118971828138113,,0.0,-1.99999994948e-05,1.99999994948e-05,-0.0
1573118971935759291,504,1573118971882185935,,0.0,-1.99999994948e-05,9.99999974738e-06,-9.99999974738e-06
1573118971989061383,505,1573118971935200929,,0.0,0.0,9.99999974738e-06,-9.99999974738e-06
1573118972044068843,506,1573118971989103078,,0.0,-2.99999992421e-05,9.99999974738e-06,0.0
1573118972097787687,507,1573118972044145107,,0.0,-1.99999994948e-05,2.99999992421e-05,0.0
1573118972152571967,508,1573118972098059892,,0.0,-2.99999992421e-05,1.99999994948e-05,0.0
1573118972206467904,509,1573118972152520895,,0.0,-2.99999992421e-05,2.99999992421e-05,9.99999974738e-06
1573118972261011214,510,1573118972205796957,,0.0,-9.99999974738e-06,2.99999992421e-05,-9.99999974738e-06
1573118972313694263,511,1573118972260179996,,0.0,1.99999994948e-05,9.99999974738e-06,-1.99999994948e-05
1573118972369273067,512,1573118972314306020,,0.0,9.99999974738e-06,-1.99999994948e-05,-9.99999974738e-06
1573118972422010249,513,1573118972368463993,,0.0,9.99999974738e-06,0.0,0.0
1573118972476604929,514,1573118972422683954,,0.0,-9.99999974738e-06,-0.0,0.0
1573118972529556054,515,1573118972476772069,,9.99999974738e-05,-4.99999987369e-05,1.99999994948e-05,2.99999992421e-05
1573118972583672259,516,1573118972529628038,,0.0,-0.0,-1.99999994948e-05,0.0
1573118972639276430,517,1573118972583586931,,0.0,-1.99999994948e-05,9.99999974738e-06,9.99999974738e-06
1573118972693672184,518,1573118972639242887,,0.0,-9.99999974738e-06,-9.99999974738e-06,9.99999974738e-06
1573118972748020570,519,1573118972694164037,,0.0,1.99999994948e-05,-0.0,-9.99999974738e-06
1573118972802445227,520,1573118972748246908,,0.0,-9.99999974738e-06,9.99999974738e-06,9.99999974738e-06
1573118972857724675,521,1573118972802602052,,0.0,-9.99999974738e-06,0.0,9.99999974738e-06
1573118972912019695,522,1573118972858103990,,0.0,-9.99999974738e-06,1.99999994948e-05,9.99999974738e-06
1573118972965130206,523,1573118972912592887,,0.0,-0.0,-0.0,-0.0
1573118973069686803,524,1573118972965514898,,0.0,9.99999974738e-06,9.99999974738e-06,-9.99999974738e-06
1573118973123314913,525,1573118973069483041,,0.0,1.99999994948e-05,-9.99999974738e-06,-9.99999974738e-06
1573118973177324642,526,1573118973123636960,,0.0,9.99999974738e-06,9.99999974738e-06,-0.0
1573118973231611095,527,1573118973177639961,,0.0,9.99999974738e-06,0.0,-9.99999974738e-06
1573118973285589705,528,1573118973231596946,,0.0,1.99999994948e-05,-0.0,-1.99999994948e-05
1573118973340684337,529,1573118973285188913,,0.0,1.99999994948e-05,-1.99999994948e-05,-9.99999974738e-06
1573118973395057189,530,1573118973340579986,,0.0,9.99999974738e-06,-9.99999974738e-06,-9.99999974738e-06
1573118973450521158,531,1573118973395240068,,0.0,-0.0,-9.99999974738e-06,0.0
1573118973503140351,532,1573118973449573993,,0.0,-1.99999994948e-05,-0.0,9.99999974738e-06
1573118973556305473,533,1573118973502827882,,0.0,9.99999974738e-06,-9.99999974738e-06,-9.99999974738e-06
1573118973660620144,534,1573118973555860042,,0.0,-1.99999994948e-05,0.0,9.99999974738e-06
1573118973714951254,535,1573118973660928964,,0.0,-1.99999994948e-05,1.99999994948e-05,9.99999974738e-06
1573118973769205609,536,1573118973715302944,,0.0,9.99999974738e-06,9.99999974738e-06,-9.99999974738e-06
1573118973821823907,537,1573118973769282102,,0.0,1.99999994948e-05,-9.99999974738e-06,-1.99999994948e-05
1573118973876807586,538,1573118973821402072,,0.0,-0.0,9.99999974738e-06,9.99999974738e-06
1573118973931241229,539,1573118973876840114,,9.99999974738e-05,-3.99999989895e-05,9.99999974738e-06,2.99999992421e-05
1573118973984909882,540,1573118973930548906,,0.0,0.0,-1.99999994948e-05,0.0
1573118974039184758,541,1573118973984358072,,0.0,-1.99999994948e-05,9.99999974738e-06,9.99999974738e-06
1573118974144854626,542,1573118974039834976,,0.0,9.99999974738e-06,-0.0,-9.99999974738e-06
1573118974199647200,543,1573118974145020008,,0.0,9.99999974738e-06,-0.0,-0.0
1573118974252906966,544,1573118974198678970,,0.0,9.99999974738e-06,-2.99999992421e-05,-9.99999974738e-06
1573118974306815159,545,1573118974252885103,,0.0,1.99999994948e-05,-9.99999974738e-06,-1.99999994948e-05
1573118974361199011,546,1573118974307086944,,0.0,-1.99999994948e-05,9.99999974738e-06,9.99999974738e-06
1573118974415347471,547,1573118974361394882,,0.0,-9.99999974738e-06,-9.99999974738e-06,0.0
1573118974469527101,548,1573118974414906978,,0.0,-2.99999992421e-05,-9.99999974738e-06,9.99999974738e-06
1573118974524314784,549,1573118974469726085,,0.0,1.99999994948e-05,-9.99999974738e-06,-1.99999994948e-05
1573118974626521240,550,1573118974524216890,,0.0,-9.99999974738e-06,9.99999974738e-06,0.0
1573118974677579864,551,1573118974626585960,,0.0,9.99999974738e-06,0.0,-0.0
1573118974731158124,552,1573118974677685976,,0.0,9.99999974738e-06,-9.99999974738e-06,-9.99999974738e-06
1573118974786477244,553,1573118974731215953,,0.0,-1.99999994948e-05,-9.99999974738e-06,9.99999974738e-06
1573118974841978145,554,1573118974786773920,,0.0,-9.99999974738e-06,9.99999974738e-06,9.99999974738e-06
1573118974895876729,555,1573118974842166900,,0.0,-9.99999974738e-06,-9.99999974738e-06,0.0
1573118974950913811,556,1573118974896374940,,0.0,9.99999974738e-06,-9.99999974738e-06,-9.99999974738e-06
1573118975005509497,557,1573118974951613903,,0.0,9.99999974738e-06,1.99999994948e-05,-9.99999974738e-06
1573118975059654721,558,1573118975005708932,,0.0,9.99999974738e-06,9.99999974738e-06,-0.0
1573118975112965386,559,1573118975059809923,,0.0,-9.99999974738e-06,3.99999989895e-05,1.99999994948e-05
1573118975165374861,560,1573118975112376928,,0.0,-0.0,-9.99999974738e-06,9.99999974738e-06
1573118975218456771,561,1573118975165572881,,0.0,9.99999974738e-06,0.0,-0.0
1573118975271453639,562,1573118975218548059,,0.0,-9.99999974738e-06,0.0,0.0
1573118975325456402,563,1573118975270896911,,0.0,-0.0,9.99999974738e-06,-0.0
1573118975378482195,564,1573118975324712038,,0.0,9.99999974738e-06,1.99999994948e-05,-0.0
1573118975432522383,565,1573118975378729104,,0.0,0.0,-0.0,9.99999974738e-06
1573118975486761058,566,1573118975432796001,,0.0,-0.0,-1.99999994948e-05,0.0
1573118975542801807,567,1573118975487025022,,0.0,-1.99999994948e-05,-0.0,1.99999994948e-05
1573118975596854121,568,1573118975543267011,,0.0,-0.0,9.99999974738e-06,9.99999974738e-06
1573118975650891374,569,1573118975597012996,,0.0,-9.99999974738e-06,9.99999974738e-06,0.0
1573118975705384292,570,1573118975651109933,,0.0,-0.0,9.99999974738e-06,-9.99999974738e-06
1573118975759772800,571,1573118975705605030,,0.0,-9.99999974738e-06,-1.99999994948e-05,-0.0
1573118975861771237,572,1573118975759206056,,0.0,0.0,1.99999994948e-05,9.99999974738e-06
1573118975916294205,573,1573118975862097978,,0.0,-9.99999974738e-06,9.99999974738e-06,1.99999994948e-05
1573118975969461621,574,1573118975915812969,,0.0,0.0,-9.99999974738e-06,-0.0
1573118976024328261,575,1573118975969825983,,0.0,9.99999974738e-06,9.99999974738e-06,-1.99999994948e-05
1573118976127355180,576,1573118976023611068,,0.0,-0.0,1.99999994948e-05,-0.0
1573118976182112226,577,1573118976127973079,,0.0,9.99999974738e-06,9.99999974738e-06,-9.99999974738e-06
1573118976234562922,578,1573118976182221889,,0.0,9.99999974738e-06,-2.99999992421e-05,-9.99999974738e-06
1573118976288081426,579,1573118976234702110,,0.0,9.99999974738e-06,-1.99999994948e-05,-9.99999974738e-06
1573118976341827097,580,1573118976288767099,,0.0,-9.99999974738e-06,-0.0,9.99999974738e-06
1573118976396953976,581,1573118976342154979,,0.0,9.99999974738e-06,-0.0,-9.99999974738e-06
1573118976451420214,582,1573118976396226882,,0.0,-9.99999974738e-06,-0.0,-0.0
1573118976506558648,583,1573118976450457096,,0.0,2.99999992421e-05,-1.99999994948e-05,-2.99999992421e-05
1573118976609739587,584,1573118976505624055,,0.0,9.99999974738e-06,9.99999974738e-06,-9.99999974738e-06
1573118976664081212,585,1573118976609926939,,0.0,-1.99999994948e-05,1.99999994948e-05,9.99999974738e-06
1573118976717948924,586,1573118976664180040,,0.0,-0.0,9.99999974738e-06,0.0
1573118976772472586,587,1573118976718307971,,0.0,-1.99999994948e-05,-0.0,9.99999974738e-06
1573118976826682299,588,1573118976772933006,,0.0,-9.99999974738e-06,0.0,0.0
1573118976880968475,589,1573118976827037096,,0.0,9.99999974738e-06,-9.99999974738e-06,-9.99999974738e-06
1573118976935406083,590,1573118976881459951,,0.0,-9.99999974738e-06,9.99999974738e-06,0.0
1573118976989432372,591,1573118976935400962,,0.0,-0.0,9.99999974738e-06,-0.0
1573118977094460478,592,1573118976989801883,,0.0,-0.0,-9.99999974738e-06,0.0
1573118977148176875,593,1573118977093978881,,0.0,0.0,9.99999974738e-06,-0.0
1573118977203228836,594,1573118977148386955,,0.0,-9.99999974738e-06,-9.99999974738e-06,9.99999974738e-06
1573118977255988545,595,1573118977202498912,,0.0,0.0,-9.99999974738e-06,0.0
1573118977308554449,596,1573118977255461931,,0.0,-9.99999974738e-06,0.0,9.99999974738e-06
1573118977363247753,597,1573118977308661937,,0.0,1.99999994948e-05,-0.0,-9.99999974738e-06
1573118977415728239,598,1573118977362232923,,0.0,-9.99999974738e-06,2.99999992421e-05,0.0
1573118977468581690,599,1573118977415889978,,0.0,-9.99999974738e-06,-0.0,9.99999974738e-06
1573118977574377468,600,1573118977468708992,,9.99999974738e-05,3.99999989895e-05,-1.99999994948e-05,-1.99999994948e-05
1573118977627377377,601,1573118977574451923,,0.0,9.99999974738e-06,-9.99999974738e-06,-9.99999974738e-06
1573118977681437084,602,1573118977627552032,,0.0,2.99999992421e-05,-0.0,-1.99999994948e-05
1573118977735113601,603,1573118977681457996,,0.0,-2.99999992421e-05,9.99999974738e-06,1.99999994948e-05
1573118977788344181,604,1573118977735466957,,0.0,1.99999994948e-05,-0.0,-1.99999994948e-05
1573118977841999291,605,1573118977788414955,,0.0,9.99999974738e-06,-1.99999994948e-05,-9.99999974738e-06
1573118977895828952,606,1573118977841371059,,0.0,9.99999974738e-06,-1.99999994948e-05,-9.99999974738e-06
1573118977949211772,607,1573118977895246982,,0.0,-9.99999974738e-06,9.99999974738e-06,9.99999974738e-06
1573118978002381357,608,1573118977949537038,,0.0,-9.99999974738e-06,9.99999974738e-06,9.99999974738e-06
1573118978106504915,609,1573118978002576112,,0.0,9.99999974738e-06,-1.99999994948e-05,-9.99999974738e-06
1573118978160328718,610,1573118978106252908,,0.0,-1.99999994948e-05,9.99999974738e-06,9.99999974738e-06
1573118978212497504,611,1573118978159646034,,0.0,-9.99999974738e-06,9.99999974738e-06,0.0
1573118978266721615,612,1573118978212788105,,0.0,-1.99999994948e-05,9.99999974738e-06,9.99999974738e-06
