%time,field.header.seq,field.header.stamp,field.header.frame_id,field.value
1592041872200426630,1020,1592041872148013114,,8.02499961853
1592041872252085820,1021,1592041872199903964,,8.02499961853
1592041872304258476,1022,1592041872251627922,,8.02499961853
1592041872357571444,1023,1592041872303576946,,8.02499961853
1592041872410280447,1024,1592041872357930898,,8.02499961853
1592041872461853104,1025,1592041872409965991,,8.02499961853
1592041872513824162,1026,1592041872461774110,,8.02499961853
1592041872615143831,1027,1592041872513370990,,8.02499961853
1592041872667517825,1028,1592041872614866971,,8.02499961853
1592041872720499887,1029,1592041872667311906,,8.02499961853
1592041872772562809,1030,1592041872719847917,,8.02499961853
1592041872824974121,1031,1592041872772227048,,8.02499961853
1592041872883028697,1032,1592041872824798107,,8.02499961853
1592041872936930680,1033,1592041872884310960,,8.02499961853
1592041872990108051,1034,1592041872936748981,,8.02499961853
1592041873042033694,1035,1592041872989381074,,8.02499961853
1592041873094626981,1036,1592041873041702985,,8.02499961853
1592041873147026120,1037,1592041873094099044,,8.02499961853
1592041873249767462,1038,1592041873146982908,,8.02499961853
1592041873351445709,1039,1592041873249504089,,8.02499961853
1592041873403390390,1040,1592041873351217985,,8.02499961853
1592041873457089077,1041,1592041873403456926,,8.02499961853
1592041873559164546,1042,1592041873455995082,,8.02499961853
1592041873611482628,1043,1592041873558645009,,8.02499961853
1592041873663485627,1044,1592041873611406087,,8.02499961853
1592041873716309128,1045,1592041873663218975,,8.02499961853
1592041873769343209,1046,1592041873716500997,,8.02499961853
1592041873822179811,1047,1592041873769221067,,8.02499961853
1592041873875072107,1048,1592041873821973085,,8.02499961853
1592041873926656499,1049,1592041873874562978,,8.02499961853
1592041873978778813,1050,1592041873926619052,,8.02499961853
1592041874030158951,1051,1592041873978432893,,8.02499961853
1592041874082716477,1052,1592041874029959917,,8.02499961853
1592041874136340441,1053,1592041874082432031,,8.02499961853
1592041874187614681,1054,1592041874135787963,,8.02499961853
1592041874240037301,1055,1592041874187452077,,8.02499961853
1592041874292405991,1056,1592041874239929914,,8.02499961853
1592041874344990742,1057,1592041874292443037,,8.02499961853
1592041874449288393,1058,1592041874344718933,,8.02499961853
1592041874501700593,1059,1592041874449444055,,8.02499961853
1592041874554266044,1060,1592041874501461982,,8.02499961853
1592041874605673012,1061,1592041874553935050,,8.02499961853
1592041874657367927,1062,1592041874605628013,,8.02499961853
1592041874709739757,1063,1592041874657083988,,8.02499961853
1592041874761972154,1064,1592041874709414958,,8.02499961853
1592041874814431936,1065,1592041874761743068,,8.02499961853
1592041874866818146,1066,1592041874814124107,,8.02499961853
1592041874919695438,1067,1592041874866550922,,8.02499961853
1592041874978110072,1068,1592041874919897079,,8.02499961853
1592041875031432833,1069,1592041874978292942,,8.02499961853
1592041875083940343,1070,1592041875031352996,,8.02499961853
1592041875136593083,1071,1592041875083884000,,8.02499961853
1592041875188374643,1072,1592041875136281967,,8.02499961853
1592041875290791170,1073,1592041875188175916,,8.02499961853
1592041875342896519,1074,1592041875290282964,,8.02499961853
1592041875395442616,1075,1592041875342701911,,8.02499961853
1592041875447617112,1076,1592041875395066976,,8.02499961853
1592041875501420493,1077,1592041875448129892,,8.02499961853
1592041875553958650,1078,1592041875501678943,,8.02499961853
1592041875605351753,1079,1592041875553162097,,8.02499961853
1592041875658435219,1080,1592041875605298042,,8.02499961853
1592041875710722705,1081,1592041875657934904,,8.02499961853
1592041875764245834,1082,1592041875710059881,,8.02499961853
1592041875817331124,1083,1592041875764636039,,8.02499961853
1592041875869160725,1084,1592041875817219972,,8.02499961853
1592041875921781966,1085,1592041875868999958,,8.02499961853
1592041875974142548,1086,1592041875921531915,,8.02499961853
1592041876027249422,1087,1592041875974081993,,8.02499961853
1592041876080203761,1088,1592041876026952028,,8.02499961853
1592041876133167657,1089,1592041876080425024,,8.02499961853
1592041876186479843,1090,1592041876133003950,,8.02499961853
1592041876239715138,1091,1592041876186933040,,8.02499961853
1592041876292609019,1092,1592041876239511013,,8.02499961853
1592041876395264812,1093,1592041876292398929,,8.02499961853
1592041876447979858,1094,1592041876395160913,,8.02499961853
1592041876500625963,1095,1592041876447666883,,8.02499961853
1592041876552333197,1096,1592041876500437021,,8.02499961853
1592041876605367356,1097,1592041876552292108,,8.02499961853
1592041876657209319,1098,1592041876605149030,,8.02499961853
1592041876708846891,1099,1592041876656995058,,8.02499961853
1592041876761977284,1100,1592041876709041118,,8.02499961853
1592041876818244274,1101,1592041876761039018,,8.02499961853
1592041876869635609,1102,1592041876817126035,,8.02499961853
1592041876922764536,1103,1592041876869313001,,8.02499961853
1592041876975460012,1104,1592041876922645092,,8.02499961853
1592041877027993338,1105,1592041876975207090,,8.02499961853
1592041877080519742,1106,1592041877027842998,,8.02499961853
1592041877133396087,1107,1592041877080234050,,8.02499961853
1592041877185691412,1108,1592041877132781028,,8.02499961853
1592041877241719915,1109,1592041877184827089,,8.02499961853
1592041877294563036,1110,1592041877242129087,,8.02499961853
1592041877346742352,1111,1592041877294002056,,8.02499961853
1592041877403031850,1112,1592041877346528053,,8.02499961853
1592041877454729910,1113,1592041877402812004,,8.02499961853
1592041877556849495,1114,1592041877454490900,,8.02499961853
1592041877609406701,1115,1592041877556633949,,8.02499961853
1592041877661195061,1116,1592041877609146118,,8.02499961853
1592041877714007032,1117,1592041877660911083,,8.02499961853
1592041877767930884,1118,1592041877714787960,,8.02499961853
1592041877823334220,1119,1592041877767558097,,8.02499961853
1592041877876732296,1120,1592041877823029994,,8.02499961853
1592041877928668655,1121,1592041877875766038,,8.02499961853
1592041878031296825,1122,1592041877928435087,,8.02499961853
1592041878083691093,1123,1592041878031018018,,8.02499961853
1592041878135985126,1124,1592041878083703041,,8.02499961853
1592041878187861962,1125,1592041878135720968,,8.02499961853
1592041878289706999,1126,1592041878187705993,,8.02499961853
1592041878341362607,1127,1592041878289446115,,8.02499961853
1592041878393968900,1128,1592041878341180086,,8.02499961853
1592041878451998883,1129,1592041878393624067,,8.02499961853
1592041878504019306,1130,1592041878451545953,,8.02499961853
1592041878556962818,1131,1592041878504004001,,8.02499961853
1592041878609715359,1132,1592041878556994915,,8.02499961853
1592041878662321998,1133,1592041878609435081,,8.02499961853
1592041878714713392,1134,1592041878661999940,,8.02499961853
1592041878817484483,1135,1592041878714468955,,8.02499961853
1592041878873137290,1136,1592041878816564083,,8.02499961853
1592041878925440312,1137,1592041878872268915,,8.02499961853
1592041878977554120,1138,1592041878924665927,,8.02499961853
1592041879030048595,1139,1592041878977289915,,8.02499961853
1592041879083154018,1140,1592041879029833078,,8.02499961853
1592041879136025616,1141,1592041879083565950,,8.02499961853
1592041879188145566,1142,1592041879135324001,,8.02499961853
1592041879240691613,1143,1592041879187864065,,8.02499961853
1592041879293877753,1144,1592041879240362882,,8.02499961853
1592041879347085864,1145,1592041879294054031,,8.02499961853
1592041879399997269,1146,1592041879347162008,,8.02499961853
1592041879451510611,1147,1592041879399693965,,8.02499961853
1592041879502920642,1148,1592041879451164960,,8.02499961853
1592041879554453570,1149,1592041879502674102,,8.02499961853
1592041879656787519,1150,1592041879554059982,,8.02499961853
1592041879709211283,1151,1592041879656537055,,8.02499961853
1592041879761833047,1152,1592041879709091901,,8.02499961853
1592041879820134061,1153,1592041879761537075,,8.02499961853
1592041879922075171,1154,1592041879819250106,,8.02499961853
1592041879974592888,1155,1592041879921873092,,8.02499961853
1592041880027653008,1156,1592041879974337100,,8.02499961853
1592041880086953923,1157,1592041880026973962,,8.02499961853
1592041880139451468,1158,1592041880086819887,,8.02499961853
1592041880192032765,1159,1592041880139328956,,8.02499961853
1592041880244488473,1160,1592041880191775083,,8.02499961853
1592041880296286556,1161,1592041880244313001,,8.02499961853
1592041880348965698,1162,1592041880295789003,,8.02499961853
1592041880405271582,1163,1592041880348280906,,8.02499961853
1592041880456318965,1164,1592041880403345108,,8.02499961853
1592041880509448816,1165,1592041880456130027,,8.02499961853
1592041880562510424,1166,1592041880509305953,,8.02499961853
1592041880614876720,1167,1592041880562273979,,8.02499961853
1592041880667251726,1168,1592041880614725112,,8.02499961853
1592041880719887238,1169,1592041880667149066,,8.02499961853
1592041880772721473,1170,1592041880719990968,,8.02499961853
1592041880876055734,1171,1592041880773056983,,8.02499961853
1592041880932539824,1172,1592041880875432968,,8.02499961853
1592041880984096337,1173,1592041880932410001,,8.02499961853
1592041881087261546,1174,1592041880983978033,,8.02499961853
1592041881139797514,1175,1592041881087136030,,8.02499961853
1592041881192363703,1176,1592041881139564990,,8.02499961853
1592041881244752521,1177,1592041881192049026,,8.02499961853
1592041881296644653,1178,1592041881244528055,,8.02499961853
1592041881348318379,1179,1592041881296113014,,8.02499961853
1592041881399710705,1180,1592041881348001956,,8.02499961853
1592041881452057306,1181,1592041881399580955,,8.02499961853
1592041881503894161,1182,1592041881451914072,,8.02499961853
1592041881555435226,1183,1592041881503671884,,8.02499961853
1592041881607924686,1184,1592041881555293083,,8.02499961853
1592041881660508168,1185,1592041881607752084,,8.02499961853
1592041881712589168,1186,1592041881660290002,,8.02499961853
1592041881764980737,1187,1592041881712357044,,8.02499961853
1592041881817681914,1188,1592041881764781951,,8.02499961853
1592041881870373102,1189,1592041881817656993,,8.02499961853
1592041881923229359,1190,1592041881870136022,,8.02499961853
1592041881975704753,1191,1592041881922955036,,8.02499961853
1592041882028457111,1192,1592041881975441932,,8.02499961853
1592041882080237925,1193,1592041882028045892,,8.02499961853
1592041882132531075,1194,1592041882079730987,,8.02499961853
1592041882235015572,1195,1592041882131856918,,8.02499961853
1592041882287706313,1196,1592041882234901905,,8.02499961853
1592041882347044783,1197,1592041882287518978,,8.02499961853
1592041882398765459,1198,1592041882346750020,,8.02499961853
1592041882451150801,1199,1592041882398612022,,8.02499961853
1592041882504003691,1200,1592041882450982093,,8.02499961853
1592041882556737852,1201,1592041882503772020,,8.02499961853
1592041882608854019,1202,1592041882556277036,,8.02499961853
1592041882661777759,1203,1592041882608558893,,8.02499961853
1592041882764613473,1204,1592041882661801099,,8.02499961853
1592041882818379524,1205,1592041882764825105,,8.02499961853
1592041882870367290,1206,1592041882817671060,,8.02499961853
1592041882923045001,1207,1592041882870347976,,8.02499961853
1592041882975740083,1208,1592041882922894001,,8.02499961853
1592041883028788871,1209,1592041882975392103,,8.02499961853
1592041883080610925,1210,1592041883028007984,,8.02499961853
1592041883132473626,1211,1592041883080351114,,8.02499961853
1592041883185354318,1212,1592041883132159948,,8.02499961853
1592041883236397688,1213,1592041883184590101,,8.02499961853
1592041883288050682,1214,1592041883235940933,,8.02499961853
1592041883340501000,1215,1592041883287734985,,8.02499961853
1592041883392703984,1216,1592041883339682102,,8.02499961853
1592041883444989368,1217,1592041883392394065,,8.02499961853
1592041883496959760,1218,1592041883444644927,,8.02499961853
1592041883549433809,1219,1592041883497092008,,8.02499961853
1592041883600709580,1220,1592041883549047946,,8.02499961853
1592041883653246992,1221,1592041883600642919,,8.02499961853
1592041883706237378,1222,1592041883653016090,,8.02499961853
1592041883808568606,1223,1592041883705915927,,8.02499961853
1592041883861105468,1224,1592041883808377981,,8.02499961853
1592041883913445522,1225,1592041883860860109,,8.02499961853
1592041883965963863,1226,1592041883912777900,,8.02499961853
1592041884019340156,1227,1592041883965369939,,8.02499961853
1592041884070597039,1228,1592041884018946886,,8.02499961853
1592041884124012677,1229,1592041884070481061,,8.02499961853
1592041884175741382,1230,1592041884123856067,,8.02499961853
1592041884278425637,1231,1592041884175666093,,8.02499961853
1592041884330524791,1232,1592041884278217077,,8.02499961853
1592041884383409315,1233,1592041884330454111,,8.02499961853
1592041884434380941,1234,1592041884382565021,,8.02499961853
1592041884486205932,1235,1592041884434360980,,8.02499961853
1592041884537788548,1236,1592041884485975027,,8.02499961853
1592041884589412369,1237,1592041884537528991,,8.02499961853
1592041884690953137,1238,1592041884589109897,,8.02499961853
1592041884743748329,1239,1592041884690855979,,8.02499961853
1592041884795869491,1240,1592041884743263006,,8.02499961853
1592041884848584893,1241,1592041884795514106,,8.02499961853
1592041884902070431,1242,1592041884848876953,,8.02499961853
1592041884954912731,1243,1592041884902314901,,8.02499961853
1592041885014214299,1244,1592041884954261064,,8.02499961853
1592041885066249967,1245,1592041885013593912,,8.02499961853
1592041885118991288,1246,1592041885066226005,,8.02499961853
1592041885171815277,1247,1592041885118784904,,8.02499961853
1592041885223851905,1248,1592041885171080112,,8.02499961853
1592041885275708304,1249,1592041885223551988,,8.02499961853
1592041885327853588,1250,1592041885275609016,,8.02499961853
1592041885380762525,1251,1592041885327521085,,8.02499961853
1592041885432084655,1252,1592041885379904031,,8.02499961853
1592041885484701420,1253,1592041885431668043,,8.02499961853
1592041885605353775,1254,1592041885492965936,,8.02499961853
1592041885665810130,1255,1592041885606045961,,8.02499961853
1592041885717863828,1256,1592041885665311098,,8.02499961853
1592041885770570500,1257,1592041885718507051,,8.02499961853
1592041885822074490,1258,1592041885770275115,,8.02499961853
1592041885873804941,1259,1592041885821976900,,8.02499961853
1592041885925320821,1260,1592041885873699903,,8.02499961853
1592041885977296482,1261,1592041885925237894,,8.02499961853
1592041886079311805,1262,1592041885977058887,,8.02499961853
1592041886131522168,1263,1592041886079130887,,8.02499961853
1592041886183803863,1264,1592041886131829977,,8.02499961853
1592041886235715734,1265,1592041886183707952,,8.02499961853
1592041886287146747,1266,1592041886235205888,,8.02499961853
1592041886339565808,1267,1592041886287127971,,8.02499961853
1592041886392760594,1268,1592041886339498043,,8.02499961853
1592041886444137937,1269,1592041886392189025,,8.02499961853
1592041886496308812,1270,1592041886443880081,,8.02499961853
1592041886548765484,1271,1592041886496016979,,8.02499961853
1592041886601126489,1272,1592041886548366069,,8.02499961853
1592041886653704775,1273,1592041886600944042,,8.02499961853
1592041886706251764,1274,1592041886653495073,,8.02499961853
1592041886758944152,1275,1592041886705966949,,8.02499961853
1592041886812762908,1276,1592041886758287906,,8.02499961853
1592041886865194499,1277,1592041886812588930,,8.02499961853
1592041886917567571,1278,1592041886865026950,,8.02499961853
1592041886969711731,1279,1592041886917048931,,8.02499961853
1592041887022474747,1280,1592041886969583034,,8.02499961853
1592041887074961263,1281,1592041887022248029,,8.02499961853
1592041887127025717,1282,1592041887074753999,,8.02499961853
1592041887178735562,1283,1592041887126815080,,8.02499961853
1592041887231129180,1284,1592041887178478956,,8.02499961853
1592041887335126498,1285,1592041887230957031,,8.02499961853
1592041887387735800,1286,1592041887334810018,,8.02499961853
1592041887440250087,1287,1592041887387554883,,8.02499961853
1592041887492195519,1288,1592041887439903974,,8.02499961853
1592041887544794359,1289,1592041887492502927,,8.02499961853
1592041887596142098,1290,1592041887544228076,,8.02499961853
1592041887647654637,1291,1592041887595611095,,8.02499961853
1592041887699373594,1292,1592041887647423982,,8.02499961853
1592041887750762850,1293,1592041887699017047,,8.02499961853
1592041887802897672,1294,1592041887750441074,,8.02499961853
1592041887856375479,1295,1592041887802321910,,8.02499961853
1592041887909077064,1296,1592041887856832027,,8.02499961853
1592041887961593616,1297,1592041887908848047,,8.02499961853
1592041888014279304,1298,1592041887961592912,,8.02499961853
1592041888066794639,1299,1592041888014045000,,8.02499961853
1592041888118796598,1300,1592041888066529989,,8.02499961853
1592041888170767323,1301,1592041888119085073,,8.02499961853
1592041888222726673,1302,1592041888170617103,,8.02499961853
1592041888273995357,1303,1592041888222141981,,8.02499961853
1592041888325821248,1304,1592041888273715019,,8.02499961853
1592041888427652480,1305,1592041888325757026,,8.02499961853
1592041888479917922,1306,1592041888427355051,,8.02499961853
1592041888531450786,1307,1592041888479656934,,8.02499961853
1592041888583808797,1308,1592041888531249046,,8.02499961853
1592041888636946745,1309,1592041888583813905,,8.02499961853
1592041888688610522,1310,1592041888636292934,,8.02499961853
1592041888791976543,1311,1592041888688930034,,8.02499961853
1592041888845437655,1312,1592041888792419910,,8.02499961853
1592041888898781397,1313,1592041888845858097,,8.02499961853
1592041888951120606,1314,1592041888898262977,,8.02499961853
1592041889003888272,1315,1592041888950984001,,8.02499961853
1592041889055424195,1316,1592041889003710031,,8.02499961853
1592041889107068059,1317,1592041889055119991,,8.02499961853
1592041889160263700,1318,1592041889107144117,,8.02499961853
1592041889212186596,1319,1592041889159560918,,8.02499961853
1592041889263911256,1320,1592041889212042093,,8.02499961853
1592041889317484510,1321,1592041889263736963,,8.02499961853
1592041889369855587,1322,1592041889316683053,,8.02499961853
1592041889426228217,1323,1592041889369452953,,8.02499961853
1592041889478443794,1324,1592041889425690889,,8.02499961853
1592041889530936851,1325,1592041889478194952,,8.02499961853
1592041889582707320,1326,1592041889530673980,,8.02499961853
1592041889635337963,1327,1592041889582468986,,8.02499961853
1592041889687307671,1328,1592041889634556055,,8.02499961853
1592041889739594923,1329,1592041889687016963,,8.02499961853
1592041889792089784,1330,1592041889739448070,,8.02499961853
1592041889845528250,1331,1592041889791867017,,8.02499961853
1592041889896451961,1332,1592041889844449043,,8.02499961853
1592041889948996717,1333,1592041889896645069,,8.02499961853
1592041890000502280,1334,1592041889948796033,,8.02499961853
1592041890052932389,1335,1592041890000257015,,8.02499961853
1592041890115329373,1336,1592041890052659034,,8.02499961853
1592041890216037647,1337,1592041890113919973,,8.02499961853
1592041890268899519,1338,1592041890215588092,,8.02499961853
1592041890321058055,1339,1592041890267894983,,8.02499961853
1592041890373174184,1340,1592041890320578098,,8.02499961853
1592041890424783160,1341,1592041890373150110,,8.02499961853
1592041890478146653,1342,1592041890424603939,,8.02499961853
1592041890530045942,1343,1592041890477893114,,8.02499961853
1592041890582020919,1344,1592041890529671907,,8.02499961853
1592041890635374315,1345,1592041890582323074,,8.02499961853
1592041890737243832,1346,1592041890634880065,,8.02499961853
1592041890791427141,1347,1592041890736638069,,8.02499961853
1592041890843272032,1348,1592041890790452003,,8.02499961853
1592041890895821578,1349,1592041890842976093,,8.02499961853
1592041890948126355,1350,1592041890895306110,,8.02499961853
1592041891000222775,1351,1592041890947207927,,8.02499961853
1592041891052725987,1352,1592041891000046968,,8.02499961853
1592041891110477321,1353,1592041891052582979,,8.02499961853
1592041891163623334,1354,1592041891110497951,,8.02499961853
1592041891215852014,1355,1592041891163141965,,8.02499961853
1592041891268252250,1356,1592041891215626955,,8.02499961853
1592041891320427461,1357,1592041891268080949,,8.02499961853
1592041891372406419,1358,1592041891320693016,,8.02499961853
1592041891424660495,1359,1592041891372092962,,8.02499961853
1592041891476704559,1360,1592041891424077987,,8.02499961853
1592041891529293006,1361,1592041891476552963,,8.02499961853
1592041891581843603,1362,1592041891529108047,,8.02499961853
1592041891634288752,1363,1592041891581456899,,8.02499961853
1592041891687518567,1364,1592041891634404897,,8.02499961853
1592041891739591664,1365,1592041891686882019,,8.02499961853
1592041891791937791,1366,1592041891739351987,,8.02499961853
1592041891894302872,1367,1592041891791847944,,8.02499961853
1592041891947750947,1368,1592041891894196033,,8.02499961853
1592041892000034320,1369,1592041891947058916,,8.02499961853
1592041892053327036,1370,1592041892000432968,,8.02499961853
1592041892106654801,1371,1592041892053741931,,8.02499961853
1592041892158309204,1372,1592041892106523036,,8.02499961853
1592041892209892648,1373,1592041892158016920,,8.02499961853
1592041892261206404,1374,1592041892209425926,,8.02499961853
1592041892312793361,1375,1592041892260942935,,8.02499961853
1592041892365454937,1376,1592041892312690973,,8.02499961853
1592041892418029545,1377,1592041892365258932,,8.02499961853
1592041892520529824,1378,1592041892417867898,,8.02499961853
1592041892573456613,1379,1592041892520725965,,8.02499961853
1592041892626176419,1380,1592041892573232889,,8.02499961853
1592041892678806723,1381,1592041892625776052,,8.02499961853
1592041892780756907,1382,1592041892678702116,,8.02499961853
1592041892833127615,1383,1592041892780565977,,8.02499961853
1592041892887945908,1384,1592041892832917928,,8.02499961853
1592041892941963931,1385,1592041892887763977,,8.02499961853
1592041892993141496,1386,1592041892940289020,,8.02499961853
1592041893046068679,1387,1592041892993223905,,8.02499961853
1592041893099282401,1388,1592041893046350955,,8.02499961853
1592041893152055686,1389,1592041893099072933,,8.02499961853
1592041893203676390,1390,1592041893151853084,,8.02499961853
1592041893256033810,1391,1592041893203447103,,8.02499961853
1592041893308999017,1392,1592041893255837917,,8.02499961853
1592041893361047365,1393,1592041893308219909,,8.02499961853
1592041893413919560,1394,1592041893360768079,,8.02499961853
1592041893466655205,1395,1592041893413674116,,8.02499961853
1592041893519676272,1396,1592041893467051029,,8.02499961853
1592041893572515385,1397,1592041893519563913,,8.02499961853
1592041893625834342,1398,1592041893572741985,,8.02499961853
1592041893677956845,1399,1592041893625300884,,8.02499961853
1592041893730407729,1400,1592041893677697896,,8.02499961853
1592041893783339923,1401,1592041893730217933,,8.02499961853
1592041893836374842,1402,1592041893783463954,,8.02499961853
1592041893887766445,1403,1592041893835789918,,8.02499961853
1592041893940054043,1404,1592041893887614011,,8.02499961853
1592041893992350736,1405,1592041893939732074,,8.02499961853
1592041894043968903,1406,1592041893992182016,,8.02499961853
1592041894096180939,1407,1592041894043764114,,8.02499961853
1592041894147939962,1408,1592041894095732927,,8.02499961853
1592041894200370775,1409,1592041894147667884,,8.02499961853
1592041894252929293,1410,1592041894200254917,,8.02499961853
1592041894355597252,1411,1592041894252788066,,8.02499961853
1592041894408263809,1412,1592041894355416059,,8.02499961853
1592041894460124045,1413,1592041894408045053,,8.02499961853
1592041894513207723,1414,1592041894459795951,,8.02499961853
1592041894564971072,1415,1592041894512492895,,8.02499961853
1592041894619491146,1416,1592041894564829111,,8.02499961853
1592041894670994717,1417,1592041894619121074,,8.02499961853
1592041894722940301,1418,1592041894670768976,,8.02499961853
1592041894774226435,1419,1592041894722450017,,8.02499961853
1592041894877673652,1420,1592041894774020910,,8.02499961853
1592041894931356856,1421,1592041894877916097,,8.02499961853
1592041894986575411,1422,1592041894933912992,,8.02499961853
1592041895039655329,1423,1592041894986294031,,8.02499961853
1592041895091737479,1424,1592041895039768934,,8.02499961853
1592041895143826989,1425,1592041895091473102,,8.02499961853
1592041895196098404,1426,1592041895143419981,,8.02499961853
1592041895248800572,1427,1592041895195879936,,8.02499961853
1592041895302228555,1428,1592041895248445987,,8.02499961853
1592041895353873930,1429,1592041895300831079,,8.02499961853
1592041895407067995,1430,1592041895354269981,,8.02499961853
1592041895459968099,1431,1592041895406841993,,8.02499961853
1592041895511109669,1432,1592041895459316015,,8.02499961853
1592041895612643253,1433,1592041895510831117,,8.02499961853
1592041895665122445,1434,1592041895612227916,,8.02499961853
1592041895718298097,1435,1592041895664587020,,8.02499961853
1592041895770319805,1436,1592041895717415094,,8.02499961853
1592041895872851183,1437,1592041895770092010,,8.02499961853
1592041895925246587,1438,1592041895872627019,,8.02499961853
1592041896028115477,1439,1592041895925010919,,8.02499961853
1592041896080419096,1440,1592041896027467966,,8.02499961853
1592041896132324715,1441,1592041896080075979,,8.02499961853
1592041896185561200,1442,1592041896132294893,,8.02499961853
1592041896242481479,1443,1592041896185311079,,8.02499961853
1592041896294605938,1444,1592041896242274045,,8.02499961853
1592041896347461385,1445,1592041896294286966,,8.02499961853
1592041896398388120,1446,1592041896346749067,,8.02499961853
1592041896451582304,1447,1592041896398142099,,8.02499961853
1592041896504089855,1448,1592041896451566934,,8.02499961853
1592041896556444714,1449,1592041896503741979,,8.02499961853
1592041896608939232,1450,1592041896556094884,,8.02499961853
1592041896710864546,1451,1592041896608084917,,8.02499961853
1592041896766857515,1452,1592041896711080074,,8.02499961853
1592041896819004868,1453,1592041896766961097,,8.02499961853
1592041896871874228,1454,1592041896818789958,,8.02499961853
1592041896924239893,1455,1592041896872276067,,8.02499961853
1592041896976148668,1456,1592041896923989057,,8.02499961853
1592041897028000390,1457,1592041896975788116,,8.02499961853
1592041897082000347,1458,1592041897027690887,,8.02499961853
1592041897133875315,1459,1592041897081526041,,8.02499961853
1592041897185803546,1460,1592041897133542060,,8.02499961853
1592041897238139790,1461,1592041897185853958,,8.02499961853
1592041897290611924,1462,1592041897237723112,,8.02499961853
1592041897342700893,1463,1592041897289771080,,8.02499961853
1592041897394856866,1464,1592041897341754913,,8.02499961853
1592041897450545211,1465,1592041897394105911,,8.02499961853
1592041897500252972,1466,1592041897448163032,,8.02499961853
1592041897552703325,1467,1592041897499874114,,8.02499961853
1592041897605972568,1468,1592041897552222967,,8.02499961853
1592041897658598966,1469,1592041897605895996,,8.02499961853
1592041897711935269,1470,1592041897658479928,,8.02499961853
1592041897764378946,1471,1592041897711210012,,8.02499961853
1592041897817726762,1472,1592041897765014886,,8.02499961853
1592041897919737679,1473,1592041897817327976,,8.02499961853
1592041897971351963,1474,1592041897919012069,,8.02499961853
1592041898024368678,1475,1592041897971672058,,8.02499961853
1592041898075354625,1476,1592041898023709058,,8.02499961853
1592041898127459417,1477,1592041898075278997,,8.02499961853
1592041898180114778,1478,1592041898127175092,,8.02499961853
1592041898231754620,1479,1592041898179193973,,8.02499961853
1592041898289149058,1480,1592041898231657028,,8.02499961853
1592041898392104680,1481,1592041898288120985,,8.02499961853
1592041898443143513,1482,1592041898391335010,,8.02499961853
1592041898495463395,1483,1592041898443032979,,8.02499961853
1592041898548318752,1484,1592041898495650053,,8.02499961853
1592041898600072571,1485,1592041898547403097,,8.02499961853
1592041898651404810,1486,1592041898599333047,,8.02499961853
1592041899003612822,1487,1592041898651252985,,8.02499961853
1592041899055142076,1488,1592041899003158092,,8.02499961853
1592041899107042194,1489,1592041899054934024,,8.02499961853
1592041899159934754,1490,1592041899106884002,,8.02499961853
1592041899212563427,1491,1592041899159389019,,8.02619838715
1592041899264513342,1492,1592041899211860895,,8.0389585495
1592041899317618033,1493,1592041899264446020,,8.06812477112
1592041899370834417,1494,1592041899317518949,,8.10041713715
1592041899423316779,1495,1592041899370143890,,8.13135433197
1592041899474538499,1496,1592041899422600984,,8.15973949432
1592041899526196873,1497,1592041899474350929,,8.18890666962
1592041899628378867,1498,1592041899525866985,,8.50130176544
1592041899681282219,1499,1592041899627737998,,8.5078125
1592041899736087486,1500,1592041899680511951,,8.54890632629
1592041899787709469,1501,1592041899735814094,,8.58791637421
1592041899839999005,1502,1592041899787265062,,8.59885406494
1592041899895804590,1503,1592041899840286970,,8.55052089691
1592041899948320755,1504,1592041899895562887,,8.49713516235
1592041900000726985,1505,1592041899948044061,,8.46390628815
1592041900053648711,1506,1592041900000488042,,8.45130252838
1592041900156415906,1507,1592041900052876949,,8.4571352005
1592041900208135661,1508,1592041900155649900,,8.27640628815
1592041900260777774,1509,1592041900208018064,,8.2655210495
1592041900313191798,1510,1592041900260478973,,8.22437477112
1592041900364860858,1511,1592041900313162088,,8.1873960495
1592041900416308110,1512,1592041900364651918,,8.15218734741
1592041900469001728,1513,1592041900416239023,,8.15973949432
1592041900521640384,1514,1592041900468825101,,8.16489601135
1592041900573179254,1515,1592041900521047115,,8.15317726135
1592041900674955951,1516,1592041900572704076,,8.12328147888
1592041900726855689,1517,1592041900674757003,,8.07187461853
1592041900779266395,1518,1592041900726699113,,8.03869819641
1592041900830752815,1519,1592041900778641939,,8.02223968506
1592041900882951648,1520,1592041900830674886,,8.02593708038
1592041900935178302,1521,1592041900882471084,,8.015832901
1592041900986967465,1522,1592041900934814929,,8.02499961853
1592041901039906779,1523,1592041900986608982,,8.02406215668
1592041901091696577,1524,1592041901039263010,,8.02499961853
1592041901143316988,1525,1592041901091200113,,8.02499961853
1592041901196006173,1526,1592041901143589019,,8.03140640259
1592041901251325771,1527,1592041901196351051,,8.02401065826
1592041901303789613,1528,1592041901251140117,,8.02499961853
1592041901356046460,1529,1592041901303581953,,8.01609420776
1592041901409252719,1530,1592041901356008052,,7.9922914505
1592041901462595967,1531,1592041901409053087,,7.9794793129
1592041901514069290,1532,1592041901461796998,,7.96177101135
1592041901566254977,1533,1592041901514360904,,7.95197916031
1592041901621479241,1534,1592041901566122055,,7.94098949432
1592041901673503759,1535,1592041901621063947,,7.92671871185
1592041901726579028,1536,1592041901673402070,,7.90505218506
1592041901780184549,1537,1592041901727035045,,7.91213560104
1592041901832393633,1538,1592041901779582977,,7.92348957062
1592041901885527528,1539,1592041901832146883,,7.94713544846
1592041901937773531,1540,1592041901884843111,,7.97479152679
1592041901994361919,1541,1592041901937917947,,8.00135421753
1592041902095935151,1542,1592041901994107007,,8.03479194641
1592041902148545243,1543,1592041902095958948,,8.06348991394
1592041902201698059,1544,1592041902148503065,,8.08937454224
1592041902254211493,1545,1592041902201190948,,8.11119747162
1592041902306397766,1546,1592041902254580974,,8.13072872162
1592041902358778556,1547,1592041902306123018,,8.13203144073
1592041902461324313,1548,1592041902358568906,,8.11765670776
1592041902514077608,1549,1592041902461232900,,8.09869766235
1592041902574331328,1550,1592041902515988111,,8.08937454224
1592041902627739258,1551,1592041902574851989,,8.08307266235
1592041902680564497,1552,1592041902627614021,,8.06447887421
1592041902733233436,1553,1592041902680457115,,8.05083370209
1592041902785992528,1554,1592041902733278989,,8.03390598297
1592041902837902884,1555,1592041902785712003,,8.02765655518
1592041902889776650,1556,1592041902837620973,,8.023229599
1592041902943433155,1557,1592041902889475107,,8.02411460876
1592041902994961509,1558,1592041902943083047,,8.02234363556
1592041903046556594,1559,1592041902994750022,,8.02598953247
1592041903099470978,1560,1592041903046313047,,8.03088569641
1592041903151148770,1561,1592041903098851919,,8.02895832062
1592041903253060150,1562,1592041903150836944,,8.03395843506
1592041903304705109,1563,1592041903252834081,,8.02864551544
1592041903356158115,1564,1592041903304429054,,8.02864551544
1592041903408938718,1565,1592041903355954885,,8.01036453247
1592041903462160371,1566,1592041903409367084,,7.96307277679
1592041903515198946,1567,1592041903462441921,,7.91135406494
1592041903568760050,1568,1592041903514853954,,7.89109373093
1592041903620062326,1569,1592041903567934036,,7.87781238556
1592041903672625704,1570,1592041903619899988,,7.88427066803
1592041903724245740,1571,1592041903672410964,,7.89515638351
1592041903827169821,1572,1592041903724044084,,7.91234397888
1592041903878856293,1573,1592041903826863050,,7.93062496185
1592041903930577360,1574,1592041903878627061,,7.93609380722
1592041903983244699,1575,1592041903930118083,,7.95151042938
1592041904035154143,1576,1592041903982543945,,7.98776054382
1592041904086781415,1577,1592041904034955978,,8.03776073456
1592041904138379170,1578,1592041904086666107,,8.04776000977
1592041904190800528,1579,1592041904138196945,,8.05421829224
1592041904243411268,1580,1592041904190601110,,8.03958320618
1592041904296032767,1581,1592041904243355989,,8.02958297729
1592041904348193520,1582,1592041904295815944,,7.99859380722
1592041904400687635,1583,1592041904347958087,,8.00703144073
1592041904453349887,1584,1592041904399945020,,8.0040102005
1592041904557014533,1585,1592041904453778028,,7.97031259537
1592041904610726859,1586,1592041904557966947,,7.84848976135
1592041904663890700,1587,1592041904611017942,,7.76010417938
1592041904718005591,1588,1592041904663615942,,7.7216668129
1592041904771158702,1589,1592041904718416929,,7.72338533401
1592041904823651333,1590,1592041904771012067,,7.77552080154
1592041904876087196,1591,1592041904823440074,,7.84989595413
1592041904928158656,1592,1592041904876115083,,7.9208855629
1592041904988115261,1593,1592041904927881956,,7.94145822525
1592041905040128027,1594,1592041904987435102,,7.99749994278
1592041905093119891,1595,1592041905039818048,,8.09432315826
1592041905145082168,1596,1592041905092431068,,8.32807254791
1592041905197508896,1597,1592041905144835948,,8.42505168915
1592041905249973516,1598,1592041905197346925,,8.45536422729
1592041905353325460,1599,1592041905249967098,,8.39635372162
1592041905407953000,1600,1592041905353744983,,8.20374965668
1592041905460509164,1601,1592041905407669067,,8.06958293915
1592041905515718134,1602,1592041905460051059,,7.95187520981
1592041905565552064,1603,1592041905513892889,,7.84192705154
1592041905623417974,1604,1592041905565607070,,7.73583316803
1592041905678121220,1605,1592041905624134063,,7.67828130722
1592041905729207351,1606,1592041905677146911,,7.65177106857
1592041905781930872,1607,1592041905729248046,,7.70864582062
1592041905833577929,1608,1592041905781538009,,7.78875017166
1592041905885689627,1609,1592041905833132028,,7.89729166031
1592041905938785738,1610,1592041905885554075,,8.1209897995
1592041905994848669,1611,1592041905938142061,,8.20072937012
1592041906048231812,1612,1592041905994941949,,8.23729133606
1592041906100110535,1613,1592041906047492027,,8.28463554382
1592041906201901408,1614,1592041906099874019,,8.34963512421
1592041906253919472,1615,1592041906201637983,,8.34968757629
1592041906305904999,1616,1592041906253691911,,8.33666706085
1592041906358510287,1617,1592041906305738925,,8.28791713715
1592041906410935557,1618,1592041906358795881,,8.22260379791
1592041906463101247,1619,1592041906410839080,,8.15484333038
1592041906515438259,1620,1592041906462910890,,8.03223991394
1592041906566945646,1621,1592041906514753103,,7.99880218506
1592041906619444714,1622,1592041906566788911,,8.01223945618
1592041906672598131,1623,1592041906619218111,,8.04229164124
1592041906729486415,1624,1592041906673032045,,8.03770828247
1592041906781985337,1625,1592041906728837966,,8.08723926544
1592041906884512017,1626,1592041906781250953,,8.082239151
1592041906936898355,1627,1592041906884258031,,8.07093715668
1592041906992220724,1628,1592041906936743021,,8.06015586853
1592041907044837914,1629,1592041906992161989,,8.06890583038
1592041907097344350,1630,1592041907044797897,,8.05723953247
1592041907150554903,1631,1592041907097815036,,8.00713539124
1592041907202967316,1632,1592041907150310039,,7.91166687012
1592041907255047182,1633,1592041907202703952,,7.79916667938
1592041907307353595,1634,1592041907254667043,,7.72593736649
1592041907412105058,1635,1592041907307216882,,7.61437511444
1592041907464793177,1636,1592041907412106037,,7.6592707634
1592041907517315291,1637,1592041907464524030,,7.61927080154
1592041907619927759,1638,1592041907517232894,,7.63651037216
1592041907672385600,1639,1592041907619821071,,7.65489578247
1592041907724963138,1640,1592041907672271966,,7.65895843506
1592041907777355871,1641,1592041907724775075,,7.71682310104
1592041907829955135,1642,1592041907777507066,,7.85312509537
1592041907883361538,1643,1592041907829941987,,7.97020816803
1592041907936140801,1644,1592041907883286952,,8.05567741394
1592041907988566576,1645,1592041907936372995,,8.07963562012
1592041908040508357,1646,1592041907988337039,,7.99156236649
1592041908092107111,1647,1592041908039885044,,7.9842710495
1592041908194559961,1648,1592041908092447042,,8.00510406494
1592041908246762997,1649,1592041908194820880,,8.16541671753
1592041908298095906,1650,1592041908246334075,,8.28718757629
1592041908399947745,1651,1592041908297981977,,8.36026000977
1592041908452897455,1652,1592041908399722099,,8.32635402679
1592041908505771151,1653,1592041908452538013,,8.3203125
1592041908557601305,1654,1592041908505050897,,8.30140590668
1592041908610624039,1655,1592041908557723045,,8.32593727112
1592041908663532708,1656,1592041908611088037,,8.37041664124
1592041908721203528,1657,1592041908663250923,,8.38427066803
1592041908772552435,1658,1592041908720824003,,8.33333301544
1592041908824352516,1659,1592041908772319078,,8.14223957062
1592041908876466420,1660,1592041908824644088,,7.93583345413
1592041908928072917,1661,1592041908876351118,,7.76026058197
1592041908984978595,1662,1592041908927990913,,7.5389585495
1592041909038035815,1663,1592041908985141038,,7.47640609741
1592041909089560156,1664,1592041909037786960,,7.56062507629
1592041909141408545,1665,1592041909089365959,,7.68703126907
1592041909244207808,1666,1592041909140944004,,7.83531236649
1592041909296436648,1667,1592041909243724107,,7.96937513351
1592041909349033961,1668,1592041909296169996,,8.07208347321
1592041909401540448,1669,1592041909348848104,,8.16140651703
1592041909453817467,1670,1592041909401297092,,8.27067661285
1592041909505426846,1671,1592041909453697919,,8.36239624023
1592041909558395481,1672,1592041909505343914,,8.48328113556
1592041909610543571,1673,1592041909557847023,,8.50880241394
1592041909663643287,1674,1592041909610383033,,8.40432262421
1592041909765295542,1675,1592041909663050889,,8.25833320618
1592041909817759578,1676,1592041909765060901,,8.05421829224
1592041909871251766,1677,1592041909817687034,,7.89249992371
1592041909923837650,1678,1592041909870558023,,7.8291144371
1592041909976129454,1679,1592041909923165082,,7.8671875
1592041910028079610,1680,1592041909975591897,,7.92703104019
1592041910080354851,1681,1592041910027970075,,7.98416662216
1592041910132163964,1682,1592041910080054998,,8.02499961853
1592041910184316179,1683,1592041910131824016,,8.06218719482
1592041910286744438,1684,1592041910184159040,,8.10489559174
1592041910339635792,1685,1592041910286667108,,8.06343746185
1592041910392987679,1686,1592041910340028047,,8.10921859741
1592041910444423878,1687,1592041910392384052,,8.14192676544
1592041910496897122,1688,1592041910444154977,,8.12760448456
1592041910551595012,1689,1592041910496678113,,8.07947921753
1592041910604468831,1690,1592041910551835060,,8.02499961853
1592041910657125861,1691,1592041910604399919,,7.99427080154
1592041910709940823,1692,1592041910656830072,,7.9852604866
1592041910761982647,1693,1592041910709244966,,7.98171854019
1592041910814625145,1694,1592041910761820077,,7.96369791031
1592041910867117727,1695,1592041910814409971,,8.08916664124
1592041910919665451,1696,1592041910867001056,,8.16140651703
1592041910971055398,1697,1592041910919379949,,8.18114566803
1592041911022913797,1698,1592041910970884084,,8.18718719482
1592041911074698543,1699,1592041911022447109,,8.18843746185
1592041911177007274,1700,1592041911074388980,,8.17552089691
1592041911229208236,1701,1592041911176796913,,8.05140590668
1592041911281514141,1702,1592041911229032993,,7.97677087784
1592041911333372205,1703,1592041911281120061,,7.89656257629
1592041911385394152,1704,1592041911333112001,,7.80343770981
1592041911436923729,1705,1592041911384818077,,7.62505197525
1592041911490870856,1706,1592041911436342954,,7.45140647888
1592041911542808325,1707,1592041911489809036,,7.40000009537
1592041911595583496,1708,1592041911542565107,,7.43098974228
1592041911647942520,1709,1592041911595973968,,7.56005191803
1592041911700928442,1710,1592041911647413969,,7.68781232834
1592041911753795452,1711,1592041911700619935,,7.91166687012
1592041911806540819,1712,1592041911754036903,,8.01906204224
1592041911859136230,1713,1592041911806391000,,8.12020874023
1592041911910894332,1714,1592041911859081983,,8.24583339691
1592041911962731184,1715,1592041911910619974,,8.37963581085
1592041912014164259,1716,1592041911962366104,,8.51510429382
1592041912066611343,1717,1592041912013998985,,8.57843780518
1592041912119572307,1718,1592041912066498041,,8.40473937988
1592041912172816994,1719,1592041912119971036,,8.14624977112
1592041912225114655,1720,1592041912172338962,,7.88411474228
1592041912277911068,1721,1592041912224766969,,7.61562490463
1592041912329502333,1722,1592041912277359962,,7.50447893143
1592041912381799566,1723,1592041912329018115,,7.48984384537
1592041912435627725,1724,1592041912382198095,,7.51723957062
1592041912491006787,1725,1592041912434998989,,7.52239561081
1592041912593346038,1726,1592041912490881919,,7.58057308197
1592041912645493918,1727,1592041912592603921,,7.75406265259
1592041912698749455,1728,1592041912645102977,,7.93140602112
1592041912750687149,1729,1592041912697942018,,8.12682247162
1592041912804557321,1730,1592041912750792980,,8.31942749023
1592041912856916082,1731,1592041912803886890,,8.47828102112
1592041912909652914,1732,1592041912857304096,,8.56656265259
1592041912961472708,1733,1592041912909379959,,8.59218788147
1592041913014541224,1734,1592041912961471080,,8.59682273865
1592041913117042762,1735,1592041913014276981,,8.59682273865
1592041913168173207,1736,1592041913116069078,,8.51734352112
1592041913219582570,1737,1592041913167593955,,8.44260406494
1592041913272018266,1738,1592041913219347953,,8.277135849
1592041913324848291,1739,1592041913271858930,,8.12484359741
1592041913376661349,1740,1592041913324655055,,7.98322916031
1592041913428635217,1741,1592041913376430988,,7.86218738556
1592041913481517583,1742,1592041913428950071,,7.7461977005
1592041913534346681,1743,1592041913481264114,,7.62338542938
1592041913589212046,1744,1592041913534142971,,7.53296852112
1592041913641302215,1745,1592041913588154077,,7.53942728043
1592041913746749930,1746,1592041913640712976,,7.56635427475
1592041913799784482,1747,1592041913747176885,,7.72572898865
1592041913851745425,1748,1592041913799585103,,7.8329167366
1592041913905058313,1749,1592041913851604938,,7.92885398865
1592041913958394070,1750,1592041913904649972,,8.04927062988
1592041914011128428,1751,1592041913958560943,,8.15833377838
1592041914064545162,1752,1592041914011073112,,8.24687480927
1592041914116518614,1753,1592041914063508033,,8.29781246185
1592041914167966030,1754,1592041914115838050,,8.31510448456
1592041914219842606,1755,1592041914167840957,,8.26578140259
1592041914271660641,1756,1592041914219600915,,8.12937545776
1592041914324560741,1757,1592041914271465063,,7.89484357834
1592041914378579651,1758,1592041914325448989,,7.75760412216
1592041914431014332,1759,1592041914378367900,,7.70067691803
1592041914483411709,1760,1592041914430741071,,7.71114587784
1592041914536131811,1761,1592041914483164072,,7.77880191803
1592041914588429322,1762,1592041914535666942,,7.8720831871
1592041914639978790,1763,1592041914588232994,,7.99322938919
1592041914692533126,1764,1592041914639892101,,8.07968711853
1592041914795297393,1765,1592041914692272901,,8.1014585495
1592041914847352016,1766,1592041914794610977,,8.0078125
1592041914900494483,1767,1592041914847138881,,8.02770805359
1592041914957274240,1768,1592041914900794029,,7.99062490463
1592041915010627480,1769,1592041914957926034,,7.91177082062
1592041915066536942,1770,1592041915010068893,,7.91890621185
1592041915118076542,1771,1592041915066008090,,7.94187498093
1592041915170788406,1772,1592041915117826938,,7.98026037216
1592041915273373959,1773,1592041915170586109,,7.99192714691
1592041915327038393,1774,1592041915273138046,,7.94026041031
1592041915379403748,1775,1592041915326684951,,7.95437479019
1592041915432277868,1776,1592041915379323005,,8.09447956085
1592041915484594952,1777,1592041915431859016,,8.13901042938
1592041915540639486,1778,1592041915484432935,,8.15708351135
1592041915592332502,1779,1592041915539884090,,8.17265605927
1592041915644922522,1780,1592041915592231035,,8.08942699432
1592041915697420775,1781,1592041915644738912,,8.02588558197
1592041915750174613,1782,1592041915697154998,,7.99171876907
1592041915803145225,1783,1592041915750121116,,7.98093748093
1592041915856290151,1784,1592041915803261995,,8.07807254791
1592041915908294243,1785,1592041915855609893,,8.12640666962
1592041915960703305,1786,1592041915907984972,,8.203332901
1592041916013051945,1787,1592041915960516929,,8.32447910309
1592041916065819484,1788,1592041916012842893,,8.43505191803
1592041916117306522,1789,1592041916065345048,,8.48984336853
1592041916170071129,1790,1592041916117225885,,8.45260429382
1592041916272456993,1791,1592041916169775009,,8.32161426544
1592041916325645833,1792,1592041916272241115,,8.11015605927
1592041916377479261,1793,1592041916324687004,,7.96609354019
1592041916432314032,1794,1592041916377130985,,7.80171871185
1592041916484672385,1795,1592041916432399988,,7.68276023865
1592041916536583077,1796,1592041916484361886,,7.55510425568
1592041916589089594,1797,1592041916536400079,,7.44526052475
1592041916641397239,1798,1592041916588937044,,7.40000009537
1592041916695928864,1799,1592041916641285896,,7.40000009537
1592041916748595391,1800,1592041916695051908,,7.43822908401
1592041916799259755,1801,1592041916747651100,,7.50135421753
1592041916851219258,1802,1592041916799174070,,7.56536483765
1592041916953579796,1803,1592041916851047992,,7.63812494278
1592041917006024708,1804,1592041916953351974,,7.73848962784
1592041917058199707,1805,1592041917005949974,,7.80343770981
1592041917110921537,1806,1592041917058499097,,7.8680729866
1592041917163326444,1807,1592041917110300064,,7.93427085876
1592041917214480757,1808,1592041917162612915,,7.99593734741
1592041917267377502,1809,1592041917214271068,,8.02229213715
1592041917319545602,1810,1592041917266916036,,8.02411460876
1592041917371232124,1811,1592041917319396018,,8.02411460876
1592041917423476539,1812,1592041917370986938,,8.02411460876
1592041917476765573,1813,1592041917423778057,,8.02499961853
1592041917529788480,1814,1592041917477240085,,8.02401065826
1592041917582767251,1815,1592041917529611110,,8.02401065826
1592041917637284293,1816,1592041917582479953,,8.02401065826
1592041917689465209,1817,1592041917636620998,,8.02401065826
1592041917741727020,1818,1592041917689069986,,8.02401065826
1592041917794429148,1819,1592041917741591930,,8.02499961853
1592041917851422837,1820,1592041917794336080,,8.02499961853
1592041917904315693,1821,1592041917851475954,,8.02499961853
1592041917956737479,1822,1592041917904006958,,8.02499961853
1592041918011144646,1823,1592041917956399917,,8.02401065826
1592041918061819600,1824,1592041918009850978,,8.02499961853
1592041918115384420,1825,1592041918061953067,,8.02499961853
1592041918167775242,1826,1592041918114540100,,8.02499961853
1592041918220146616,1827,1592041918167543888,,8.02499961853
1592041918273012460,1828,1592041918220068931,,8.02499961853
1592041918325171062,1829,1592041918272413015,,8.02499961853
1592041918377508143,1830,1592041918324846982,,8.02499961853
1592041918479101182,1831,1592041918377198934,,8.02499961853
1592041918534502756,1832,1592041918478857040,,8.02499961853
1592041918586150346,1833,1592041918533843994,,8.02499961853
1592041918641149597,1834,1592041918586019992,,8.02499961853
1592041918693691908,1835,1592041918640952110,,8.02499961853
1592041918746844513,1836,1592041918694075107,,8.02499961853
1592041918849393871,1837,1592041918746684074,,8.02499961853
1592041918901779035,1838,1592041918849071979,,8.02499961853
1592041918954914375,1839,1592041918901773929,,8.02499961853
1592041919006915467,1840,1592041918954395055,,8.02499961853
1592041919062245865,1841,1592041919007213115,,8.02499961853
1592041919164554758,1842,1592041919062591075,,8.02499961853
1592041919217018572,1843,1592041919164283990,,8.02499961853
1592041919270656966,1844,1592041919217236042,,8.02499961853
1592041919323260243,1845,1592041919270564079,,8.02499961853
1592041919375872837,1846,1592041919323157072,,8.02499961853
1592041919428808576,1847,1592041919375650882,,8.02499961853
1592041919480227866,1848,1592041919428261041,,8.02499961853
