%time,field.header.seq,field.header.stamp,field.header.frame_id,field.value
1583132898506841084,2511,1583132898435262324,,4.0
1583132898558584183,2512,1583132898468522608,,4.0
1583132898587867845,2513,1583132898504831602,,4.0
1583132898622781879,2514,1583132898534996144,,4.0
1583132898644581617,2515,1583132898568018807,,4.0
1583132898670527541,2516,1583132898601448113,,4.0
1583132898712855908,2517,1583132898634707345,,4.0
1583132898749217855,2518,1583132898668600112,,4.0
1583132898784446389,2519,1583132898712574781,,4.0
1583132898809449084,2520,1583132898739904307,,4.0
1583132898849344270,2521,1583132898768655934,,4.0
1583132898870351368,2522,1583132898804444831,,4.0
1583132898887235254,2523,1583132898845967369,,4.0
1583132898924293903,2524,1583132898877754807,,4.0
1583132898943781209,2525,1583132898903133600,,4.0
1583132898978085386,2526,1583132898937305220,,4.0
1583132899002053988,2527,1583132898969275521,,4.0
1583132899050091937,2528,1583132899003206914,,4.0
1583132899080305157,2529,1583132899036502466,,4.0
1583132899110034067,2530,1583132899073961671,,4.0
1583132899130283783,2531,1583132899106272772,,4.0
1583132899181888902,2532,1583132899143196165,,4.0
1583132899220249185,2533,1583132899180712401,,4.0
1583132899276232635,2534,1583132899215417445,,4.0
1583132899309024048,2535,1583132899245222355,,4.0
1583132899345329867,2536,1583132899268252227,,4.0
1583132899370550577,2537,1583132899301842921,,4.0
1583132899395491044,2538,1583132899335299721,,4.0
1583132899418381450,2539,1583132899385905882,,4.0
1583132899471713877,2540,1583132899407469791,,4.0
1583132899505670849,2541,1583132899437233247,,4.0
1583132899527699378,2542,1583132899473951986,,4.0
1583132899556599337,2543,1583132899505004660,,4.0
1583132899581135772,2544,1583132899545460341,,4.0
1583132899621450030,2545,1583132899577328064,,4.0
1583132899655682451,2546,1583132899607715023,,4.0
1583132899682569090,2547,1583132899650840986,,4.0
1583132899721778842,2548,1583132899668609284,,4.0
1583132899750305479,2549,1583132899702028384,,4.0
1583132899768212808,2550,1583132899734712751,,4.0
1583132899796120508,2551,1583132899770728127,,4.0
1583132899829359943,2552,1583132899806766289,,4.0
1583132899868041335,2553,1583132899839519892,,4.0
1583132899911542407,2554,1583132899888672781,,4.0
1583132899958653614,2555,1583132899929733490,,4.0
1583132899976021810,2556,1583132899952058461,,4.0
1583132900010396924,2557,1583132899985349122,,4.0
1583132900043821695,2558,1583132900016824398,,4.0
1583132900116277962,2559,1583132900089266103,,4.0
1583132900151358380,2560,1583132900126301446,,4.0
1583132900174979233,2561,1583132900137587157,,4.0
1583132900198415661,2562,1583132900167167015,,4.0
1583132900231206007,2563,1583132900200843148,,4.0
1583132900272763467,2564,1583132900233855181,,4.0
1583132900300460805,2565,1583132900267318742,,4.0
1583132900338039753,2566,1583132900300508313,,4.0
1583132900362247651,2567,1583132900338385619,,4.0
1583132900390676632,2568,1583132900369256641,,4.0
1583132900437230337,2569,1583132900404239029,,4.0
1583132900481336890,2570,1583132900437274410,,4.0
1583132900530061940,2571,1583132900486531484,,4.0
1583132900585941203,2572,1583132900507818283,,4.0
1583132900628823193,2573,1583132900536341162,,4.0
1583132900661182643,2574,1583132900570514249,,4.0
1583132900709919868,2575,1583132900604027579,,4.0
1583132900724831442,2576,1583132900638035829,,4.0
1583132900784124554,2577,1583132900667185267,,4.0
1583132900809341393,2578,1583132900706159504,,4.0
1583132900841262918,2579,1583132900740052408,,4.0
1583132900864478595,2580,1583132900768340324,,4.0
1583132900915523824,2581,1583132900801623439,,4.0
1583132900953052311,2582,1583132900836667786,,4.0
1583132900978112757,2583,1583132900871975688,,4.0
1583132901023367968,2584,1583132900906434634,,4.0
1583132901042313853,2585,1583132900937272046,,4.0
1583132901074831398,2586,1583132900975265236,,4.0
1583132901102473918,2587,1583132901003914126,,4.0
1583132901143596759,2588,1583132901035999545,,0.0
1583132901159634488,2589,1583132901070968455,,4.0
1583132901185630539,2590,1583132901101754349,,4.0
1583132901233344912,2591,1583132901139309217,,4.0
1583132901277927304,2592,1583132901170081976,,4.0
1583132901314197473,2593,1583132901212312544,,4.0
1583132901352849793,2594,1583132901241110808,,4.0
1583132901373814485,2595,1583132901274385159,,4.0
1583132901417113467,2596,1583132901304047213,,4.0
1583132901461242574,2597,1583132901336219378,,4.0
1583132901479467835,2598,1583132901374784396,,4.0
1583132901518763384,2599,1583132901406282255,,0.0
1583132901546974746,2600,1583132901433971217,,4.0
1583132901576702441,2601,1583132901469307813,,4.0
1583132901593210123,2602,1583132901502903367,,4.0
1583132901623141899,2603,1583132901543643415,,4.0
1583132901637724939,2604,1583132901568250392,,4.0
1583132901670615983,2605,1583132901602153124,,4.0
1583132901703720971,2606,1583132901636253174,,4.0
1583132901752728479,2607,1583132901670501648,,4.0
1583132901780783141,2608,1583132901700601376,,4.0
1583132901808191801,2609,1583132901738507221,,4.0
1583132901834428697,2610,1583132901783361091,,4.0
1583132901871270682,2611,1583132901814435242,,4.0
1583132901911927885,2612,1583132901846253650,,4.0
1583132901956163554,2613,1583132901868931026,,4.0
1583132901986566873,2614,1583132901901667347,,4.0
1583132902016767043,2615,1583132901936842338,,4.0
1583132902046679207,2616,1583132901967546887,,4.0
1583132902063976582,2617,1583132902004363634,,4.0
1583132902085653309,2618,1583132902036465157,,4.0
1583132902131005386,2619,1583132902072043510,,4.0
1583132902186834997,2620,1583132902113002569,,4.0
1583132902213955833,2621,1583132902155621562,,4.0
1583132902258217848,2622,1583132902184778246,,4.0
1583132902288655207,2623,1583132902213589517,,4.0
1583132902336001365,2624,1583132902249877750,,4.0
1583132902377356214,2625,1583132902280296115,,4.0
1583132902423327215,2626,1583132902306580158,,4.0
1583132902465861607,2627,1583132902344064957,,4.0
1583132902497972160,2628,1583132902372851902,,4.0
1583132902515663521,2629,1583132902411808011,,4.0
1583132902544277065,2630,1583132902437736137,,4.0
1583132902563837697,2631,1583132902472485490,,4.0
1583132902593358667,2632,1583132902511434131,,4.0
1583132902630980773,2633,1583132902549547307,,4.0
1583132902659876531,2634,1583132902583223154,,4.0
1583132902684132302,2635,1583132902606520006,,4.0
1583132902712129056,2636,1583132902648467010,,4.0
1583132902729325759,2637,1583132902684808168,,4.0
1583132902763984355,2638,1583132902699759726,,4.0
1583132902783065507,2639,1583132902743215789,,4.0
1583132902808023778,2640,1583132902771401703,,4.0
1583132902829428774,2641,1583132902801431902,,4.0
1583132902867636382,2642,1583132902835411406,,4.0
1583132902892846898,2643,1583132902869002343,,4.0
1583132902929142523,2644,1583132902902753597,,4.0
1583132902960589559,2645,1583132902935877881,,4.0
1583132903014679698,2646,1583132902972287900,,4.0
1583132903031198442,2647,1583132903004823530,,4.0
1583132903076302567,2648,1583132903051331386,,4.0
1583132903102894684,2649,1583132903069640058,,4.0
1583132903141712605,2650,1583132903108465645,,4.0
1583132903181223354,2651,1583132903145415083,,4.0
1583132903202968503,2652,1583132903169599464,,4.0
1583132903237874571,2653,1583132903211100325,,4.0
1583132903280360656,2654,1583132903249291472,,4.0
1583132903298375258,2655,1583132903271475593,,4.0
1583132903333340739,2656,1583132903301088588,,4.0
1583132903376133895,2657,1583132903335358551,,4.0
1583132903397658076,2658,1583132903367742614,,4.0
1583132903434606034,2659,1583132903412896546,,4.0
1583132903472935164,2660,1583132903443948057,,4.0
1583132903528898734,2661,1583132903475306226,,4.0
1583132903567710783,2662,1583132903509448039,,4.0
1583132903601479268,2663,1583132903543716359,,4.0
1583132903632926619,2664,1583132903575897739,,4.0
1583132903654104338,2665,1583132903607888368,,4.0
1583132903686897989,2666,1583132903640590762,,4.0
1583132903725626797,2667,1583132903682340020,,4.0
1583132903745339237,2668,1583132903711256495,,4.0
1583132903773577356,2669,1583132903737103793,,4.0
1583132903795730622,2670,1583132903776186581,,4.0
1583132903846297588,2671,1583132903805818105,,4.0
1583132903880769306,2672,1583132903850858661,,4.0
1583132903910793050,2673,1583132903879256108,,4.0
1583132903951474014,2674,1583132903909728015,,4.0
1583132903964475969,2675,1583132903935027605,,4.0
1583132903990416172,2676,1583132903968532388,,4.0
1583132904022990026,2677,1583132904002075022,,4.0
1583132904061145508,2678,1583132904035737452,,4.0
1583132904097854854,2679,1583132904076393737,,4.0
1583132904135638400,2680,1583132904107583913,,4.0
1583132904174810970,2681,1583132904137352724,,4.0
1583132904198071022,2682,1583132904168750194,,4.0
1583132904222352411,2683,1583132904202129957,,4.0
1583132904268793680,2684,1583132904239480016,,4.0
1583132904322997526,2685,1583132904273701818,,4.0
1583132904353273544,2686,1583132904300848745,,4.0
1583132904387843876,2687,1583132904337525960,,4.0
1583132904411178908,2688,1583132904382667682,,4.0
1583132904444793205,2689,1583132904402542787,,4.0
1583132904481036961,2690,1583132904443975079,,4.0
1583132904511033385,2691,1583132904467684305,,4.0
1583132904538534230,2692,1583132904501537050,,4.0
1583132904581499137,2693,1583132904532896230,,4.0
1583132904617292600,2694,1583132904566816045,,4.0
1583132904656948738,2695,1583132904598956104,,4.0
1583132904679233996,2696,1583132904633172176,,4.0
1583132904715953103,2697,1583132904666646522,,4.0
1583132904746628553,2698,1583132904701894637,,4.0
1583132904763794498,2699,1583132904740510344,,4.0
1583132904814397869,2700,1583132904772500155,,4.0
1583132904841071671,2701,1583132904809466930,,4.0
1583132904866002084,2702,1583132904842143672,,4.0
1583132904898473305,2703,1583132904872465909,,4.0
1583132904930016520,2704,1583132904905151205,,4.0
1583132904975573243,2705,1583132904934804863,,4.0
1583132904997709528,2706,1583132904967030885,,4.0
1583132905030157366,2707,1583132905005211241,,4.0
1583132905067331527,2708,1583132905039367814,,4.0
1583132905122858139,2709,1583132905081968374,,4.0
1583132905148581332,2710,1583132905107365578,,4.0
1583132905184375080,2711,1583132905141751006,,4.0
1583132905217211944,2712,1583132905178217634,,4.0
1583132905249975218,2713,1583132905211728725,,4.0
1583132905291826167,2714,1583132905241791181,,4.0
1583132905320988040,2715,1583132905278137844,,4.0
1583132905355117390,2716,1583132905307931807,,4.0
1583132905372585028,2717,1583132905341654010,,4.0
1583132905406995805,2718,1583132905372931386,,4.0
1583132905424938693,2719,1583132905402849595,,4.0
1583132905475579926,2720,1583132905437516591,,4.0
1583132905516926262,2721,1583132905473582373,,4.0
1583132905556849880,2722,1583132905508291434,,4.0
1583132905580729162,2723,1583132905536469670,,4.0
1583132905606835078,2724,1583132905577011758,,4.0
1583132905659537583,2725,1583132905620952816,,4.0
1583132905701641512,2726,1583132905648010796,,4.0
1583132905732191197,2727,1583132905675717609,,4.0
1583132905756063416,2728,1583132905708797354,,4.0
1583132905781375929,2729,1583132905743250148,,4.0
1583132905802569519,2730,1583132905768565799,,4.0
1583132905858538120,2731,1583132905804206258,,4.0
1583132905885566097,2732,1583132905835354500,,4.0
1583132905926717402,2733,1583132905867761551,,4.0
1583132905981571754,2734,1583132905902124509,,4.0
1583132906023134626,2735,1583132905952104605,,4.0
1583132906090660150,2736,1583132905977595109,,4.0
1583132906115871508,2737,1583132906001625760,,4.0
1583132906142994688,2738,1583132906034059720,,4.0
1583132906174792316,2739,1583132906082471954,,4.0
1583132906190135373,2740,1583132906116478391,,4.0
1583132906219957384,2741,1583132906145944697,,4.0
1583132906251378658,2742,1583132906178750008,,4.0
1583132906281605652,2743,1583132906203087301,,4.0
1583132906302449986,2744,1583132906238298358,,4.0
1583132906327712218,2745,1583132906271501339,,4.0
1583132906349925883,2746,1583132906305380761,,4.0
1583132906371395414,2747,1583132906336887063,,4.0
1583132906392695024,2748,1583132906371748193,,4.0
1583132906443155470,2749,1583132906403893378,,4.0
1583132906487104306,2750,1583132906447118843,,4.0
1583132906516944795,2751,1583132906469210145,,4.0
1583132906539843766,2752,1583132906508553518,,4.0
1583132906566931866,2753,1583132906536212543,,4.0
1583132906613726972,2754,1583132906570821114,,4.0
1583132906627106366,2755,1583132906602471087,,4.0
1583132906664277341,2756,1583132906636388552,,4.0
1583132906696373978,2757,1583132906672188050,,4.0
1583132906729122297,2758,1583132906705513966,,4.0
1583132906783497110,2759,1583132906752994617,,4.0
1583132906815140136,2760,1583132906776904658,,4.0
1583132906844882001,2761,1583132906799507817,,4.0
1583132906885334917,2762,1583132906846872954,,4.0
1583132906916501370,2763,1583132906878548576,,4.0
1583132906929963255,2764,1583132906909393387,,4.0
1583132906980466998,2765,1583132906943682931,,4.0
1583132907021612849,2766,1583132906977704830,,4.0
1583132907040847567,2767,1583132907006971847,,4.0
1583132907062969126,2768,1583132907034855190,,4.0
1583132907090376197,2769,1583132907066558820,,4.0
1583132907136993384,2770,1583132907101563538,,4.0
1583132907156078877,2771,1583132907134771831,,4.0
1583132907193288400,2772,1583132907172522212,,4.0
1583132907252537764,2773,1583132907206176585,,4.0
1583132907281750592,2774,1583132907241481934,,4.0
1583132907306238520,2775,1583132907269354810,,4.0
1583132907329094708,2776,1583132907301737308,,4.0
1583132907377013310,2777,1583132907336408439,,4.0
1583132907415577291,2778,1583132907370288362,,4.0
1583132907444643051,2779,1583132907403141215,,4.0
1583132907475407287,2780,1583132907438360703,,4.0
1583132907505568611,2781,1583132907469351705,,4.0
1583132907543511736,2782,1583132907503872644,,4.0
1583132907573370249,2783,1583132907537148574,,4.0
1583132907614223814,2784,1583132907576721767,,4.0
1583132907648678298,2785,1583132907601374108,,4.0
1583132907679248008,2786,1583132907634269794,,4.0
1583132907698111687,2787,1583132907668463121,,0.0
1583132907756562397,2788,1583132907702340788,,4.0
1583132907786301373,2789,1583132907736651409,,4.0
1583132907814062707,2790,1583132907771398862,,4.0
1583132907834939657,2791,1583132907805028484,,4.0
1583132907864307460,2792,1583132907835545700,,4.0
1583132907892285370,2793,1583132907869382005,,4.0
1583132907930432086,2794,1583132907900670348,,4.0
1583132907965672921,2795,1583132907938179202,,4.0
1583132908004037180,2796,1583132907967525111,,4.0
1583132908028795167,2797,1583132908001419481,,4.0
1583132908074221506,2798,1583132908046664595,,4.0
1583132908109065942,2799,1583132908078279527,,4.0
1583132908143775392,2800,1583132908102407836,,4.0
1583132908176744338,2801,1583132908135932855,,4.0
1583132908202592505,2802,1583132908168766633,,4.0
1583132908245948327,2803,1583132908208693911,,4.0
1583132908274302815,2804,1583132908246687665,,4.0
1583132908301348800,2805,1583132908277750383,,4.0
1583132908336786995,2806,1583132908307913682,,4.0
1583132908356713631,2807,1583132908336766361,,4.0
1583132908389445022,2808,1583132908367746351,,4.0
1583132908431654839,2809,1583132908402880923,,4.0
1583132908464383317,2810,1583132908439171540,,4.0
1583132908495254229,2811,1583132908470852481,,4.0
1583132908536329494,2812,1583132908505197005,,4.0
1583132908562999734,2813,1583132908539427098,,4.0
1583132908592453525,2814,1583132908568638947,,4.0
1583132908630780413,2815,1583132908602899443,,4.0
1583132908670416430,2816,1583132908637513863,,4.0
1583132908711909257,2817,1583132908674142497,,4.0
1583132908741726652,2818,1583132908707009694,,4.0
1583132908778817954,2819,1583132908741010951,,4.0
1583132908809567558,2820,1583132908774543810,,4.0
1583132908838546840,2821,1583132908806352112,,4.0
1583132908859391429,2822,1583132908838971499,,4.0
1583132908894824663,2823,1583132908871583360,,4.0
1583132908927734409,2824,1583132908905202554,,4.0
1583132908961674208,2825,1583132908938565182,,4.0
1583132909016756545,2826,1583132908986712736,,4.0
1583132909035616465,2827,1583132909006310510,,4.0
1583132909077767934,2828,1583132909038684818,,4.0
1583132909120781358,2829,1583132909075748069,,4.0
1583132909163348723,2830,1583132909108358405,,4.0
1583132909204986844,2831,1583132909148606309,,4.0
1583132909246849477,2832,1583132909172660282,,4.0
1583132909280237954,2833,1583132909202994156,,4.0
1583132909295636566,2834,1583132909239577463,,4.0
1583132909322677129,2835,1583132909269225518,,4.0
1583132909342863412,2836,1583132909302054707,,4.0
1583132909373576885,2837,1583132909335858056,,4.0
1583132909401123646,2838,1583132909368370323,,4.0
1583132909443735211,2839,1583132909401745150,,4.0
1583132909489347469,2840,1583132909435130320,,4.0
1583132909544387959,2841,1583132909480303207,,0.0
1583132909590173425,2842,1583132909521405250,,0.0
1583132909618395658,2843,1583132909551328646,,0.0
1583132909648634028,2844,1583132909585729177,,4.0
1583132909670799919,2845,1583132909605745234,,4.0
1583132909717845565,2846,1583132909638706730,,4.0
1583132909756972477,2847,1583132909688377557,,4.0
1583132909804878021,2848,1583132909704360175,,4.0
1583132909833984790,2849,1583132909736263920,,4.0
1583132909857927130,2850,1583132909778626131,,4.0
1583132909875708446,2851,1583132909814872059,,4.0
1583132909907163685,2852,1583132909839664778,,4.0
1583132909922379204,2853,1583132909878073817,,4.0
1583132909953873629,2854,1583132909915903906,,4.0
1583132909978260242,2855,1583132909941044326,,4.0
1583132910028631024,2856,1583132909986044388,,4.0
1583132910073728084,2857,1583132910024159326,,4.0
1583132910096565942,2858,1583132910047945403,,4.0
1583132910116193095,2859,1583132910085381133,,4.0
1583132910137354082,2860,1583132910106628454,,4.0
1583132910160471546,2861,1583132910139914814,,4.0
1583132910200418946,2862,1583132910172133709,,4.0
1583132910239979889,2863,1583132910203914463,,4.0
1583132910271807025,2864,1583132910240536674,,4.0
1583132910295427972,2865,1583132910275665800,,4.0
1583132910333588523,2866,1583132910307800065,,4.0
1583132910372937722,2867,1583132910336063018,,4.0
1583132910401024989,2868,1583132910367752269,,4.0
1583132910447472260,2869,1583132910411964048,,4.0
1583132910479652663,2870,1583132910438216826,,4.0
1583132910509676851,2871,1583132910474806403,,4.0
1583132910543825296,2872,1583132910502892154,,4.0
1583132910570798609,2873,1583132910535873588,,4.0
1583132910591807115,2874,1583132910567334979,,4.0
1583132910626130906,2875,1583132910600260021,,4.0
1583132910653409611,2876,1583132910634503774,,4.0
1583132910706711275,2877,1583132910668008390,,4.0
1583132910725482298,2878,1583132910705772570,,4.0
1583132910769928960,2879,1583132910747903405,,4.0
1583132910805654077,2880,1583132910780285973,,4.0
1583132910870387611,2881,1583132910812881057,,4.0
1583132910893243417,2882,1583132910856443683,,4.0
1583132910934358473,2883,1583132910869283222,,4.0
1583132910956101939,2884,1583132910901344517,,4.0
1583132910976126588,2885,1583132910936763340,,4.0
1583132911015171399,2886,1583132910967744779,,4.0
1583132911032428194,2887,1583132911001827120,,4.0
1583132911060148997,2888,1583132911035300565,,4.0
1583132911100133244,2889,1583132911068234743,,4.0
1583132911156945858,2890,1583132911105164676,,4.0
1583132911194171383,2891,1583132911134577947,,4.0
1583132911216646924,2892,1583132911166294543,,4.0
1583132911251162062,2893,1583132911205179684,,4.0
1583132911309011538,2894,1583132911242359415,,4.0
1583132911341268959,2895,1583132911267863949,,4.0
1583132911381499968,2896,1583132911301373165,,4.0
1583132911417447419,2897,1583132911338539807,,4.0
1583132911462771484,2898,1583132911367104662,,4.0
1583132911499730441,2899,1583132911411838311,,4.0
1583132911534940298,2900,1583132911459476343,,4.0
1583132911571584195,2901,1583132911489318184,,4.0
1583132911600956950,2902,1583132911513475758,,4.0
1583132911633007588,2903,1583132911534054882,,4.0
1583132911645950234,2904,1583132911568787812,,4.0
1583132911678714593,2905,1583132911603547464,,4.0
1583132911707149677,2906,1583132911634260000,,4.0
1583132911743727639,2907,1583132911668406237,,4.0
1583132911775582680,2908,1583132911699859038,,4.0
1583132911803907305,2909,1583132911735242825,,4.0
1583132911822501939,2910,1583132911778128377,,4.0
1583132911846459820,2911,1583132911799571545,,4.0
1583132911865035235,2912,1583132911836075843,,4.0
1583132911900223630,2913,1583132911870244319,,4.0
1583132911923394915,2914,1583132911905673608,,4.0
1583132911970523937,2915,1583132911943543901,,4.0
1583132912013605932,2916,1583132911970774030,,4.0
1583132912045371038,2917,1583132912010039835,,4.0
1583132912064450981,2918,1583132912038628784,,4.0
1583132912092610766,2919,1583132912070443687,,4.0
1583132912141156700,2920,1583132912114983983,,4.0
1583132912203045679,2921,1583132912145642147,,4.0
1583132912219483572,2922,1583132912183941916,,4.0
1583132912250024361,2923,1583132912212409151,,4.0
1583132912297398233,2924,1583132912239710228,,4.0
1583132912322781991,2925,1583132912273886266,,4.0
1583132912340580287,2926,1583132912309641708,,4.0
1583132912377709747,2927,1583132912338221589,,4.0
1583132912408442330,2928,1583132912369711275,,4.0
1583132912435133607,2929,1583132912405013616,,4.0
1583132912476248197,2930,1583132912443984769,,4.0
1583132912506395956,2931,1583132912475129762,,4.0
1583132912543967253,2932,1583132912514884141,,4.0
1583132912564882706,2933,1583132912540543424,,4.0
1583132912602153286,2934,1583132912570494723,,4.0
1583132912651012818,2935,1583132912604561043,,4.0
1583132912686614059,2936,1583132912649959996,,4.0
1583132912708785764,2937,1583132912674597584,,4.19999980927
1583132912747584599,2938,1583132912717082113,,3.79999995232
1583132912760695181,2939,1583132912738222156,,3.79999995232
1583132912811411549,2940,1583132912786530763,,4.19999980927
1583132912842386869,2941,1583132912817282870,,4.19999980927
1583132912865972488,2942,1583132912834948916,,4.1434431076
1583132912895542500,2943,1583132912868795438,,4.09955883026
1583132912933619319,2944,1583132912901058386,,4.03501272202
1583132912966549645,2945,1583132912936095385,,4.04917287827
1583132913009710715,2946,1583132912973357243,,3.94399118423
1583132913045718257,2947,1583132913001553823,,4.07188129425
1583132913078137972,2948,1583132913038391706,,4.16248321533
1583132913108554630,2949,1583132913068450695,,4.16273975372
1583132913160788025,2950,1583132913114101935,,4.10640239716
1583132913178669343,2951,1583132913146475220,,4.07362985611
1583132913228919662,2952,1583132913177546059,,4.06716012955
1583132913271478934,2953,1583132913206007366,,4.02335977554
1583132913298184370,2954,1583132913237631326,,3.96856689453
1583132913317250378,2955,1583132913269347082,,3.96472477913
1583132913356511729,2956,1583132913310753729,,3.98995828629
1583132913402010381,2957,1583132913350943586,,4.0877366066
1583132913430006560,2958,1583132913379946916,,4.16024637222
1583132913454511923,2959,1583132913413213709,,4.19999980927
1583132913492583384,2960,1583132913435096943,,3.9918320179
1583132913527954358,2961,1583132913473428214,,4.174700737
1583132913558921612,2962,1583132913507435537,,4.14480304718
1583132913597492530,2963,1583132913533513002,,4.0515871048
1583132913640898715,2964,1583132913568446206,,3.92935490608
1583132913670862238,2965,1583132913602754770,,4.05035114288
1583132913690573999,2966,1583132913646065617,,3.79999995232
1583132913714951930,2967,1583132913667181075,,4.19999980927
1583132913742920221,2968,1583132913700735269,,4.02890014648
1583132913758489676,2969,1583132913737391117,,4.02740335464
1583132913798622735,2970,1583132913773459256,,4.19738149643
1583132913831073984,2971,1583132913804606734,,4.09078359604
1583132913860692805,2972,1583132913842161942,,4.05507946014
1583132913906195521,2973,1583132913874099737,,4.15937328339
1583132913945251564,2974,1583132913902000820,,4.10939645767
1583132913968908311,2975,1583132913936592663,,4.13650512695
1583132914008018627,2976,1583132913986709002,,4.03660869598
1583132914045906814,2977,1583132914023080506,,3.88354635239
1583132914072680486,2978,1583132914045147195,,3.86295175552
1583132914136622683,2979,1583132914074786574,,3.85819101334
1583132914166893795,2980,1583132914116788710,,3.83558964729
1583132914188119873,2981,1583132914140791719,,3.82996678352
1583132914230632151,2982,1583132914175333715,,3.89320683479
1583132914254872068,2983,1583132914204181163,,3.93707132339
1583132914280257420,2984,1583132914239507942,,3.98061060905
1583132914306529871,2985,1583132914281726590,,4.19748830795
1583132914325220951,2986,1583132914303487633,,4.14036417007
1583132914357508331,2987,1583132914338047563,,4.19999980927
1583132914389523322,2988,1583132914369072315,,4.12271404266
1583132914426364916,2989,1583132914403605270,,4.19999980927
1583132914468429609,2990,1583132914435042132,,4.1728348732
1583132914511336039,2991,1583132914469237291,,4.00577402115
1583132914556433536,2992,1583132914511086457,,3.9504699707
1583132914588156512,2993,1583132914544910313,,3.89492797852
1583132914607179747,2994,1583132914568821708,,3.87019968033
1583132914626078446,2995,1583132914606074377,,3.91979980469
1583132914667414310,2996,1583132914644703402,,3.79999995232
1583132914710485435,2997,1583132914678959566,,3.79999995232
1583132914763633096,2998,1583132914725446290,,3.90517878532
1583132914787923219,2999,1583132914753072400,,3.86389613152
1583132914808306093,3000,1583132914778716310,,3.9716629982
1583132914837969398,3001,1583132914802320466,,4.07865142822
1583132914857079701,3002,1583132914833771352,,3.90986323357
1583132914901837202,3003,1583132914867850595,,3.91160583496
1583132914948788801,3004,1583132914905957314,,4.19999980927
1583132914964379670,3005,1583132914936107372,,4.19999980927
1583132914990808568,3006,1583132914971482254,,3.97212076187
1583132915021457724,3007,1583132915002822249,,4.07696676254
1583132915057168708,3008,1583132915036294358,,4.01576519012
1583132915099855491,3009,1583132915072478445,,3.94197702408
1583132915150110831,3010,1583132915108477057,,3.79999995232
1583132915175664014,3011,1583132915140507107,,3.79999995232
1583132915202875913,3012,1583132915173993851,,3.79999995232
1583132915239028316,3013,1583132915204330827,,3.79999995232
1583132915272245315,3014,1583132915243127036,,3.83192300797
1583132915307921038,3015,1583132915276386897,,4.19999980927
1583132915340555156,3016,1583132915311676204,,4.19999980927
1583132915397622941,3017,1583132915348728123,,4.19999980927
1583132915429836812,3018,1583132915369030000,,4.19999980927
1583132915452793986,3019,1583132915411429840,,4.19999980927
1583132915483725978,3020,1583132915435388660,,4.19999980927
1583132915498705965,3021,1583132915469510527,,4.19999980927
1583132915532027409,3022,1583132915504040355,,4.19999980927
1583132915557600434,3023,1583132915536063976,,3.8483581543
1583132915630579740,3024,1583132915599268419,,4.19999980927
1583132915664572870,3025,1583132915634780398,,4.03610515594
1583132915699574585,3026,1583132915668262733,,3.96439981461
1583132915738980696,3027,1583132915685793261,,4.04973125458
1583132915775987965,3028,1583132915719218845,,3.87915802002
1583132915803288409,3029,1583132915755187400,,4.08194255829
1583132915840197401,3030,1583132915777236838,,3.79999995232
1583132915859471007,3031,1583132915819278414,,3.91264653206
1583132915874344804,3032,1583132915845452043,,4.04066181183
1583132915921595091,3033,1583132915878052641,,3.79999995232
1583132915973189865,3034,1583132915907790599,,3.79999995232
1583132916017276660,3035,1583132915943538606,,4.19999980927
1583132916062374610,3036,1583132915984204909,,4.19999980927
1583132916095929012,3037,1583132916009699219,,4.19999980927
1583132916125592391,3038,1583132916057131876,,4.19999980927
1583132916163064534,3039,1583132916083220154,,4.19999980927
1583132916193991218,3040,1583132916136372923,,3.79999995232
1583132916221407780,3041,1583132916156510430,,3.79999995232
1583132916238624254,3042,1583132916187420220,,3.79999995232
1583132916254912591,3043,1583132916213885589,,4.19999980927
1583132916285816217,3044,1583132916242780101,,4.18657207489
1583132916313324759,3045,1583132916272178079,,3.79999995232
1583132916365325379,3046,1583132916300924479,,3.91866159439
1583132916384604332,3047,1583132916344789740,,3.79999995232
1583132916402288465,3048,1583132916376042755,,4.19999980927
1583132916438878354,3049,1583132916418371259,,3.93626856804
1583132916469076654,3050,1583132916447243294,,3.79999995232
1583132916499691842,3051,1583132916477038757,,4.19391775131
1583132916544953876,3052,1583132916513470230,,4.01533222198
1583132916567397498,3053,1583132916544185341,,4.19999980927
1583132916606939910,3054,1583132916581005834,,3.82806396484
1583132916638894908,3055,1583132916618173427,,4.13638162613
1583132916664793091,3056,1583132916643331474,,4.19999980927
1583132916704437676,3057,1583132916675650767,,4.19999980927
1583132916748132104,3058,1583132916714849310,,3.95694589615
1583132916771101438,3059,1583132916732278924,,4.01200389862
1583132916804287882,3060,1583132916769164325,,4.0899977684
1583132916833901453,3061,1583132916798859315,,3.99470663071
1583132916870411628,3062,1583132916841772950,,3.91634225845
1583132916913498785,3063,1583132916882056734,,3.90236353874
1583132916947256049,3064,1583132916917264031,,3.95649862289
1583132916972299461,3065,1583132916942774580,,4.02962207794
1583132916992442004,3066,1583132916968553497,,3.79999995232
1583132917039411326,3067,1583132917000965315,,4.08709859848
1583132917063070721,3068,1583132917033462764,,4.05761861801
1583132917105158924,3069,1583132917067978380,,4.12198352814
1583132917142049499,3070,1583132917107480625,,4.19999980927
1583132917174841457,3071,1583132917137623079,,4.13866138458
1583132917211619265,3072,1583132917170628833,,4.17796945572
1583132917251221037,3073,1583132917207080657,,3.99856710434
1583132917291212153,3074,1583132917239631092,,4.12627887726
1583132917307931696,3075,1583132917284215397,,4.13915395737
1583132917334727141,3076,1583132917310325248,,4.06272888184
1583132917358259224,3077,1583132917339084297,,4.03351593018
1583132917395563489,3078,1583132917374509052,,3.86251211166
1583132917438204832,3079,1583132917407309181,,3.83925938606
1583132917487087357,3080,1583132917442069499,,3.81973719597
1583132917513790399,3081,1583132917475035881,,3.86091470718
1583132917530080931,3082,1583132917504409584,,3.95139455795
1583132917571661095,3083,1583132917542563155,,4.10058450699
1583132917610158392,3084,1583132917571256199,,4.14188671112
1583132917644295144,3085,1583132917604634186,,4.14571666718
1583132917681821053,3086,1583132917639184811,,4.15772724152
1583132917702448054,3087,1583132917669361490,,4.15685129166
1583132917735739495,3088,1583132917710654295,,3.94192361832
1583132917776139574,3089,1583132917739085379,,4.02533245087
1583132917796909951,3090,1583132917773992507,,4.19999980927
1583132917831915833,3091,1583132917806818347,,4.14923095703
1583132917881537510,3092,1583132917836681669,,4.1190032959
1583132917895359361,3093,1583132917869940987,,4.02264547348
1583132917948936106,3094,1583132917907233095,,4.00759601593
1583132917965363186,3095,1583132917938520098,,3.93851613998
1583132917997422997,3096,1583132917975829195,,4.03510141373
1583132918038973262,3097,1583132918006683186,,3.79999995232
1583132918077049525,3098,1583132918052606011,,3.81587219238
1583132918118583590,3099,1583132918084525601,,3.81853175163
1583132918148267333,3100,1583132918108615392,,3.87259054184
1583132918166432609,3101,1583132918133433942,,4.02975749969
1583132918190410859,3102,1583132918167786012,,4.06640005112
1583132918223224247,3103,1583132918200824581,,4.19149017334
1583132918256212355,3104,1583132918234139244,,4.16559314728
1583132918314293715,3105,1583132918268393739,,4.09360790253
1583132918332341616,3106,1583132918301095245,,4.19999980927
1583132918362278415,3107,1583132918335502035,,4.13355255127
1583132918392082052,3108,1583132918368457192,,3.93384242058
1583132918426052719,3109,1583132918401666397,,3.79999995232
1583132918483463933,3110,1583132918435539113,,3.79999995232
1583132918514645989,3111,1583132918468053598,,3.79999995232
1583132918528396301,3112,1583132918503504436,,3.79999995232
1583132918589068701,3113,1583132918538834196,,3.79999995232
1583132918640156226,3114,1583132918569092437,,4.19999980927
1583132918672754143,3115,1583132918601217648,,3.79999995232
1583132918703211175,3116,1583132918634833929,,4.19999980927
1583132918744904212,3117,1583132918669539738,,4.19999980927
1583132918786712010,3118,1583132918702276582,,4.19999980927
1583132918812521544,3119,1583132918759088312,,4.0268907547
1583132918832612021,3120,1583132918784474568,,4.17940235138
1583132918880908747,3121,1583132918802587314,,4.04368877411
1583132918902954903,3122,1583132918847844899,,3.79999995232
1583132918931343614,3123,1583132918881902083,,3.82928323746
1583132918959958249,3124,1583132918911788082,,3.79999995232
1583132918990434923,3125,1583132918938588302,,4.19999980927
1583132919023265279,3126,1583132918978021291,,4.19999980927
1583132919047512010,3127,1583132919004286296,,3.87174367905
1583132919071292937,3128,1583132919038375488,,3.79999995232
1583132919109762701,3129,1583132919070971440,,4.19999980927
1583132919137595223,3130,1583132919106978586,,3.79999995232
1583132919188620275,3131,1583132919138602846,,3.79999995232
1583132919233667208,3132,1583132919201599442,,3.82154846191
1583132919268972301,3133,1583132919217458758,,4.19999980927
1583132919294339324,3134,1583132919257022433,,3.90560913086
1583132919337902995,3135,1583132919279973451,,3.79999995232
1583132919354813901,3136,1583132919300089222,,3.79999995232
1583132919380185815,3137,1583132919339082363,,4.19999980927
1583132919407125944,3138,1583132919370642743,,3.82689666748
1583132919430024588,3139,1583132919402156396,,3.79999995232
1583132919472853001,3140,1583132919436425411,,3.93934488297
1583132919510025911,3141,1583132919469326453,,3.84611368179
1583132919542219636,3142,1583132919504094455,,3.86958312988
1583132919584643075,3143,1583132919542872334,,4.19999980927
1583132919629428917,3144,1583132919573094303,,3.79999995232
1583132919649565364,3145,1583132919606319089,,3.79999995232
1583132919690113649,3146,1583132919636290694,,3.79999995232
1583132919725351277,3147,1583132919670365692,,4.19999980927
1583132919754216319,3148,1583132919703987492,,4.19999980927
1583132919801433167,3149,1583132919736389329,,4.19999980927
1583132919827969915,3150,1583132919778145633,,4.19999980927
1583132919873857627,3151,1583132919804468663,,4.19999980927
1583132919906256382,3152,1583132919841986986,,3.93695688248
1583132919938136530,3153,1583132919874665446,,3.80799412727
1583132919951293699,3154,1583132919904298934,,4.07251262665
1583132919973509658,3155,1583132919936611517,,4.15528249741
1583132920002469528,3156,1583132919975195903,,4.12305164337
1583132920027608828,3157,1583132920003057427,,3.92400503159
1583132920085560738,3158,1583132920036059037,,3.97363901138
1583132920122745186,3159,1583132920069714602,,3.94247579575
1583132920155559650,3160,1583132920102125609,,4.13731098175
1583132920190460675,3161,1583132920137249679,,4.16659832001
1583132920222439138,3162,1583132920170440313,,4.14967060089
1583132920251601757,3163,1583132920205465060,,4.19999980927
1583132920279945424,3164,1583132920235853456,,3.79999995232
1583132920293931043,3165,1583132920268664229,,4.19999980927
1583132920322402188,3166,1583132920301697937,,3.88214731216
1583132920354726738,3167,1583132920334122724,,3.98808145523
1583132920411579104,3168,1583132920367324363,,4.10702371597
1583132920447140212,3169,1583132920402398022,,3.79999995232
1583132920505567319,3170,1583132920433353095,,4.19999980927
1583132920536964192,3171,1583132920470012236,,4.04388141632
1583132920568616519,3172,1583132920506964886,,4.19999980927
1583132920597758225,3173,1583132920535743971,,3.79999995232
1583132920633070016,3174,1583132920569366358,,3.79999995232
1583132920671873995,3175,1583132920600978500,,4.19999980927
1583132920698443516,3176,1583132920636247703,,4.19999980927
1583132920722691526,3177,1583132920677422861,,3.79999995232
1583132920754047136,3178,1583132920705833897,,3.83584141731
1583132920794908624,3179,1583132920739381727,,4.19999980927
1583132920814671003,3180,1583132920767367214,,4.17725849152
1583132920850485420,3181,1583132920805397792,,3.79999995232
1583132920868957947,3182,1583132920833955309,,3.95364522934
1583132920915919305,3183,1583132920868526459,,3.9380004406
1583132920957713400,3184,1583132920902936618,,4.19999980927
1583132920980314469,3185,1583132920935715047,,3.80996251106
1583132921017282728,3186,1583132920967788328,,3.79999995232
1583132921043859117,3187,1583132921005107957,,3.79999995232
1583132921062746248,3188,1583132921040905498,,3.79999995232
1583132921116494363,3189,1583132921080261079,,3.93978118896
1583132921161610265,3190,1583132921114307107,,4.19999980927
1583132921184461467,3191,1583132921138264674,,4.19999980927
1583132921213334092,3192,1583132921170868144,,4.19999980927
1583132921238767006,3193,1583132921202624561,,4.19999980927
1583132921267398370,3194,1583132921239270193,,4.1152009964
1583132921298372383,3195,1583132921270241531,,4.19999980927
1583132921345570431,3196,1583132921303705248,,3.79999995232
1583132921382122843,3197,1583132921335086045,,4.19999980927
1583132921405063986,3198,1583132921372594001,,4.19999980927
1583132921446581191,3199,1583132921401484942,,3.94319915771
1583132921490098319,3200,1583132921450748074,,3.94614553452
1583132921511235031,3201,1583132921486181391,,4.19999980927
1583132921547001961,3202,1583132921515793509,,3.8609161377
1583132921573680080,3203,1583132921533784750,,3.79999995232
1583132921613988937,3204,1583132921578873166,,3.79999995232
1583132921660474481,3205,1583132921613441668,,4.19999980927
1583132921684961345,3206,1583132921648413999,,3.83073282242
1583132921718740377,3207,1583132921672915594,,4.19999980927
1583132921747736190,3208,1583132921704322715,,4.19999980927
1583132921762792226,3209,1583132921737773049,,3.79999995232
1583132921803608224,3210,1583132921773198332,,4.19999980927
1583132921835255260,3211,1583132921805690803,,3.96788167953
1583132921855258850,3212,1583132921835503095,,4.19999980927
1583132921893270751,3213,1583132921874245883,,4.01213979721
1583132921945821441,3214,1583132921904944664,,4.19999980927
1583132921978579949,3215,1583132921948932964,,3.84617757797
1583132922015478080,3216,1583132921980415537,,3.88767242432
1583132922041090381,3217,1583132922003131193,,3.81364130974
1583132922064628462,3218,1583132922039923246,,3.79999995232
1583132922102486246,3219,1583132922071674512,,3.79999995232
1583132922133061842,3220,1583132922103841409,,3.79999995232
1583132922155854344,3221,1583132922135776179,,3.79999995232
1583132922190748322,3222,1583132922170670207,,4.19999980927
1583132922236710772,3223,1583132922211177425,,4.19999980927
1583132922265173427,3224,1583132922242296680,,4.19999980927
1583132922306334772,3225,1583132922273632707,,3.97334909439
1583132922332779214,3226,1583132922306963588,,4.19999980927
1583132922366565028,3227,1583132922335946710,,4.19999980927
1583132922397307813,3228,1583132922369090931,,3.79999995232
1583132922422123708,3229,1583132922401222093,,3.79999995232
1583132922457415385,3230,1583132922435161282,,3.79999995232
1583132922490217986,3231,1583132922468182567,,3.79999995232
1583132922528726152,3232,1583132922502100644,,3.79999995232
1583132922562555683,3233,1583132922539805391,,3.79999995232
1583132922604260286,3234,1583132922572009684,,3.79999995232
1583132922636655431,3235,1583132922609188151,,4.02909231186
1583132922664184980,3236,1583132922637301206,,4.16094970703
1583132922705706129,3237,1583132922671707819,,3.88520359993
1583132922732947515,3238,1583132922706056498,,3.79999995232
1583132922761238154,3239,1583132922737378038,,4.08772277832
1583132922794540826,3240,1583132922768861520,,4.19999980927
1583132922824766679,3241,1583132922804701275,,4.19999980927
1583132922859507237,3242,1583132922839503615,,4.19999980927
1583132922910548978,3243,1583132922869664717,,3.79999995232
1583132922948082157,3244,1583132922900183166,,3.79999995232
1583132922972842797,3245,1583132922939199556,,3.79999995232
1583132923003289345,3246,1583132922971294795,,4.19999980927
1583132923047740179,3247,1583132923012692563,,3.79999995232
1583132923064633613,3248,1583132923034465677,,4.19999980927
1583132923089709902,3249,1583132923069550808,,4.19999980927
1583132923128441212,3250,1583132923100381399,,3.79999995232
1583132923168285434,3251,1583132923137667784,,3.83118891716
1583132923197330390,3252,1583132923173447043,,4.08842325211
1583132923238780843,3253,1583132923205470135,,4.19999980927
1583132923281122539,3254,1583132923237131122,,4.19999980927
1583132923310875654,3255,1583132923268932844,,3.94595193863
1583132923331189984,3256,1583132923304556175,,3.79999995232
1583132923363937165,3257,1583132923338570386,,3.79999995232
1583132923405229722,3258,1583132923372207055,,3.79999995232
1583132923426829535,3259,1583132923406048101,,3.84118652344
1583132923490540592,3260,1583132923437011497,,3.89454960823
1583132923518650547,3261,1583132923477328897,,3.98301243782
1583132923542663930,3262,1583132923501601964,,4.19999980927
1583132923576137563,3263,1583132923536460685,,4.19999980927
1583132923598906967,3264,1583132923570176876,,4.05148792267
1583132923628849551,3265,1583132923603607106,,3.79999995232
1583132923660580560,3266,1583132923634549077,,3.79999995232
1583132923691171140,3267,1583132923668802433,,4.02011108398
1583132923744140606,3268,1583132923701164872,,3.92344665527
1583132923781654799,3269,1583132923752016340,,3.79999995232
1583132923806309712,3270,1583132923773441181,,4.05641794205
1583132923828008715,3271,1583132923804676066,,3.80400848389
1583132923871044686,3272,1583132923838795234,,3.79999995232
1583132923906766416,3273,1583132923870928584,,4.12703227997
1583132923946354816,3274,1583132923911056609,,4.19999980927
1583132923968689516,3275,1583132923938678215,,4.17354440689
1583132924020610398,3276,1583132923972436860,,4.19512653351
1583132924050643406,3277,1583132924002999114,,4.19999980927
1583132924072930667,3278,1583132924035318204,,4.19999980927
1583132924142158494,3279,1583132924083795161,,4.19999980927
1583132924168750684,3280,1583132924103947128,,4.19999980927
1583132924191323249,3281,1583132924147373047,,3.79999995232
1583132924211516769,3282,1583132924178749055,,4.19999980927
1583132924249735391,3283,1583132924214182867,,3.79999995232
1583132924310078714,3284,1583132924237581543,,3.79999995232
1583132924353509795,3285,1583132924274191786,,3.8613524437
1583132924384880521,3286,1583132924306592198,,3.79999995232
1583132924420733832,3287,1583132924339787179,,3.79999995232
1583132924453351626,3288,1583132924370787235,,3.79999995232
1583132924475749351,3289,1583132924404551169,,4.19999980927
1583132924504307426,3290,1583132924438160857,,3.83589196205
1583132924542903837,3291,1583132924486064397,,4.19999980927
1583132924559104295,3292,1583132924515634045,,4.19999980927
1583132924581371324,3293,1583132924541875766,,4.19999980927
1583132924603930472,3294,1583132924570342406,,4.19999980927
1583132924633233901,3295,1583132924610452996,,4.19999980927
1583132924672662678,3296,1583132924651401838,,4.19999980927
1583132924710377877,3297,1583132924678619089,,4.19999980927
1583132924733369475,3298,1583132924713379496,,4.19999980927
1583132924758923406,3299,1583132924738846224,,4.19999980927
1583132924790589158,3300,1583132924769659426,,4.19999980927
1583132924822122754,3301,1583132924802547651,,4.19999980927
1583132924861654716,3302,1583132924838180250,,4.19999980927
1583132924909277754,3303,1583132924872081478,,4.19999980927
1583132924933871713,3304,1583132924911627919,,4.19999980927
1583132924970374003,3305,1583132924939627843,,4.19999980927
1583132925011225005,3306,1583132924973677867,,0.0
1583132925045530492,3307,1583132925005654191,,4.19999980927
1583132925077656223,3308,1583132925049787837,,4.08697032928
1583132925108571757,3309,1583132925073189656,,3.91077876091
1583132925130713969,3310,1583132925102587313,,3.79999995232
1583132925174618670,3311,1583132925142353172,,3.99023747444
1583132925221864401,3312,1583132925175181810,,3.79999995232
1583132925268657558,3313,1583132925207070278,,3.79999995232
1583132925283298820,3314,1583132925248933662,,4.19999980927
1583132925317679720,3315,1583132925275875363,,4.19999980927
1583132925345995769,3316,1583132925305536284,,3.9388153553
1583132925384698011,3317,1583132925335118008,,3.79999995232
1583132925426262568,3318,1583132925370385403,,3.95920419693
1583132925465955085,3319,1583132925411928196,,4.17564535141
1583132925487135837,3320,1583132925445926228,,3.79999995232
1583132925517083591,3321,1583132925471906888,,3.92527151108
1583132925546909393,3322,1583132925501563706,,4.07152414322
1583132925577621612,3323,1583132925537865972,,4.13047170639
1583132925622566565,3324,1583132925572809360,,3.94922780991
1583132925655948926,3325,1583132925602207874,,3.87199544907
1583132925688912962,3326,1583132925635795135,,3.79999995232
1583132925699187668,3327,1583132925668454124,,3.87179422379
1583132925728328393,3328,1583132925701639894,,3.84669184685
1583132925804489726,3329,1583132925758462439,,3.91924905777
1583132925845425388,3330,1583132925781617259,,3.98858642578
1583132925880386412,3331,1583132925812021043,,3.79999995232
1583132925911865372,3332,1583132925851111458,,3.87453317642
1583132925948983695,3333,1583132925879186775,,4.1647644043
1583132925991832150,3334,1583132925910550596,,4.09513378143
1583132926017473509,3335,1583132925942091816,,4.01857280731
1583132926032731881,3336,1583132925969181349,,4.03476238251
1583132926070352859,3337,1583132926005838590,,3.79999995232
1583132926107286194,3338,1583132926034720310,,3.99274301529
1583132926146283606,3339,1583132926085277805,,3.8306517601
1583132926162208587,3340,1583132926100974199,,4.0242857933
1583132926184586135,3341,1583132926135909176,,3.79999995232
1583132926207286019,3342,1583132926169960791,,4.19999980927
1583132926242086340,3343,1583132926200928390,,3.79999995232
1583132926278234267,3344,1583132926235123801,,3.79999995232
1583132926303279736,3345,1583132926267941319,,4.19999980927
1583132926335473905,3346,1583132926301193673,,3.79999995232
1583132926369636274,3347,1583132926334982832,,4.19999980927
1583132926409949631,3348,1583132926367906506,,4.19999980927
1583132926431218269,3349,1583132926402314617,,4.19999980927
1583132926460358489,3350,1583132926434464426,,4.19999980927
1583132926501785453,3351,1583132926468712241,,4.19999980927
