%time,field.header.seq,field.header.stamp,field.header.frame_id,field.acceleration
1592041872200448707,1020,1592041872148013114,,0.0
1592041872251929169,1021,1592041872199903964,,0.0
1592041872303932261,1022,1592041872251627922,,0.0
1592041872357824262,1023,1592041872303576946,,0.0
1592041872410095213,1024,1592041872357930898,,0.0
1592041872461678682,1025,1592041872409965991,,0.0
1592041872513595596,1026,1592041872461774110,,0.0
1592041872614838737,1027,1592041872513370990,,0.0
1592041872667291797,1028,1592041872614866971,,0.0
1592041872719783958,1029,1592041872667311906,,0.0
1592041872772509025,1030,1592041872719847917,,0.0
1592041872824771684,1031,1592041872772227048,,0.0
1592041872882120388,1032,1592041872824798107,,0.0
1592041872936806567,1033,1592041872884310960,,0.0
1592041872989617752,1034,1592041872936748981,,0.0
1592041873041918800,1035,1592041872989381074,,0.0
1592041873094058674,1036,1592041873041702985,,0.0
1592041873147014688,1037,1592041873094099044,,0.0
1592041873249471940,1038,1592041873146982908,,0.0
1592041873351108377,1039,1592041873249504089,,0.0
1592041873403401513,1040,1592041873351217985,,0.0
1592041873455910429,1041,1592041873403456926,,0.0
1592041873558568269,1042,1592041873455995082,,0.0
1592041873611696850,1043,1592041873558645009,,0.0
1592041873663539938,1044,1592041873611406087,,0.0
1592041873715923528,1045,1592041873663218975,,0.0
1592041873769536057,1046,1592041873716500997,,0.0
1592041873821887377,1047,1592041873769221067,,0.0
1592041873874870826,1048,1592041873821973085,,0.0
1592041873926519409,1049,1592041873874562978,,0.0
1592041873978604333,1050,1592041873926619052,,0.0
1592041874030257705,1051,1592041873978432893,,0.0
1592041874082771900,1052,1592041874029959917,,0.0
1592041874136093049,1053,1592041874082432031,,0.0
1592041874187352703,1054,1592041874135787963,,0.0
1592041874240029513,1055,1592041874187452077,,0.0
1592041874292376720,1056,1592041874239929914,,0.0
1592041874344661803,1057,1592041874292443037,,0.0
1592041874453000577,1058,1592041874344718933,,0.0
1592041874501779341,1059,1592041874449444055,,0.0
1592041874554247069,1060,1592041874501461982,,0.0
1592041874605558189,1061,1592041874553935050,,0.0
1592041874657317680,1062,1592041874605628013,,0.0
1592041874709740604,1063,1592041874657083988,,0.0
1592041874762070034,1064,1592041874709414958,,0.0
1592041874814448816,1065,1592041874761743068,,0.0
1592041874866896046,1066,1592041874814124107,,0.0
1592041874919778950,1067,1592041874866550922,,0.0
1592041874978077289,1068,1592041874919897079,,0.0
1592041875030631052,1069,1592041874978292942,,0.0
1592041875084191669,1070,1592041875031352996,,0.0
1592041875136577436,1071,1592041875083884000,,0.0
1592041875188212787,1072,1592041875136281967,,0.0
1592041875290546638,1073,1592041875188175916,,0.0
1592041875342615756,1074,1592041875290282964,,0.0
1592041875395455648,1075,1592041875342701911,,0.0
1592041875448046026,1076,1592041875395066976,,0.0
1592041875502018932,1077,1592041875448129892,,0.0
1592041875553158001,1078,1592041875501678943,,0.0
1592041875605567052,1079,1592041875553162097,,0.0
1592041875658074143,1080,1592041875605298042,,0.0
1592041875712994461,1081,1592041875657934904,,0.0
1592041875764449873,1082,1592041875710059881,,0.0
1592041875817061219,1083,1592041875764636039,,0.0
1592041875868949971,1084,1592041875817219972,,0.0
1592041875921466013,1085,1592041875868999958,,0.0
1592041875974380094,1086,1592041875921531915,,0.0
1592041876026884941,1087,1592041875974081993,,0.0
1592041876080197329,1088,1592041876026952028,,0.0
1592041876132948359,1089,1592041876080425024,,0.0
1592041876186724776,1090,1592041876133003950,,0.0
1592041876239857137,1091,1592041876186933040,,0.0
1592041876292726580,1092,1592041876239511013,,0.0
1592041876395032184,1093,1592041876292398929,,0.0
1592041876447937272,1094,1592041876395160913,,0.0
1592041876500741579,1095,1592041876447666883,,0.0
1592041876552288424,1096,1592041876500437021,,0.0
1592041876605329016,1097,1592041876552292108,,0.0
1592041876658054748,1098,1592041876605149030,,0.0
1592041876715876110,1099,1592041876656995058,,0.0
1592041876761439549,1100,1592041876709041118,,0.0
1592041876817574702,1101,1592041876761039018,,0.0
1592041876869638168,1102,1592041876817126035,,0.0
1592041876922598912,1103,1592041876869313001,,0.0
1592041876975619139,1104,1592041876922645092,,0.0
1592041877027951955,1105,1592041876975207090,,0.0
1592041877080600953,1106,1592041877027842998,,0.0
1592041877133011210,1107,1592041877080234050,,0.0
1592041877185160214,1108,1592041877132781028,,0.0
1592041877241947055,1109,1592041877184827089,,0.0
1592041877294310672,1110,1592041877242129087,,0.0
1592041877346730354,1111,1592041877294002056,,0.0
1592041877402712755,1112,1592041877346528053,,0.0
1592041877454672345,1113,1592041877402812004,,0.0
1592041877556773450,1114,1592041877454490900,,0.0
1592041877609342409,1115,1592041877556633949,,0.0
1592041877661093363,1116,1592041877609146118,,0.0
1592041877714554907,1117,1592041877660911083,,0.0
1592041877767915068,1118,1592041877714787960,,0.0
1592041877823311787,1119,1592041877767558097,,0.0
1592041877876134173,1120,1592041877823029994,,0.0
1592041877928725708,1121,1592041877875766038,,0.0
1592041878030955472,1122,1592041877928435087,,0.0
1592041878083703737,1123,1592041878031018018,,0.0
1592041878135629043,1124,1592041878083703041,,0.0
1592041878188029209,1125,1592041878135720968,,0.0
1592041878289445672,1126,1592041878187705993,,0.0
1592041878341088603,1127,1592041878289446115,,0.0
1592041878393927342,1128,1592041878341180086,,0.0
1592041878451731562,1129,1592041878393624067,,0.0
1592041878503924072,1130,1592041878451545953,,0.0
1592041878556954803,1131,1592041878504004001,,0.0
1592041878609728071,1132,1592041878556994915,,0.0
1592041878661920735,1133,1592041878609435081,,0.0
1592041878714811050,1134,1592041878661999940,,0.0
1592041878816942590,1135,1592041878714468955,,0.0
1592041878872566079,1136,1592041878816564083,,0.0
1592041878925040841,1137,1592041878872268915,,0.0
1592041878977655931,1138,1592041878924665927,,0.0
1592041879029704850,1139,1592041878977289915,,0.0
1592041879083367656,1140,1592041879029833078,,0.0
1592041879135931265,1141,1592041879083565950,,0.0
1592041879188376991,1142,1592041879135324001,,0.0
1592041879240677526,1143,1592041879187864065,,0.0
1592041879294349162,1144,1592041879240362882,,0.0
1592041879347210721,1145,1592041879294054031,,0.0
1592041879399985740,1146,1592041879347162008,,0.0
1592041879451418703,1147,1592041879399693965,,0.0
1592041879502944682,1148,1592041879451164960,,0.0
1592041879554354653,1149,1592041879502674102,,0.0
1592041879656876090,1150,1592041879554059982,,0.0
1592041879708987397,1151,1592041879656537055,,0.0
1592041879761884328,1152,1592041879709091901,,0.0
1592041879819679918,1153,1592041879761537075,,0.0
1592041879921766849,1154,1592041879819250106,,0.0
1592041879974682026,1155,1592041879921873092,,0.0
1592041880026899402,1156,1592041879974337100,,0.0
1592041880086731065,1157,1592041880026973962,,0.0
1592041880139173681,1158,1592041880086819887,,0.0
1592041880192139978,1159,1592041880139328956,,0.0
1592041880244239474,1160,1592041880191775083,,0.0
1592041880295774475,1161,1592041880244313001,,0.0
1592041880348639533,1162,1592041880295789003,,0.0
1592041880404540025,1163,1592041880348280906,,0.0
1592041880456194894,1164,1592041880403345108,,0.0
1592041880509204032,1165,1592041880456130027,,0.0
1592041880562595511,1166,1592041880509305953,,0.0
1592041880614641011,1167,1592041880562273979,,0.0
1592041880667083640,1168,1592041880614725112,,0.0
1592041880719765438,1169,1592041880667149066,,0.0
1592041880772873302,1170,1592041880719990968,,0.0
1592041880875836797,1171,1592041880773056983,,0.0
1592041880932474360,1172,1592041880875432968,,0.0
1592041880983932246,1173,1592041880932410001,,0.0
1592041881087000276,1174,1592041880983978033,,0.0
1592041881139778806,1175,1592041881087136030,,0.0
1592041881192349438,1176,1592041881139564990,,0.0
1592041881244349793,1177,1592041881192049026,,0.0
1592041881296051034,1178,1592041881244528055,,0.0
1592041881348302856,1179,1592041881296113014,,0.0
1592041881399902686,1180,1592041881348001956,,0.0
1592041881451859077,1181,1592041881399580955,,0.0
1592041881503599522,1182,1592041881451914072,,0.0
1592041881555278641,1183,1592041881503671884,,0.0
1592041881608055649,1184,1592041881555293083,,0.0
1592041881660645064,1185,1592041881607752084,,0.0
1592041881712312061,1186,1592041881660290002,,0.0
1592041881765079769,1187,1592041881712357044,,0.0
1592041881817695200,1188,1592041881764781951,,0.0
1592041881870318628,1189,1592041881817656993,,0.0
1592041881923327345,1190,1592041881870136022,,0.0
1592041881975843767,1191,1592041881922955036,,0.0
1592041882028016990,1192,1592041881975441932,,0.0
1592041882079655671,1193,1592041882028045892,,0.0
1592041882132223221,1194,1592041882079730987,,0.0
1592041882235200260,1195,1592041882131856918,,0.0
1592041882287435433,1196,1592041882234901905,,0.0
1592041882347204494,1197,1592041882287518978,,0.0
1592041882398893765,1198,1592041882346750020,,0.0
1592041882450893520,1199,1592041882398612022,,0.0
1592041882503677493,1200,1592041882450982093,,0.0
1592041882556400092,1201,1592041882503772020,,0.0
1592041882608868819,1202,1592041882556277036,,0.0
1592041882661727560,1203,1592041882608558893,,0.0
1592041882764663257,1204,1592041882661801099,,0.0
1592041882818018531,1205,1592041882764825105,,0.0
1592041882870633386,1206,1592041882817671060,,0.0
1592041882923232459,1207,1592041882870347976,,0.0
1592041882975320234,1208,1592041882922894001,,0.0
1592041883028315284,1209,1592041882975392103,,0.0
1592041883080624112,1210,1592041883028007984,,0.0
1592041883132025560,1211,1592041883080351114,,0.0
1592041883184972755,1212,1592041883132159948,,0.0
1592041883236132009,1213,1592041883184590101,,0.0
1592041883288003725,1214,1592041883235940933,,0.0
1592041883339988960,1215,1592041883287734985,,0.0
1592041883392253882,1216,1592041883339682102,,0.0
1592041883445033859,1217,1592041883392394065,,0.0
1592041883497063451,1218,1592041883444644927,,0.0
1592041883549010884,1219,1592041883497092008,,0.0
1592041883600961511,1220,1592041883549047946,,0.0
1592041883653363437,1221,1592041883600642919,,0.0
1592041883705808206,1222,1592041883653016090,,0.0
1592041883808710501,1223,1592041883705915927,,0.0
1592041883860775285,1224,1592041883808377981,,0.0
1592041883913106309,1225,1592041883860860109,,0.0
1592041883965753883,1226,1592041883912777900,,0.0
1592041884019241180,1227,1592041883965369939,,0.0
1592041884070461121,1228,1592041884018946886,,0.0
1592041884123949924,1229,1592041884070481061,,0.0
1592041884175844557,1230,1592041884123856067,,0.0
1592041884278099539,1231,1592041884175666093,,0.0
1592041884330409095,1232,1592041884278217077,,0.0
1592041884383331365,1233,1592041884330454111,,0.0
1592041884434616787,1234,1592041884382565021,,0.0
1592041884485921200,1235,1592041884434360980,,0.0
1592041884537533655,1236,1592041884485975027,,0.0
1592041884589068746,1237,1592041884537528991,,0.0
1592041884690792552,1238,1592041884589109897,,0.0
1592041884743240002,1239,1592041884690855979,,0.0
1592041884795836553,1240,1592041884743263006,,0.0
1592041884848736526,1241,1592041884795514106,,0.0
1592041884902559621,1242,1592041884848876953,,0.0
1592041884954741663,1243,1592041884902314901,,0.0
1592041885014160676,1244,1592041884954261064,,0.0
1592041885066134368,1245,1592041885013593912,,0.0
1592041885119086901,1246,1592041885066226005,,0.0
1592041885171444931,1247,1592041885118784904,,0.0
1592041885223919466,1248,1592041885171080112,,0.0
1592041885275579146,1249,1592041885223551988,,0.0
1592041885327464602,1250,1592041885275609016,,0.0
1592041885379848340,1251,1592041885327521085,,0.0
1592041885431602295,1252,1592041885379904031,,0.0
1592041885484929203,1253,1592041885431668043,,0.0
1592041885605729589,1254,1592041885492965936,,0.0
1592041885665289149,1255,1592041885606045961,,0.0
1592041885718046455,1256,1592041885665311098,,0.0
1592041885770502710,1257,1592041885718507051,,0.0
1592041885821965344,1258,1592041885770275115,,0.0
1592041885873710708,1259,1592041885821976900,,0.0
1592041885925100530,1260,1592041885873699903,,0.0
1592041885977463574,1261,1592041885925237894,,0.0
1592041886079442047,1262,1592041885977058887,,0.0
1592041886131688994,1263,1592041886079130887,,0.0
1592041886183940631,1264,1592041886131829977,,0.0
1592041886235615749,1265,1592041886183707952,,0.0
1592041886287462803,1266,1592041886235205888,,0.0
1592041886339878093,1267,1592041886287127971,,0.0
1592041886392470926,1268,1592041886339498043,,0.0
1592041886443796061,1269,1592041886392189025,,0.0
1592041886496257049,1270,1592041886443880081,,0.0
1592041886548702389,1271,1592041886496016979,,0.0
1592041886600853159,1272,1592041886548366069,,0.0
1592041886653840124,1273,1592041886600944042,,0.0
1592041886705915466,1274,1592041886653495073,,0.0
1592041886758675145,1275,1592041886705966949,,0.0
1592041886812800671,1276,1592041886758287906,,0.0
1592041886864947284,1277,1592041886812588930,,0.0
1592041886917022043,1278,1592041886865026950,,0.0
1592041886969468214,1279,1592041886917048931,,0.0
1592041887021940359,1280,1592041886969583034,,0.0
1592041887074724633,1281,1592041887022248029,,0.0
1592041887127114381,1282,1592041887074753999,,0.0
1592041887178746963,1283,1592041887126815080,,0.0
1592041887230884484,1284,1592041887178478956,,0.0
1592041887335090096,1285,1592041887230957031,,0.0
1592041887387741033,1286,1592041887334810018,,0.0
1592041887440105239,1287,1592041887387554883,,0.0
1592041887492363206,1288,1592041887439903974,,0.0
1592041887544468089,1289,1592041887492502927,,0.0
1592041887595793666,1290,1592041887544228076,,0.0
1592041887647407660,1291,1592041887595611095,,0.0
1592041887699260104,1292,1592041887647423982,,0.0
1592041887750690262,1293,1592041887699017047,,0.0
1592041887802558140,1294,1592041887750441074,,0.0
1592041887856612165,1295,1592041887802321910,,0.0
1592041887909032384,1296,1592041887856832027,,0.0
1592041887961511952,1297,1592041887908848047,,0.0
1592041888014440615,1298,1592041887961592912,,0.0
1592041888066836171,1299,1592041888014045000,,0.0
1592041888118949527,1300,1592041888066529989,,0.0
1592041888170529801,1301,1592041888119085073,,0.0
1592041888222341853,1302,1592041888170617103,,0.0
1592041888273928473,1303,1592041888222141981,,0.0
1592041888325702402,1304,1592041888273715019,,0.0
1592041888427580856,1305,1592041888325757026,,0.0
1592041888479824919,1306,1592041888427355051,,0.0
1592041888531547287,1307,1592041888479656934,,0.0
1592041888583800997,1308,1592041888531249046,,0.0
1592041888636129168,1309,1592041888583813905,,0.0
1592041888688771201,1310,1592041888636292934,,0.0
1592041888792186193,1311,1592041888688930034,,0.0
1592041888845651365,1312,1592041888792419910,,0.0
1592041888898701191,1313,1592041888845858097,,0.0
1592041888951295238,1314,1592041888898262977,,0.0
1592041889004042088,1315,1592041888950984001,,0.0
1592041889055370366,1316,1592041889003710031,,0.0
1592041889107166366,1317,1592041889055119991,,0.0
1592041889159509098,1318,1592041889107144117,,0.0
1592041889211980045,1319,1592041889159560918,,0.0
1592041889264052347,1320,1592041889212042093,,0.0
1592041889316995134,1321,1592041889263736963,,0.0
1592041889369313852,1322,1592041889316683053,,0.0
1592041889426140472,1323,1592041889369452953,,0.0
1592041889478124395,1324,1592041889425690889,,0.0
1592041889530920825,1325,1592041889478194952,,0.0
1592041889582478872,1326,1592041889530673980,,0.0
1592041889634851558,1327,1592041889582468986,,0.0
1592041889686900223,1328,1592041889634556055,,0.0
1592041889739335050,1329,1592041889687016963,,0.0
1592041889792220523,1330,1592041889739448070,,0.0
1592041889844416483,1331,1592041889791867017,,0.0
1592041889896538658,1332,1592041889844449043,,0.0
1592041889948899295,1333,1592041889896645069,,0.0
1592041890000224845,1334,1592041889948796033,,0.0
1592041890054381932,1335,1592041890000257015,,0.0
1592041890114395816,1336,1592041890052659034,,0.0
1592041890215553083,1337,1592041890113919973,,0.0
1592041890268832821,1338,1592041890215588092,,0.0
1592041890320800764,1339,1592041890267894983,,0.0
1592041890373420122,1340,1592041890320578098,,0.0
1592041890424818379,1341,1592041890373150110,,0.0
1592041890477746861,1342,1592041890424603939,,0.0
1592041890529951087,1343,1592041890477893114,,0.0
1592041890582184756,1344,1592041890529671907,,0.0
1592041890635127796,1345,1592041890582323074,,0.0
1592041890736925938,1346,1592041890634880065,,0.0
1592041890790939737,1347,1592041890736638069,,0.0
1592041890842886948,1348,1592041890790452003,,0.0
1592041890895349267,1349,1592041890842976093,,0.0
1592041890947656637,1350,1592041890895306110,,0.0
1592041891000346052,1351,1592041890947207927,,0.0
1592041891052513094,1352,1592041891000046968,,0.0
1592041891111580224,1353,1592041891052582979,,0.0
1592041891163390644,1354,1592041891110497951,,0.0
1592041891215587314,1355,1592041891163141965,,0.0
1592041891268001106,1356,1592041891215626955,,0.0
1592041891320581687,1357,1592041891268080949,,0.0
1592041891372335566,1358,1592041891320693016,,0.0
1592041891424413708,1359,1592041891372092962,,0.0
1592041891476540506,1360,1592041891424077987,,0.0
1592041891529044796,1361,1592041891476552963,,0.0
1592041891581410739,1362,1592041891529108047,,0.0
1592041891634350811,1363,1592041891581456899,,0.0
1592041891687176163,1364,1592041891634404897,,0.0
1592041891739276856,1365,1592041891686882019,,0.0
1592041891791750029,1366,1592041891739351987,,0.0
1592041891894510253,1367,1592041891791847944,,0.0
1592041891947706854,1368,1592041891894196033,,0.0
1592041892000248355,1369,1592041891947058916,,0.0
1592041892053548461,1370,1592041892000432968,,0.0
1592041892106444764,1371,1592041892053741931,,0.0
1592041892158266766,1372,1592041892106523036,,0.0
1592041892209680273,1373,1592041892158016920,,0.0
1592041892261220130,1374,1592041892209425926,,0.0
1592041892313016454,1375,1592041892260942935,,0.0
1592041892365174030,1376,1592041892312690973,,0.0
1592041892417723689,1377,1592041892365258932,,0.0
1592041892520228900,1378,1592041892417867898,,0.0
1592041892573546784,1379,1592041892520725965,,0.0
1592041892626168270,1380,1592041892573232889,,0.0
1592041892679006052,1381,1592041892625776052,,0.0
1592041892780444297,1382,1592041892678702116,,0.0
1592041892832804777,1383,1592041892780565977,,0.0
1592041892887677077,1384,1592041892832917928,,0.0
1592041892940536468,1385,1592041892887763977,,0.0
1592041892992874562,1386,1592041892940289020,,0.0
1592041893046199098,1387,1592041892993223905,,0.0
1592041893098959934,1388,1592041893046350955,,0.0
1592041893151801973,1389,1592041893099072933,,0.0
1592041893203413522,1390,1592041893151853084,,0.0
1592041893255776074,1391,1592041893203447103,,0.0
1592041893308556066,1392,1592041893255837917,,0.0
1592041893360693221,1393,1592041893308219909,,0.0
1592041893413613444,1394,1592041893360768079,,0.0
1592041893466863741,1395,1592041893413674116,,0.0
1592041893519507485,1396,1592041893467051029,,0.0
1592041893572686288,1397,1592041893519563913,,0.0
1592041893625238239,1398,1592041893572741985,,0.0
1592041893677622728,1399,1592041893625300884,,0.0
1592041893730111438,1400,1592041893677697896,,0.0
1592041893783273266,1401,1592041893730217933,,0.0
1592041893836097563,1402,1592041893783463954,,0.0
1592041893887822838,1403,1592041893835789918,,0.0
1592041893940018916,1404,1592041893887614011,,0.0
1592041893992324845,1405,1592041893939732074,,0.0
1592041894043744135,1406,1592041893992182016,,0.0
1592041894095946405,1407,1592041894043764114,,0.0
1592041894147996510,1408,1592041894095732927,,0.0
1592041894200550475,1409,1592041894147667884,,0.0
1592041894252701834,1410,1592041894200254917,,0.0
1592041894355333317,1411,1592041894252788066,,0.0
1592041894407910200,1412,1592041894355416059,,0.0
1592041894459918272,1413,1592041894408045053,,0.0
1592041894512865388,1414,1592041894459795951,,0.0
1592041894564779056,1415,1592041894512492895,,0.0
1592041894619443291,1416,1592041894564829111,,0.0
1592041894670886172,1417,1592041894619121074,,0.0
1592041894722425207,1418,1592041894670768976,,0.0
1592041894774262903,1419,1592041894722450017,,0.0
1592041894878227241,1420,1592041894774020910,,0.0
1592041894933675860,1421,1592041894877916097,,0.0
1592041894986237129,1422,1592041894933912992,,0.0
1592041895039535458,1423,1592041894986294031,,0.0
1592041895091737476,1424,1592041895039768934,,0.0
1592041895143855083,1425,1592041895091473102,,0.0
1592041895196031996,1426,1592041895143419981,,0.0
1592041895248813784,1427,1592041895195879936,,0.0
1592041895300762718,1428,1592041895248445987,,0.0
1592041895354079986,1429,1592041895300831079,,0.0
1592041895406761334,1430,1592041895354269981,,0.0
1592041895459821605,1431,1592041895406841993,,0.0
1592041895510812071,1432,1592041895459316015,,0.0
1592041895612283002,1433,1592041895510831117,,0.0
1592041895664918548,1434,1592041895612227916,,0.0
1592041895718252876,1435,1592041895664587020,,0.0
1592041895770444528,1436,1592041895717415094,,0.0
1592041895873609319,1437,1592041895770092010,,0.0
1592041895925334859,1438,1592041895872627019,,0.0
1592041896027827031,1439,1592041895925010919,,0.0
1592041896080018870,1440,1592041896027467966,,0.0
1592041896132434241,1441,1592041896080075979,,0.0
1592041896185101326,1442,1592041896132294893,,0.0
1592041896242217772,1443,1592041896185311079,,0.0
1592041896294594850,1444,1592041896242274045,,0.0
1592041896347089948,1445,1592041896294286966,,0.0
1592041896398402189,1446,1592041896346749067,,0.0
1592041896451883993,1447,1592041896398142099,,0.0
1592041896504080031,1448,1592041896451566934,,0.0
1592041896556434351,1449,1592041896503741979,,0.0
1592041896608472313,1450,1592041896556094884,,0.0
1592041896710620263,1451,1592041896608084917,,0.0
1592041896766913638,1452,1592041896711080074,,0.0
1592041896819083025,1453,1592041896766961097,,0.0
1592041896872085329,1454,1592041896818789958,,0.0
1592041896924171552,1455,1592041896872276067,,0.0
1592041896976050180,1456,1592041896923989057,,0.0
1592041897027574420,1457,1592041896975788116,,0.0
1592041897081980454,1458,1592041897027690887,,0.0
1592041897133874463,1459,1592041897081526041,,0.0
1592041897185855398,1460,1592041897133542060,,0.0
1592041897237995962,1461,1592041897185853958,,0.0
1592041897290167598,1462,1592041897237723112,,0.0
1592041897342225760,1463,1592041897289771080,,0.0
1592041897394280595,1464,1592041897341754913,,0.0
1592041897457352642,1465,1592041897394105911,,0.0
1592041897500136691,1466,1592041897448163032,,0.0
1592041897554335023,1467,1592041897499874114,,0.0
1592041897606271735,1468,1592041897552222967,,0.0
1592041897658778951,1469,1592041897605895996,,0.0
1592041897711891441,1470,1592041897658479928,,0.0
1592041897765260366,1471,1592041897711210012,,0.0
1592041897817903638,1472,1592041897765014886,,0.0
1592041897919364374,1473,1592041897817327976,,0.0
1592041897971518415,1474,1592041897919012069,,0.0
1592041898023872875,1475,1592041897971672058,,0.0
1592041898075481945,1476,1592041898023709058,,0.0
1592041898127488987,1477,1592041898075278997,,0.0
1592041898179661304,1478,1592041898127175092,,0.0
1592041898231585643,1479,1592041898179193973,,0.0
1592041898289075395,1480,1592041898231657028,,0.0
1592041898391942680,1481,1592041898288120985,,0.0
1592041898443248773,1482,1592041898391335010,,0.0
1592041898495589818,1483,1592041898443032979,,0.0
1592041898547789651,1484,1592041898495650053,,0.0
1592041898599746144,1485,1592041898547403097,,0.0
1592041898651206590,1486,1592041898599333047,,0.0
1592041899003226307,1487,1592041898651252985,,0.0
1592041899055104191,1488,1592041899003158092,,0.0
1592041899107227878,1489,1592041899054934024,,0.0
1592041899159740415,1490,1592041899106884002,,0.0
1592041899212153567,1491,1592041899159389019,,0.000230000005104
1592041899264313323,1492,1592041899211860895,,0.00267999991775
1592041899317832156,1493,1592041899264446020,,0.00827999971807
1592041899370029984,1494,1592041899317518949,,0.0144800003618
1592041899422532779,1495,1592041899370143890,,0.0204199999571
1592041899474266180,1496,1592041899422600984,,0.0258699990809
1592041899526053374,1497,1592041899474350929,,0.0314700007439
1592041899628956957,1498,1592041899525866985,,0.0914499983191
1592041899681015891,1499,1592041899627737998,,0.0926999971271
1592041899736077086,1500,1592041899680511951,,0.100589998066
1592041899787236723,1501,1592041899735814094,,0.108079999685
1592041899840147677,1502,1592041899787265062,,0.110179997981
1592041899895483704,1503,1592041899840286970,,0.100900001824
1592041899947990795,1504,1592041899895562887,,0.0906499996781
1592041900000864752,1505,1592041899948044061,,0.0842700004578
1592041900053210384,1506,1592041900000488042,,0.0818499997258
1592041900156328008,1507,1592041900052876949,,0.0829700008035
1592041900207947275,1508,1592041900155649900,,0.0482699982822
1592041900260863734,1509,1592041900208018064,,0.046179998666
1592041900313400651,1510,1592041900260478973,,0.0382799990475
1592041900364635788,1511,1592041900313162088,,0.0311799999326
1592041900416165761,1512,1592041900364651918,,0.0244200006127
1592041900468793429,1513,1592041900416239023,,0.0258699990809
1592041900520971644,1514,1592041900468825101,,0.0268600005656
1592041900572858365,1515,1592041900521047115,,0.0246099997312
1592041900675202972,1516,1592041900572704076,,0.0188699997962
1592041900726647544,1517,1592041900674757003,,0.00899999961257
1592041900778592035,1518,1592041900726699113,,0.00263000000268
1592041900830710636,1519,1592041900778641939,,-0.000530000019353
1592041900882478918,1520,1592041900830674886,,0.000180000002729
1592041900934784613,1521,1592041900882471084,,-0.00176000001375
1592041900986914762,1522,1592041900934814929,,0.0
1592041901039632494,1523,1592041900986608982,,-0.000180000002729
1592041901091664374,1524,1592041901039263010,,0.0
1592041901143489525,1525,1592041901091200113,,0.0
1592041901196176603,1526,1592041901143589019,,0.0012300000526
1592041901251225945,1527,1592041901196351051,,-0.000190000006114
1592041901303509541,1528,1592041901251140117,,0.0
1592041901355866527,1529,1592041901303581953,,-0.00170999998227
1592041901409445326,1530,1592041901356008052,,-0.00627999985591
1592041901462103845,1531,1592041901409053087,,-0.00874000042677
1592041901514224742,1532,1592041901461796998,,-0.012140000239
1592041901566034444,1533,1592041901514360904,,-0.0140199996531
1592041901621557157,1534,1592041901566122055,,-0.0161300003529
1592041901673300594,1535,1592041901621063947,,-0.0188699997962
1592041901726842154,1536,1592041901673402070,,-0.0230299998075
1592041901779924237,1537,1592041901727035045,,-0.0216700006276
1592041901832057888,1538,1592041901779582977,,-0.0194899998605
1592041901884769972,1539,1592041901832146883,,-0.0149499997497
1592041901937569770,1540,1592041901884843111,,-0.00963999982923
1592041901993930205,1541,1592041901937917947,,-0.00454000011086
1592041902095922945,1542,1592041901994107007,,0.00187999999616
1592041902148429836,1543,1592041902095958948,,0.00738999992609
1592041902201608627,1544,1592041902148503065,,0.0123600000516
1592041902254374305,1545,1592041902201190948,,0.016550000757
1592041902306349824,1546,1592041902254580974,,0.020300000906
1592041902358885941,1547,1592041902306123018,,0.02054999955
1592041902461155063,1548,1592041902358568906,,0.0177900008857
1592041902514180090,1549,1592041902461232900,,0.0141500001773
1592041902574682562,1550,1592041902515988111,,0.0123600000516
1592041902627559649,1551,1592041902574851989,,0.0111499996856
1592041902680626175,1552,1592041902627614021,,0.00757999997586
1592041902733222402,1553,1592041902680457115,,0.00496000004932
1592041902785982750,1554,1592041902733278989,,0.00170999998227
1592041902837511303,1555,1592041902785712003,,0.000509999983478
1592041902889856951,1556,1592041902837620973,,-0.000339999998687
1592041902943420007,1557,1592041902889475107,,-0.000169999999343
1592041902995071520,1558,1592041902943083047,,-0.000509999983478
1592041903046683829,1559,1592041902994750022,,0.000190000006114
1592041903099645627,1560,1592041903046313047,,0.00112999998964
1592041903151082144,1561,1592041903098851919,,0.000760000024457
1592041903252838810,1562,1592041903150836944,,0.001719999942
1592041903304418758,1563,1592041903252834081,,0.000699999975041
1592041903355930225,1564,1592041903304429054,,0.000699999975041
1592041903409170700,1565,1592041903355954885,,-0.00280999997631
1592041903462305885,1566,1592041903409367084,,-0.0118899997324
1592041903515161111,1567,1592041903462441921,,-0.0218199994415
1592041903568275794,1568,1592041903514853954,,-0.0257099997252
1592041903619783449,1569,1592041903567934036,,-0.0282600000501
1592041903672754186,1570,1592041903619899988,,-0.0270199999213
1592041903724022013,1571,1592041903672410964,,-0.0249300003052
1592041903827184395,1572,1592041903724044084,,-0.0216300003231
1592041903878540585,1573,1592041903826863050,,-0.0181200001389
1592041903930108915,1574,1592041903878627061,,-0.0170699991286
1592041903982489974,1575,1592041903930118083,,-0.0141099998727
1592041904034860379,1576,1592041903982543945,,-0.00714999996126
1592041904086559931,1577,1592041904034955978,,0.00245000002906
1592041904138160825,1578,1592041904086666107,,0.00437000021338
1592041904190476249,1579,1592041904138196945,,0.00560999987647
1592041904243308778,1580,1592041904190601110,,0.00279999990016
1592041904296100720,1581,1592041904243355989,,0.000880000006873
1592041904348209051,1582,1592041904295815944,,-0.00506999995559
1592041904400291079,1583,1592041904347958087,,-0.00344999996014
1592041904453580792,1584,1592041904399945020,,-0.00402999995276
1592041904557889145,1585,1592041904453778028,,-0.0104999998584
1592041904610877702,1586,1592041904557966947,,-0.0338900014758
1592041904663543128,1587,1592041904611017942,,-0.0508599989116
1592041904718251006,1588,1592041904663615942,,-0.0582400001585
1592041904770928652,1589,1592041904718416929,,-0.0579099990427
1592041904823764084,1590,1592041904771012067,,-0.0478999987245
1592041904876335126,1591,1592041904823440074,,-0.0336199998856
1592041904928114192,1592,1592041904876115083,,-0.0199900008738
1592041904988099525,1593,1592041904927881956,,-0.0160399992019
1592041905039749349,1594,1592041904987435102,,-0.00528000015765
1592041905092734861,1595,1592041905039818048,,0.0133100003004
1592041905145144258,1596,1592041905092431068,,0.0581899993122
1592041905197235001,1597,1592041905144835948,,0.076810002327
1592041905249822363,1598,1592041905197346925,,0.0826300010085
1592041905353537839,1599,1592041905249967098,,0.0712999999523
1592041905407940328,1600,1592041905353744983,,0.0343200005591
1592041905460226167,1601,1592041905407669067,,0.00855999998748
1592041905514266933,1602,1592041905460051059,,-0.0140399998054
1592041905565651847,1603,1592041905513892889,,-0.0351499989629
1592041905623804621,1604,1592041905565607070,,-0.0555200017989
1592041905677339504,1605,1592041905624134063,,-0.0665699988604
1592041905729197314,1606,1592041905677146911,,-0.0716599971056
1592041905783913093,1607,1592041905729248046,,-0.0607400014997
1592041905833355607,1608,1592041905781538009,,-0.0453599989414
1592041905885668772,1609,1592041905833132028,,-0.0245200004429
1592041905938071390,1610,1592041905885554075,,0.0184300001711
1592041905994506517,1611,1592041905938142061,,0.0337399989367
1592041906047842801,1612,1592041905994941949,,0.040759999305
1592041906100248762,1613,1592041906047492027,,0.0498499982059
1592041906201618666,1614,1592041906099874019,,0.0623300001025
1592041906253540284,1615,1592041906201637983,,0.0623399987817
1592041906306081659,1616,1592041906253691911,,0.0598400011659
1592041906358657493,1617,1592041906305738925,,0.0504800006747
1592041906411112735,1618,1592041906358795881,,0.0379399992526
1592041906462801570,1619,1592041906410839080,,0.0249300003052
1592041906515114258,1620,1592041906462910890,,0.00138999999035
1592041906566724710,1621,1592041906514753103,,-0.00503000011668
1592041906619176124,1622,1592041906566788911,,-0.00245000002906
1592041906672812858,1623,1592041906619218111,,0.00331999990158
1592041906729188813,1624,1592041906673032045,,0.00243999995291
1592041906781571418,1625,1592041906728837966,,0.0119500001892
1592041906884580675,1626,1592041906781250953,,0.0109900003299
1592041906937088540,1627,1592041906884258031,,0.00882000010461
1592041906992361486,1628,1592041906936743021,,0.00675000017509
1592041907044534478,1629,1592041906992161989,,0.00843000039458
1592041907097746526,1630,1592041907044797897,,0.00619000010192
1592041907150643693,1631,1592041907097815036,,-0.00343000004068
1592041907203031005,1632,1592041907150310039,,-0.021759999916
1592041907255102609,1633,1592041907202703952,,-0.0433599986136
1592041907307216818,1634,1592041907254667043,,-0.0574200004339
1592041907412164745,1635,1592041907307216882,,-0.0788400024176
1592041907464742606,1636,1592041907412106037,,-0.0702200010419
1592041907517263678,1637,1592041907464524030,,-0.0778999999166
1592041907620100143,1638,1592041907517232894,,-0.07458999753
1592041907672224341,1639,1592041907619821071,,-0.0710600018501
1592041907724712667,1640,1592041907672271966,,-0.0702800005674
1592041907777172412,1641,1592041907724775075,,-0.0591700002551
1592041907829810440,1642,1592041907777507066,,-0.0329999998212
1592041907883589228,1643,1592041907829941987,,-0.0105200000107
1592041907936714454,1644,1592041907883286952,,0.00589000014588
1592041907988444697,1645,1592041907936372995,,0.010490000248
1592041908040760906,1646,1592041907988337039,,-0.00641999999061
1592041908092298575,1647,1592041908039885044,,-0.00781999994069
1592041908195088359,1648,1592041908092447042,,-0.00381999998353
1592041908246551197,1649,1592041908194820880,,0.0269600003958
1592041908297892380,1650,1592041908246334075,,0.05034000054
1592041908400106441,1651,1592041908297981977,,0.0643699988723
1592041908452842806,1652,1592041908399722099,,0.0578599981964
1592041908505366593,1653,1592041908452538013,,0.0566999986768
1592041908557474823,1654,1592041908505050897,,0.0530700013041
1592041908610834539,1655,1592041908557723045,,0.0577800013125
1592041908663117053,1656,1592041908611088037,,0.066320002079
1592041908721438477,1657,1592041908663250923,,0.0689800009131
1592041908772286762,1658,1592041908720824003,,0.0592000000179
1592041908824505774,1659,1592041908772319078,,0.0225099995732
1592041908876660818,1660,1592041908824644088,,-0.017119999975
1592041908928171132,1661,1592041908876351118,,-0.0508299991488
1592041908984949758,1662,1592041908927990913,,-0.0933199971914
1592041909037714536,1663,1592041908985141038,,-0.105329997838
1592041909089427967,1664,1592041909037786960,,-0.089160002768
1592041909140852960,1665,1592041909089365959,,-0.0648899972439
1592041909244042523,1666,1592041909140944004,,-0.0364199988544
1592041909296535354,1667,1592041909243724107,,-0.0106800002977
1592041909348703605,1668,1592041909296169996,,0.00903999991715
1592041909401637807,1669,1592041909348848104,,0.0261899996549
1592041909454047280,1670,1592041909401297092,,0.0471699982882
1592041909505669630,1671,1592041909453697919,,0.0647799968719
1592041909558351538,1672,1592041909505343914,,0.087990000844
1592041909610309300,1673,1592041909557847023,,0.0928900018334
1592041909663335151,1674,1592041909610383033,,0.0728299990296
1592041909765040691,1675,1592041909663050889,,0.0447999984026
1592041909818009778,1676,1592041909765060901,,0.00560999987647
1592041909870857798,1677,1592041909817687034,,-0.0254399999976
1592041909923109337,1678,1592041909870558023,,-0.037610001862
1592041909976087038,1679,1592041909923165082,,-0.0303000006825
1592041910028042849,1680,1592041909975591897,,-0.0188100002706
1592041910079966567,1681,1592041910027970075,,-0.00784000009298
1592041910132112473,1682,1592041910080054998,,0.0
1592041910184112213,1683,1592041910131824016,,0.00713999988511
1592041910286715746,1684,1592041910184159040,,0.015340000391
1592041910339839315,1685,1592041910286667108,,0.00737999984995
1592041910392299759,1686,1592041910340028047,,0.0161700006574
1592041910444079663,1687,1592041910392384052,,0.0224500000477
1592041910496581479,1688,1592041910444154977,,0.0197000000626
1592041910552144899,1689,1592041910496678113,,0.0104599995539
1592041910604311440,1690,1592041910551835060,,0.0
1592041910657217216,1691,1592041910604399919,,-0.00590000022203
1592041910709595397,1692,1592041910656830072,,-0.00762999989092
1592041910761737366,1693,1592041910709244966,,-0.00831000041217
1592041910814333113,1694,1592041910761820077,,-0.01176999975
1592041910866963468,1695,1592041910814409971,,0.012319999747
1592041910919653002,1696,1592041910867001056,,0.0261899996549
1592041910970858944,1697,1592041910919379949,,0.0299800001085
1592041911022654556,1698,1592041910970884084,,0.0311399996281
1592041911074687627,1699,1592041911022447109,,0.0313800014555
1592041911176759196,1700,1592041911074388980,,0.0288999993354
1592041911228866201,1701,1592041911176796913,,0.00506999995559
1592041911281460734,1702,1592041911229032993,,-0.00925999972969
1592041911333037842,1703,1592041911281120061,,-0.0246600005776
1592041911385132208,1704,1592041911333112001,,-0.042539998889
1592041911436804477,1705,1592041911384818077,,-0.0767899975181
1592041911490392259,1706,1592041911436342954,,-0.110129997134
1592041911542993222,1707,1592041911489809036,,-0.131129994988
1592041911595787793,1708,1592041911542565107,,-0.114050000906
1592041911647648071,1709,1592041911595973968,,-0.08927000314
1592041911700861198,1710,1592041911647413969,,-0.0647400021553
1592041911754381265,1711,1592041911700619935,,-0.021759999916
1592041911806730005,1712,1592041911754036903,,-0.00113999994937
1592041911859120548,1713,1592041911806391000,,0.0182799994946
1592041911910856557,1714,1592041911859081983,,0.0423999987543
1592041911962556896,1715,1592041911910619974,,0.0680899992585
1592041912014287481,1716,1592041911962366104,,0.0940999984741
1592041912066772437,1717,1592041912013998985,,0.106260001659
1592041912119776730,1718,1592041912066498041,,0.0729100033641
1592041912172559430,1719,1592041912119971036,,0.0232800003141
1592041912224629291,1720,1592041912172338962,,-0.0270499996841
1592041912277274248,1721,1592041912224766969,,-0.0785999968648
1592041912329302759,1722,1592041912277359962,,-0.0999400019646
1592041912382013396,1723,1592041912329018115,,-0.102750003338
1592041912435288039,1724,1592041912382198095,,-0.0974899977446
1592041912490956851,1725,1592041912434998989,,-0.0965000018477
1592041912592979443,1726,1592041912490881919,,-0.0853300020099
1592041912645034594,1727,1592041912592603921,,-0.0520199984312
1592041912697915933,1728,1592041912645102977,,-0.0179699994624
1592041912751090370,1729,1592041912697942018,,0.0195499993861
1592041912804180186,1730,1592041912750792980,,0.0565299987793
1592041912857120964,1731,1592041912803886890,,0.0870300009847
1592041912909759437,1732,1592041912857304096,,0.103979997337
1592041912961712513,1733,1592041912909379959,,0.108900003135
1592041913014271737,1734,1592041912961471080,,0.109789997339
1592041913117186263,1735,1592041913014276981,,0.109789997339
1592041913167822087,1736,1592041913116069078,,0.0945300012827
1592041913219574060,1737,1592041913167593955,,0.0801799967885
1592041913271873532,1738,1592041913219347953,,0.0484099984169
1592041913324919915,1739,1592041913271858930,,0.0191699992865
1592041913376702760,1740,1592041913324655055,,-0.00801999960095
1592041913428799776,1741,1592041913376430988,,-0.0312599986792
1592041913481637657,1742,1592041913428950071,,-0.0535300001502
1592041913534044954,1743,1592041913481264114,,-0.0771099999547
1592041913588068103,1744,1592041913534142971,,-0.0944700017571
1592041913640642577,1745,1592041913588154077,,-0.0932300016284
1592041913746638793,1746,1592041913640712976,,-0.0880599990487
1592041913799929404,1747,1592041913747176885,,-0.0574599988759
1592041913851697392,1748,1592041913799585103,,-0.0368800014257
1592041913904906091,1749,1592041913851604938,,-0.0184599999338
1592041913958887402,1750,1592041913904649972,,0.00466000009328
1592041914010950431,1751,1592041913958560943,,0.0255999993533
1592041914063887771,1752,1592041914011073112,,0.0425999984145
1592041914115785513,1753,1592041914063508033,,0.0523799993098
1592041914168206535,1754,1592041914115838050,,0.0557000003755
1592041914220007121,1755,1592041914167840957,,0.0462299995124
1592041914271745130,1756,1592041914219600915,,0.0200399998575
1592041914325228268,1757,1592041914271465063,,-0.0249899998307
1592041914378568046,1758,1592041914325448989,,-0.0513399988413
1592041914431111428,1759,1592041914378367900,,-0.062270000577
1592041914483678537,1760,1592041914430741071,,-0.06026000157
1592041914535600730,1761,1592041914483164072,,-0.0472699999809
1592041914588217844,1762,1592041914535666942,,-0.0293600000441
1592041914640199322,1763,1592041914588232994,,-0.00609999988228
1592041914692546616,1764,1592041914639892101,,0.0104999998584
1592041914794953911,1765,1592041914692272901,,0.0146800000221
1592041914847489193,1766,1592041914794610977,,-0.00329999998212
1592041914900644808,1767,1592041914847138881,,0.000520000001416
1592041914957581352,1768,1592041914900794029,,-0.00659999996424
1592041915009981498,1769,1592041914957926034,,-0.021740000695
1592041915066306469,1770,1592041915010068893,,-0.0203699991107
1592041915118108208,1771,1592041915066008090,,-0.0159600004554
1592041915171502765,1772,1592041915117826938,,-0.00858999975026
1592041915273424464,1773,1592041915170586109,,-0.00634999992326
1592041915327223464,1774,1592041915273138046,,-0.0162700004876
1592041915379257734,1775,1592041915326684951,,-0.0135599998757
1592041915432409974,1776,1592041915379323005,,0.0133400000632
1592041915484314291,1777,1592041915431859016,,0.0218899995089
1592041915540260921,1778,1592041915484432935,,0.0253599993885
1592041915592523648,1779,1592041915539884090,,0.0283499993384
1592041915645107256,1780,1592041915592231035,,0.012369999662
1592041915697475069,1781,1592041915644738912,,0.000169999999343
1592041915750055380,1782,1592041915697154998,,-0.00639000022784
1592041915802943958,1783,1592041915750121116,,-0.00846000015736
1592041915855764113,1784,1592041915803261995,,0.0101899998263
1592041915908348429,1785,1592041915855609893,,0.0194700006396
1592041915960479610,1786,1592041915907984972,,0.0342399999499
1592041916012976907,1787,1592041915960516929,,0.0575000010431
1592041916065311604,1788,1592041916012842893,,0.0787300020456
1592041916117466716,1789,1592041916065345048,,0.0892499983311
1592041916169713572,1790,1592041916117225885,,0.0820999965072
1592041916272593738,1791,1592041916169775009,,0.0569499991834
1592041916325181192,1792,1592041916272241115,,0.0163499992341
1592041916377464206,1793,1592041916324687004,,-0.0113099999726
1592041916432295611,1794,1592041916377130985,,-0.0428700000048
1592041916484720018,1795,1592041916432399988,,-0.0657100006938
1592041916536454050,1796,1592041916484361886,,-0.0902199968696
1592041916589252546,1797,1592041916536400079,,-0.111309997737
1592041916641213776,1798,1592041916588937044,,-0.123759999871
1592041916695359562,1799,1592041916641285896,,-0.122409999371
1592041916748025891,1800,1592041916695051908,,-0.112659998238
1592041916799079634,1801,1592041916747651100,,-0.10053999722
1592041916851352049,1802,1592041916799174070,,-0.0882499963045
1592041916953676871,1803,1592041916851047992,,-0.0742800012231
1592041917006251041,1804,1592041916953351974,,-0.0550099983811
1592041917058354838,1805,1592041917005949974,,-0.042539998889
1592041917110539150,1806,1592041917058499097,,-0.030130000785
1592041917162966958,1807,1592041917110300064,,-0.0174199994653
1592041917214578446,1808,1592041917162612915,,-0.0055800001137
1592041917267367618,1809,1592041917214271068,,-0.000520000001416
1592041917319416851,1810,1592041917266916036,,-0.000169999999343
1592041917370951306,1811,1592041917319396018,,-0.000169999999343
1592041917423639840,1812,1592041917370986938,,-0.000169999999343
1592041917477421232,1813,1592041917423778057,,0.0
1592041917529557473,1814,1592041917477240085,,-0.000190000006114
1592041917582816238,1815,1592041917529611110,,-0.000190000006114
1592041917636557193,1816,1592041917582479953,,-0.000190000006114
1592041917689053388,1817,1592041917636620998,,-0.000190000006114
1592041917741544310,1818,1592041917689069986,,-0.000190000006114
1592041917794440214,1819,1592041917741591930,,0.0
1592041917851237918,1820,1592041917794336080,,0.0
1592041917903921586,1821,1592041917851475954,,0.0
1592041917956720489,1822,1592041917904006958,,0.0
1592041918010493140,1823,1592041917956399917,,-0.000190000006114
1592041918062301305,1824,1592041918009850978,,0.0
1592041918114418522,1825,1592041918061953067,,0.0
1592041918167492621,1826,1592041918114540100,,0.0
1592041918220335011,1827,1592041918167543888,,0.0
1592041918272770066,1828,1592041918220068931,,0.0
1592041918325401418,1829,1592041918272413015,,0.0
1592041918377603619,1830,1592041918324846982,,0.0
1592041918478823469,1831,1592041918377198934,,0.0
1592041918534699583,1832,1592041918478857040,,0.0
1592041918586100200,1833,1592041918533843994,,0.0
1592041918640875665,1834,1592041918586019992,,0.0
1592041918693924278,1835,1592041918640952110,,0.0
1592041918746599266,1836,1592041918694075107,,0.0
1592041918849477381,1837,1592041918746684074,,0.0
1592041918901627156,1838,1592041918849071979,,0.0
1592041918954727313,1839,1592041918901773929,,0.0
1592041919007070679,1840,1592041918954395055,,0.0
1592041919063462588,1841,1592041919007213115,,0.0
1592041919164539046,1842,1592041919062591075,,0.0
1592041919217133867,1843,1592041919164283990,,0.0
1592041919270399553,1844,1592041919217236042,,0.0
1592041919323443936,1845,1592041919270564079,,0.0
1592041919375594820,1846,1592041919323157072,,0.0
1592041919428173903,1847,1592041919375650882,,0.0
1592041919479842345,1848,1592041919428261041,,0.0
