%time,field.header.seq,field.header.stamp,field.header.frame_id,field.speed,field.vx,field.vy,field.vz
1592041872199956580,1,1592041872148013114,,0.0,9.99999974738e-06,-1.99999994948e-05,-0.0
1592041872252065530,2,1592041872199903964,,0.0,9.99999974738e-06,-9.99999974738e-06,-0.0
1592041872304456052,3,1592041872251627922,,0.0,0.0,0.0,-0.0
1592041872358193841,4,1592041872303576946,,0.0,-0.0,1.99999994948e-05,0.0
1592041872410205278,5,1592041872357930898,,0.0,1.99999994948e-05,-9.99999974738e-06,-9.99999974738e-06
1592041872461384425,6,1592041872409965991,,0.0,0.0,-9.99999974738e-06,0.0
1592041872513262008,7,1592041872461774110,,0.0,-9.99999974738e-06,0.0,9.99999974738e-06
1592041872614675513,8,1592041872513370990,,0.0,0.0,1.99999994948e-05,0.0
1592041872667274495,9,1592041872614866971,,0.0,0.0,-0.0,-0.0
1592041872719467860,10,1592041872667311906,,0.0,-1.99999994948e-05,-0.0,9.99999974738e-06
1592041872771916753,11,1592041872719847917,,0.0,-0.0,0.0,0.0
1592041872824760670,12,1592041872772227048,,0.0,-2.99999992421e-05,9.99999974738e-06,9.99999974738e-06
1592041872881574417,13,1592041872824798107,,0.0,9.99999974738e-06,0.0,-9.99999974738e-06
1592041872936794626,14,1592041872884310960,,0.0,2.99999992421e-05,-1.99999994948e-05,-1.99999994948e-05
1592041872989039491,15,1592041872936748981,,0.0,-9.99999974738e-06,1.99999994948e-05,0.0
1592041873041453885,16,1592041872989381074,,0.0,0.0,-9.99999974738e-06,-9.99999974738e-06
1592041873093965320,17,1592041873041702985,,0.0,9.99999974738e-06,0.0,-0.0
1592041873146547187,18,1592041873094099044,,0.0,-0.0,0.0,-0.0
1592041873249228841,19,1592041873146982908,,0.0,-1.99999994948e-05,-0.0,9.99999974738e-06
1592041873350921729,20,1592041873249504089,,0.0,9.99999974738e-06,-0.0,-9.99999974738e-06
1592041873403103238,21,1592041873351217985,,0.0,-9.99999974738e-06,1.99999994948e-05,0.0
1592041873455696982,22,1592041873403456926,,0.0,1.99999994948e-05,-9.99999974738e-06,-9.99999974738e-06
1592041873558471523,23,1592041873455995082,,0.0,-0.0,-9.99999974738e-06,0.0
1592041873611123716,24,1592041873558645009,,0.0,-9.99999974738e-06,9.99999974738e-06,0.0
1592041873662807806,25,1592041873611406087,,0.0,-0.0,-0.0,0.0
1592041873715505923,26,1592041873663218975,,0.0,0.0,0.0,-0.0
1592041873768901276,27,1592041873716500997,,0.0,-0.0,-9.99999974738e-06,0.0
1592041873821751336,28,1592041873769221067,,0.0,-0.0,-1.99999994948e-05,0.0
1592041873874267993,29,1592041873821973085,,0.0,0.0,-9.99999974738e-06,0.0
1592041873926165389,30,1592041873874562978,,0.0,-9.99999974738e-06,0.0,9.99999974738e-06
1592041873978198743,31,1592041873926619052,,0.0,9.99999974738e-06,-1.99999994948e-05,0.0
1592041874029651531,32,1592041873978432893,,0.0,9.99999974738e-06,-9.99999974738e-06,-9.99999974738e-06
1592041874082133964,33,1592041874029959917,,0.0,-0.0,9.99999974738e-06,-0.0
1592041874135479664,34,1592041874082432031,,0.0,-1.99999994948e-05,0.0,9.99999974738e-06
1592041874187097250,35,1592041874135787963,,0.0,0.0,-9.99999974738e-06,0.0
1592041874239625759,36,1592041874187452077,,0.0,-9.99999974738e-06,2.99999992421e-05,0.0
1592041874292041491,37,1592041874239929914,,0.0,-9.99999974738e-06,9.99999974738e-06,-0.0
1592041874344374582,38,1592041874292443037,,0.0,0.0,9.99999974738e-06,-0.0
1592041874448820898,39,1592041874344718933,,0.0,0.0,1.99999994948e-05,-0.0
1592041874501193733,40,1592041874449444055,,0.0,9.99999974738e-06,-1.99999994948e-05,-9.99999974738e-06
1592041874553700226,41,1592041874501461982,,0.0,-0.0,9.99999974738e-06,-0.0
1592041874605244263,42,1592041874553935050,,0.0,-1.99999994948e-05,1.99999994948e-05,9.99999974738e-06
1592041874656877895,43,1592041874605628013,,0.0,-0.0,-0.0,0.0
1592041874709201695,44,1592041874657083988,,0.0,9.99999974738e-06,-9.99999974738e-06,0.0
1592041874761478297,45,1592041874709414958,,0.0,9.99999974738e-06,0.0,-9.99999974738e-06
1592041874814503867,46,1592041874761743068,,0.0,-0.0,-9.99999974738e-06,9.99999974738e-06
1592041874866383396,47,1592041874814124107,,0.0,9.99999974738e-06,-9.99999974738e-06,-0.0
1592041874919063968,48,1592041874866550922,,0.0,-0.0,-1.99999994948e-05,0.0
1592041874976317802,49,1592041874919897079,,0.0,-9.99999974738e-06,-1.99999994948e-05,0.0
1592041875030621526,50,1592041874978292942,,0.0,0.0,9.99999974738e-06,-0.0
1592041875083562806,51,1592041875031352996,,0.0,-9.99999974738e-06,-0.0,-0.0
1592041875136081245,52,1592041875083884000,,0.0,-0.0,-0.0,-0.0
1592041875188224611,53,1592041875136281967,,0.0,9.99999974738e-06,9.99999974738e-06,-9.99999974738e-06
1592041875290140760,54,1592041875188175916,,0.0,9.99999974738e-06,-9.99999974738e-06,-0.0
1592041875342564604,55,1592041875290282964,,0.0,-0.0,0.0,0.0
1592041875394803106,56,1592041875342701911,,0.0,-0.0,0.0,0.0
1592041875447191016,57,1592041875395066976,,0.0,-9.99999974738e-06,0.0,-0.0
1592041875500760472,58,1592041875448129892,,0.0,0.0,9.99999974738e-06,-9.99999974738e-06
1592041875552977660,59,1592041875501678943,,0.0,0.0,-9.99999974738e-06,-9.99999974738e-06
1592041875604865952,60,1592041875553162097,,0.0,-9.99999974738e-06,9.99999974738e-06,0.0
1592041875657660789,61,1592041875605298042,,0.0,9.99999974738e-06,0.0,-9.99999974738e-06
1592041875710601134,62,1592041875657934904,,0.0,0.0,-0.0,-0.0
1592041875763576781,63,1592041875710059881,,0.0,-1.99999994948e-05,-9.99999974738e-06,9.99999974738e-06
1592041875816910468,64,1592041875764636039,,0.0,-9.99999974738e-06,2.99999992421e-05,9.99999974738e-06
1592041875868653773,65,1592041875817219972,,0.0,0.0,-9.99999974738e-06,0.0
1592041875921240628,66,1592041875868999958,,0.0,0.0,-9.99999974738e-06,-0.0
1592041875974047030,67,1592041875921531915,,0.0,9.99999974738e-06,0.0,-9.99999974738e-06
1592041876026766331,68,1592041875974081993,,0.0,-9.99999974738e-06,9.99999974738e-06,9.99999974738e-06
1592041876079478018,69,1592041876026952028,,0.0,-0.0,2.99999992421e-05,9.99999974738e-06
1592041876132647527,70,1592041876080425024,,0.0,-9.99999974738e-06,-9.99999974738e-06,9.99999974738e-06
1592041876185470122,71,1592041876133003950,,0.0,0.0,-9.99999974738e-06,0.0
1592041876239214745,72,1592041876186933040,,0.0,9.99999974738e-06,0.0,-0.0
1592041876292707236,73,1592041876239511013,,0.0,0.0,-9.99999974738e-06,-0.0
1592041876394758186,74,1592041876292398929,,0.0,1.99999994948e-05,-9.99999974738e-06,-9.99999974738e-06
1592041876447362272,75,1592041876395160913,,0.0,-1.99999994948e-05,1.99999994948e-05,9.99999974738e-06
1592041876500277839,76,1592041876447666883,,0.0,0.0,9.99999974738e-06,-0.0
1592041876551906192,77,1592041876500437021,,0.0,-9.99999974738e-06,1.99999994948e-05,9.99999974738e-06
1592041876604712736,78,1592041876552292108,,0.0,-0.0,-0.0,-0.0
1592041876656823430,79,1592041876605149030,,0.0,0.0,-1.99999994948e-05,0.0
1592041876708282512,80,1592041876656995058,,0.0,9.99999974738e-06,9.99999974738e-06,-9.99999974738e-06
1592041876761433862,81,1592041876709041118,,0.0,-0.0,0.0,-0.0
1592041876817498447,82,1592041876761039018,,0.0,-0.0,-9.99999974738e-06,9.99999974738e-06
1592041876869627198,83,1592041876817126035,,0.0,1.99999994948e-05,0.0,-9.99999974738e-06
1592041876922270873,84,1592041876869313001,,0.0,-9.99999974738e-06,-1.99999994948e-05,0.0
1592041876974869752,85,1592041876922645092,,0.0,-0.0,9.99999974738e-06,-0.0
1592041877027546556,86,1592041876975207090,,0.0,9.99999974738e-06,-0.0,-0.0
1592041877079950967,87,1592041877027842998,,0.0,-9.99999974738e-06,-9.99999974738e-06,0.0
1592041877132999037,88,1592041877080234050,,0.0,9.99999974738e-06,-0.0,-0.0
1592041877185141801,89,1592041877132781028,,0.0,-0.0,9.99999974738e-06,0.0
1592041877240835729,90,1592041877184827089,,0.0,-9.99999974738e-06,9.99999974738e-06,0.0
1592041877293771917,91,1592041877242129087,,0.0,0.0,1.99999994948e-05,0.0
1592041877346276361,92,1592041877294002056,,0.0,0.0,1.99999994948e-05,-9.99999974738e-06
1592041877402612795,93,1592041877346528053,,0.0,-9.99999974738e-06,-9.99999974738e-06,9.99999974738e-06
1592041877454339406,94,1592041877402812004,,0.0,-0.0,1.99999994948e-05,-0.0
1592041877557023566,95,1592041877454490900,,0.0,-0.0,-9.99999974738e-06,0.0
1592041877609086338,96,1592041877556633949,,0.0,-0.0,-9.99999974738e-06,-0.0
1592041877660719412,97,1592041877609146118,,0.0,9.99999974738e-06,-0.0,-9.99999974738e-06
1592041877713730055,98,1592041877660911083,,0.0,9.99999974738e-06,-1.99999994948e-05,-0.0
1592041877767326248,99,1592041877714787960,,0.0,9.99999974738e-06,-9.99999974738e-06,-9.99999974738e-06
1592041877822807833,100,1592041877767558097,,0.0,1.99999994948e-05,-9.99999974738e-06,-9.99999974738e-06
1592041877876127792,101,1592041877823029994,,0.0,-0.0,-9.99999974738e-06,9.99999974738e-06
1592041877928160860,102,1592041877875766038,,0.0,0.0,-1.99999994948e-05,0.0
1592041878030729556,103,1592041877928435087,,0.0,-9.99999974738e-06,-0.0,0.0
1592041878083370456,104,1592041878031018018,,0.0,-9.99999974738e-06,-0.0,9.99999974738e-06
1592041878135327186,105,1592041878083703041,,0.0,9.99999974738e-06,0.0,-9.99999974738e-06
1592041878187413122,106,1592041878135720968,,0.0,9.99999974738e-06,-0.0,-9.99999974738e-06
1592041878289436528,107,1592041878187705993,,0.0,9.99999974738e-06,-9.99999974738e-06,-0.0
1592041878340990043,108,1592041878289446115,,0.0,-0.0,1.99999994948e-05,0.0
1592041878393484715,109,1592041878341180086,,0.0,-9.99999974738e-06,2.99999992421e-05,9.99999974738e-06
1592041878450479071,110,1592041878393624067,,0.0,-0.0,0.0,9.99999974738e-06
1592041878503883929,111,1592041878451545953,,0.0,9.99999974738e-06,0.0,-9.99999974738e-06
1592041878556447889,112,1592041878504004001,,0.0,0.0,9.99999974738e-06,-0.0
1592041878609218287,113,1592041878556994915,,0.0,9.99999974738e-06,-0.0,-0.0
1592041878661904118,114,1592041878609435081,,0.0,1.99999994948e-05,-9.99999974738e-06,-9.99999974738e-06
1592041878714160102,115,1592041878661999940,,0.0,9.99999974738e-06,-2.99999992421e-05,-0.0
1592041878816866447,116,1592041878714468955,,0.0,-9.99999974738e-06,0.0,9.99999974738e-06
1592041878872551449,117,1592041878816564083,,0.0,0.0,-0.0,-0.0
1592041878924441645,118,1592041878872268915,,0.0,-0.0,-9.99999974738e-06,-0.0
1592041878977141805,119,1592041878924665927,,0.0,9.99999974738e-06,-1.99999994948e-05,-9.99999974738e-06
1592041879029534516,120,1592041878977289915,,0.0,-9.99999974738e-06,9.99999974738e-06,-9.99999974738e-06
1592041879082481593,121,1592041879029833078,,0.0,-0.0,-0.0,0.0
1592041879135185549,122,1592041879083565950,,0.0,9.99999974738e-06,-9.99999974738e-06,-0.0
1592041879187581470,123,1592041879135324001,,0.0,-9.99999974738e-06,1.99999994948e-05,9.99999974738e-06
1592041879240100053,124,1592041879187864065,,0.0,9.99999974738e-06,0.0,-9.99999974738e-06
1592041879292949439,125,1592041879240362882,,0.0,-2.99999992421e-05,1.99999994948e-05,9.99999974738e-06
1592041879346574680,126,1592041879294054031,,0.0,0.0,-9.99999974738e-06,-0.0
1592041879399398031,127,1592041879347162008,,0.0,-9.99999974738e-06,9.99999974738e-06,0.0
1592041879451032456,128,1592041879399693965,,0.0,0.0,-0.0,0.0
1592041879502446755,129,1592041879451164960,,0.0,-9.99999974738e-06,9.99999974738e-06,0.0
1592041879553911727,130,1592041879502674102,,0.0,-0.0,-1.99999994948e-05,9.99999974738e-06
1592041879656292882,131,1592041879554059982,,0.0,-1.99999994948e-05,-0.0,1.99999994948e-05
1592041879708933125,132,1592041879656537055,,0.0,-9.99999974738e-06,0.0,9.99999974738e-06
1592041879761875274,133,1592041879709091901,,0.0,-9.99999974738e-06,-9.99999974738e-06,0.0
1592041879819617245,134,1592041879761537075,,0.0,-9.99999974738e-06,9.99999974738e-06,9.99999974738e-06
1592041879921483796,135,1592041879819250106,,0.0,1.99999994948e-05,-9.99999974738e-06,-9.99999974738e-06
1592041879974102464,136,1592041879921873092,,0.0,0.0,0.0,-0.0
1592041880026939928,137,1592041879974337100,,0.0,0.0,-9.99999974738e-06,0.0
1592041880086249018,138,1592041880026973962,,0.0,-9.99999974738e-06,2.99999992421e-05,0.0
1592041880139036662,139,1592041880086819887,,0.0,-0.0,-9.99999974738e-06,9.99999974738e-06
1592041880191486108,140,1592041880139328956,,0.0,0.0,9.99999974738e-06,-9.99999974738e-06
1592041880244062466,141,1592041880191775083,,0.0,9.99999974738e-06,-9.99999974738e-06,-9.99999974738e-06
1592041880295632878,142,1592041880244313001,,0.0,-0.0,-9.99999974738e-06,-0.0
1592041880348029192,143,1592041880295789003,,0.0,1.99999994948e-05,0.0,-9.99999974738e-06
1592041880401829238,144,1592041880348280906,,0.0,9.99999974738e-06,-9.99999974738e-06,-9.99999974738e-06
1592041880455779104,145,1592041880403345108,,0.0,-9.99999974738e-06,-9.99999974738e-06,9.99999974738e-06
1592041880508260042,146,1592041880456130027,,0.0,-9.99999974738e-06,9.99999974738e-06,0.0
1592041880561994365,147,1592041880509305953,,0.0,-0.0,9.99999974738e-06,0.0
1592041880614400027,148,1592041880562273979,,0.0,9.99999974738e-06,-2.99999992421e-05,-0.0
1592041880666802739,149,1592041880614725112,,0.0,0.0,-0.0,-0.0
1592041880719366931,150,1592041880667149066,,0.0,-9.99999974738e-06,0.0,9.99999974738e-06
1592041880772285835,151,1592041880719990968,,0.0,9.99999974738e-06,-9.99999974738e-06,0.0
1592041880875297847,152,1592041880773056983,,0.0,-9.99999974738e-06,9.99999974738e-06,0.0
1592041880932054468,153,1592041880875432968,,0.0,-9.99999974738e-06,-0.0,9.99999974738e-06
1592041880983814507,154,1592041880932410001,,0.0,-9.99999974738e-06,0.0,9.99999974738e-06
1592041881087110083,155,1592041880983978033,,0.0,9.99999974738e-06,9.99999974738e-06,-9.99999974738e-06
1592041881139247001,156,1592041881087136030,,0.0,-9.99999974738e-06,0.0,0.0
1592041881191701560,157,1592041881139564990,,0.0,9.99999974738e-06,-9.99999974738e-06,-0.0
1592041881244459989,158,1592041881192049026,,0.0,-9.99999974738e-06,0.0,9.99999974738e-06
1592041881295791359,159,1592041881244528055,,0.0,0.0,9.99999974738e-06,-9.99999974738e-06
1592041881347800497,160,1592041881296113014,,0.0,1.99999994948e-05,0.0,-9.99999974738e-06
1592041881399378766,161,1592041881348001956,,0.0,-9.99999974738e-06,1.99999994948e-05,0.0
1592041881451580214,162,1592041881399580955,,0.0,0.0,1.99999994948e-05,0.0
1592041881503429989,163,1592041881451914072,,0.0,0.0,-9.99999974738e-06,0.0
1592041881555149988,164,1592041881503671884,,0.0,-0.0,9.99999974738e-06,0.0
1592041881607659781,165,1592041881555293083,,0.0,-0.0,-0.0,0.0
1592041881660002407,166,1592041881607752084,,0.0,0.0,-9.99999974738e-06,-0.0
1592041881712027077,167,1592041881660290002,,0.0,-1.99999994948e-05,1.99999994948e-05,9.99999974738e-06
1592041881764507862,168,1592041881712357044,,0.0,0.0,-9.99999974738e-06,-0.0
1592041881817190527,169,1592041881764781951,,0.0,9.99999974738e-06,0.0,-0.0
1592041881869774582,170,1592041881817656993,,0.0,0.0,-0.0,-0.0
1592041881922771456,171,1592041881870136022,,0.0,9.99999974738e-06,-9.99999974738e-06,-9.99999974738e-06
1592041881975174754,172,1592041881922955036,,0.0,-9.99999974738e-06,9.99999974738e-06,0.0
1592041882027745760,173,1592041881975441932,,0.0,-9.99999974738e-06,1.99999994948e-05,-0.0
1592041882079607098,174,1592041882028045892,,0.0,9.99999974738e-06,9.99999974738e-06,-9.99999974738e-06
1592041882131710977,175,1592041882079730987,,0.0,9.99999974738e-06,-0.0,-9.99999974738e-06
1592041882234813966,176,1592041882131856918,,0.0,-0.0,-0.0,0.0
1592041882287186836,177,1592041882234901905,,0.0,9.99999974738e-06,-9.99999974738e-06,-9.99999974738e-06
1592041882345758347,178,1592041882287518978,,0.0,9.99999974738e-06,9.99999974738e-06,-0.0
1592041882398321193,179,1592041882346750020,,0.0,-1.99999994948e-05,-9.99999974738e-06,9.99999974738e-06
1592041882450742570,180,1592041882398612022,,0.0,0.0,-1.99999994948e-05,-0.0
1592041882503579590,181,1592041882450982093,,0.0,-0.0,1.99999994948e-05,-0.0
1592041882556333677,182,1592041882503772020,,0.0,9.99999974738e-06,-1.99999994948e-05,-0.0
1592041882608675630,183,1592041882556277036,,0.0,-0.0,9.99999974738e-06,0.0
1592041882661107000,184,1592041882608558893,,0.0,-0.0,9.99999974738e-06,0.0
1592041882764021009,185,1592041882661801099,,0.0,-0.0,9.99999974738e-06,0.0
1592041882817446092,186,1592041882764825105,,0.0,-9.99999974738e-06,0.0,0.0
1592041882869833835,187,1592041882817671060,,0.0,-0.0,-0.0,0.0
1592041882923219100,188,1592041882870347976,,0.0,0.0,9.99999974738e-06,0.0
1592041882975034344,189,1592041882922894001,,0.0,-0.0,-1.99999994948e-05,-0.0
1592041883028310868,190,1592041882975392103,,0.0,-9.99999974738e-06,0.0,9.99999974738e-06
1592041883080564164,191,1592041883028007984,,0.0,-0.0,-2.99999992421e-05,9.99999974738e-06
1592041883131705093,192,1592041883080351114,,0.0,-0.0,1.99999994948e-05,0.0
1592041883184932035,193,1592041883132159948,,0.0,9.99999974738e-06,-9.99999974738e-06,-9.99999974738e-06
1592041883235836660,194,1592041883184590101,,0.0,0.0,-0.0,-0.0
1592041883287514638,195,1592041883235940933,,0.0,-0.0,-1.99999994948e-05,-0.0
1592041883339971871,196,1592041883287734985,,0.0,-0.0,9.99999974738e-06,-9.99999974738e-06
1592041883392349922,197,1592041883339682102,,0.0,-2.99999992421e-05,-0.0,1.99999994948e-05
1592041883444928932,198,1592041883392394065,,0.0,-9.99999974738e-06,-2.99999992421e-05,9.99999974738e-06
1592041883496758239,199,1592041883444644927,,0.0,9.99999974738e-06,3.99999989895e-05,-0.0
1592041883548838261,200,1592041883497092008,,0.0,-2.99999992421e-05,1.99999994948e-05,1.99999994948e-05
1592041883600319756,201,1592041883549047946,,0.0,-0.0,0.0,-0.0
1592041883652850126,202,1592041883600642919,,0.0,9.99999974738e-06,-9.99999974738e-06,-0.0
1592041883705480775,203,1592041883653016090,,0.0,-9.99999974738e-06,-0.0,9.99999974738e-06
1592041883808102985,204,1592041883705915927,,0.0,-9.99999974738e-06,-1.99999994948e-05,0.0
1592041883860586877,205,1592041883808377981,,0.0,-9.99999974738e-06,3.99999989895e-05,0.0
1592041883912621558,206,1592041883860860109,,0.0,-0.0,0.0,0.0
1592041883965124988,207,1592041883912777900,,0.0,1.99999994948e-05,-0.0,-9.99999974738e-06
1592041884018657662,208,1592041883965369939,,0.0,-0.0,2.99999992421e-05,0.0
1592041884070184582,209,1592041884018946886,,0.0,-0.0,-2.99999992421e-05,9.99999974738e-06
1592041884123182777,210,1592041884070481061,,0.0,9.99999974738e-06,9.99999974738e-06,-9.99999974738e-06
1592041884175389934,211,1592041884123856067,,0.0,-0.0,2.99999992421e-05,-0.0
1592041884277876017,212,1592041884175666093,,0.0,-9.99999974738e-06,-9.99999974738e-06,0.0
1592041884330151825,213,1592041884278217077,,0.0,9.99999974738e-06,-0.0,-0.0
1592041884383400151,214,1592041884330454111,,0.0,-0.0,9.99999974738e-06,0.0
1592041884433981968,215,1592041884382565021,,0.0,0.0,-1.99999994948e-05,-0.0
1592041884485725679,216,1592041884434360980,,0.0,9.99999974738e-06,-9.99999974738e-06,-0.0
1592041884537316303,217,1592041884485975027,,0.0,9.99999974738e-06,-0.0,-0.0
1592041884588964844,218,1592041884537528991,,0.0,-0.0,-0.0,-0.0
1592041884690542942,219,1592041884589109897,,0.0,9.99999974738e-06,0.0,-0.0
1592041884743051594,220,1592041884690855979,,0.0,9.99999974738e-06,-9.99999974738e-06,-9.99999974738e-06
1592041884795257780,221,1592041884743263006,,0.0,0.0,-9.99999974738e-06,0.0
1592041884848087216,222,1592041884795514106,,0.0,0.0,0.0,-0.0
1592041884902058051,223,1592041884848876953,,0.0,0.0,0.0,-0.0
1592041884954041147,224,1592041884902314901,,0.0,-9.99999974738e-06,-9.99999974738e-06,0.0
1592041885011174891,225,1592041884954261064,,0.0,-0.0,-9.99999974738e-06,-0.0
1592041885065895229,226,1592041885013593912,,0.0,-9.99999974738e-06,0.0,0.0
1592041885118595159,227,1592041885066226005,,0.0,-9.99999974738e-06,9.99999974738e-06,0.0
1592041885171402374,228,1592041885118784904,,0.0,0.0,9.99999974738e-06,0.0
1592041885223283121,229,1592041885171080112,,0.0,-9.99999974738e-06,2.99999992421e-05,9.99999974738e-06
1592041885275381347,230,1592041885223551988,,0.0,-0.0,-9.99999974738e-06,9.99999974738e-06
1592041885327334531,231,1592041885275609016,,0.0,-9.99999974738e-06,9.99999974738e-06,9.99999974738e-06
1592041885379640990,232,1592041885327521085,,0.0,9.99999974738e-06,-0.0,-9.99999974738e-06
1592041885431617482,233,1592041885379904031,,0.0,9.99999974738e-06,-9.99999974738e-06,-0.0
1592041885484056316,234,1592041885431668043,,0.0,9.99999974738e-06,-0.0,-9.99999974738e-06
1592041885604381154,235,1592041885492965936,,0.0,0.0,-9.99999974738e-06,-0.0
1592041885665041932,236,1592041885606045961,,0.0,1.99999994948e-05,-9.99999974738e-06,-0.0
1592041885717380811,237,1592041885665311098,,0.0,0.0,9.99999974738e-06,-0.0
1592041885770222465,238,1592041885718507051,,0.0,9.99999974738e-06,-9.99999974738e-06,-9.99999974738e-06
1592041885821642400,239,1592041885770275115,,0.0,0.0,-9.99999974738e-06,-0.0
1592041885873306601,240,1592041885821976900,,0.0,-0.0,9.99999974738e-06,0.0
1592041885925234545,241,1592041885873699903,,0.0,9.99999974738e-06,-1.99999994948e-05,-9.99999974738e-06
1592041885977259534,242,1592041885925237894,,0.0,-9.99999974738e-06,-9.99999974738e-06,-0.0
1592041886078915771,243,1592041885977058887,,0.0,0.0,-0.0,-0.0
1592041886131044225,244,1592041886079130887,,0.0,9.99999974738e-06,1.99999994948e-05,-9.99999974738e-06
1592041886183507024,245,1592041886131829977,,0.0,9.99999974738e-06,0.0,0.0
1592041886235051138,246,1592041886183707952,,0.0,9.99999974738e-06,-0.0,-0.0
1592041886286897478,247,1592041886235205888,,0.0,-0.0,9.99999974738e-06,-0.0
1592041886339577841,248,1592041886287127971,,0.0,-1.99999994948e-05,9.99999974738e-06,0.0
1592041886392107480,249,1592041886339498043,,0.0,9.99999974738e-06,-1.99999994948e-05,-0.0
1592041886443565933,250,1592041886392189025,,0.0,-9.99999974738e-06,-0.0,0.0
1592041886496211079,251,1592041886443880081,,0.0,0.0,0.0,-0.0
1592041886548095743,252,1592041886496016979,,0.0,-0.0,1.99999994948e-05,0.0
1592041886600661012,253,1592041886548366069,,0.0,-9.99999974738e-06,1.99999994948e-05,9.99999974738e-06
1592041886653168958,254,1592041886600944042,,0.0,-9.99999974738e-06,-1.99999994948e-05,9.99999974738e-06
1592041886705637373,255,1592041886653495073,,0.0,9.99999974738e-06,1.99999994948e-05,-9.99999974738e-06
1592041886758205641,256,1592041886705966949,,0.0,-9.99999974738e-06,2.99999992421e-05,9.99999974738e-06
1592041886812521794,257,1592041886758287906,,0.0,-0.0,-9.99999974738e-06,0.0
1592041886864726908,258,1592041886812588930,,0.0,1.99999994948e-05,-1.99999994948e-05,-0.0
1592041886916946837,259,1592041886865026950,,0.0,0.0,9.99999974738e-06,-0.0
1592041886969316921,260,1592041886917048931,,0.0,0.0,-9.99999974738e-06,-9.99999974738e-06
1592041887021755286,261,1592041886969583034,,0.0,-1.99999994948e-05,-0.0,0.0
1592041887074623505,262,1592041887022248029,,0.0,-9.99999974738e-06,-1.99999994948e-05,9.99999974738e-06
1592041887126462584,263,1592041887074753999,,0.0,9.99999974738e-06,-9.99999974738e-06,-9.99999974738e-06
1592041887178309735,264,1592041887126815080,,0.0,-9.99999974738e-06,2.99999992421e-05,0.0
1592041887230670480,265,1592041887178478956,,0.0,-9.99999974738e-06,-1.99999994948e-05,0.0
1592041887335052367,266,1592041887230957031,,0.0,-1.99999994948e-05,-9.99999974738e-06,9.99999974738e-06
1592041887387381942,267,1592041887334810018,,0.0,-0.0,9.99999974738e-06,-0.0
1592041887439816146,268,1592041887387554883,,0.0,9.99999974738e-06,9.99999974738e-06,-0.0
1592041887491713834,269,1592041887439903974,,0.0,9.99999974738e-06,0.0,-9.99999974738e-06
1592041887544033677,270,1592041887492502927,,0.0,-9.99999974738e-06,9.99999974738e-06,9.99999974738e-06
1592041887595436140,271,1592041887544228076,,0.0,-0.0,-9.99999974738e-06,0.0
1592041887647289753,272,1592041887595611095,,0.0,0.0,0.0,0.0
1592041887698852533,273,1592041887647423982,,0.0,-9.99999974738e-06,-9.99999974738e-06,-0.0
1592041887750308095,274,1592041887699017047,,0.0,9.99999974738e-06,-9.99999974738e-06,-0.0
1592041887802514397,275,1592041887750441074,,0.0,-0.0,2.99999992421e-05,-0.0
1592041887855560228,276,1592041887802321910,,0.0,9.99999974738e-06,-0.0,-9.99999974738e-06
1592041887908581165,277,1592041887856832027,,0.0,9.99999974738e-06,-3.99999989895e-05,-0.0
1592041887961207116,278,1592041887908848047,,0.0,-0.0,9.99999974738e-06,-0.0
1592041888013716873,279,1592041887961592912,,0.0,-9.99999974738e-06,9.99999974738e-06,9.99999974738e-06
1592041888066332865,280,1592041888014045000,,0.0,9.99999974738e-06,0.0,-9.99999974738e-06
1592041888118328345,281,1592041888066529989,,0.0,-9.99999974738e-06,9.99999974738e-06,9.99999974738e-06
1592041888170349583,282,1592041888119085073,,0.0,-0.0,-0.0,0.0
1592041888222030857,283,1592041888170617103,,0.0,9.99999974738e-06,-9.99999974738e-06,0.0
1592041888273652558,284,1592041888222141981,,0.0,-9.99999974738e-06,-9.99999974738e-06,0.0
1592041888325396017,285,1592041888273715019,,0.0,-0.0,-1.99999994948e-05,0.0
1592041888427099602,286,1592041888325757026,,0.0,9.99999974738e-06,-0.0,-9.99999974738e-06
1592041888479471530,287,1592041888427355051,,0.0,9.99999974738e-06,-9.99999974738e-06,-0.0
1592041888531018876,288,1592041888479656934,,0.0,-9.99999974738e-06,-1.99999994948e-05,9.99999974738e-06
1592041888583423356,289,1592041888531249046,,0.0,0.0,9.99999974738e-06,-9.99999974738e-06
1592041888635930812,290,1592041888583813905,,0.0,0.0,-0.0,-0.0
1592041888688132703,291,1592041888636292934,,0.0,9.99999974738e-06,-0.0,-0.0
1592041888791328750,292,1592041888688930034,,0.0,0.0,1.99999994948e-05,-9.99999974738e-06
1592041888844789424,293,1592041888792419910,,0.0,-0.0,9.99999974738e-06,0.0
1592041888898657766,294,1592041888845858097,,0.0,0.0,1.99999994948e-05,0.0
1592041888950656495,295,1592041888898262977,,0.0,-9.99999974738e-06,-9.99999974738e-06,0.0
1592041889003423564,296,1592041888950984001,,0.0,-9.99999974738e-06,-0.0,9.99999974738e-06
1592041889055063236,297,1592041889003710031,,0.0,-0.0,9.99999974738e-06,-0.0
1592041889106960979,298,1592041889055119991,,0.0,0.0,0.0,0.0
1592041889159427497,299,1592041889107144117,,0.0,0.0,-9.99999974738e-06,0.0
1592041889211930498,300,1592041889159560918,,0.0,9.99999974738e-06,-0.0,0.0
1592041889263367086,301,1592041889212042093,,0.0,9.99999974738e-06,1.99999994948e-05,-9.99999974738e-06
1592041889316937666,302,1592041889263736963,,0.0,9.99999974738e-06,-0.0,-0.0
1592041889369198526,303,1592041889316683053,,0.0,-0.0,-0.0,0.0
1592041889425540184,304,1592041889369452953,,0.0,0.0,-9.99999974738e-06,-9.99999974738e-06
1592041889477924924,305,1592041889425690889,,0.0,-0.0,1.99999994948e-05,0.0
1592041889530491762,306,1592041889478194952,,0.0,-0.0,-9.99999974738e-06,0.0
1592041889582353128,307,1592041889530673980,,0.0,-9.99999974738e-06,1.99999994948e-05,0.0
1592041889634321104,308,1592041889582468986,,0.0,0.0,0.0,-9.99999974738e-06
1592041889686855630,309,1592041889634556055,,0.0,0.0,-9.99999974738e-06,-9.99999974738e-06
1592041889739183390,310,1592041889687016963,,0.0,-1.99999994948e-05,0.0,9.99999974738e-06
1592041889791572551,311,1592041889739448070,,0.0,-9.99999974738e-06,-0.0,0.0
1592041889844004120,312,1592041889791867017,,0.0,-1.99999994948e-05,1.99999994948e-05,9.99999974738e-06
1592041889896070077,313,1592041889844449043,,0.0,-9.99999974738e-06,-0.0,0.0
1592041889948641249,314,1592041889896645069,,0.0,0.0,-1.99999994948e-05,0.0
1592041890000039932,315,1592041889948796033,,0.0,9.99999974738e-06,-1.99999994948e-05,-9.99999974738e-06
1592041890052382732,316,1592041890000257015,,0.0,9.99999974738e-06,-9.99999974738e-06,-9.99999974738e-06
1592041890114044784,317,1592041890052659034,,0.0,9.99999974738e-06,-9.99999974738e-06,-0.0
1592041890215333235,318,1592041890113919973,,0.0,-9.99999974738e-06,1.99999994948e-05,9.99999974738e-06
1592041890268693349,319,1592041890215588092,,0.0,-9.99999974738e-06,9.99999974738e-06,9.99999974738e-06
1592041890320500667,320,1592041890267894983,,0.0,9.99999974738e-06,9.99999974738e-06,-9.99999974738e-06
1592041890372802685,321,1592041890320578098,,0.0,9.99999974738e-06,-1.99999994948e-05,-0.0
1592041890424445494,322,1592041890373150110,,0.0,9.99999974738e-06,-9.99999974738e-06,-0.0
1592041890477472675,323,1592041890424603939,,0.0,0.0,-9.99999974738e-06,-0.0
1592041890529539834,324,1592041890477893114,,0.0,-1.99999994948e-05,9.99999974738e-06,9.99999974738e-06
1592041890581556086,325,1592041890529671907,,0.0,-9.99999974738e-06,1.99999994948e-05,0.0
1592041890634583586,326,1592041890582323074,,0.0,0.0,0.0,-0.0
1592041890737488053,327,1592041890634880065,,0.0,-9.99999974738e-06,0.0,9.99999974738e-06
1592041890790882775,328,1592041890736638069,,0.0,1.99999994948e-05,-2.99999992421e-05,-9.99999974738e-06
1592041890842956446,329,1592041890790452003,,0.0,0.0,-0.0,0.0
1592041890895260931,330,1592041890842976093,,0.0,-9.99999974738e-06,-0.0,9.99999974738e-06
1592041890947607567,331,1592041890895306110,,0.0,-9.99999974738e-06,-9.99999974738e-06,0.0
1592041890999748910,332,1592041890947207927,,0.0,-1.99999994948e-05,-9.99999974738e-06,9.99999974738e-06
1592041891052400345,333,1592041891000046968,,0.0,0.0,2.99999992421e-05,0.0
1592041891108779291,334,1592041891052582979,,0.0,1.99999994948e-05,-2.99999992421e-05,-9.99999974738e-06
1592041891162986871,335,1592041891110497951,,0.0,0.0,-9.99999974738e-06,-0.0
1592041891215577349,336,1592041891163141965,,0.0,-9.99999974738e-06,9.99999974738e-06,9.99999974738e-06
1592041891267694720,337,1592041891215626955,,0.0,1.99999994948e-05,-1.99999994948e-05,-9.99999974738e-06
1592041891319945071,338,1592041891268080949,,0.0,-1.99999994948e-05,1.99999994948e-05,9.99999974738e-06
1592041891371886858,339,1592041891320693016,,0.0,1.99999994948e-05,-0.0,-9.99999974738e-06
1592041891423835830,340,1592041891372092962,,0.0,-0.0,0.0,0.0
1592041891476925895,341,1592041891424077987,,0.0,-9.99999974738e-06,1.99999994948e-05,0.0
1592041891528775776,342,1592041891476552963,,0.0,1.99999994948e-05,0.0,-9.99999974738e-06
1592041891581307221,343,1592041891529108047,,0.0,-0.0,-2.99999992421e-05,0.0
1592041891633938849,344,1592041891581456899,,0.0,-0.0,2.99999992421e-05,0.0
1592041891686597767,345,1592041891634404897,,0.0,-0.0,-0.0,0.0
1592041891739003496,346,1592041891686882019,,0.0,9.99999974738e-06,-9.99999974738e-06,-9.99999974738e-06
1592041891791468256,347,1592041891739351987,,0.0,9.99999974738e-06,9.99999974738e-06,-9.99999974738e-06
1592041891893886776,348,1592041891791847944,,0.0,-9.99999974738e-06,9.99999974738e-06,-0.0
1592041891947650052,349,1592041891894196033,,0.0,-9.99999974738e-06,1.99999994948e-05,0.0
1592041891999399063,350,1592041891947058916,,0.0,-9.99999974738e-06,1.99999994948e-05,9.99999974738e-06
1592041892052660413,351,1592041892000432968,,0.0,0.0,-9.99999974738e-06,0.0
1592041892106092608,352,1592041892053741931,,0.0,9.99999974738e-06,-9.99999974738e-06,-0.0
1592041892157842969,353,1592041892106523036,,0.0,9.99999974738e-06,9.99999974738e-06,-9.99999974738e-06
1592041892209390028,354,1592041892158016920,,0.0,-9.99999974738e-06,-9.99999974738e-06,0.0
1592041892260742799,355,1592041892209425926,,0.0,-0.0,9.99999974738e-06,0.0
1592041892312431067,356,1592041892260942935,,0.0,-9.99999974738e-06,9.99999974738e-06,0.0
1592041892364847345,357,1592041892312690973,,0.0,-9.99999974738e-06,9.99999974738e-06,9.99999974738e-06
1592041892417681862,358,1592041892365258932,,0.0,9.99999974738e-06,-9.99999974738e-06,-0.0
1592041892519900656,359,1592041892417867898,,0.0,9.99999974738e-06,-3.99999989895e-05,-9.99999974738e-06
1592041892572998762,360,1592041892520725965,,0.0,9.99999974738e-06,-2.99999992421e-05,-9.99999974738e-06
1592041892626121604,361,1592041892573232889,,0.0,0.0,0.0,-0.0
1592041892678561581,362,1592041892625776052,,0.0,-9.99999974738e-06,0.0,9.99999974738e-06
1592041892780348112,363,1592041892678702116,,0.0,-0.0,0.0,9.99999974738e-06
1592041892832637053,364,1592041892780565977,,0.0,1.99999994948e-05,9.99999974738e-06,-9.99999974738e-06
1592041892887340069,365,1592041892832917928,,0.0,-0.0,9.99999974738e-06,-0.0
1592041892939942203,366,1592041892887763977,,0.0,-0.0,-9.99999974738e-06,0.0
1592041892992488211,367,1592041892940289020,,0.0,-1.99999994948e-05,-1.99999994948e-05,0.0
1592041893045473343,368,1592041892993223905,,0.0,0.0,-9.99999974738e-06,0.0
1592041893098701127,369,1592041893046350955,,0.0,-1.99999994948e-05,9.99999974738e-06,9.99999974738e-06
1592041893151561741,370,1592041893099072933,,0.0,0.0,-2.99999992421e-05,0.0
1592041893203210774,371,1592041893151853084,,0.0,9.99999974738e-06,0.0,-9.99999974738e-06
1592041893255630021,372,1592041893203447103,,0.0,0.0,-9.99999974738e-06,-0.0
1592041893308046630,373,1592041893255837917,,0.0,0.0,-1.99999994948e-05,-9.99999974738e-06
1592041893360709772,374,1592041893308219909,,0.0,-9.99999974738e-06,1.99999994948e-05,9.99999974738e-06
1592041893412995184,375,1592041893360768079,,0.0,-9.99999974738e-06,-1.99999994948e-05,9.99999974738e-06
1592041893466021785,376,1592041893413674116,,0.0,9.99999974738e-06,-9.99999974738e-06,-9.99999974738e-06
1592041893519274615,377,1592041893467051029,,0.0,-0.0,9.99999974738e-06,-0.0
1592041893571886691,378,1592041893519563913,,0.0,-9.99999974738e-06,9.99999974738e-06,0.0
1592041893625004653,379,1592041893572741985,,0.0,1.99999994948e-05,-9.99999974738e-06,-9.99999974738e-06
1592041893677843892,380,1592041893625300884,,0.0,0.0,1.99999994948e-05,0.0
1592041893729885221,381,1592041893677697896,,0.0,-0.0,-9.99999974738e-06,9.99999974738e-06
1592041893782686901,382,1592041893730217933,,0.0,-0.0,0.0,0.0
1592041893835638820,383,1592041893783463954,,0.0,-0.0,2.99999992421e-05,0.0
1592041893887298404,384,1592041893835789918,,0.0,-2.99999992421e-05,-1.99999994948e-05,1.99999994948e-05
1592041893939519982,385,1592041893887614011,,0.0,-0.0,9.99999974738e-06,-0.0
1592041893991907710,386,1592041893939732074,,0.0,-9.99999974738e-06,9.99999974738e-06,9.99999974738e-06
1592041894044023426,387,1592041893992182016,,0.0,9.99999974738e-06,9.99999974738e-06,-0.0
1592041894095498154,388,1592041894043764114,,0.0,9.99999974738e-06,-9.99999974738e-06,-0.0
1592041894147417628,389,1592041894095732927,,0.0,0.0,9.99999974738e-06,-0.0
1592041894199998300,390,1592041894147667884,,0.0,-2.99999992421e-05,9.99999974738e-06,1.99999994948e-05
1592041894252504854,391,1592041894200254917,,0.0,-1.99999994948e-05,9.99999974738e-06,9.99999974738e-06
1592041894355718696,392,1592041894252788066,,0.0,9.99999974738e-06,1.99999994948e-05,-0.0
1592041894407650961,393,1592041894355416059,,0.0,-9.99999974738e-06,-1.99999994948e-05,9.99999974738e-06
1592041894459552159,394,1592041894408045053,,0.0,9.99999974738e-06,-9.99999974738e-06,-9.99999974738e-06
1592041894512181464,395,1592041894459795951,,0.0,9.99999974738e-06,0.0,-9.99999974738e-06
1592041894564578715,396,1592041894512492895,,0.0,-9.99999974738e-06,-9.99999974738e-06,9.99999974738e-06
1592041894618921834,397,1592041894564829111,,0.0,9.99999974738e-06,0.0,-0.0
1592041894670517517,398,1592041894619121074,,0.0,-9.99999974738e-06,0.0,9.99999974738e-06
1592041894722248712,399,1592041894670768976,,0.0,-9.99999974738e-06,9.99999974738e-06,0.0
1592041894773875967,400,1592041894722450017,,0.0,9.99999974738e-06,9.99999974738e-06,-9.99999974738e-06
1592041894876893456,401,1592041894774020910,,0.0,9.99999974738e-06,-0.0,-9.99999974738e-06
1592041894930464323,402,1592041894877916097,,0.0,-9.99999974738e-06,-9.99999974738e-06,9.99999974738e-06
1592041894986051299,403,1592041894933912992,,0.0,1.99999994948e-05,0.0,-9.99999974738e-06
1592041895038899714,404,1592041894986294031,,0.0,9.99999974738e-06,9.99999974738e-06,-9.99999974738e-06
1592041895091190003,405,1592041895039768934,,0.0,0.0,-9.99999974738e-06,-0.0
1592041895143719996,406,1592041895091473102,,0.0,1.99999994948e-05,-0.0,-9.99999974738e-06
1592041895195526583,407,1592041895143419981,,0.0,-9.99999974738e-06,-9.99999974738e-06,0.0
1592041895248159239,408,1592041895195879936,,0.0,9.99999974738e-06,-9.99999974738e-06,-9.99999974738e-06
1592041895300529634,409,1592041895248445987,,0.0,-0.0,-9.99999974738e-06,0.0
1592041895353233143,410,1592041895300831079,,0.0,0.0,-9.99999974738e-06,-0.0
1592041895406697504,411,1592041895354269981,,0.0,-9.99999974738e-06,1.99999994948e-05,0.0
1592041895459804912,412,1592041895406841993,,0.0,1.99999994948e-05,-9.99999974738e-06,-9.99999974738e-06
1592041895510622707,413,1592041895459316015,,0.0,-9.99999974738e-06,9.99999974738e-06,-0.0
1592041895612189431,414,1592041895510831117,,0.0,-9.99999974738e-06,0.0,9.99999974738e-06
1592041895664333646,415,1592041895612227916,,0.0,-9.99999974738e-06,-0.0,9.99999974738e-06
1592041895718199973,416,1592041895664587020,,0.0,-9.99999974738e-06,9.99999974738e-06,0.0
1592041895769783669,417,1592041895717415094,,0.0,-1.99999994948e-05,-9.99999974738e-06,9.99999974738e-06
1592041895872455722,418,1592041895770092010,,0.0,-0.0,9.99999974738e-06,0.0
1592041895924736873,419,1592041895872627019,,0.0,9.99999974738e-06,0.0,-9.99999974738e-06
1592041896027243371,420,1592041895925010919,,0.0,-9.99999974738e-06,1.99999994948e-05,0.0
1592041896079766939,421,1592041896027467966,,0.0,9.99999974738e-06,-9.99999974738e-06,-0.0
1592041896131800233,422,1592041896080075979,,0.0,-9.99999974738e-06,1.99999994948e-05,0.0
1592041896184723661,423,1592041896132294893,,0.0,9.99999974738e-06,-9.99999974738e-06,-0.0
1592041896237665133,424,1592041896185311079,,0.0,-0.0,9.99999974738e-06,-0.0
1592041896294141071,425,1592041896242274045,,0.0,0.0,9.99999974738e-06,0.0
1592041896346458943,426,1592041896294286966,,0.0,-0.0,9.99999974738e-06,0.0
1592041896398212974,427,1592041896346749067,,0.0,9.99999974738e-06,-0.0,-9.99999974738e-06
1592041896451013198,428,1592041896398142099,,0.0,0.0,9.99999974738e-06,-9.99999974738e-06
1592041896503446486,429,1592041896451566934,,0.0,-9.99999974738e-06,-0.0,0.0
1592041896555875040,430,1592041896503741979,,0.0,0.0,-1.99999994948e-05,0.0
1592041896608289629,431,1592041896556094884,,0.0,0.0,-1.99999994948e-05,-0.0
1592041896710309795,432,1592041896608084917,,0.0,9.99999974738e-06,-9.99999974738e-06,-9.99999974738e-06
1592041896766641799,433,1592041896711080074,,0.0,-9.99999974738e-06,9.99999974738e-06,9.99999974738e-06
1592041896818488231,434,1592041896766961097,,0.0,9.99999974738e-06,-9.99999974738e-06,-0.0
1592041896871106077,435,1592041896818789958,,0.0,0.0,-0.0,-9.99999974738e-06
1592041896923848381,436,1592041896872276067,,0.0,1.99999994948e-05,-2.99999992421e-05,-9.99999974738e-06
1592041896975552010,437,1592041896923989057,,0.0,0.0,9.99999974738e-06,0.0
1592041897027510604,438,1592041896975788116,,0.0,-9.99999974738e-06,-9.99999974738e-06,9.99999974738e-06
1592041897081171053,439,1592041897027690887,,0.0,1.99999994948e-05,0.0,-9.99999974738e-06
1592041897133486767,440,1592041897081526041,,0.0,9.99999974738e-06,9.99999974738e-06,-0.0
1592041897185472877,441,1592041897133542060,,0.0,-9.99999974738e-06,1.99999994948e-05,9.99999974738e-06
1592041897237575868,442,1592041897185853958,,0.0,-0.0,1.99999994948e-05,0.0
1592041897290109232,443,1592041897237723112,,0.0,9.99999974738e-06,-9.99999974738e-06,-0.0
1592041897342177012,444,1592041897289771080,,0.0,0.0,-1.99999994948e-05,-9.99999974738e-06
1592041897394101138,445,1592041897341754913,,0.0,1.99999994948e-05,-1.99999994948e-05,-9.99999974738e-06
1592041897450183891,446,1592041897394105911,,0.0,-2.99999992421e-05,1.99999994948e-05,9.99999974738e-06
1592041897499829534,447,1592041897448163032,,0.0,9.99999974738e-06,-0.0,-9.99999974738e-06
1592041897551883296,448,1592041897499874114,,0.0,1.99999994948e-05,2.99999992421e-05,-9.99999974738e-06
1592041897605261619,449,1592041897552222967,,0.0,-9.99999974738e-06,0.0,9.99999974738e-06
1592041897658365108,450,1592041897605895996,,0.0,-9.99999974738e-06,9.99999974738e-06,9.99999974738e-06
1592041897711832206,451,1592041897658479928,,0.0,9.99999974738e-06,0.0,-9.99999974738e-06
1592041897763729614,452,1592041897711210012,,0.0,9.99999974738e-06,-2.99999992421e-05,-9.99999974738e-06
1592041897817230669,453,1592041897765014886,,0.0,0.0,-9.99999974738e-06,0.0
1592041897919326357,454,1592041897817327976,,0.0,-1.99999994948e-05,1.99999994948e-05,9.99999974738e-06
1592041897970861931,455,1592041897919012069,,0.0,0.0,0.0,-0.0
1592041898023538548,456,1592041897971672058,,0.0,0.0,1.99999994948e-05,-9.99999974738e-06
1592041898074974844,457,1592041898023709058,,0.0,-0.0,-0.0,0.0
1592041898127152745,458,1592041898075278997,,0.0,0.0,-9.99999974738e-06,-0.0
1592041898179611224,459,1592041898127175092,,0.0,0.0,0.0,0.0
1592041898231350163,460,1592041898179193973,,0.0,9.99999974738e-06,-9.99999974738e-06,-9.99999974738e-06
1592041898288907165,461,1592041898231657028,,0.0,-9.99999974738e-06,-1.99999994948e-05,9.99999974738e-06
1592041898391887692,462,1592041898288120985,,0.0,-1.99999994948e-05,9.99999974738e-06,9.99999974738e-06
1592041898442814589,463,1592041898391335010,,0.0,-1.99999994948e-05,1.99999994948e-05,0.0
1592041898495249149,464,1592041898443032979,,0.0,9.99999974738e-06,-9.99999974738e-06,-9.99999974738e-06
1592041898547655747,465,1592041898495650053,,0.0,-1.99999994948e-05,0.0,9.99999974738e-06
1592041898599616359,466,1592041898547403097,,0.0,0.0,-1.99999994948e-05,0.0
1592041898650952098,467,1592041898599333047,,0.0,-9.99999974738e-06,9.99999974738e-06,0.0
1592041899003180873,468,1592041898651252985,,0.0,-1.99999994948e-05,-1.99999994948e-05,9.99999974738e-06
1592041899054700107,469,1592041899003158092,,0.0,0.0,1.99999994948e-05,-0.0
1592041899106686117,470,1592041899054934024,,0.0,-9.99999974738e-06,9.99999974738e-06,0.0
1592041899159222798,471,1592041899106884002,,0.0,-0.0,1.99999994948e-05,-9.99999974738e-06
1592041899212103750,472,1592041899159389019,,0.000199999994948,-0.000150000007125,-2.99999992421e-05,3.99999989895e-05
1592041899264012727,473,1592041899211860895,,0.00219999998808,-0.0019499999471,0.000910000002477,0.000169999999343
1592041899317056602,474,1592041899264446020,,0.00680000009015,-0.00534000014886,0.00412999978289,9.99999974738e-06
1592041899369777355,475,1592041899317518949,,0.0119000002742,-0.00868999958038,0.0081200003624,-2.99999992421e-05
1592041899422448419,476,1592041899370143890,,0.016799999401,-0.0110499998555,0.0126099996269,-2.99999992421e-05
1592041899474059486,477,1592041899422600984,,0.0212999992073,-0.0123800002038,0.017330000177,-4.99999987369e-05
1592041899525675668,478,1592041899474350929,,0.0259000007063,-0.0130099998787,0.0223399996758,-4.99999987369e-05
1592041899627516040,479,1592041899525866985,,0.047800000757,-0.0230000000447,0.041859999299,0.000310000003083
1592041899680965122,480,1592041899627737998,,0.0531000010669,-0.0333999991417,0.041329998523,1.99999994948e-05
1592041899735607706,481,1592041899680511951,,0.0577000007033,-0.0405899994075,0.0410399995744,-1.99999994948e-05
1592041899787061889,482,1592041899735814094,,0.0625,-0.0474300011992,0.0406999997795,-9.99999974738e-05
1592041899839425092,483,1592041899787265062,,0.0656000003219,-0.0526800006628,0.0391499996185,-0.000239999993937
1592041899895303776,484,1592041899840286970,,0.0649000033736,-0.0550399981439,0.0342999994755,-9.99999974738e-06
1592041899947848662,485,1592041899895562887,,0.0643000006676,-0.0577099993825,0.0282600000501,5.99999984843e-05
1592041900000450124,486,1592041899948044061,,0.0654999986291,-0.0618100017309,0.0216400008649,7.00000018696e-05
1592041900052731433,487,1592041900000488042,,0.068599998951,-0.0670100003481,0.0146700004116,9.00000013644e-05
1592041900156212560,488,1592041900052876949,,0.0738999992609,-0.0735099986196,0.00734000001103,0.000110000000859
1592041900207761938,489,1592041900155649900,,0.0781999975443,-0.0782499983907,0.000440000003437,-0.000180000002729
1592041900260253997,490,1592041900208018064,,0.0798999965191,-0.0798299983144,-0.00335999997333,5.99999984843e-05
1592041900312918130,491,1592041900260478973,,0.0798999965191,-0.079779997468,-0.0041899997741,0.000130000000354
1592041900364577476,492,1592041900313162088,,0.0804999992251,-0.0802899971604,-0.00537999998778,0.000110000000859
1592041900415955728,493,1592041900364651918,,0.0797000005841,-0.0794499963522,-0.00656000012532,0.000110000000859
1592041900468487526,494,1592041900416239023,,0.0798000022769,-0.0794200003147,-0.00781999994069,7.00000018696e-05
1592041900520933447,495,1592041900468825101,,0.0797000005841,-0.0791900008917,-0.00922000035644,3.99999989895e-05
1592041900572561571,496,1592041900521047115,,0.0795999988914,-0.0788599997759,-0.01109000016,4.99999987369e-05
1592041900674434333,497,1592041900572704076,,0.0794000029564,-0.0783699974418,-0.0129800001159,2.99999992421e-05
1592041900726419294,498,1592041900674757003,,0.0794999971986,-0.077840000391,-0.0163800008595,5.99999984843e-05
1592041900778494393,499,1592041900726699113,,0.0797000005841,-0.0771600008011,-0.0198199991137,3.99999989895e-05
1592041900830280769,500,1592041900778641939,,0.0795999988914,-0.0764999985695,-0.021989999339,9.00000013644e-05
1592041900882421931,501,1592041900830674886,,0.0799999982119,-0.0761900022626,-0.0242400001734,2.99999992421e-05
1592041900934655783,502,1592041900882471084,,0.0794999971986,-0.0750600025058,-0.0261100009084,9.00000013644e-05
1592041900986442221,503,1592041900934814929,,0.0797000005841,-0.0744900032878,-0.0282000005245,4.99999987369e-05
1592041901039071629,504,1592041900986608982,,0.0797000005841,-0.0737100020051,-0.0302799995989,0.000119999996969
1592041901091623663,505,1592041901039263010,,0.0797000005841,-0.0727600008249,-0.0324099995196,0.000130000000354
1592041901143373210,506,1592041901091200113,,0.0795999988914,-0.0718199983239,-0.0344399996102,0.000110000000859
1592041901195545759,507,1592041901143589019,,0.0800999999046,-0.0713300034404,-0.0364699997008,0.000169999999343
1592041901250856460,508,1592041901196351051,,0.0794000029564,-0.0690800026059,-0.039050001651,9.00000013644e-05
1592041901303352479,509,1592041901251140117,,0.0797000005841,-0.0679100006819,-0.041740000248,4.99999987369e-05
1592041901355643237,510,1592041901303581953,,0.0786999985576,-0.0645200014114,-0.0450400002301,-7.00000018696e-05
1592041901408957858,511,1592041901356008052,,0.076700001955,-0.0587100014091,-0.0494300015271,2.99999992421e-05
1592041901462046357,512,1592041901409053087,,0.0749000012875,-0.0520600005984,-0.0538000017405,7.9999997979e-05
1592041901513598094,513,1592041901461796998,,0.0732999965549,-0.044810000807,-0.0580499991775,7.9999997979e-05
1592041901565983901,514,1592041901514360904,,0.0723000019789,-0.0372599996626,-0.061930000782,-7.00000018696e-05
1592041901621874981,515,1592041901566122055,,0.0711999982595,-0.0286200009286,-0.0652099996805,-0.000180000002729
1592041901673345719,516,1592041901621063947,,0.0696000009775,-0.0173099990934,-0.0674099996686,-9.99999974738e-05
1592041901725881009,517,1592041901673402070,,0.0679000020027,-0.00490000005811,-0.0677699968219,2.99999992421e-05
1592041901779290647,518,1592041901727035045,,0.0679000020027,0.00766000011936,-0.0674199983478,0.000119999996969
1592041901831909669,519,1592041901779582977,,0.069399997592,0.0209800004959,-0.0661400035024,7.00000018696e-05
1592041901884602286,520,1592041901832146883,,0.070799998939,0.031550001353,-0.0633499994874,0.000150000007125
1592041901937164451,521,1592041901884843111,,0.0715999975801,0.0403800010681,-0.0590800009668,9.99999974738e-06
1592041901993193335,522,1592041901937917947,,0.0724999979138,0.0476399995387,-0.054699998349,-9.99999974738e-05
1592041902095621379,523,1592041901994107007,,0.0742999985814,0.05496000126,-0.0500500015914,-7.9999997979e-05
1592041902148194016,524,1592041902095958948,,0.0766000002623,0.0624900013208,-0.0442599989474,-9.99999974738e-06
1592041902200877034,525,1592041902148503065,,0.0784000009298,0.0672399997711,-0.0403200015426,0.000110000000859
1592041902253639391,526,1592041902201190948,,0.0791999995708,0.0702399984002,-0.0366199985147,4.99999987369e-05
1592041902305841349,527,1592041902254580974,,0.0797000005841,0.071850001812,-0.0344499982893,-0.000130000000354
1592041902358266720,528,1592041902306123018,,0.0798000022769,0.0728000029922,-0.0326399989426,-0.000140000003739
1592041902460959802,529,1592041902358568906,,0.0797000005841,0.0735400021076,-0.0306199993938,-5.99999984843e-05
1592041902513640401,530,1592041902461232900,,0.0797000005841,0.0747499987483,-0.0277500003576,-9.00000013644e-05
1592041902573812043,531,1592041902515988111,,0.0794000029564,0.0751999989152,-0.0255399998277,-5.99999984843e-05
1592041902627245106,532,1592041902574851989,,0.0795999988914,0.0761400014162,-0.0231199990958,-0.0
1592041902680037127,533,1592041902627614021,,0.0790999978781,0.0763700008392,-0.0205899998546,9.99999974738e-06
1592041902733057215,534,1592041902680457115,,0.0794999971986,0.0775699988008,-0.0174000002444,0.0
1592041902785543995,535,1592041902733278989,,0.0794000029564,0.0779799968004,-0.0151199996471,-3.99999989895e-05
1592041902837368720,536,1592041902785712003,,0.0794999971986,0.0785000026226,-0.0126000000164,-3.99999989895e-05
1592041902889274123,537,1592041902837620973,,0.0794999971986,0.0788299962878,-0.010169999674,-4.99999987369e-05
1592041902942795940,538,1592041902889475107,,0.0797000005841,0.0793199986219,-0.0079600000754,-4.99999987369e-05
1592041902994555537,539,1592041902943083047,,0.0794000029564,0.0791900008917,-0.00588000006974,-5.99999984843e-05
1592041903046182643,540,1592041902994750022,,0.0798000022769,0.0797099992633,-0.0031500000041,-2.99999992421e-05
1592041903098447727,541,1592041903046313047,,0.0799999982119,0.0799700021744,-0.00178000004962,-0.0
1592041903150498969,542,1592041903098851919,,0.0799999982119,0.0799800008535,-0.00065000000177,-4.99999987369e-05
1592041903252722099,543,1592041903150836944,,0.0799999982119,0.0800300016999,0.000150000007125,-5.99999984843e-05
1592041903304194153,544,1592041903252834081,,0.0798999965191,0.0798600018024,0.00109999999404,9.99999974738e-06
1592041903355757187,545,1592041903304429054,,0.0798000022769,0.0797600001097,0.00165999995079,9.99999974738e-06
1592041903408281643,546,1592041903355954885,,0.0778999999166,0.0777700021863,0.00427999999374,0.000199999994948
1592041903461593464,547,1592041903409367084,,0.0727000012994,0.0716800019145,0.0118899997324,-1.99999994948e-05
1592041903514573028,548,1592041903462441921,,0.0671999976039,0.0644500032067,0.0189599990845,-9.99999974738e-05
1592041903568223257,549,1592041903514853954,,0.0646999999881,0.0590699985623,0.0263199992478,-7.00000018696e-05
1592041903619563505,550,1592041903567934036,,0.0636000037193,0.0546000003815,0.0325199998915,-5.99999984843e-05
1592041903672084932,551,1592041903619899988,,0.0644999966025,0.052080001682,0.0380499996245,-9.99999974738e-06
1592041903723828742,552,1592041903672410964,,0.0657000020146,0.0503300018609,0.0422299988568,9.99999974738e-06
1592041903826560923,553,1592041903724044084,,0.0675999969244,0.0498699992895,0.0456300005317,-3.99999989895e-05
1592041903878239773,554,1592041903826863050,,0.0694999992847,0.0468100011349,0.0514400005341,0.000169999999343
1592041903929891472,555,1592041903878627061,,0.070000000298,0.0417999997735,0.0562100000679,-4.99999987369e-05
1592041903982214674,556,1592041903930118083,,0.0697999969125,0.0362999998033,0.0596700012684,-0.000260000000708
1592041904034619350,557,1592041903982543945,,0.068599998951,0.0348200015724,0.0591499991715,-1.99999994948e-05
1592041904086294556,558,1592041904034955978,,0.068599998951,0.0343400016427,0.0593999996781,5.99999984843e-05
1592041904138145852,559,1592041904086666107,,0.0671999976039,0.0323599986732,0.0589199997485,5.99999984843e-05
1592041904190307416,560,1592041904138196945,,0.0667999982834,0.0290799997747,0.0601200014353,2.99999992421e-05
1592041904242974907,561,1592041904190601110,,0.0661000013351,0.0240800008178,0.0615999996662,-2.99999992421e-05
1592041904295644727,562,1592041904243355989,,0.0662000030279,0.0175000000745,0.0638599991798,0.000169999999343
1592041904347603582,563,1592041904295815944,,0.0646999999881,0.00761000020429,0.0642900019884,0.000239999993937
1592041904399817730,564,1592041904347958087,,0.0676999986172,-0.0106600001454,0.066890001297,-9.00000013644e-05
1592041904452500531,565,1592041904399945020,,0.0679000020027,-0.0195899996907,0.0649899989367,-2.99999992421e-05
1592041904556572351,566,1592041904453778028,,0.0643000006676,-0.0232200007886,0.059960000217,-9.99999974738e-05
1592041904610142000,567,1592041904557966947,,0.0491000004113,-0.0245500002056,0.0425200015306,0.000119999996969
1592041904663350208,568,1592041904611017942,,0.0392999984324,-0.0273000001907,0.0282499995083,1.99999994948e-05
1592041904717150069,569,1592041904663615942,,0.0335999988019,-0.0301099997014,0.014809999615,1.99999994948e-05
1592041904770678442,570,1592041904718416929,,0.0331999994814,-0.0331499986351,0.000300000014249,4.99999987369e-05
1592041904823143012,571,1592041904771012067,,0.0383000001311,-0.0359300002456,-0.0131700001657,9.99999974738e-06
1592041904875566641,572,1592041904823440074,,0.0467000007629,-0.0383599996567,-0.0265699997544,-0.000169999999343
1592041904927679837,573,1592041904876115083,,0.0531000010669,-0.0381999984384,-0.0369299985468,-0.000209999998333
1592041904987201393,574,1592041904927881956,,0.0584000013769,-0.0355399996042,-0.0463100001216,-9.99999974738e-05
1592041905039738390,575,1592041904987435102,,0.0648000016809,-0.0325299985707,-0.0560600012541,9.00000013644e-05
1592041905092170296,576,1592041905039818048,,0.0720999985933,-0.0322300009429,-0.0644700005651,0.000130000000354
1592041905144490231,577,1592041905092431068,,0.0802000015974,-0.0348300002515,-0.0722500011325,-4.99999987369e-05
1592041905197052658,578,1592041905144835948,,0.0803000032902,-0.0350200012326,-0.07227999717,9.99999974738e-06
1592041905249613228,579,1592041905197346925,,0.077699996531,-0.0337200015783,-0.0700500011444,-0.000140000003739
1592041905352625490,580,1592041905249967098,,0.0710999965668,-0.0311399996281,-0.0638900026679,2.99999992421e-05
1592041905407306520,581,1592041905353744983,,0.0582999996841,-0.0259099993855,-0.0521700009704,0.000150000007125
1592041905459778925,582,1592041905407669067,,0.0516999997199,-0.0258600004017,-0.0447699986398,9.99999974738e-05
1592041905514226527,583,1592041905460051059,,0.0449000000954,-0.0281199999154,-0.0350099988282,-0.000150000007125
1592041905565208580,584,1592041905513892889,,0.0377999991179,-0.030150000006,-0.0228700004518,-5.99999984843e-05
1592041905622371150,585,1592041905565607070,,0.0326999984682,-0.0311399996281,-0.0100800003856,0.0
1592041905676729064,586,1592041905624134063,,0.0331999994814,-0.0330800004303,0.00258000008762,0.000110000000859
1592041905728823425,587,1592041905677146911,,0.0383000001311,-0.0361200012267,0.0125900004059,0.000110000000859
1592041905781376112,588,1592041905729248046,,0.0447999984026,-0.0397199988365,0.020640000701,7.00000018696e-05
1592041905832846681,589,1592041905781538009,,0.0511999987066,-0.0448400005698,0.0247300006449,0.000199999994948
1592041905885233244,590,1592041905833132028,,0.0568000003695,-0.0509600006044,0.02517000027,5.99999984843e-05
1592041905937761490,591,1592041905885554075,,0.0680999979377,-0.0630400031805,0.0258600004017,-2.99999992421e-05
1592041905992724422,592,1592041905938142061,,0.0696000009775,-0.0661600008607,0.0215099994093,4.99999987369e-05
1592041906047789097,593,1592041905994941949,,0.0666999965906,-0.0657000020146,0.0112600000575,0.000310000003083
1592041906099692698,594,1592041906047492027,,0.0644000023603,-0.0644299983978,-0.00135000003502,0.000180000002729
1592041906201335694,595,1592041906099874019,,0.0659999996424,-0.0643600001931,-0.0144999995828,0.000119999996969
1592041906253451637,596,1592041906201637983,,0.069200001657,-0.061859998852,-0.0310999993235,7.9999997979e-05
1592041906305351088,597,1592041906253691911,,0.0728000029922,-0.0613199993968,-0.0392099991441,1.99999994948e-05
1592041906357980746,598,1592041906305738925,,0.0738999992609,-0.0608800016344,-0.0419600009918,3.99999989895e-05
1592041906410447967,599,1592041906358795881,,0.0731000006199,-0.0612200014293,-0.0398800000548,3.99999989895e-05
1592041906462648230,600,1592041906410839080,,0.0711999982595,-0.0609200000763,-0.0368900001049,7.00000018696e-05
1592041906514533422,601,1592041906462910890,,0.0688999965787,-0.060830000788,-0.0323400013149,9.99999974738e-05
1592041906566525257,602,1592041906514753103,,0.0666999965906,-0.0613900013268,-0.0259899999946,5.99999984843e-05
1592041906618921773,603,1592041906566788911,,0.0653000026941,-0.0628800019622,-0.017440000549,7.00000018696e-05
1592041906671927424,604,1592041906619218111,,0.0662999972701,-0.0658000037074,-0.00841999985278,0.000110000000859
1592041906728580434,605,1592041906673032045,,0.0674000009894,-0.0673800036311,0.000560000014957,5.99999984843e-05
1592041906781128248,606,1592041906728837966,,0.0754999965429,-0.0735300034285,0.0170900002122,2.99999992421e-05
1592041906883849602,607,1592041906781250953,,0.0785999968648,-0.0745100006461,0.0249000005424,7.00000018696e-05
1592041906936667296,608,1592041906884258031,,0.0790000036359,-0.072080001235,0.032389998436,-9.99999974738e-05
1592041906991532491,609,1592041906936743021,,0.0769999995828,-0.0674500018358,0.037080001086,0.000199999994948
1592041907044214664,610,1592041906992161989,,0.076099999249,-0.0646800026298,0.0399999991059,0.000280000007479
1592041907096912106,611,1592041907044797897,,0.0724999979138,-0.0629699975252,0.035980001092,2.99999992421e-05
1592041907149990876,612,1592041907097815036,,0.0646999999881,-0.058410000056,0.0277999993414,-0.000390000001062
1592041907202505049,613,1592041907150310039,,0.0526000000536,-0.0487900003791,0.0196700002998,-0.000239999993937
1592041907255278798,614,1592041907202703952,,0.0410000011325,-0.036669999361,0.0183799993247,9.99999974738e-06
1592041907306829097,615,1592041907254667043,,0.0340000018477,-0.027519999072,0.0199100002646,0.000199999994948
1592041907411362199,616,1592041907307216882,,0.0298999994993,-0.0190200004727,0.0231199990958,-4.99999987369e-05
1592041907464259198,617,1592041907412106037,,0.0342999994755,-0.0117199998349,0.0322000011802,-9.99999974738e-06
1592041907516711611,618,1592041907464524030,,0.0337999984622,-0.00240000011399,0.0337399989367,0.000199999994948
1592041907619460002,619,1592041907517232894,,0.0337000004947,-0.000560000014957,0.0336900018156,0.000130000000354
1592041907671960861,620,1592041907619821071,,0.0315000005066,-0.0047800000757,0.0311500001699,-0.000159999995958
1592041907724346319,621,1592041907672271966,,0.0284000001848,-0.00258999993093,0.0282700005919,-0.000469999999041
1592041907777033637,622,1592041907724775075,,0.0275999996811,0.00156000000425,0.0275699999183,-1.99999994948e-05
1592041907829761023,623,1592041907777507066,,0.0318999998271,0.00393000012264,0.031660001725,0.000199999994948
1592041907882734290,624,1592041907829941987,,0.0344000011683,0.00224999990314,0.0343099981546,7.9999997979e-05
1592041907935490944,625,1592041907883286952,,0.0377000011504,0.00116999994498,0.0377099998295,-0.000429999985499
1592041907988252162,626,1592041907936372995,,0.0364999994636,0.00425999984145,0.0362000018358,-0.000159999995958
1592041908040639104,627,1592041907988337039,,0.0306000001729,0.0113500002772,0.028370000422,-0.000180000002729
1592041908091611567,628,1592041908039885044,,0.0293000005186,0.0166599992663,0.0241199992597,1.99999994948e-05
1592041908194349041,629,1592041908092447042,,0.0315000005066,0.0217799991369,0.0227099992335,-0.000600000028498
1592041908246234397,630,1592041908194820880,,0.0469999983907,0.0414800010622,0.0221299994737,-0.000150000007125
1592041908297633557,631,1592041908246334075,,0.0573000013828,0.0502800010145,0.0275699999183,0.000190000006114
1592041908399461746,632,1592041908297981977,,0.0644999966025,0.05333000049,0.0362999998033,0.000119999996969
1592041908452801339,633,1592041908399722099,,0.0679000020027,0.0553399994969,0.0394200012088,-0.000199999994948
1592041908504897624,634,1592041908452538013,,0.0697000026703,0.0586000010371,0.037650000304,-0.000319999991916
1592041908557630693,635,1592041908505050897,,0.0706999972463,0.062870003283,0.0324300006032,7.9999997979e-05
1592041908610008277,636,1592041908557723045,,0.0724000036716,0.0660699978471,0.0297100003809,-3.99999989895e-05
1592041908662864681,637,1592041908611088037,,0.0719000026584,0.066409997642,0.0276500005275,-9.99999974738e-06
1592041908720613451,638,1592041908663250923,,0.0723000019789,0.0676800012589,0.0253100004047,-0.000110000000859
1592041908772090078,639,1592041908720824003,,0.0687000006437,0.0669199973345,0.0155800003558,0.000440000003437
1592041908823881879,640,1592041908772319078,,0.0599999986589,0.0596299991012,0.0070199999027,9.99999974738e-06
1592041908876274019,641,1592041908824644088,,0.0474000014365,0.0472699999809,0.00400000018999,9.99999974738e-05
1592041908927789321,642,1592041908876351118,,0.0351000018418,0.0350899994373,0.0,2.99999992421e-05
1592041908983701312,643,1592041908927990913,,0.0186000000685,0.0167500004172,-0.00812999997288,3.99999989895e-05
1592041909037430143,644,1592041908985141038,,0.0136000001803,0.000939999998081,-0.0135399997234,9.99999974738e-06
1592041909089117022,645,1592041909037786960,,0.023199999705,-0.0136799998581,-0.0187100004405,1.99999994948e-05
1592041909140788737,646,1592041909089365959,,0.0379000008106,-0.029149999842,-0.0242699999362,0.000140000003739
1592041909243417104,647,1592041909140944004,,0.0526000000536,-0.0434199981391,-0.0296000000089,1.99999994948e-05
1592041909295922662,648,1592041909243724107,,0.0661000013351,-0.0553800016642,-0.0360600017011,0.000169999999343
1592041909348414889,649,1592041909296169996,,0.0738999992609,-0.065980002284,-0.0333199985325,-0.000239999993937
1592041909401141459,650,1592041909348848104,,0.0750999972224,-0.0694200024009,-0.0285500008613,9.99999974738e-06
1592041909454074834,651,1592041909401297092,,0.0746000036597,-0.0687099993229,-0.0289799999446,0.000150000007125
1592041909505152186,652,1592041909453697919,,0.0724999979138,-0.0651199966669,-0.0319599993527,4.99999987369e-05
1592041909558307806,653,1592041909505343914,,0.069399997592,-0.0582900010049,-0.037650000304,0.000239999993937
1592041909610048416,654,1592041909557847023,,0.0667999982834,-0.051139999181,-0.0429200008512,0.000239999993937
1592041909663282171,655,1592041909610383033,,0.0649000033736,-0.0441799983382,-0.0475899986923,0.000150000007125
1592041909764788281,656,1592041909663050889,,0.0636000037193,-0.0369199998677,-0.051780000329,9.99999974738e-06
1592041909817526808,657,1592041909765060901,,0.056099999696,-0.0198599994183,-0.0525100007653,5.99999984843e-05
1592041909870425448,658,1592041909817687034,,0.0515000000596,-0.00586999999359,-0.051139999181,-7.00000018696e-05
1592041909922929581,659,1592041909870558023,,0.0522999987006,0.00740000000224,-0.0517599992454,7.9999997979e-05
1592041909976033916,660,1592041909923165082,,0.0577000007033,0.0202300008386,-0.0540399998426,-2.99999992421e-05
1592041910027871685,661,1592041909975591897,,0.0637999996543,0.032919999212,-0.0546300001442,-1.99999994948e-05
1592041910079897621,662,1592041910027970075,,0.0680000036955,0.0427500009537,-0.0528800003231,0.000150000007125
1592041910131699139,663,1592041910080054998,,0.069399997592,0.05034000054,-0.0477599985898,-0.000159999995958
1592041910184015837,664,1592041910131824016,,0.0709000006318,0.0567299984396,-0.042500000447,-9.99999974738e-05
1592041910286572641,665,1592041910184159040,,0.0737000033259,0.063639998436,-0.0371700003743,-5.99999984843e-05
1592041910339003481,666,1592041910286667108,,0.0681999996305,0.0631700009108,-0.0256699994206,-0.000230000005104
1592041910392159143,667,1592041910340028047,,0.0653999969363,0.0628800019622,-0.0181200001389,-0.000199999994948
1592041910443720179,668,1592041910392384052,,0.0644000023603,0.0629300028086,-0.0138400001451,-5.99999984843e-05
1592041910496494447,669,1592041910444154977,,0.0636000037193,0.0629699975252,-0.00920999981463,-7.9999997979e-05
1592041910550981516,670,1592041910496678113,,0.0636999979615,0.0635500028729,-0.00480000022799,-1.99999994948e-05
1592041910604213291,671,1592041910551835060,,0.0637999996543,0.0638300031424,-7.9999997979e-05,-5.99999984843e-05
1592041910656530754,672,1592041910604399919,,0.0645999982953,0.0644999966025,0.00429000006989,-7.00000018696e-05
1592041910709066710,673,1592041910656830072,,0.0649999976158,0.0644799992442,0.00844999961555,9.99999974738e-06
1592041910761546630,674,1592041910709244966,,0.0661000013351,0.0649899989367,0.0120999999344,-9.99999974738e-05
1592041910814267409,675,1592041910761820077,,0.0668999999762,0.065039999783,0.0156999994069,-3.99999989895e-05
1592041910866882408,676,1592041910814409971,,0.0746999979019,0.0727600008249,0.0168600007892,0.000239999993937
1592041910919109780,677,1592041910867001056,,0.0791999995708,0.0772200003266,0.0175400003791,0.000169999999343
1592041910970738542,678,1592041910919379949,,0.0802000015974,0.078180000186,0.0177599992603,-9.99999974738e-05
1592041911022299139,679,1592041910970884084,,0.0799999982119,0.0780500024557,0.0177299994975,-3.99999989895e-05
1592041911074154768,680,1592041911022447109,,0.0802000015974,0.0781700015068,0.0177699998021,-9.00000013644e-05
1592041911176429348,681,1592041911074388980,,0.0789000019431,0.0769400000572,0.0174100007862,0.000159999995958
1592041911228598366,682,1592041911176796913,,0.0675000026822,0.0658000037074,0.0149800004438,0.000110000000859
1592041911280920904,683,1592041911229032993,,0.0597000010312,0.0582100003958,0.0130500001833,4.99999987369e-05
1592041911332789245,684,1592041911281120061,,0.0520000010729,0.0507699996233,0.0112600000575,0.000130000000354
1592041911384646958,685,1592041911333112001,,0.0425999984145,0.0417199991643,0.0086799999699,0.000250000011874
1592041911436189093,686,1592041911384818077,,0.0308999996632,0.0305400006473,0.00471000000834,4.99999987369e-05
1592041911490292092,687,1592041911436342954,,0.0164999999106,0.0164999999106,-5.99999984843e-05,7.00000018696e-05
1592041911542339328,688,1592041911489809036,,0.00540000014007,0.00212999992073,-0.00496000004932,9.00000013644e-05
1592041911594966178,689,1592041911542565107,,0.0148000000045,-0.0113099999726,-0.00951000023633,0.000110000000859
1592041911647232404,690,1592041911595973968,,0.0289999991655,-0.0252800006419,-0.0143100004643,0.000190000006114
1592041911700053170,691,1592041911647413969,,0.0417999997735,-0.0378200002015,-0.0178399998695,-3.99999989895e-05
1592041911753160507,692,1592041911700619935,,0.056099999696,-0.0518499985337,-0.021439999342,-0.000140000003739
1592041911806661833,693,1592041911754036903,,0.0590999983251,-0.0556700006127,-0.019980000332,-7.00000018696e-05
1592041911858825335,694,1592041911806391000,,0.0615999996662,-0.0594299994409,-0.0163400005549,0.000239999993937
1592041911910450964,695,1592041911859081983,,0.0649000033736,-0.0638500005007,-0.0118699995801,-9.99999974738e-06
1592041911962070008,696,1592041911910619974,,0.0666999965906,-0.0659900009632,-0.0100499996915,3.99999989895e-05
1592041912013586178,697,1592041911962366104,,0.0659999996424,-0.0649700015783,-0.0113899996504,-0.0
1592041912066140704,698,1592041912013998985,,0.0610999986529,-0.0592399984598,-0.0150800002739,-0.000130000000354
1592041912118907283,699,1592041912066498041,,0.0529999993742,-0.0492799989879,-0.0196000002325,-0.000230000005104
1592041912172122425,700,1592041912119971036,,0.0412000007927,-0.0357099995017,-0.020640000701,-0.000169999999343
1592041912224517528,701,1592041912172338962,,0.0275999996811,-0.0208999998868,-0.0180300008506,-0.0
1592041912277162079,702,1592041912224766969,,0.0148999998346,-0.00728000001982,-0.0129599999636,0.000289999996312
1592041912328761951,703,1592041912277359962,,0.00680000009015,-4.99999987369e-05,-0.00681999977678,0.000310000003083
1592041912381283536,704,1592041912329018115,,0.00789999961853,0.00448000011966,-0.00653999997303,-0.000199999994948
1592041912434778060,705,1592041912382198095,,0.0138999996707,0.010769999586,-0.00882000010461,-0.000140000003739
1592041912490632497,706,1592041912434998989,,0.0161000005901,0.0158399995416,-0.00282999989577,0.000110000000859
1592041912592938472,707,1592041912490881919,,0.0208999998868,0.0187500007451,0.00929000042379,0.000169999999343
1592041912644739033,708,1592041912592603921,,0.0309999994934,0.0132400002331,0.028049999848,0.000180000002729
1592041912697543966,709,1592041912645102977,,0.0425999984145,0.00793000031263,0.0419000014663,0.000239999993937
1592041912750138616,710,1592041912697942018,,0.0524999983609,-0.000199999994948,0.0525100007653,0.000150000007125
1592041912803700155,711,1592041912750792980,,0.0603000000119,-0.00989000033587,0.0594899989665,2.99999992421e-05
1592041912856295725,712,1592041912803886890,,0.0653000026941,-0.0182900000364,0.0626399964094,-9.00000013644e-05
1592041912908986917,713,1592041912857304096,,0.0671000033617,-0.0235300008208,0.062839999795,-0.000110000000859
1592041912961190857,714,1592041912909379959,,0.0710999965668,-0.0264400001615,0.0660500004888,3.99999989895e-05
1592041913013193547,715,1592041912961471080,,0.077500000596,-0.02893999964,0.071850001812,2.99999992421e-05
1592041913117038348,716,1592041913014276981,,0.0797000005841,-0.0299299992621,0.0738599970937,-1.99999994948e-05
1592041913167345242,717,1592041913116069078,,0.0799999982119,-0.0300299990922,0.0741799995303,-2.99999992421e-05
1592041913219164331,718,1592041913167593955,,0.0771000012755,-0.0288399998099,0.0715299993753,-1.99999994948e-05
1592041913271721546,719,1592041913219347953,,0.0703999996185,-0.0263899993151,0.0652699992061,2.99999992421e-05
1592041913324249713,720,1592041913271858930,,0.0635000020266,-0.0238300003111,0.0588699989021,5.99999984843e-05
1592041913376265966,721,1592041913324655055,,0.0557000003755,-0.0204499997199,0.0518100000918,-0.000119999996969
1592041913428143077,722,1592041913376430988,,0.0474000014365,-0.0148799996823,0.0449599996209,-0.000220000001718
1592041913481018652,723,1592041913428950071,,0.0364999994636,-0.00632999977097,0.0359699986875,7.00000018696e-05
1592041913533861472,724,1592041913481264114,,0.0270000007004,0.00350000010803,0.0267399996519,0.000119999996969
1592041913587692327,725,1592041913534142971,,0.0233999993652,0.0115599995479,0.0203300006688,3.99999989895e-05
1592041913640473848,726,1592041913588154077,,0.0262000001967,0.0196299999952,0.0173099990934,-7.00000018696e-05
1592041913745949871,727,1592041913640712976,,0.0337999984622,0.0335800014436,0.00419999985024,0.000199999994948
1592041913799895758,728,1592041913747176885,,0.0438000001013,0.0426299981773,-0.0101100001484,5.99999984843e-05
1592041913851338902,729,1592041913799585103,,0.0489999987185,0.0471500009298,-0.0133499996737,-9.00000013644e-05
1592041913904242810,730,1592041913851604938,,0.0527999997139,0.0515000000596,-0.0117499995977,-0.000140000003739
1592041913957737754,731,1592041913904649972,,0.0584000013769,0.0572899989784,-0.0115799997002,9.99999974738e-05
1592041914010669344,732,1592041913958560943,,0.0623000003397,0.0605700016022,-0.0143699999899,0.000269999989541
1592041914063175763,733,1592041914011073112,,0.0612999983132,0.0586000010371,-0.0180900003761,7.00000018696e-05
1592041914115667744,734,1592041914063508033,,0.0575000010431,0.0529699996114,-0.0224799998105,-2.99999992421e-05
1592041914167723876,735,1592041914115838050,,0.055799998343,0.0477200001478,-0.0289900004864,9.00000013644e-05
1592041914219945112,736,1592041914167840957,,0.0529999993742,0.0396399982274,-0.0352099984884,0.000150000007125
1592041914271376384,737,1592041914219600915,,0.0454000011086,0.0284899994731,-0.0353300012648,-0.000119999996969
1592041914323439836,738,1592041914271465063,,0.030700000003,0.0122400000691,-0.0281199999154,-0.000110000000859
1592041914378075273,739,1592041914325448989,,0.0219999998808,0.000500000023749,-0.0220100004226,-0.000130000000354
1592041914430596080,740,1592041914378367900,,0.019999999553,-0.00918999966234,-0.0178100001067,0.000390000001062
1592041914482919119,741,1592041914430741071,,0.0266999993473,-0.0220199991018,-0.0150499995798,0.000159999995958
1592041914535366553,742,1592041914483164072,,0.0375000014901,-0.0359399989247,-0.0107599999756,-0.000130000000354
1592041914588074543,743,1592041914535666942,,0.0458999983966,-0.0459199994802,0.00089999998454,-7.00000018696e-05
1592041914639576693,744,1592041914588232994,,0.0542999990284,-0.0522999987006,0.0147700002417,-3.99999989895e-05
1592041914691962669,745,1592041914639892101,,0.0612999983132,-0.0547700002789,0.0275699999183,-0.000169999999343
1592041914794910613,746,1592041914692272901,,0.0606999993324,-0.0515200011432,0.0320199988782,-3.99999989895e-05
1592041914846847727,747,1592041914794610977,,0.0434999987483,-0.0346500016749,0.026270000264,7.9999997979e-05
1592041914899853340,748,1592041914847138881,,0.0309999994934,-0.0213500000536,0.0225099995732,0.000239999993937
1592041914956210259,749,1592041914900794029,,0.018200000748,-0.00846000015736,0.0160900000483,0.000319999991916
1592041915009793561,750,1592041914957926034,,0.00740000000224,0.00285000004806,0.0068100001663,-0.000150000007125
1592041915065973673,751,1592041915010068893,,0.0148999998346,0.0148600004613,0.000280000007479,-9.99999974738e-06
1592041915117646418,752,1592041915066008090,,0.0282000005245,0.0278500001878,-0.0044900001958,0.000140000003739
1592041915170073423,753,1592041915117826938,,0.0408999994397,0.0388499982655,-0.0126599995419,7.00000018696e-05
1592041915272861294,754,1592041915170586109,,0.0505999997258,0.0464299991727,-0.0201399996877,9.99999974738e-05
1592041915327029290,755,1592041915273138046,,0.0509999990463,0.0452999994159,-0.0234999991953,5.99999984843e-05
1592041915378999806,756,1592041915326684951,,0.0520999990404,0.0453700013459,-0.0255200006068,-1.99999994948e-05
1592041915431820254,757,1592041915379323005,,0.0513000003994,0.0419900007546,-0.0294400006533,0.000239999993937
1592041915484085055,758,1592041915431859016,,0.0438000001013,0.0317000001669,-0.0302399992943,9.99999974738e-06
1592041915540196148,759,1592041915484432935,,0.0329999998212,0.0185199994594,-0.0272899996489,9.99999974738e-06
1592041915592017144,760,1592041915539884090,,0.0239000003785,0.00396999996156,-0.0236099995673,0.0
1592041915644399255,761,1592041915592231035,,0.0220999997109,-0.00953000038862,-0.0199200008065,-1.99999994948e-05
1592041915696897556,762,1592041915644738912,,0.0283000003546,-0.0239899996668,-0.0150499995798,0.0
1592041915749766475,763,1592041915697154998,,0.0372000001371,-0.0361099988222,-0.00892999954522,-7.9999997979e-05
1592041915802572946,764,1592041915750121116,,0.0456999987364,-0.0456399992108,-0.00282000005245,-9.99999974738e-05
1592041915855514706,765,1592041915803261995,,0.056400001049,-0.0563200004399,0.00260000000708,0.000130000000354
1592041915907750500,766,1592041915855609893,,0.0623999983072,-0.0616899989545,0.00908000022173,0.000169999999343
1592041915960176144,767,1592041915907984972,,0.069399997592,-0.0662399977446,0.0206300001591,-0.000280000007479
1592041916012526864,768,1592041915960516929,,0.0741999968886,-0.0670000016689,0.0317699983716,-4.99999987369e-05
1592041916065249358,769,1592041916012842893,,0.0746000036597,-0.0639500021935,0.0384199991822,-7.9999997979e-05
1592041916117043136,770,1592041916065345048,,0.070799998939,-0.0577000007033,0.0410699993372,-9.99999974738e-06
1592041916169456768,771,1592041916117225885,,0.0652000010014,-0.0504299998283,0.0412800014019,7.00000018696e-05
1592041916272114696,772,1592041916169775009,,0.0582000017166,-0.0421900004148,0.0400599986315,7.00000018696e-05
1592041916325117974,773,1592041916272241115,,0.0465999990702,-0.0319899991155,0.033900000155,5.99999984843e-05
1592041916376860907,774,1592041916324687004,,0.0392000004649,-0.0256900005043,0.0296599995345,9.99999974738e-05
1592041916428926735,775,1592041916377130985,,0.0318000018597,-0.0204099994153,0.0243800003082,9.99999974738e-06
1592041916484682636,776,1592041916432399988,,0.0244999993593,-0.0156299993396,0.0189200006425,-9.99999974738e-06
1592041916536150374,777,1592041916484361886,,0.0174000002444,-0.0109999999404,0.0134399998933,2.99999992421e-05
1592041916588680874,778,1592041916536400079,,0.0100999996066,-0.00634999992326,0.00781999994069,9.99999974738e-06
1592041916640964748,779,1592041916588937044,,0.00329999998212,-0.00222999998368,0.00236000004224,9.00000013644e-05
1592041916695302743,780,1592041916641285896,,0.000300000014249,-0.000239999993937,9.99999974738e-05,7.00000018696e-05
1592041916747978831,781,1592041916695051908,,9.99999974738e-05,7.9999997979e-05,-9.99999974738e-06,-1.99999994948e-05
1592041916798913162,782,1592041916747651100,,9.99999974738e-05,7.00000018696e-05,-2.99999992421e-05,-9.99999974738e-06
1592041916850927300,783,1592041916799174070,,9.99999974738e-05,5.99999984843e-05,-1.99999994948e-05,0.0
1592041916953093954,784,1592041916851047992,,9.99999974738e-05,5.99999984843e-05,-3.99999989895e-05,-0.0
1592041917005713847,785,1592041916953351974,,9.99999974738e-05,5.99999984843e-05,-0.0,-9.99999974738e-06
1592041917057727006,786,1592041917005949974,,9.99999974738e-05,5.99999984843e-05,-1.99999994948e-05,-9.99999974738e-06
1592041917110141867,787,1592041917058499097,,9.99999974738e-05,7.9999997979e-05,-9.99999974738e-06,-2.99999992421e-05
1592041917162928423,788,1592041917110300064,,9.99999974738e-05,5.99999984843e-05,-2.99999992421e-05,-1.99999994948e-05
1592041917213982473,789,1592041917162612915,,9.99999974738e-05,4.99999987369e-05,-1.99999994948e-05,-9.99999974738e-06
1592041917267293921,790,1592041917214271068,,0.0,3.99999989895e-05,0.0,-0.0
1592041917319362506,791,1592041917266916036,,0.0,1.99999994948e-05,-1.99999994948e-05,0.0
1592041917370761662,792,1592041917319396018,,0.0,2.99999992421e-05,-0.0,-0.0
1592041917423007762,793,1592041917370986938,,0.0,2.99999992421e-05,-0.0,-9.99999974738e-06
1592041917476132786,794,1592041917423778057,,9.99999974738e-05,5.99999984843e-05,-0.0,-2.99999992421e-05
1592041917529286167,795,1592041917477240085,,0.0,2.99999992421e-05,-2.99999992421e-05,-9.99999974738e-06
1592041917582279818,796,1592041917529611110,,0.0,3.99999989895e-05,-0.0,-1.99999994948e-05
1592041917636359087,797,1592041917582479953,,0.0,1.99999994948e-05,-1.99999994948e-05,-0.0
1592041917688871635,798,1592041917636620998,,0.0,9.99999974738e-06,-1.99999994948e-05,9.99999974738e-06
1592041917741424763,799,1592041917689069986,,0.0,0.0,9.99999974738e-06,9.99999974738e-06
1592041917794092389,800,1592041917741591930,,0.0,-9.99999974738e-06,-9.99999974738e-06,0.0
1592041917849991086,801,1592041917794336080,,0.0,0.0,9.99999974738e-06,-0.0
1592041917903688946,802,1592041917851475954,,0.0,1.99999994948e-05,0.0,-9.99999974738e-06
1592041917956626689,803,1592041917904006958,,0.0,9.99999974738e-06,-0.0,-0.0
1592041918010419744,804,1592041917956399917,,0.0,-1.99999994948e-05,9.99999974738e-06,1.99999994948e-05
1592041918061399488,805,1592041918009850978,,0.0,9.99999974738e-06,-0.0,-9.99999974738e-06
1592041918114290602,806,1592041918061953067,,0.0,-9.99999974738e-06,-9.99999974738e-06,9.99999974738e-06
1592041918167950868,807,1592041918114540100,,0.0,9.99999974738e-06,0.0,-9.99999974738e-06
1592041918220260070,808,1592041918167543888,,0.0,9.99999974738e-06,2.99999992421e-05,-9.99999974738e-06
1592041918272211265,809,1592041918220068931,,0.0,2.99999992421e-05,0.0,-1.99999994948e-05
1592041918324656517,810,1592041918272413015,,0.0,1.99999994948e-05,0.0,-9.99999974738e-06
1592041918377658244,811,1592041918324846982,,0.0,-9.99999974738e-06,-9.99999974738e-06,9.99999974738e-06
1592041918478579233,812,1592041918377198934,,0.0,-1.99999994948e-05,0.0,9.99999974738e-06
1592041918533186088,813,1592041918478857040,,0.0,-1.99999994948e-05,0.0,9.99999974738e-06
1592041918585730225,814,1592041918533843994,,0.0,9.99999974738e-06,-1.99999994948e-05,-9.99999974738e-06
1592041918637736075,815,1592041918586019992,,0.0,9.99999974738e-06,9.99999974738e-06,-9.99999974738e-06
1592041918693226367,816,1592041918640952110,,0.0,0.0,1.99999994948e-05,-9.99999974738e-06
1592041918746275036,817,1592041918694075107,,0.0,-9.99999974738e-06,-0.0,0.0
1592041918849332237,818,1592041918746684074,,0.0,0.0,0.0,-0.0
1592041918901096627,819,1592041918849071979,,0.0,-2.99999992421e-05,-9.99999974738e-06,1.99999994948e-05
1592041918954135191,820,1592041918901773929,,0.0,-9.99999974738e-06,9.99999974738e-06,9.99999974738e-06
1592041919006428366,821,1592041918954395055,,0.0,1.99999994948e-05,1.99999994948e-05,-1.99999994948e-05
1592041919060638408,822,1592041919007213115,,0.0,1.99999994948e-05,-9.99999974738e-06,-9.99999974738e-06
1592041919164033242,823,1592041919062591075,,0.0,9.99999974738e-06,9.99999974738e-06,-9.99999974738e-06
1592041919216615005,824,1592041919164283990,,0.0,9.99999974738e-06,-0.0,-9.99999974738e-06
1592041919269992622,825,1592041919217236042,,0.0,-9.99999974738e-06,-1.99999994948e-05,9.99999974738e-06
1592041919322852865,826,1592041919270564079,,0.0,-1.99999994948e-05,-0.0,9.99999974738e-06
1592041919375321861,827,1592041919323157072,,0.0,-9.99999974738e-06,9.99999974738e-06,9.99999974738e-06
1592041919427897547,828,1592041919375650882,,0.0,-9.99999974738e-06,-9.99999974738e-06,9.99999974738e-06
1592041919479538828,829,1592041919428261041,,0.0,0.0,9.99999974738e-06,0.0
