%time,field.header.seq,field.header.stamp,field.header.frame_id,field.acceleration
1592020138968565308,1040,1592020138916891098,,0.0
1592020139019981699,1041,1592020138968307018,,0.0
1592020139072157725,1042,1592020139019556999,,0.0
1592020139123961249,1043,1592020139071711063,,0.0
1592020139175805915,1044,1592020139123589992,,0.0
1592020139227917701,1045,1592020139175539016,,0.0
1592020139280046687,1046,1592020139228075981,,0.0
1592020139332322356,1047,1592020139280095100,,0.0
1592020139384297912,1048,1592020139332039117,,0.0
1592020139435297284,1049,1592020139383956909,,0.0
1592020139487475578,1050,1592020139435259103,,0.0
1592020139539584545,1051,1592020139487183094,,0.0
1592020139591808457,1052,1592020139539545059,,0.0
1592020139643033467,1053,1592020139591535091,,0.0
1592020139695206245,1054,1592020139643225908,,0.0
1592020139748143233,1055,1592020139694900035,,0.0
1592020139799172198,1056,1592020139747659921,,0.0
1592020139851252817,1057,1592020139798903942,,0.0
1592020139902982793,1058,1592020139851002931,,0.0
1592020139955345016,1059,1592020139903055906,,0.0
1592020140007175400,1060,1592020139955060005,,0.0
1592020140059468353,1061,1592020140007406949,,0.0
1592020140161825304,1062,1592020140059294939,,0.0
1592020140213037111,1063,1592020140160989046,,0.0
1592020140265362426,1064,1592020140213085889,,0.0
1592020140317085324,1065,1592020140265094041,,0.0
1592020140371127640,1066,1592020140317143917,,0.0
1592020140423931106,1067,1592020140371295928,,0.0
1592020140475727963,1068,1592020140423506021,,0.0
1592020140527720882,1069,1592020140475466966,,0.0
1592020140629882014,1070,1592020140527473926,,0.0
1592020140681886703,1071,1592020140629930973,,0.0
1592020140734581643,1072,1592020140681934118,,0.0
1592020140786621063,1073,1592020140734689950,,0.0
1592020140843607749,1074,1592020140786703109,,0.0
1592020140895644321,1075,1592020140843614101,,0.0
1592020140948319456,1076,1592020140895735025,,0.0
1592020141000318636,1077,1592020140947731018,,0.0
1592020141051953570,1078,1592020141000046014,,0.0
1592020141103961754,1079,1592020141051994085,,0.0
1592020141156358027,1080,1592020141104012966,,0.0
1592020141208467380,1081,1592020141156064033,,0.0
1592020141260360373,1082,1592020141208225965,,0.0
1592020141312389319,1083,1592020141260143995,,0.0
1592020141363907775,1084,1592020141312024116,,0.0
1592020141415838453,1085,1592020141363957881,,0.0
1592020141467403260,1086,1592020141415574073,,0.0
1592020141519431185,1087,1592020141467220067,,0.0
1592020141571063454,1088,1592020141519121885,,0.0
1592020141623092660,1089,1592020141571095943,,0.0
1592020141675887036,1090,1592020141623063087,,0.0
1592020141777478888,1091,1592020141676052093,,0.0
1592020141828708453,1092,1592020141777297019,,0.0
1592020141880185491,1093,1592020141828495025,,0.0
1592020141932310626,1094,1592020141879992008,,0.0
1592020141983992582,1095,1592020141931999921,,0.0
1592020142035464106,1096,1592020141984018087,,0.0
1592020142086933366,1097,1592020142035265922,,0.0
1592020142139350804,1098,1592020142086924076,,0.0
1592020142191429455,1099,1592020142139513969,,0.0
1592020142243693534,1100,1592020142191481113,,0.0
1592020142344864108,1101,1592020142243479967,,0.0
1592020142395946622,1102,1592020142344695091,,0.0
1592020142447684640,1103,1592020142395952939,,0.0
1592020142499716569,1104,1592020142447500944,,0.0
1592020142551623614,1105,1592020142499433040,,0.0
1592020142603815650,1106,1592020142551351070,,0.0
1592020142655345641,1107,1592020142603383064,,0.0
1592020142706789665,1108,1592020142655416011,,0.0
1592020142809332217,1109,1592020142706800937,,0.0
1592020142860490961,1110,1592020142809215068,,0.0
1592020142912533077,1111,1592020142860498905,,0.0
1592020142965196053,1112,1592020142912579059,,0.0
1592020143016996735,1113,1592020142964899063,,0.0
1592020143069159437,1114,1592020143016840934,,0.0
1592020143120707321,1115,1592020143068850994,,0.0
1592020143173131846,1116,1592020143120795965,,0.0
1592020143226341144,1117,1592020143172794103,,0.0
1592020143278378994,1118,1592020143226491928,,0.0
1592020143330377696,1119,1592020143278429031,,0.0
1592020143382149779,1120,1592020143330435037,,0.0
1592020143434475544,1121,1592020143381938934,,0.0
1592020143486042859,1122,1592020143434150934,,0.0
1592020143538517965,1123,1592020143486108064,,0.0
1592020143589515904,1124,1592020143538213014,,0.0
1592020143691514603,1125,1592020143589591026,,0.0
1592020143743408573,1126,1592020143691586017,,0.0
1592020144145063934,1127,1592020143743228912,,0.0
1592020144196924896,1128,1592020144144834041,,0.0
1592020144248109006,1129,1592020144196693897,,0.000760000024457
1592020144299353155,1130,1592020144247869014,,0.00413999985904
1592020144350695784,1131,1592020144299107074,,0.00882999971509
1592020144402603292,1132,1592020144350637912,,0.0133100003004
1592020144454122074,1133,1592020144402647018,,0.0147299999371
1592020144505399547,1134,1592020144453912019,,0.0135399997234
1592020144557446659,1135,1592020144505150079,,0.00917000044137
1592020144609936515,1136,1592020144557126045,,0.00497000012547
1592020144661570133,1137,1592020144609687089,,0.00115000002552
1592020144714827374,1138,1592020144661756992,,0.00135000003502
1592020144772683612,1139,1592020144714555978,,0.00946000032127
1592020144827270470,1140,1592020144770747900,,0.029260000214
1592020144879581303,1141,1592020144827001094,,0.0486800000072
1592020144931125816,1142,1592020144879436016,,0.0675100013614
1592020144982841300,1143,1592020144931157112,,0.0807899981737
1592020145085400148,1144,1592020144982654094,,0.0909700021148
1592020145136843635,1145,1592020145084920883,,0.0900399982929
1592020145188478335,1146,1592020145136877059,,0.0943500027061
1592020145240806449,1147,1592020145188184022,,0.100780002773
1592020145294214407,1148,1592020145240907907,,0.107919998467
1592020145346312091,1149,1592020145294365882,,0.102959997952
1592020145398487154,1150,1592020145346359968,,0.078869998455
1592020145450840836,1151,1592020145398565053,,0.0540600009263
1592020145502773527,1152,1592020145450579881,,0.0327400006354
1592020145607441521,1153,1592020145502821922,,0.025189999491
1592020145659577824,1154,1592020145607480049,,0.0249700006098
1592020145710775595,1155,1592020145659367084,,0.0342900007963
1592020145761976772,1156,1592020145710771083,,0.0365899987519
1592020145813447001,1157,1592020145761989116,,0.0362499989569
1592020145915202941,1158,1592020145813241958,,0.0288299992681
1592020145967174410,1159,1592020145915251970,,0.0231899991632
1592020146019567676,1160,1592020145967221975,,0.024639999494
1592020146071288063,1161,1592020146019263982,,0.0241700001061
1592020146174108015,1162,1592020146071346044,,0.0209400001913
1592020146226005579,1163,1592020146174093961,,0.0134100001305
1592020146277418190,1164,1592020146226030111,,0.00582000007853
1592020146378780765,1165,1592020146277256011,,-0.0014600000577
1592020146431081442,1166,1592020146378554105,,-0.000600000028498
1592020146482405950,1167,1592020146431190013,,-0.00104999996256
1592020146534146993,1168,1592020146482534885,,-0.000150000007125
1592020146636207931,1169,1592020146533842086,,-0.00065000000177
1592020146688204020,1170,1592020146635943889,,-0.00044999999227
1592020146739843849,1171,1592020146687947988,,-0.000150000007125
1592020146791974850,1172,1592020146739902973,,-0.000150000007125
1592020146843973921,1173,1592020146792025089,,-0.00178000004962
1592020146946798236,1174,1592020146844029903,,-0.00437000021338
1592020146999066164,1175,1592020146946522951,,-0.0085199996829
1592020147050432315,1176,1592020146998790025,,-0.0122499996796
1592020147101837704,1177,1592020147050549030,,-0.0142099997029
1592020147153691990,1178,1592020147101926088,,-0.01823999919
1592020147205898498,1179,1592020147153826951,,-0.0211299993098
1592020147257981914,1180,1592020147205986022,,-0.0238600000739
1592020147310062622,1181,1592020147258100986,,-0.0224500000477
1592020147362591169,1182,1592020147310096025,,-0.0191200003028
1592020147414083433,1183,1592020147362184047,,-0.0136799998581
1592020147466082895,1184,1592020147414153099,,-0.00982000026852
1592020147519818429,1185,1592020147466159105,,0.00115000002552
1592020147572331047,1186,1592020147519932985,,0.0082499999553
1592020147624162855,1187,1592020147572093963,,0.0145699996501
1592020147675573304,1188,1592020147623971939,,0.0214499998838
1592020147727559849,1189,1592020147675318002,,0.0253100004047
1592020147828723460,1190,1592020147727253913,,0.0268600005656
1592020147881077660,1191,1592020147828742027,,0.0219100005925
1592020147932091441,1192,1592020147880796909,,0.0197999998927
1592020147984177305,1193,1592020147932106018,,0.0154400002211
1592020148035628195,1194,1592020147984220027,,0.0147399995476
1592020148086805063,1195,1592020148035572052,,0.00877999980003
1592020148189036987,1196,1592020148086859941,,0.00616999994963
1592020148240649285,1197,1592020148188585042,,0.0024300001096
1592020148292651716,1198,1592020148240709066,,-0.000159999995958
1592020148344704768,1199,1592020148292396068,,0.00065000000177
1592020148396407265,1200,1592020148344418048,,-0.000809999997728
1592020148448809049,1201,1592020148396514892,,0.00141000002623
1592020148500402655,1202,1592020148448534965,,-0.000699999975041
1592020148552635933,1203,1592020148500444889,,0.000880000006873
1592020148604752594,1204,1592020148552402973,,-0.00034999998752
1592020148655630216,1205,1592020148604441881,,0.00141000002623
1592020148707173259,1206,1592020148655709028,,-0.000180000002729
1592020148758951551,1207,1592020148706958055,,0.000190000006114
1592020148811049986,1208,1592020148759006977,,0.00115999998525
1592020148863358369,1209,1592020148811093091,,-0.000769999984186
1592020148964978223,1210,1592020148863087892,,-0.00771000003442
1592020149016700771,1211,1592020148965003967,,-0.0235699992627
1592020149068966309,1212,1592020149016463994,,-0.0251800008118
1592020149120722224,1213,1592020149068712949,,-0.0267500001937
1592020149172633617,1214,1592020149120765924,,-0.0235799998045
1592020149223770722,1215,1592020149172414064,,-0.0227099992335
1592020149275689400,1216,1592020149223603010,,-0.0186700001359
1592020149327583999,1217,1592020149275708913,,-0.0161799993366
1592020149379500772,1218,1592020149327359914,,-0.0167100001127
1592020149431513668,1219,1592020149379513978,,-0.0154799995944
1592020149482772098,1220,1592020149431557893,,-0.00949999969453
1592020149534136593,1221,1592020149482796907,,0.00328000006266
1592020149585933315,1222,1592020149533986091,,0.00443999981508
1592020149637247419,1223,1592020149585997104,,0.00270999991335
1592020149690605571,1224,1592020149637307882,,-0.000190000006114
1592020149741607812,1225,1592020149690340995,,-0.000190000006114
1592020149792949623,1226,1592020149741604089,,-0.00425000023097
1592020149844548722,1227,1592020149793011903,,-0.00754000013694
1592020149895936298,1228,1592020149844271898,,-0.00463999994099
1592020149947131302,1229,1592020149895734071,,-0.00658999988809
1592020149999668869,1230,1592020149947218894,,-0.0166800003499
1592020150051530567,1231,1592020149999433040,,-0.0288399998099
1592020150102873338,1232,1592020150051335096,,-0.0475500002503
1592020150155033459,1233,1592020150102951049,,-0.0580300018191
1592020150207404170,1234,1592020150155093908,,-0.0598700009286
1592020150259651768,1235,1592020150207436084,,-0.051249999553
1592020150362492418,1236,1592020150259421110,,-0.0380400009453
1592020150415528955,1237,1592020150362123966,,-0.0216099992394
1592020150466473018,1238,1592020150415290117,,-0.0133100003004
1592020150568103295,1239,1592020150466469049,,0.000880000006873
1592020150619711471,1240,1592020150567819118,,0.0207899995148
1592020150671131392,1241,1592020150619823932,,0.0414300002158
1592020150722895113,1242,1592020150670948982,,0.0566500015557
1592020150824908191,1243,1592020150722939968,,0.0587100014091
1592020150877387145,1244,1592020150824966907,,0.038219999522
1592020150929243385,1245,1592020150877065896,,0.021649999544
1592020150980270925,1246,1592020150929002046,,0.00313999992795
1592020151031411082,1247,1592020150980247974,,-0.0224900003523
1592020151133632567,1248,1592020151031446933,,-0.0433299988508
1592020151185907996,1249,1592020151133683919,,-0.0563500002027
1592020151238118969,1250,1592020151185678958,,-0.0652299970388
1592020151290284552,1251,1592020151237884044,,-0.0626199990511
1592020151342548727,1252,1592020151290321111,,-0.0508599989116
1592020151395808195,1253,1592020151342283010,,-0.0335800014436
1592020151447755189,1254,1592020151395522117,,0.00491000013426
1592020151498743566,1255,1592020151447498083,,0.0219100005925
1592020151550038412,1256,1592020151498769044,,0.0314199998975
1592020151602417214,1257,1592020151550108909,,0.041060000658
1592020151654118809,1258,1592020151602113962,,0.0516900010407
1592020151706280143,1259,1592020151654201030,,0.0737700015306
1592020151758015557,1260,1592020151706032991,,0.0730300024152
1592020151809554887,1261,1592020151758040904,,0.0647900030017
1592020151861679309,1262,1592020151809290885,,0.0556900016963
1592020151913530929,1263,1592020151861373901,,0.0429599992931
1592020152015459228,1264,1592020151913495063,,0.0156399998814
1592020152067511729,1265,1592020152015503883,,-0.000880000006873
1592020152120243720,1266,1592020152067491054,,-0.00264000007883
1592020152172696663,1267,1592020152120397090,,0.00386000005528
1592020152224773000,1268,1592020152172811031,,0.00789000000805
1592020152277058245,1269,1592020152224848985,,0.00402999995276
1592020152379822465,1270,1592020152276798963,,0.00491000013426
1592020152431783342,1271,1592020152379594087,,0.00563000002876
1592020152484068677,1272,1592020152431554079,,0.00320999999531
1592020152536449916,1273,1592020152483614921,,0.00209000008181
1592020152588785947,1274,1592020152536051034,,0.00240999995731
1592020152691853764,1275,1592020152588957071,,0.00295999995433
1592020152743861167,1276,1592020152692013025,,-0.0251400005072
1592020152796409142,1277,1592020152743967056,,-0.0415400005877
1592020152848396284,1278,1592020152796466112,,-0.054359998554
1592020152900326087,1279,1592020152848464012,,-0.0620599985123
1592020152952606461,1280,1592020152900435924,,-0.068630002439
1592020153003929901,1281,1592020152952466964,,-0.0803000032902
1592020153055783850,1282,1592020153003761053,,-0.078639999032
1592020153107775775,1283,1592020153055818080,,-0.0749699994922
1592020153210463275,1284,1592020153107780933,,-0.0685599967837
1592020153262443985,1285,1592020153210474014,,-0.0690200030804
1592020153314785334,1286,1592020153262485980,,-0.0271700005978
1592020153367749532,1287,1592020153315331935,,-0.00927999988198
1592020153419987749,1288,1592020153367331981,,0.00596000021324
1592020153475492217,1289,1592020153420139074,,0.00769999995828
1592020153525425148,1290,1592020153472687005,,0.00297000003047
1592020153576975411,1291,1592020153525583028,,0.00139999995008
1592020153628348889,1292,1592020153576802968,,0.0
1592020153729156376,1293,1592020153628051996,,0.00663999980316
1592020153781142419,1294,1592020153729242086,,0.0183400008827
1592020153833799470,1295,1592020153781320095,,0.0648199990392
1592020153885199026,1296,1592020153833381891,,0.0576299987733
1592020153936505037,1297,1592020153885226011,,0.0603599995375
1592020153988832238,1298,1592020153936541080,,0.0583299994469
1592020154040968273,1299,1592020153988521099,,0.0633400008082
1592020154092703103,1300,1592020154040714979,,0.069540001452
1592020154144251621,1301,1592020154092801094,,0.0715800002217
1592020154195734797,1302,1592020154144290924,,0.0738300010562
1592020154297581017,1303,1592020154195761919,,0.0627100020647
1592020154348785614,1304,1592020154297292947,,0.0131999999285
1592020154405012526,1305,1592020154348618984,,-0.0403699986637
1592020154457752806,1306,1592020154405044078,,-0.0720700025558
1592020154509924225,1307,1592020154457638978,,-0.0959099978209
1592020154561555163,1308,1592020154509644031,,-0.0996299982071
1592020154613449570,1309,1592020154561620950,,-0.0844499990344
1592020154665316899,1310,1592020154613276958,,-0.0619999989867
1592020154719645850,1311,1592020154665427923,,-0.0392899997532
1592020154771121163,1312,1592020154719340085,,-0.0175599996001
1592020154822825466,1313,1592020154770914077,,0.00138999999035
1592020154874261682,1314,1592020154822630882,,0.0462599992752
1592020154926110770,1315,1592020154874224901,,0.0692500025034
1592020154978100474,1316,1592020154925844907,,0.0923599973321
1592020155030032494,1317,1592020154977806091,,0.108810000122
1592020155082032094,1318,1592020155029786109,,0.104010000825
1592020155133111834,1319,1592020155081768989,,0.0801699981093
1592020155185190660,1320,1592020155133193969,,0.0519299991429
1592020155287418857,1321,1592020155185226917,,0.023089999333
1592020155339605353,1322,1592020155287456989,,-0.019889999181
1592020155391045597,1323,1592020155339320898,,-0.0355399996042
1592020155442380439,1324,1592020155390799045,,-0.0353799983859
1592020155494429977,1325,1592020155442439079,,-0.0244600009173
1592020155546477551,1326,1592020155494540929,,-0.0123100001365
1592020155599162420,1327,1592020155546581983,,-0.00334000005387
1592020155650767023,1328,1592020155598916053,,0.00561999995261
1592020155702801227,1329,1592020155650535106,,0.012480000034
1592020155805454305,1330,1592020155702564954,,0.0151000004262
1592020155857061743,1331,1592020155804963111,,0.00531999999657
1592020155909490686,1332,1592020155857233047,,0.0184300001711
1592020155961553571,1333,1592020155909226894,,0.0177200008184
1592020156013199225,1334,1592020155961252927,,0.010169999674
1592020156065273329,1335,1592020156013248920,,0.000180000002729
1592020156117538348,1336,1592020156065344095,,-0.00700999982655
1592020156169345883,1337,1592020156117310047,,-0.00963999982923
1592020156220621291,1338,1592020156169382095,,-0.0105200000107
1592020156272942289,1339,1592020156220626115,,-0.0133300004527
1592020156375378384,1340,1592020156272655010,,-0.00930000003427
1592020156426821149,1341,1592020156375437974,,0.0213900003582
1592020156478712941,1342,1592020156426656007,,0.0289799999446
1592020156531105722,1343,1592020156478746891,,0.0308999996632
1592020156633127511,1344,1592020156531079053,,0.0294799990952
1592020156685299324,1345,1592020156632956027,,0.0158099997789
1592020156737304383,1346,1592020156685007095,,0.0035500000231
1592020156839252807,1347,1592020156737039089,,-0.00791000016034
1592020156891769491,1348,1592020156838992118,,-0.0362900011241
1592020156944614844,1349,1592020156891923904,,-0.0549699999392
1592020156997006035,1350,1592020156944768905,,-0.0770699977875
1592020157049064110,1351,1592020156997077941,,-0.114210002124
1592020157101323832,1352,1592020157049108028,,-0.0996100008488
1592020157153031119,1353,1592020157101052999,,-0.0800200030208
1592020157204997556,1354,1592020157153089046,,-0.0601300001144
1592020157257327918,1355,1592020157205071926,,-0.0300600007176
1592020157309036663,1356,1592020157257047891,,-0.0131099997088
1592020157360951726,1357,1592020157309070110,,0.00699000013992
1592020157414716130,1358,1592020157361013889,,0.0496100001037
1592020157466071248,1359,1592020157414757013,,0.0690499991179
1592020157518846154,1360,1592020157465907096,,0.0809800028801
1592020157570799917,1361,1592020157518609046,,0.0799600034952
1592020157621834973,1362,1592020157570611000,,0.0333699993789
1592020157676771005,1363,1592020157621838092,,-0.0167100001127
1592020157729199324,1364,1592020157676837921,,-0.0641499981284
1592020157780654615,1365,1592020157728945970,,-0.100790001452
1592020157831907987,1366,1592020157780606031,,-0.0977900028229
1592020157884243622,1367,1592020157831664085,,-0.0998900011182
1592020157935685020,1368,1592020157884383916,,-0.0985900014639
1592020157986986522,1369,1592020157935760974,,-0.0783099979162
1592020158038496812,1370,1592020157986991882,,-0.0447099991143
1592020158090590932,1371,1592020158038316965,,-0.00423000007868
1592020158141869039,1372,1592020158090343952,,0.0398299992085
1592020158192756361,1373,1592020158141633987,,0.0788799971342
1592020158245392095,1374,1592020158192903041,,0.110840000212
1592020158296832287,1375,1592020158244985103,,0.127700001001
1592020158349617672,1376,1592020158296905994,,0.132870003581
1592020158452381002,1377,1592020158349770069,,0.132789999247
1592020158505243180,1378,1592020158452548980,,0.114579997957
1592020158559553750,1379,1592020158505419015,,0.0988299995661
1592020158611574191,1380,1592020158559703111,,0.07473000139
1592020158662785113,1381,1592020158611584901,,0.0437799990177
1592020158714282952,1382,1592020158662806987,,0.0155499996617
1592020158765296584,1383,1592020158714034080,,-0.00891000032425
1592020158817538315,1384,1592020158765312910,,-0.0281300004572
1592020158869252191,1385,1592020158817323923,,-0.0508400015533
1592020158921504606,1386,1592020158869365930,,-0.080349996686
1592020158974119063,1387,1592020158921322107,,-0.096400000155
1592020159026226576,1388,1592020158973958015,,-0.10299000144
1592020159078509139,1389,1592020159025958061,,-0.090870000422
1592020159130166256,1390,1592020159077977895,,-0.0711999982595
1592020159182206933,1391,1592020159129976034,,-0.0468799993396
1592020159233944318,1392,1592020159181910037,,-0.0229199994355
1592020159286373094,1393,1592020159234008073,,-0.00307999993674
1592020159338428876,1394,1592020159286392927,,0.0168900005519
1592020159389751034,1395,1592020159338372945,,0.0372299998999
1592020159442075162,1396,1592020159389542102,,0.0551699995995
1592020159494288979,1397,1592020159441540002,,0.0609400011599
1592020159595421586,1398,1592020159494309902,,0.0593799985945
1592020159647454234,1399,1592020159595552921,,0.0247499998659
1592020159699501743,1400,1592020159647144079,,-0.00860999990255
1592020159750529716,1401,1592020159699321985,,-0.0396899990737
1592020159801908326,1402,1592020159750546932,,-0.06928999722
1592020159853842022,1403,1592020159801752090,,-0.0760900005698
1592020159905735486,1404,1592020159852973937,,-0.0626600012183
1592020159957700783,1405,1592020159905843973,,-0.0459900014102
1592020160009147044,1406,1592020159957457065,,-0.0286999996752
1592020160060790764,1407,1592020160008920907,,-0.0118100000545
1592020160112814164,1408,1592020160060506105,,-0.0040600001812
1592020160164713076,1409,1592020160112565994,,0.0175999999046
1592020160216669712,1410,1592020160164592027,,0.0193300005049
1592020160268954922,1411,1592020160216475009,,0.0137299997732
1592020160321188778,1412,1592020160268341064,,0.00694999983534
1592020160372459246,1413,1592020160320472955,,-0.0146500002593
1592020160423875026,1414,1592020160372482061,,-0.0155899999663
1592020160475966730,1415,1592020160423682928,,-0.00714999996126
1592020160527615539,1416,1592020160475661039,,0.00347000011243
1592020160579341747,1417,1592020160527672052,,0.0134899998084
1592020160631521292,1418,1592020160579142093,,0.01408000011
1592020160733097274,1419,1592020160631320953,,0.0117600001395
1592020160784342707,1420,1592020160732853889,,0.0105600003153
1592020160835989248,1421,1592020160784138917,,0.0243100002408
1592020160887693792,1422,1592020160835730075,,0.0424799993634
1592020160940276139,1423,1592020160887727975,,0.048829998821
1592020161042484413,1424,1592020160940428018,,0.0144400000572
1592020161094465154,1425,1592020161042521953,,-0.0124399997294
1592020161146688707,1426,1592020161094549894,,-0.0253699999303
1592020161198124668,1427,1592020161146701097,,-0.031819999218
1592020161249907872,1428,1592020161197911024,,-0.0295700002462
1592020161301923076,1429,1592020161249957084,,-0.0210100002587
1592020161354277593,1430,1592020161301981925,,0.00965999998152
1592020161406022048,1431,1592020161354034900,,0.0317599996924
1592020161458686510,1432,1592020161406116962,,0.0520699992776
1592020161560082757,1433,1592020161458839893,,0.0717900022864
1592020161612212489,1434,1592020161560106039,,0.0666500031948
1592020161663942864,1435,1592020161611929893,,0.0655099973083
1592020161716261851,1436,1592020161663979053,,0.0417999997735
1592020161767909247,1437,1592020161716006994,,0.0145800001919
1592020161819428954,1438,1592020161767987966,,-0.0105200000107
1592020161921917105,1439,1592020161819262027,,-0.0324999988079
1592020161973963420,1440,1592020161922051906,,-0.0583800002933
1592020162026443234,1441,1592020161974061965,,-0.0791900008917
1592020162079224713,1442,1592020162026240110,,-0.101590000093
1592020162180773597,1443,1592020162078929901,,-0.116109997034
1592020162232728815,1444,1592020162180821895,,-0.103589996696
1592020162284874899,1445,1592020162232745885,,-0.0939100012183
1592020162387699772,1446,1592020162284667968,,-0.0831300020218
1592020162438674020,1447,1592020162387329101,,-0.0665900036693
1592020162490709227,1448,1592020162438754081,,-0.0560600012541
1592020162542672669,1449,1592020162490765094,,-0.0452699996531
1592020162594956176,1450,1592020162542768001,,-0.0343200005591
1592020162696999684,1451,1592020162594691991,,-0.0235200002789
1592020162748676823,1452,1592020162697060108,,-0.0117800002918
1592020162800797080,1453,1592020162748723030,,-0.00268999999389
1592020162852325292,1454,1592020162800493001,,-0.000159999995958
1592020162903914432,1455,1592020162852005958,,-0.000159999995958
1592020162956106563,1456,1592020162903958082,,-0.000159999995958
1592020163007970204,1457,1592020162955910921,,-0.000180000002729
1592020163059875188,1458,1592020163007708072,,-0.000180000002729
1592020163111717044,1459,1592020163059536933,,-0.000180000002729
1592020163163372990,1460,1592020163111416101,,-0.000180000002729
1592020163216082962,1461,1592020163163429975,,-0.000180000002729
1592020163267391498,1462,1592020163215840101,,-0.000190000006114
1592020163319391955,1463,1592020163267159938,,-0.000190000006114
1592020163371093557,1464,1592020163319130897,,0.0
1592020163422608363,1465,1592020163371102094,,0.0
1592020163473946535,1466,1592020163422413110,,0.0
1592020163525957175,1467,1592020163473974943,,0.0
1592020163577984281,1468,1592020163525969982,,0.0
1592020163630451132,1469,1592020163577997922,,0.0
1592020163682130584,1470,1592020163630383968,,0.0
1592020163735171948,1471,1592020163682189941,,0.0
1592020163837786176,1472,1592020163735332965,,0.0
