%time,field.header.seq,field.header.stamp,field.header.frame_id,field.speed,field.vx,field.vy,field.vz
1592020138968743851,1,1592020138916891098,,0.0,9.99999974738e-06,-9.99999974738e-06,-9.99999974738e-06
1592020139019493099,2,1592020138968307018,,0.0,0.0,9.99999974738e-06,0.0
1592020139071615535,3,1592020139019556999,,0.0,-9.99999974738e-06,-9.99999974738e-06,0.0
1592020139123270748,4,1592020139071711063,,0.0,0.0,9.99999974738e-06,0.0
1592020139175939174,5,1592020139123589992,,0.0,-9.99999974738e-06,3.99999989895e-05,9.99999974738e-06
1592020139228309473,6,1592020139175539016,,0.0,-9.99999974738e-06,-9.99999974738e-06,9.99999974738e-06
1592020139280389264,7,1592020139228075981,,0.0,-1.99999994948e-05,1.99999994948e-05,9.99999974738e-06
1592020139331834092,8,1592020139280095100,,0.0,9.99999974738e-06,-0.0,-0.0
1592020139384150287,9,1592020139332039117,,0.0,-1.99999994948e-05,0.0,9.99999974738e-06
1592020139435128898,10,1592020139383956909,,0.0,-1.99999994948e-05,-1.99999994948e-05,9.99999974738e-06
1592020139487432135,11,1592020139435259103,,0.0,1.99999994948e-05,-9.99999974738e-06,-9.99999974738e-06
1592020139539204677,12,1592020139487183094,,0.0,0.0,-9.99999974738e-06,-0.0
1592020139591368746,13,1592020139539545059,,0.0,1.99999994948e-05,-0.0,-9.99999974738e-06
1592020139642811983,14,1592020139591535091,,0.0,-9.99999974738e-06,9.99999974738e-06,0.0
1592020139695156328,15,1592020139643225908,,0.0,-0.0,9.99999974738e-06,0.0
1592020139748136911,16,1592020139694900035,,0.0,9.99999974738e-06,-9.99999974738e-06,-0.0
1592020139799161105,17,1592020139747659921,,0.0,0.0,-0.0,-0.0
1592020139850579868,18,1592020139798903942,,0.0,-9.99999974738e-06,-1.99999994948e-05,9.99999974738e-06
1592020139902750789,19,1592020139851002931,,0.0,-9.99999974738e-06,-9.99999974738e-06,9.99999974738e-06
1592020139954895222,20,1592020139903055906,,0.0,-0.0,0.0,0.0
1592020140006855255,21,1592020139955060005,,0.0,-1.99999994948e-05,9.99999974738e-06,9.99999974738e-06
1592020140059126958,22,1592020140007406949,,0.0,-0.0,-1.99999994948e-05,0.0
1592020140160737143,23,1592020140059294939,,0.0,9.99999974738e-06,-9.99999974738e-06,-0.0
1592020140212776964,24,1592020140160989046,,0.0,1.99999994948e-05,-9.99999974738e-06,-9.99999974738e-06
1592020140264897031,25,1592020140213085889,,0.0,0.0,-1.99999994948e-05,0.0
1592020140316875641,26,1592020140265094041,,0.0,-9.99999974738e-06,0.0,0.0
1592020140370820556,27,1592020140317143917,,0.0,0.0,-9.99999974738e-06,0.0
1592020140423039829,28,1592020140371295928,,0.0,-9.99999974738e-06,1.99999994948e-05,9.99999974738e-06
1592020140475270007,29,1592020140423506021,,0.0,-0.0,1.99999994948e-05,-0.0
1592020140527216140,30,1592020140475466966,,0.0,9.99999974738e-06,9.99999974738e-06,-0.0
1592020140629690688,31,1592020140527473926,,0.0,-0.0,1.99999994948e-05,-0.0
1592020140681708370,32,1592020140629930973,,0.0,-0.0,9.99999974738e-06,-0.0
1592020140734440356,33,1592020140681934118,,0.0,0.0,-0.0,-0.0
1592020140786452403,34,1592020140734689950,,0.0,0.0,-0.0,-0.0
1592020140843242806,35,1592020140786703109,,0.0,-0.0,9.99999974738e-06,0.0
1592020140895418736,36,1592020140843614101,,0.0,-9.99999974738e-06,1.99999994948e-05,0.0
1592020140948226892,37,1592020140895735025,,0.0,1.99999994948e-05,-0.0,-9.99999974738e-06
1592020140999436686,38,1592020140947731018,,0.0,9.99999974738e-06,-9.99999974738e-06,-9.99999974738e-06
1592020141051735393,39,1592020141000046014,,0.0,1.99999994948e-05,-2.99999992421e-05,-9.99999974738e-06
1592020141103852078,40,1592020141051994085,,0.0,-1.99999994948e-05,-0.0,9.99999974738e-06
1592020141156344819,41,1592020141104012966,,0.0,9.99999974738e-06,-9.99999974738e-06,-9.99999974738e-06
1592020141207894721,42,1592020141156064033,,0.0,9.99999974738e-06,0.0,-9.99999974738e-06
1592020141259928592,43,1592020141208225965,,0.0,-9.99999974738e-06,9.99999974738e-06,9.99999974738e-06
1592020141312287387,44,1592020141260143995,,0.0,-1.99999994948e-05,-1.99999994948e-05,9.99999974738e-06
1592020141363697351,45,1592020141312024116,,0.0,1.99999994948e-05,-2.99999992421e-05,-9.99999974738e-06
1592020141415759980,46,1592020141363957881,,0.0,0.0,-1.99999994948e-05,-0.0
1592020141467048024,47,1592020141415574073,,0.0,-1.99999994948e-05,9.99999974738e-06,9.99999974738e-06
1592020141518973924,48,1592020141467220067,,0.0,0.0,1.99999994948e-05,0.0
1592020141570972320,49,1592020141519121885,,0.0,-1.99999994948e-05,2.99999992421e-05,9.99999974738e-06
1592020141622860793,50,1592020141571095943,,0.0,0.0,0.0,-0.0
1592020141674916994,51,1592020141623063087,,0.0,-9.99999974738e-06,0.0,0.0
1592020141777140834,52,1592020141676052093,,0.0,-0.0,-9.99999974738e-06,9.99999974738e-06
1592020141828690967,53,1592020141777297019,,0.0,9.99999974738e-06,9.99999974738e-06,0.0
1592020141879911684,54,1592020141828495025,,0.0,1.99999994948e-05,9.99999974738e-06,-9.99999974738e-06
1592020141932208128,55,1592020141879992008,,0.0,-1.99999994948e-05,2.99999992421e-05,9.99999974738e-06
1592020141983812012,56,1592020141931999921,,0.0,0.0,-9.99999974738e-06,-0.0
1592020142035096884,57,1592020141984018087,,0.0,0.0,-9.99999974738e-06,-9.99999974738e-06
1592020142086780710,58,1592020142035265922,,0.0,-0.0,-0.0,0.0
1592020142139051166,59,1592020142086924076,,0.0,1.99999994948e-05,-1.99999994948e-05,-9.99999974738e-06
1592020142191241307,60,1592020142139513969,,0.0,9.99999974738e-06,-9.99999974738e-06,-9.99999974738e-06
1592020142243224037,61,1592020142191481113,,0.0,-9.99999974738e-06,-9.99999974738e-06,9.99999974738e-06
1592020142344539427,62,1592020142243479967,,0.0,9.99999974738e-06,-0.0,-0.0
1592020142395768872,63,1592020142344695091,,0.0,9.99999974738e-06,-9.99999974738e-06,-9.99999974738e-06
1592020142447354826,64,1592020142395952939,,0.0,-9.99999974738e-06,1.99999994948e-05,-0.0
1592020142499264028,65,1592020142447500944,,0.0,9.99999974738e-06,-2.99999992421e-05,-0.0
1592020142551288453,66,1592020142499433040,,0.0,-0.0,9.99999974738e-06,0.0
1592020142603647148,67,1592020142551351070,,0.0,9.99999974738e-06,0.0,-0.0
1592020142655157952,68,1592020142603383064,,0.0,9.99999974738e-06,-2.99999992421e-05,-0.0
1592020142706656017,69,1592020142655416011,,0.0,-9.99999974738e-06,2.99999992421e-05,0.0
1592020142808983792,70,1592020142706800937,,0.0,-9.99999974738e-06,1.99999994948e-05,0.0
1592020142860258038,71,1592020142809215068,,0.0,9.99999974738e-06,0.0,-0.0
1592020142912290968,72,1592020142860498905,,0.0,-9.99999974738e-06,9.99999974738e-06,0.0
1592020142965204599,73,1592020142912579059,,0.0,-2.99999992421e-05,-1.99999994948e-05,1.99999994948e-05
1592020143016316065,74,1592020142964899063,,0.0,-0.0,-0.0,9.99999974738e-06
1592020143068708523,75,1592020143016840934,,0.0,-9.99999974738e-06,9.99999974738e-06,9.99999974738e-06
1592020143120570569,76,1592020143068850994,,0.0,9.99999974738e-06,9.99999974738e-06,-9.99999974738e-06
1592020143172582753,77,1592020143120795965,,0.0,-0.0,1.99999994948e-05,-0.0
1592020143225614529,78,1592020143172794103,,0.0,-0.0,9.99999974738e-06,0.0
1592020143278199443,79,1592020143226491928,,0.0,9.99999974738e-06,9.99999974738e-06,-0.0
1592020143330217029,80,1592020143278429031,,0.0,-0.0,-1.99999994948e-05,9.99999974738e-06
1592020143381792945,81,1592020143330435037,,0.0,-9.99999974738e-06,-9.99999974738e-06,0.0
1592020143434351941,82,1592020143381938934,,0.0,-0.0,-0.0,0.0
1592020143485906013,83,1592020143434150934,,0.0,9.99999974738e-06,9.99999974738e-06,-9.99999974738e-06
1592020143538491233,84,1592020143486108064,,0.0,-1.99999994948e-05,-9.99999974738e-06,9.99999974738e-06
1592020143589405869,85,1592020143538213014,,0.0,9.99999974738e-06,9.99999974738e-06,-9.99999974738e-06
1592020143691292058,86,1592020143589591026,,0.0,-9.99999974738e-06,-2.99999992421e-05,0.0
1592020143743000875,87,1592020143691586017,,0.0,9.99999974738e-06,-1.99999994948e-05,0.0
1592020144144614309,88,1592020143743228912,,0.0,0.0,1.99999994948e-05,-0.0
1592020144196795270,89,1592020144144834041,,0.0,2.99999992421e-05,-9.99999974738e-06,-9.99999974738e-06
1592020144247783008,90,1592020144196693897,,0.000699999975041,0.000660000019707,-7.00000018696e-05,-0.000110000000859
1592020144298928705,91,1592020144247869014,,0.00380000006407,0.00346000003628,-0.00150999997277,-1.99999994948e-05
1592020144350274932,92,1592020144299107074,,0.00810000021011,0.00734000001103,-0.00334999989718,1.99999994948e-05
1592020144402890160,93,1592020144350637912,,0.0121999997646,0.0109599996358,-0.00530999992043,0.000130000000354
1592020144453778930,94,1592020144402647018,,0.0135000003502,0.0122699998319,-0.00563000002876,5.99999984843e-05
1592020144504943274,95,1592020144453912019,,0.0124000003561,0.0111800003797,-0.00531999999657,0.000159999995958
1592020144557031681,96,1592020144505150079,,0.00839999970049,0.00769999995828,-0.00337000004947,0.0
1592020144609272266,97,1592020144557126045,,0.00430000014603,0.00394000019878,-0.00161000003573,-3.99999989895e-05
1592020144661426625,98,1592020144609687089,,0.0010000000475,0.000980000011623,-1.99999994948e-05,-0.000140000003739
1592020144713863557,99,1592020144661756992,,0.000699999975041,-0.000690000015311,-2.99999992421e-05,0.000169999999343
1592020144770543737,100,1592020144714555978,,0.00559999980032,-0.00510000018403,0.00227999989875,0.000250000011874
1592020144826770745,101,1592020144770747900,,0.0190999992192,-0.0159900002182,0.0104499999434,-9.00000013644e-05
1592020144879116995,102,1592020144827001094,,0.0337999984622,-0.0272499993443,0.0200100000948,-0.000169999999343
1592020144931449134,103,1592020144879436016,,0.0478999987245,-0.0364799983799,0.0309900008142,-0.000369999994291
1592020144982827446,104,1592020144931157112,,0.0562000013888,-0.0402599982917,0.0392699986696,-0.000269999989541
1592020145084551317,105,1592020144982654094,,0.0604999996722,-0.0394599996507,0.0458699986339,-0.000280000007479
1592020145136675876,106,1592020145084920883,,0.0606000013649,-0.040229998529,0.0452799983323,2.99999992421e-05
1592020145187973900,107,1592020145136877059,,0.0590000003576,-0.0412399992347,0.0421600006521,9.99999974738e-06
1592020145240209236,108,1592020145188184022,,0.0593000017107,-0.0440099984407,0.0397499985993,0.000140000003739
1592020145292844219,109,1592020145240907907,,0.0631999969482,-0.0493599995971,0.0395199991763,-0.000169999999343
1592020145346135760,110,1592020145294365882,,0.0653000026941,-0.053630001843,0.0373400002718,-9.99999974738e-05
1592020145398339874,111,1592020145346359968,,0.0644999966025,-0.0558400005102,0.0323200002313,7.9999997979e-05
1592020145450320914,112,1592020145398565053,,0.0646999999881,-0.0590399987996,0.0264100003988,9.99999974738e-05
1592020145502338598,113,1592020145450579881,,0.0666000023484,-0.0637900009751,0.0192099995911,0.000110000000859
1592020145607432201,114,1592020145502821922,,0.0706000030041,-0.069540001452,0.0118800001219,0.000110000000859
1592020145659181368,115,1592020145607480049,,0.076099999249,-0.0760300010443,0.0042699999176,1.99999994948e-05
1592020145710589757,116,1592020145659367084,,0.0803000032902,-0.0802199989557,-0.00268999999389,-9.99999974738e-06
1592020145761970857,117,1592020145710771083,,0.0799999982119,-0.0798999965191,-0.00349000003189,0.000110000000859
1592020145813111518,118,1592020145761989116,,0.0800999999046,-0.0799499973655,-0.00471000000834,0.000110000000859
1592020145915005848,119,1592020145813241958,,0.0797000005841,-0.0794799998403,-0.00598999997601,9.99999974738e-05
1592020145966947824,120,1592020145915251970,,0.0797000005841,-0.0792400017381,-0.00817000027746,4.99999987369e-05
1592020146019024077,121,1592020145967221975,,0.0798000022769,-0.0791700035334,-0.00965000037104,1.99999994948e-05
1592020146071073281,122,1592020146019263982,,0.0797000005841,-0.0788799971342,-0.0112199997529,1.99999994948e-05
1592020146173164498,123,1592020146071346044,,0.0795999988914,-0.0784899964929,-0.0129399998114,-0.0
1592020146225759520,124,1592020146174093961,,0.0795999988914,-0.0779099985957,-0.0162400007248,4.99999987369e-05
1592020146277183286,125,1592020146226030111,,0.0797000005841,-0.0772499963641,-0.0197999998927,2.99999992421e-05
1592020146378492812,126,1592020146277256011,,0.0794000029564,-0.0763399973512,-0.0219100005925,3.99999989895e-05
1592020146430574153,127,1592020146378554105,,0.0795999988914,-0.0755899995565,-0.0250400006771,3.99999989895e-05
1592020146482246666,128,1592020146431190013,,0.0794000029564,-0.0746600031853,-0.0268900003284,3.99999989895e-05
1592020146533631995,129,1592020146482534885,,0.0795999988914,-0.0741899982095,-0.0287500005215,4.99999987369e-05
1592020146635767882,130,1592020146533842086,,0.0793000012636,-0.0728000029922,-0.0315200015903,9.00000013644e-05
1592020146687862015,131,1592020146635943889,,0.0794999971986,-0.0715600028634,-0.0346800014377,0.000119999996969
1592020146740300917,132,1592020146687947988,,0.0795999988914,-0.0706299990416,-0.0366800017655,9.99999974738e-05
1592020146791803271,133,1592020146739902973,,0.0794999971986,-0.0691199973226,-0.0392500013113,5.99999984843e-05
1592020146843877918,134,1592020146792025089,,0.0785000026226,-0.0654700025916,-0.0432499982417,4.99999987369e-05
1592020146945870176,135,1592020146844029903,,0.0769999995828,-0.0606300011277,-0.0474300011992,7.9999997979e-05
1592020146998371548,136,1592020146946522951,,0.0737000033259,-0.0507000014186,-0.053520001471,0.000140000003739
1592020147050830351,137,1592020146998790025,,0.0719999969006,-0.0423999987543,-0.0582000017166,9.99999974738e-06
1592020147101720442,138,1592020147050549030,,0.0706000030041,-0.0348099991679,-0.0614200010896,-0.000110000000859
1592020147153393445,139,1592020147101926088,,0.0683000013232,-0.0255800001323,-0.0633400008082,-9.99999974738e-05
1592020147205363616,140,1592020147153826951,,0.0662000030279,-0.0153099996969,-0.0643900036812,1.99999994948e-05
1592020147257428085,141,1592020147205986022,,0.0658999979496,0.00161000003573,-0.0658299997449,9.00000013644e-05
1592020147309850934,142,1592020147258100986,,0.0667999982834,0.0136399995536,-0.0654200017452,9.99999974738e-06
1592020147362541919,143,1592020147310096025,,0.068599998951,0.0250100009143,-0.0638500005007,9.00000013644e-05
1592020147413966017,144,1592020147362184047,,0.0706999972463,0.0350500009954,-0.0614099986851,4.99999987369e-05
1592020147466534565,145,1592020147414153099,,0.0714000016451,0.0428000018001,-0.0571699999273,-4.99999987369e-05
1592020147519324601,146,1592020147466159105,,0.0742999985814,0.0545799992979,-0.0504699982703,-0.000180000002729
1592020147572320194,147,1592020147519932985,,0.0763000026345,0.0610000006855,-0.0458500012755,-4.99999987369e-05
1592020147623839281,148,1592020147572093963,,0.0781999975443,0.0663300007582,-0.0414500012994,9.00000013644e-05
1592020147675029600,149,1592020147623971939,,0.0794999971986,0.0697000026703,-0.0382100008428,7.00000018696e-05
1592020147726990670,150,1592020147675318002,,0.0794000029564,0.0709500014782,-0.0357000008225,-4.99999987369e-05
1592020147828599473,151,1592020147727253913,,0.0798999965191,0.072310000658,-0.0340300016105,-0.000190000006114
1592020147880545480,152,1592020147828742027,,0.0793000012636,0.072990000248,-0.0310100000352,-1.99999994948e-05
1592020147931860731,153,1592020147880796909,,0.0798999965191,0.0744199976325,-0.0292000006884,-9.00000013644e-05
1592020147983925305,154,1592020147932106018,,0.0794999971986,0.0747999995947,-0.0268699992448,-3.99999989895e-05
1592020148035589106,155,1592020147984220027,,0.0798000022769,0.0759100019932,-0.0247099995613,9.99999974738e-06
1592020148086640657,156,1592020148035572052,,0.0793000012636,0.0761400014162,-0.0223200004548,9.99999974738e-06
1592020148189024405,157,1592020148086859941,,0.0798000022769,0.0772299990058,-0.0200999993831,9.99999974738e-06
1592020148240354455,158,1592020148188585042,,0.0797000005841,0.0778499990702,-0.0170900002122,-1.99999994948e-05
1592020148292186102,159,1592020148240709066,,0.0794000029564,0.0780100002885,-0.0147000001743,-4.99999987369e-05
1592020148344700184,160,1592020148292396068,,0.0798000022769,0.0788500010967,-0.0123300002888,-7.00000018696e-05
1592020148395679141,161,1592020148344418048,,0.0794000029564,0.0788299962878,-0.009829999879,-3.99999989895e-05
1592020148448237918,162,1592020148396514892,,0.0800999999046,0.0797900035977,-0.00663999980316,-7.00000018696e-05
1592020148500714017,163,1592020148448534965,,0.0794999971986,0.0793199986219,-0.00480999983847,-5.99999984843e-05
1592020148552192986,164,1592020148500444889,,0.0799999982119,0.0798999965191,-0.00337999989279,-9.99999974738e-06
1592020148604709170,165,1592020148552402973,,0.0795999988914,0.0795599967241,-0.00205000001006,-3.99999989895e-05
1592020148655642556,166,1592020148604441881,,0.0800999999046,0.0800999999046,-0.000950000016019,-2.99999992421e-05
1592020148706854018,167,1592020148655709028,,0.0797000005841,0.0797000005841,-4.99999987369e-05,-2.99999992421e-05
1592020148758707192,168,1592020148706958055,,0.0798000022769,0.0797500014305,0.00179999996908,3.99999989895e-05
1592020148810918806,169,1592020148759006977,,0.0799999982119,0.0799999982119,0.00227000005543,4.99999987369e-05
1592020148862850066,170,1592020148811093091,,0.0794000029564,0.0793199986219,0.00323999999091,0.000130000000354
1592020148964726071,171,1592020148863087892,,0.0754000023007,0.0748900026083,0.00903000030667,0.000130000000354
1592020149016331474,172,1592020148965003967,,0.0666999965906,0.0627200007439,0.0225900001824,-0.000110000000859
1592020149068498023,173,1592020149016463994,,0.0652000010014,0.0581599995494,0.0294199995697,-2.99999992421e-05
1592020149120470141,174,1592020149068712949,,0.0648000016809,0.0542600005865,0.0353499986231,-7.00000018696e-05
1592020149172247636,175,1592020149120765924,,0.0662000030279,0.0523199997842,0.0405099987984,-3.99999989895e-05
1592020149223464590,176,1592020149172414064,,0.0671999976039,0.0505400002003,0.0442500002682,-2.99999992421e-05
1592020149275497470,177,1592020149223603010,,0.0690999999642,0.0501499995589,0.047570001334,-5.99999984843e-05
1592020149327196353,178,1592020149275708913,,0.0706000030041,0.0491200014949,0.050680000335,-2.99999992421e-05
1592020149379332144,179,1592020149327359914,,0.0705000013113,0.0453400015831,0.0539599992335,0.000110000000859
1592020149431333466,180,1592020149379513978,,0.0706000030041,0.0393299981952,0.0586399994791,-0.000209999998333
1592020149482691479,181,1592020149431557893,,0.070000000298,0.0357500016689,0.06018999964,-0.000169999999343
1592020149534085636,182,1592020149482796907,,0.068400003016,0.0369900017977,0.0575000010431,4.99999987369e-05
1592020149585705395,183,1592020149533986091,,0.0675000026822,0.0341200008988,0.0581899993122,1.99999994948e-05
1592020149637298927,184,1592020149585997104,,0.0662000030279,0.029810000211,0.0591400004923,-9.99999974738e-06
1592020149690165703,185,1592020149637307882,,0.0661000013351,0.0239199995995,0.0616700015962,-1.99999994948e-05
1592020149741450932,186,1592020149690340995,,0.0671000033617,0.0173000004143,0.0647799968719,-9.99999974738e-06
1592020149792831138,187,1592020149741604089,,0.0668999999762,0.0070799998939,0.0665400028229,0.00034999998752
1592020149844036680,188,1592020149793011903,,0.0666999965906,-0.00540000014007,0.0664400011301,9.99999974738e-05
1592020149895625737,189,1592020149844271898,,0.0680999979377,-0.0158500000834,0.0662600025535,-0.000150000007125
1592020149947539117,190,1592020149895734071,,0.0671999976039,-0.0223200004548,0.0634299963713,-7.00000018696e-05
1592020149998995471,191,1592020149947218894,,0.061400000006,-0.024529999122,0.0562399998307,0.000110000000859
1592020150051200437,192,1592020149999433040,,0.0535000003874,-0.0258799996227,0.0468400008976,0.000209999998333
1592020150102639394,193,1592020150051335096,,0.0428999997675,-0.0285299997777,0.0319899991155,5.99999984843e-05
1592020150154859317,194,1592020150102951049,,0.0362000018358,-0.0317699983716,0.0173199996352,4.99999987369e-05
1592020150206919012,195,1592020150155093908,,0.0351000018418,-0.0351000018418,0.00147999997716,4.99999987369e-05
1592020150259274514,196,1592020150207436084,,0.040600001812,-0.038449998945,-0.0131000000983,4.99999987369e-05
1592020150362484414,197,1592020150259421110,,0.0472000017762,-0.0391400009394,-0.0263000000268,-0.000300000014249
1592020150415128959,198,1592020150362123966,,0.0544000007212,-0.0370300002396,-0.0398200005293,-9.00000013644e-05
1592020150466356368,199,1592020150415290117,,0.0604999996722,-0.0343200005591,-0.0497599989176,0.0
1592020150568071948,200,1592020150466469049,,0.0676999986172,-0.0326099991798,-0.059319999069,0.000199999994948
1592020150619196326,201,1592020150567819118,,0.0742999985814,-0.03356000036,-0.0662399977446,-9.99999974738e-06
1592020150671174798,202,1592020150619823932,,0.0791999995708,-0.0352500006557,-0.0709000006318,-0.000110000000859
1592020150722761850,203,1592020150670948982,,0.0780000016093,-0.0347499996424,-0.0698899999261,-0.000119999996969
1592020150824702143,204,1592020150722939968,,0.0725999996066,-0.0325100012124,-0.0649000033736,-0.0
1592020150877334185,205,1592020150824966907,,0.0606999993324,-0.0263199992478,-0.0547400005162,-4.99999987369e-05
1592020150929213854,206,1592020150877065896,,0.0551000013947,-0.0242500007153,-0.0495299994946,0.000150000007125
1592020150980015786,207,1592020150929002046,,0.0493000000715,-0.0245699994266,-0.0428000018001,0.000130000000354
1592020151031400227,208,1592020150980247974,,0.0405000001192,-0.0259799994528,-0.0311200004071,-0.000110000000859
1592020151133063899,209,1592020151031446933,,0.0337999984622,-0.0273199994117,-0.0199599992484,-4.99999987369e-05
1592020151185424544,210,1592020151133683919,,0.0300999991596,-0.0299600008875,-0.00304999994114,9.99999974738e-05
1592020151237543627,211,1592020151185678958,,0.0340000018477,-0.0319899991155,0.0116499997675,9.00000013644e-05
1592020151290075389,212,1592020151237884044,,0.0405000001192,-0.0354400016367,0.0196000002325,7.00000018696e-05
1592020151342572899,213,1592020151290321111,,0.0465000011027,-0.0400899983943,0.0236300006509,0.000169999999343
1592020151395461273,214,1592020151342283010,,0.0518000014126,-0.0460000000894,0.0237600002438,7.9999997979e-05
1592020151447281710,215,1592020151395522117,,0.0635000020266,-0.058449998498,0.0248000007123,0.000159999995958
1592020151498568943,216,1592020151447498083,,0.0675999969244,-0.0639799982309,0.0216899998486,-1.99999994948e-05
1592020151549893847,217,1592020151498769044,,0.0671999976039,-0.0653899982572,0.0155300004408,-3.99999989895e-05
1592020151601920428,218,1592020151550108909,,0.0639000013471,-0.0636200010777,0.00602000020444,0.000230000005104
1592020151653955251,219,1592020151602113962,,0.063299998641,-0.0629900023341,-0.00579999992624,0.000180000002729
1592020151706324694,220,1592020151654201030,,0.0684999972582,-0.063639998436,-0.0253899991512,-9.99999974738e-06
1592020151757823923,221,1592020151706032991,,0.0719999969006,-0.0619199983776,-0.0366499982774,1.99999994948e-05
1592020151809112268,222,1592020151758040904,,0.0741999968886,-0.0598599985242,-0.0439300015569,4.99999987369e-05
1592020151861207733,223,1592020151809290885,,0.0754000023007,-0.0595000013709,-0.0462599992752,5.99999984843e-05
1592020151913483218,224,1592020151861373901,,0.0741000026464,-0.0593600012362,-0.0443199984729,2.99999992421e-05
1592020152015353053,225,1592020151913495063,,0.0715999975801,-0.0590899996459,-0.0404600016773,5.99999984843e-05
1592020152067357431,226,1592020152015503883,,0.0671000033617,-0.0609299987555,-0.028069999069,9.99999974738e-06
1592020152119536296,227,1592020152067491054,,0.0657000020146,-0.0627000033855,-0.0197599995881,7.9999997979e-05
1592020152172146458,228,1592020152120397090,,0.0661000013351,-0.0651199966669,-0.0112100001425,9.99999974738e-05
1592020152224564454,229,1592020152172811031,,0.0678000003099,-0.0677499994636,-0.00161999999546,7.00000018696e-05
1592020152276587731,230,1592020152224848985,,0.070799998939,-0.0704099982977,0.00710000004619,7.00000018696e-05
1592020152379359194,231,1592020152276798963,,0.0747999995947,-0.0730099976063,0.0164199993014,9.00000013644e-05
1592020152431430915,232,1592020152379594087,,0.077699996531,-0.0732799991965,0.0258900001645,-0.000119999996969
1592020152483597883,233,1592020152431554079,,0.0773999989033,-0.0697000026703,0.0335999988019,-3.99999989895e-05
1592020152536405706,234,1592020152483614921,,0.0754000023007,-0.0651699975133,0.0378700010478,0.000319999991916
1592020152588053851,235,1592020152536051034,,0.0731000006199,-0.0624900013208,0.0379800014198,0.000209999998333
1592020152691165618,236,1592020152588957071,,0.0688000023365,-0.0599000006914,0.0337800011039,4.99999987369e-05
1592020152743701191,237,1592020152692013025,,0.0500000007451,-0.0461100004613,0.0193700008094,-0.000159999995958
1592020152796151697,238,1592020152743967056,,0.0401999987662,-0.0353799983859,0.0190099999309,0.000140000003739
1592020152848200331,239,1592020152796466112,,0.033900000155,-0.0268200002611,0.0207299999893,7.00000018696e-05
1592020152900313364,240,1592020152848464012,,0.0320999994874,-0.0207700002939,0.0244800001383,1.99999994948e-05
1592020152952223461,241,1592020152900435924,,0.0320000015199,-0.0145399998873,0.0285299997777,-5.99999984843e-05
1592020153003583452,242,1592020152952466964,,0.0317000001669,-0.00414999993518,0.0313800014555,0.000190000006114
1592020153055616465,243,1592020153003761053,,0.0324000008404,-0.00147000001743,0.0323599986732,0.000150000007125
1592020153107673521,244,1592020153055818080,,0.0324999988079,-0.00118000002112,0.0324900001287,0.000130000000354
1592020153210373978,245,1592020153107780933,,0.033900000155,-0.00175000005402,0.0338100008667,-7.00000018696e-05
1592020153262244198,246,1592020153210474014,,0.0259000007063,-0.000790000020061,0.0258799996227,-0.000429999985499
1592020153314279613,247,1592020153262485980,,0.0344999991357,0.00110999995377,0.0345200002193,-7.9999997979e-05
1592020153367702497,248,1592020153315331935,,0.0348999984562,0.000539999979082,0.0348999984562,2.99999992421e-05
1592020153419282668,249,1592020153367331981,,0.0373000018299,0.000119999996969,0.0373199991882,-0.000280000007479
1592020153472022115,250,1592020153420139074,,0.0364999994636,0.00334000005387,0.0363700017333,-0.000239999993937
1592020153524710784,251,1592020153472687005,,0.0337000004947,0.00906999967992,0.0324099995196,-0.000130000000354
1592020153576663237,252,1592020153525583028,,0.0324999988079,0.0156399998814,0.0284599997103,-7.00000018696e-05
1592020153627839924,253,1592020153576802968,,0.0324000008404,0.0203499998897,0.0251800008118,-0.000209999998333
1592020153729251494,254,1592020153628051996,,0.0362999998033,0.0269799996167,0.0242100004107,-0.000690000015311
1592020153780970506,255,1592020153729242086,,0.0452999994159,0.0400599986315,0.0210699997842,-0.000339999998687
1592020153833797804,256,1592020153781320095,,0.0628999993205,0.0535500012338,0.0330800004303,0.000140000003739
1592020153884827665,257,1592020153833381891,,0.0674000009894,0.0548200011253,0.0392399989069,0.0
1592020153936284996,258,1592020153885226011,,0.0693000033498,0.0571100004017,0.0393299981952,-0.000460000010207
1592020153988282421,259,1592020153936541080,,0.0705000013113,0.0615199990571,0.0343899987638,-2.99999992421e-05
1592020154040303230,260,1592020153988521099,,0.0724999979138,0.0655900016427,0.0307800006121,0.0
1592020154092631291,261,1592020154040714979,,0.0732000023127,0.0670799985528,0.0292199999094,-7.9999997979e-05
1592020154144161369,262,1592020154092801094,,0.0731000006199,0.0677099972963,0.0274199992418,-0.000150000007125
1592020154195625901,263,1592020154144290924,,0.0742999985814,0.0701399967074,0.0244699995965,3.99999989895e-05
1592020154297176226,264,1592020154195761919,,0.0719000026584,0.0700599998236,0.0159300006926,0.000419999996666
1592020154348420534,265,1592020154297292947,,0.0527999997139,0.0526099987328,0.00481999991462,7.00000018696e-05
1592020154405318401,266,1592020154348618984,,0.0399999991059,0.0399800017476,0.00107999995816,3.99999989895e-05
1592020154457346476,267,1592020154405044078,,0.0262000001967,0.0259199999273,-0.00350999995135,-9.99999974738e-06
1592020154509463875,268,1592020154457638978,,0.0143999997526,0.0116299996153,-0.00846000015736,5.99999984843e-05
1592020154561395961,269,1592020154509644031,,0.0133999995887,-0.00161999999546,-0.0133300004527,2.99999992421e-05
1592020154613137527,270,1592020154561620950,,0.0241000000387,-0.0153799997643,-0.018540000543,7.00000018696e-05
1592020154664784363,271,1592020154613276958,,0.0377000011504,-0.0292099993676,-0.0238700006157,0.000119999996969
1592020154719608881,272,1592020154665427923,,0.0505999997258,-0.0415100008249,-0.0289600007236,0.0
1592020154770803274,273,1592020154719340085,,0.0641999989748,-0.0537399984896,-0.0351999998093,0.000230000005104
1592020154822835921,274,1592020154770914077,,0.0727000012994,-0.0641900002956,-0.0341399982572,-0.000199999994948
1592020154874208679,275,1592020154822630882,,0.0771000012755,-0.0716100037098,-0.0285700000823,9.99999974738e-05
1592020154925569959,276,1592020154874224901,,0.0763999968767,-0.0702899992466,-0.029829999432,0.000289999996312
1592020154978064552,277,1592020154925844907,,0.0742999985814,-0.0668300017715,-0.0324500016868,-4.99999987369e-05
1592020155029663133,278,1592020154977806091,,0.0710000023246,-0.0597999989986,-0.0383500009775,0.000250000011874
1592020155081615632,279,1592020155029786109,,0.0675000026822,-0.0518699996173,-0.0432399995625,0.000220000001718
1592020155132965757,280,1592020155081768989,,0.0658000037074,-0.0444799996912,-0.0484200008214,0.000159999995958
1592020155184999433,281,1592020155133193969,,0.0646999999881,-0.0370999984443,-0.0530200004578,0.000180000002729
1592020155287241161,282,1592020155185226917,,0.0626000016928,-0.028370000422,-0.0558300018311,-0.000289999996312
1592020155339168625,283,1592020155287456989,,0.0529000014067,-0.00877999980003,-0.0521499998868,-0.000119999996969
1592020155390929267,284,1592020155339320898,,0.0524999983609,0.00392000004649,-0.0523199997842,7.9999997979e-05
1592020155442331157,285,1592020155390799045,,0.0570000000298,0.0171099994332,-0.0543299987912,3.99999989895e-05
1592020155494445083,286,1592020155442439079,,0.0625,0.0299399998039,-0.0549100004137,-2.99999992421e-05
1592020155546464117,287,1592020155494540929,,0.0672999992967,0.0405599996448,-0.0537699982524,0.000269999989541
1592020155598410915,288,1592020155546581983,,0.0690999999642,0.0485300011933,-0.0491800010204,-0.000150000007125
1592020155650334811,289,1592020155598916053,,0.0706999972463,0.0550200007856,-0.0443300008774,-7.00000018696e-05
1592020155702446807,290,1592020155650535106,,0.0728999972343,0.0618200004101,-0.0385500006378,-7.9999997979e-05
1592020155804597718,291,1592020155702564954,,0.0732999965549,0.0665799975395,-0.030700000003,0.000130000000354
1592020155857490755,292,1592020155804963111,,0.0658999979496,0.0625,-0.0210200008005,7.9999997979e-05
1592020155909186640,293,1592020155857233047,,0.0634000003338,0.0615600012243,-0.0151199996471,-9.00000013644e-05
1592020155961455630,294,1592020155909226894,,0.0626000016928,0.0617100000381,-0.0105699999258,-5.99999984843e-05
1592020156013512630,295,1592020155961252927,,0.0627999976277,0.0625099986792,-0.00620000017807,-5.99999984843e-05
1592020156065081011,296,1592020156013248920,,0.0626000016928,0.0625400021672,-0.00164999999106,-7.00000018696e-05
1592020156117139460,297,1592020156065344095,,0.063299998641,0.0632700026035,0.00270999991335,-7.9999997979e-05
1592020156169082596,298,1592020156117310047,,0.0636000037193,0.0632200017571,0.00711000012234,-1.99999994948e-05
1592020156220414784,299,1592020156169382095,,0.0646999999881,0.0637400001287,0.0109400004148,-7.00000018696e-05
1592020156272453298,300,1592020156220626115,,0.0653000026941,0.0637599974871,0.0142599996179,-7.9999997979e-05
1592020156375259106,301,1592020156272655010,,0.0680000036955,0.0661600008607,0.0157200004905,-0.000269999989541
1592020156426581023,302,1592020156375437974,,0.0781000033021,0.0762000009418,0.0170399993658,0.000230000005104
1592020156478598928,303,1592020156426656007,,0.0798999965191,0.0779799968004,0.017440000549,9.99999974738e-06
1592020156530696465,304,1592020156478746891,,0.0802000015974,0.0782700031996,0.0175199992955,-4.99999987369e-05
1592020156632737857,305,1592020156531079053,,0.0795999988914,0.0777200013399,0.0173700004816,-0.0
1592020156684728557,306,1592020156632956027,,0.0724000036716,0.0706499963999,0.0158099997789,-2.99999992421e-05
1592020156737252094,307,1592020156685007095,,0.0654999986291,0.0639299973845,0.0143600003794,0.0
1592020156838922505,308,1592020156737039089,,0.0586999990046,0.0572599992156,0.0128600001335,7.9999997979e-05
1592020156891063593,309,1592020156838992118,,0.0403999984264,0.0397900007665,0.00688999984413,7.9999997979e-05
1592020156943900282,310,1592020156891923904,,0.0284000001848,0.0282499995083,0.00294000003487,0.000110000000859
1592020156996735165,311,1592020156944768905,,0.0162000004202,0.0161799993366,-0.00127000000793,3.99999989895e-05
1592020157048939401,312,1592020156997077941,,0.00710000004619,-0.00129000004381,-0.00696999998763,9.99999974738e-05
1592020157100840825,313,1592020157049108028,,0.017899999395,-0.0138600002974,-0.0113899996504,9.00000013644e-05
1592020157152818386,314,1592020157101052999,,0.0304000005126,-0.0268300008029,-0.0143900001422,7.00000018696e-05
1592020157204781027,315,1592020157153089046,,0.042199999094,-0.0387700013816,-0.0166900008917,-7.00000018696e-05
1592020157256852276,316,1592020157205071926,,0.0551999993622,-0.051890000701,-0.0189200006425,4.99999987369e-05
1592020157308913125,317,1592020157257047891,,0.0579999983311,-0.0559299997985,-0.0154100004584,0.000319999991916
1592020157360793392,318,1592020157309070110,,0.0627000033855,-0.0614200010896,-0.0127600003034,0.000150000007125
1592020157414523457,319,1592020157361013889,,0.0662999972701,-0.0654300004244,-0.010879999958,2.99999992421e-05
1592020157465792695,320,1592020157414757013,,0.0644999966025,-0.0631700009108,-0.0130700003356,-9.00000013644e-05
1592020157518375721,321,1592020157465907096,,0.0584000013769,-0.0557200014591,-0.0174199994653,-0.000110000000859
1592020157570763162,322,1592020157518609046,,0.0487999990582,-0.0443000011146,-0.0205600000918,-0.000190000006114
1592020157621689798,323,1592020157570611000,,0.035300001502,-0.0295400004834,-0.0192499998957,-5.99999984843e-05
1592020157676590545,324,1592020157621838092,,0.0217000003904,-0.0154799995944,-0.0152300000191,9.99999974738e-05
1592020157729195095,325,1592020157676837921,,0.00860000029206,-0.00422000000253,-0.00748000014573,0.000399999989895
1592020157780290070,326,1592020157728945970,,0.00240000011399,0.000360000005458,-0.00240999995731,0.000119999996969
1592020157831863029,327,1592020157780606031,,0.00680000009015,0.00466000009328,-0.0049200002104,-0.000239999993937
1592020157883116152,328,1592020157831664085,,0.0104999998584,0.00968000013381,-0.00412000017241,-7.9999997979e-05
1592020157935568672,329,1592020157884383916,,0.0147000001743,0.0140699995682,0.00430000014603,0.000130000000354
1592020157986838043,330,1592020157935760974,,0.0237000007182,0.0161400008947,0.0174000002444,0.000190000006114
1592020158038156434,331,1592020157986991882,,0.0351000018418,0.0131500000134,0.0324900001287,0.000199999994948
1592020158090198235,332,1592020158038316965,,0.0465999990702,0.00588000006974,0.0462399981916,0.000239999993937
1592020158141513460,333,1592020158090343952,,0.0560000017285,-0.00429000006989,0.055870000273,5.99999984843e-05
1592020158192722625,334,1592020158141633987,,0.0627000033855,-0.01408000011,0.0610800012946,-2.99999992421e-05
1592020158245381874,335,1592020158192903041,,0.0658000037074,-0.0215900000185,0.0621500015259,-0.000199999994948
1592020158296790443,336,1592020158244985103,,0.0683000013232,-0.0250499993563,0.0635899975896,-9.99999974738e-06
1592020158348919111,337,1592020158296905994,,0.0754000023007,-0.0281000006944,0.0700199976563,7.00000018696e-05
1592020158451675984,338,1592020158349770069,,0.0793000012636,-0.0296299997717,0.0735099986196,-9.99999974738e-06
1592020158504546427,339,1592020158452548980,,0.0798000022769,-0.0299100000411,0.074019998312,-3.99999989895e-05
1592020158558858999,340,1592020158505419015,,0.0799999982119,-0.0298999994993,0.0741799995303,-9.99999974738e-06
1592020158611516732,341,1592020158559703111,,0.0778999999166,-0.0290600005537,0.072310000658,-9.99999974738e-06
1592020158662598472,342,1592020158611584901,,0.0716999992728,-0.0266999993473,0.0665900036693,9.99999974738e-06
1592020158713844350,343,1592020158662806987,,0.0649000033736,-0.024070000276,0.0603099986911,2.99999992421e-05
1592020158765066086,344,1592020158714034080,,0.0575999990106,-0.0209599994123,0.0536499992013,-7.00000018696e-05
1592020158817158559,345,1592020158765312910,,0.049699999392,-0.0159300006926,0.0471099987626,-0.000239999993937
1592020158869243229,346,1592020158817323923,,0.0392000004649,-0.00755999982357,0.0384400002658,7.00000018696e-05
1592020158921163604,347,1592020158869365930,,0.0294000003487,0.00205000001006,0.0293000005186,5.99999984843e-05
1592020158973732011,348,1592020158921322107,,0.0241999998689,0.0107399998233,0.0216700006276,7.9999997979e-05
1592020159025780464,349,1592020158973958015,,0.0261000003666,0.0228199996054,0.0127400001511,-9.99999974738e-05
1592020159078463213,350,1592020159025958061,,0.0326999984682,0.0320300012827,0.00651999982074,0.000169999999343
1592020159129748141,351,1592020159077977895,,0.0410000011325,0.0408499985933,-0.00378999998793,7.00000018696e-05
1592020159182160373,352,1592020159129976034,,0.0474000014365,0.0461600013077,-0.0108099998906,5.99999984843e-05
1592020159233727015,353,1592020159181910037,,0.0529999993742,0.0506299994886,-0.0158099997789,-9.99999974738e-06
1592020159286231754,354,1592020159234008073,,0.0560000017285,0.0539800003171,-0.0148400003091,-1.99999994948e-05
1592020159338143783,355,1592020159286392927,,0.0584999993443,0.0572099983692,-0.012369999662,0.000169999999343
1592020159389743458,356,1592020159338372945,,0.0586000010371,0.0575699992478,-0.0110200000927,2.99999992421e-05
1592020159442070204,357,1592020159389542102,,0.0581000000238,0.0564199984074,-0.0139600001276,3.99999989895e-05
1592020159493786902,358,1592020159441540002,,0.0559000000358,0.0522399991751,-0.0200299993157,5.99999984843e-05
1592020159595315213,359,1592020159494309902,,0.0570000000298,0.047619998455,-0.0313399992883,0.000150000007125
1592020159646939555,360,1592020159595552921,,0.0467999987304,0.0314199998975,-0.0347100012004,-0.000119999996969
1592020159699468350,361,1592020159647144079,,0.0361000001431,0.0189699996263,-0.0307400003076,-5.99999984843e-05
1592020159750383174,362,1592020159699321985,,0.0248000007123,0.00800999999046,-0.0234200004488,-0.000280000007479
1592020159801605073,363,1592020159750546932,,0.0136000001803,0.000429999985499,-0.0136200003326,-7.9999997979e-05
1592020159853059333,364,1592020159801752090,,0.0127999996766,-0.0074499999173,-0.0104200001806,0.000369999994291
1592020159905115371,365,1592020159852973937,,0.0230000000447,-0.0186700001359,-0.0134500004351,0.000190000006114
1592020159957259677,366,1592020159905843973,,0.0324999988079,-0.031020000577,-0.00985999964178,-0.000150000007125
1592020160008870108,367,1592020159957457065,,0.0417999997735,-0.0417600013316,3.99999989895e-05,1.99999994948e-05
1592020160060314890,368,1592020160008920907,,0.0491999983788,-0.0475400015712,0.0125700002536,-0.000220000001718
1592020160112477979,369,1592020160060506105,,0.054699998349,-0.0493699982762,0.0236300006509,-3.99999989895e-05
1592020160164512562,370,1592020160112565994,,0.0559000000358,-0.0459700003266,0.0317599996924,-0.000150000007125
1592020160216292316,371,1592020160164592027,,0.0461000017822,-0.035000000149,0.030039999634,9.99999974738e-06
1592020160268622951,372,1592020160216475009,,0.0318999998271,-0.0212099999189,0.0237799994648,0.000440000003437
1592020160321143363,373,1592020160268341064,,0.0172000005841,-0.0105100004002,0.0136700002477,0.000250000011874
1592020160372260708,374,1592020160320472955,,0.00520000001416,0.00142999994569,0.00493999989703,-0.000190000006114
1592020160423609680,375,1592020160372482061,,0.0148999998346,0.014809999615,0.00152000004891,0.0
1592020160475481390,376,1592020160423682928,,0.0287999995053,0.0283499993384,-0.00527000008151,0.000199999994948
1592020160527480230,377,1592020160475661039,,0.0436000004411,0.0409599989653,-0.0148799996823,-4.99999987369e-05
1592020160579055192,378,1592020160527672052,,0.0562000013888,0.0502800010145,-0.0251400005072,0.000369999994291
1592020160631424597,379,1592020160579142093,,0.0619999989867,0.0541700012982,-0.0300600007176,-9.99999974738e-06
1592020160732670614,380,1592020160631320953,,0.0619999989867,0.0536700002849,-0.0310600008816,0.000180000002729
1592020160783954991,381,1592020160732853889,,0.0520999990404,0.0447500012815,-0.0265999995172,9.99999974738e-05
1592020160835556090,382,1592020160784138917,,0.0456999987364,0.0389599986374,-0.0238300003111,-9.99999974738e-05
1592020160887482259,383,1592020160835730075,,0.0412999987602,0.031819999218,-0.0263299997896,0.000230000005104
1592020160939678429,384,1592020160887727975,,0.0329000018537,0.0204700008035,-0.0257099997252,-2.99999992421e-05
1592020161042068031,385,1592020160940428018,,0.0230999998748,0.00652999989688,-0.0221200007945,-4.99999987369e-05
1592020161094271975,386,1592020161042521953,,0.021099999547,-0.0127199999988,-0.0168399997056,-5.99999984843e-05
1592020161146501660,387,1592020161094549894,,0.0278999991715,-0.0253299996257,-0.0117199998349,-1.99999994948e-05
1592020161197789842,388,1592020161146701097,,0.0364999994636,-0.0360100008547,-0.00571000017226,-0.000180000002729
1592020161249811440,389,1592020161197911024,,0.0436999984086,-0.0436800010502,-0.00132999999914,4.99999987369e-05
1592020161301696814,390,1592020161249957084,,0.0489999987185,-0.048829998821,0.00347000011243,3.99999989895e-05
1592020161353851419,391,1592020161301981925,,0.0575999990106,-0.0568899996579,0.00930000003427,7.00000018696e-05
1592020161405952168,392,1592020161354034900,,0.0637999996543,-0.0617300011218,0.01600000076,0.000119999996969
1592020161458060345,393,1592020161406116962,,0.0710000023246,-0.0654499977827,0.0276399999857,-0.000190000006114
1592020161559998742,394,1592020161458839893,,0.0738999992609,-0.0645300000906,0.0359200015664,-2.99999992421e-05
1592020161611724412,395,1592020161560106039,,0.0644000023603,-0.0542999990284,0.0346800014377,0.000130000000354
1592020161663748599,396,1592020161611929893,,0.0584000013769,-0.0447599999607,0.0374800004065,0.000110000000859
1592020161715752264,397,1592020161663979053,,0.0516999997199,-0.0374599993229,0.0355900004506,9.99999974738e-05
1592020161767775410,398,1592020161716006994,,0.0447999984026,-0.0308899991214,0.0324800014496,9.99999974738e-05
1592020161819229983,399,1592020161767987966,,0.0377000011504,-0.0248799994588,0.0283000003546,9.00000013644e-05
1592020161921222808,400,1592020161819262027,,0.0305000003427,-0.0196800008416,0.0232999995351,2.99999992421e-05
1592020161973765669,401,1592020161922051906,,0.0214000009,-0.0137799996883,0.0163899995387,-9.99999974738e-06
1592020162025837403,402,1592020161974061965,,0.0147000001743,-0.00949999969453,0.0111999996006,-2.99999992421e-05
1592020162079219981,403,1592020162026240110,,0.00800000037998,-0.0052100000903,0.00608999980614,-9.99999974738e-06
1592020162180608063,404,1592020162078929901,,0.00190000003204,-0.00147000001743,0.00126000004821,0.000110000000859
1592020162233067743,405,1592020162180821895,,9.99999974738e-05,0.000110000000859,-9.99999974738e-06,-3.99999989895e-05
1592020162284633488,406,1592020162232745885,,9.99999974738e-05,9.00000013644e-05,-9.99999974738e-06,-9.99999974738e-06
1592020162387546276,407,1592020162284667968,,9.99999974738e-05,9.99999974738e-05,-3.99999989895e-05,-2.99999992421e-05
1592020162438463434,408,1592020162387329101,,9.99999974738e-05,9.99999974738e-05,-1.99999994948e-05,-2.99999992421e-05
1592020162490483490,409,1592020162438754081,,9.99999974738e-05,9.99999974738e-05,-1.99999994948e-05,-1.99999994948e-05
1592020162542493325,410,1592020162490765094,,9.99999974738e-05,7.9999997979e-05,-0.0,-1.99999994948e-05
1592020162594589962,411,1592020162542768001,,9.99999974738e-05,7.00000018696e-05,-9.99999974738e-06,-1.99999994948e-05
1592020162696761269,412,1592020162594691991,,9.99999974738e-05,7.00000018696e-05,-9.99999974738e-06,-1.99999994948e-05
1592020162748606708,413,1592020162697060108,,9.99999974738e-05,7.00000018696e-05,-9.99999974738e-06,-1.99999994948e-05
1592020162800254744,414,1592020162748723030,,9.99999974738e-05,4.99999987369e-05,-1.99999994948e-05,-9.99999974738e-06
1592020162851865232,415,1592020162800493001,,0.0,4.99999987369e-05,-0.0,-9.99999974738e-06
1592020162903830076,416,1592020162852005958,,0.0,3.99999989895e-05,-9.99999974738e-06,-9.99999974738e-06
1592020162955798751,417,1592020162903958082,,0.0,2.99999992421e-05,9.99999974738e-06,-0.0
1592020163007633746,418,1592020162955910921,,0.0,9.99999974738e-06,0.0,9.99999974738e-06
1592020163059367271,419,1592020163007708072,,0.0,0.0,2.99999992421e-05,9.99999974738e-06
1592020163111683192,420,1592020163059536933,,0.0,-0.0,0.0,0.0
1592020163162831570,421,1592020163111416101,,0.0,2.99999992421e-05,-1.99999994948e-05,-1.99999994948e-05
1592020163215563362,422,1592020163163429975,,0.0,-9.99999974738e-06,-0.0,9.99999974738e-06
1592020163266890032,423,1592020163215840101,,0.0,-0.0,2.99999992421e-05,-9.99999974738e-06
1592020163319384787,424,1592020163267159938,,0.0,-9.99999974738e-06,1.99999994948e-05,0.0
1592020163371000539,425,1592020163319130897,,0.0,-0.0,-9.99999974738e-06,-0.0
1592020163422383452,426,1592020163371102094,,0.0,0.0,-0.0,9.99999974738e-06
1592020163473797277,427,1592020163422413110,,0.0,-9.99999974738e-06,0.0,9.99999974738e-06
1592020163525693023,428,1592020163473974943,,0.0,-9.99999974738e-06,-9.99999974738e-06,9.99999974738e-06
1592020163577665204,429,1592020163525969982,,0.0,-0.0,-1.99999994948e-05,0.0
1592020163630236309,430,1592020163577997922,,0.0,-1.99999994948e-05,-0.0,1.99999994948e-05
1592020163682004935,431,1592020163630383968,,0.0,-1.99999994948e-05,9.99999974738e-06,9.99999974738e-06
1592020163734342192,432,1592020163682189941,,0.0,9.99999974738e-06,-0.0,0.0
1592020163837604311,433,1592020163735332965,,0.0,0.0,-1.99999994948e-05,-0.0
