%time,field.header.seq,field.header.stamp,field.header.frame_id,field.speed,field.vx,field.vy,field.vz
1592033511388227285,1,1592033511335748910,,0.0,-9.99999974738e-06,9.99999974738e-06,9.99999974738e-06
1592033511443962521,2,1592033511388602972,,0.0,9.99999974738e-06,-1.99999994948e-05,-9.99999974738e-06
1592033511496433743,3,1592033511444264888,,0.0,9.99999974738e-06,-9.99999974738e-06,-0.0
1592033511549355020,4,1592033511497190952,,0.0,3.99999989895e-05,-2.99999992421e-05,-1.99999994948e-05
1592033511602619134,5,1592033511549776077,,0.0,-9.99999974738e-06,-9.99999974738e-06,9.99999974738e-06
1592033511656338675,6,1592033511603565931,,0.0,-9.99999974738e-06,-9.99999974738e-06,0.0
1592033511709102029,7,1592033511656817913,,0.0,1.99999994948e-05,9.99999974738e-06,-1.99999994948e-05
1592033511761442787,8,1592033511709240913,,0.0,-0.0,1.99999994948e-05,0.0
1592033511813300003,9,1592033511761734008,,0.0,-9.99999974738e-06,-0.0,0.0
1592033511864614513,10,1592033511813375949,,0.0,9.99999974738e-06,-0.0,-9.99999974738e-06
1592033511916079418,11,1592033511864759922,,0.0,-1.99999994948e-05,1.99999994948e-05,1.99999994948e-05
1592033511967735611,12,1592033511916332960,,0.0,-9.99999974738e-06,9.99999974738e-06,9.99999974738e-06
1592033512021698619,13,1592033511969259023,,0.0,0.0,-1.99999994948e-05,-0.0
1592033512075274594,14,1592033512021908998,,0.0,-9.99999974738e-06,1.99999994948e-05,-0.0
1592033512177163264,15,1592033512075011014,,0.0,2.99999992421e-05,-9.99999974738e-06,-2.99999992421e-05
1592033512229523055,16,1592033512177449941,,0.0,-0.0,0.0,-0.0
1592033512282208608,17,1592033512229835987,,0.0,-9.99999974738e-06,0.0,9.99999974738e-06
1592033512334988808,18,1592033512282473087,,0.0,-0.0,-9.99999974738e-06,0.0
1592033512387414569,19,1592033512335119009,,0.0,9.99999974738e-06,-0.0,0.0
1592033512440071721,20,1592033512387635946,,0.0,9.99999974738e-06,-1.99999994948e-05,-0.0
1592033512493557877,21,1592033512440865993,,0.0,9.99999974738e-06,9.99999974738e-06,-1.99999994948e-05
1592033512545693411,22,1592033512493940114,,0.0,-1.99999994948e-05,9.99999974738e-06,9.99999974738e-06
1592033512597271649,23,1592033512545819997,,0.0,-9.99999974738e-06,1.99999994948e-05,0.0
1592033512649778396,24,1592033512597662925,,0.0,9.99999974738e-06,-9.99999974738e-06,-9.99999974738e-06
1592033512703050499,25,1592033512650168895,,0.0,-9.99999974738e-06,1.99999994948e-05,9.99999974738e-06
1592033512754997593,26,1592033512702610015,,0.0,2.99999992421e-05,-0.0,-1.99999994948e-05
1592033512808412173,27,1592033512755484104,,0.0,-9.99999974738e-06,-0.0,9.99999974738e-06
1592033512860295462,28,1592033512808047056,,0.0,0.0,9.99999974738e-06,0.0
1592033512911995481,29,1592033512860579013,,0.0,-0.0,0.0,0.0
1592033512963504467,30,1592033512912149906,,0.0,-1.99999994948e-05,9.99999974738e-06,1.99999994948e-05
1592033513016040483,31,1592033512963751077,,0.0,9.99999974738e-06,9.99999974738e-06,-0.0
1592033513069137945,32,1592033513016351938,,0.0,2.99999992421e-05,-9.99999974738e-06,-2.99999992421e-05
1592033513120760418,33,1592033513069323062,,0.0,-9.99999974738e-06,-0.0,9.99999974738e-06
1592033513223316130,34,1592033513121078014,,0.0,9.99999974738e-06,-9.99999974738e-06,-9.99999974738e-06
1592033513275924573,35,1592033513223583936,,0.0,-0.0,0.0,0.0
1592033513328797834,36,1592033513276134014,,0.0,-9.99999974738e-06,0.0,0.0
1592033513381609960,37,1592033513329189062,,0.0,1.99999994948e-05,0.0,-1.99999994948e-05
1592033513434882397,38,1592033513381896018,,0.0,9.99999974738e-06,-1.99999994948e-05,-9.99999974738e-06
1592033513487397552,39,1592033513435280084,,0.0,9.99999974738e-06,-0.0,-0.0
1592033513540167647,40,1592033513487837076,,0.0,9.99999974738e-06,0.0,-9.99999974738e-06
1592033513592900139,41,1592033513540488958,,0.0,9.99999974738e-06,-1.99999994948e-05,-9.99999974738e-06
1592033513647278216,42,1592033513593583106,,0.0,9.99999974738e-06,0.0,-9.99999974738e-06
1592033513749808759,43,1592033513646527051,,0.0,0.0,9.99999974738e-06,-0.0
1592033513800658442,44,1592033513749277114,,0.0,-0.0,9.99999974738e-06,0.0
1592033513902834486,45,1592033513801026105,,0.0,-0.0,9.99999974738e-06,9.99999974738e-06
1592033513955757794,46,1592033513903003931,,0.0,9.99999974738e-06,0.0,-0.0
1592033514007610807,47,1592033513955405950,,0.0,-9.99999974738e-06,-0.0,9.99999974738e-06
1592033514060300753,48,1592033514007708072,,0.0,-1.99999994948e-05,2.99999992421e-05,9.99999974738e-06
1592033514112013130,49,1592033514060717105,,0.0,-1.99999994948e-05,0.0,9.99999974738e-06
1592033514164708702,50,1592033514112308025,,0.0,-0.0,9.99999974738e-06,-0.0
1592033514218176199,51,1592033514165899038,,0.0,-9.99999974738e-06,0.0,9.99999974738e-06
1592033514270857239,52,1592033514218553066,,0.0,-0.0,0.0,0.0
1592033514323558113,53,1592033514271204948,,0.0,-0.0,-9.99999974738e-06,-0.0
1592033514425784495,54,1592033514324362993,,0.0,-9.99999974738e-06,-0.0,9.99999974738e-06
1592033514477945160,55,1592033514426198959,,0.0,-1.99999994948e-05,-1.99999994948e-05,9.99999974738e-06
1592033514529719429,56,1592033514478364944,,0.0,-2.99999992421e-05,-9.99999974738e-06,1.99999994948e-05
1592033514582475740,57,1592033514529938936,,0.0,0.0,-0.0,-0.0
1592033514635827251,58,1592033514583460092,,0.0,9.99999974738e-06,-1.99999994948e-05,-0.0
1592033514688896888,59,1592033514636368036,,0.0,-9.99999974738e-06,9.99999974738e-06,9.99999974738e-06
1592033514742226633,60,1592033514689909934,,0.0,1.99999994948e-05,-9.99999974738e-06,-1.99999994948e-05
1592033514795527384,61,1592033514742954015,,0.0,-0.0,-9.99999974738e-06,-0.0
1592033514848236538,62,1592033514795907020,,0.0,-0.0,-0.0,9.99999974738e-06
1592033514951393393,63,1592033514848676919,,0.0,-9.99999974738e-06,9.99999974738e-06,0.0
1592033515004448721,64,1592033514952050924,,0.0,0.0,9.99999974738e-06,0.0
1592033515056236815,65,1592033515004729986,,0.0,1.99999994948e-05,9.99999974738e-06,-1.99999994948e-05
1592033515108111119,66,1592033515056581020,,0.0,0.0,0.0,-0.0
1592033515159887712,67,1592033515108129978,,0.0,-9.99999974738e-06,1.99999994948e-05,9.99999974738e-06
1592033515212608983,68,1592033515160126924,,0.0,-9.99999974738e-06,0.0,0.0
1592033515315115236,69,1592033515212779998,,0.0,1.99999994948e-05,-9.99999974738e-06,-1.99999994948e-05
1592033515367878751,70,1592033515314831018,,0.0,-2.99999992421e-05,0.0,1.99999994948e-05
1592033515421969977,71,1592033515369426965,,0.0,-0.0,2.99999992421e-05,9.99999974738e-06
1592033515474846831,72,1592033515422260999,,0.0,-9.99999974738e-06,-9.99999974738e-06,9.99999974738e-06
1592033515527800983,73,1592033515474809885,,0.0,9.99999974738e-06,0.0,-9.99999974738e-06
1592033515580732169,74,1592033515528031110,,0.0,-3.99999989895e-05,-0.0,1.99999994948e-05
1592033515635573810,75,1592033515581154108,,0.0,-1.99999994948e-05,-9.99999974738e-06,1.99999994948e-05
1592033515687039830,76,1592033515635763883,,0.0,2.99999992421e-05,9.99999974738e-06,-1.99999994948e-05
1592033515739687125,77,1592033515687462091,,0.0,1.99999994948e-05,-1.99999994948e-05,-1.99999994948e-05
1592033515791338740,78,1592033515740072011,,0.0,9.99999974738e-06,-0.0,-1.99999994948e-05
1592033515842834419,79,1592033515791558027,,0.0,9.99999974738e-06,0.0,-9.99999974738e-06
1592033515895161128,80,1592033515843081951,,0.0,9.99999974738e-06,9.99999974738e-06,-9.99999974738e-06
1592033515951724592,81,1592033515896276950,,0.0,1.99999994948e-05,-1.99999994948e-05,-1.99999994948e-05
1592033516004159881,82,1592033515951869010,,0.0,1.99999994948e-05,-0.0,-9.99999974738e-06
1592033516057343556,83,1592033516005233049,,0.0,-0.0,-9.99999974738e-06,-0.0
1592033516108726716,84,1592033516057508945,,0.0,2.99999992421e-05,-0.0,-2.99999992421e-05
1592033516161260401,85,1592033516108886003,,0.0,2.99999992421e-05,1.99999994948e-05,-9.99999974738e-06
1592033516213366658,86,1592033516160823106,,9.99999974738e-05,-3.99999989895e-05,0.0,3.99999989895e-05
1592033516316704754,87,1592033516214346885,,0.0,-9.99999974738e-06,-1.99999994948e-05,0.0
1592033516369376124,88,1592033516317007064,,0.0,-0.0,-0.0,1.99999994948e-05
1592033516421201056,89,1592033516369088888,,0.0,9.99999974738e-06,-0.0,-9.99999974738e-06
1592033516774540135,90,1592033516421478033,,0.0,2.99999992421e-05,-1.99999994948e-05,-1.99999994948e-05
1592033516827129825,91,1592033516774880886,,0.0,9.99999974738e-06,-3.99999989895e-05,9.99999974738e-06
1592033516879258009,92,1592033516827377080,,0.000399999989895,0.000360000005458,4.99999987369e-05,-5.99999984843e-05
1592033516930676338,93,1592033516879406929,,0.00260000000708,0.00258999993093,4.99999987369e-05,-0.000199999994948
1592033516982132637,94,1592033516930936098,,0.00650000013411,0.00651999982074,-0.000390000001062,-3.99999989895e-05
1592033517038640535,95,1592033516982342958,,0.0114000001922,0.0113399997354,-0.000750000006519,-4.99999987369e-05
1592033517090118442,96,1592033517038851976,,0.0164000000805,0.0164000000805,-0.00115999998525,-9.99999974738e-05
1592033517143185408,97,1592033517090420007,,0.0214000009,0.0213099997491,-0.00147000001743,-9.99999974738e-05
1592033517196540717,98,1592033517144295930,,0.0276999995112,0.0276599992067,-0.00193000002764,-0.000130000000354
1592033517248860427,99,1592033517196645021,,0.0328000001609,0.0327199995518,-0.00228999997489,-0.000159999995958
1592033517302774166,100,1592033517249409914,,0.0377999991179,0.0376800000668,-0.00261999992654,-0.000150000007125
1592033517355534958,101,1592033517302537918,,0.0675999969244,0.0674199983478,-0.00457999994978,-0.000310000003083
1592033517406846986,102,1592033517355191946,,0.0746000036597,0.0744599997997,-0.00528000015765,-0.000250000011874
1592033517459359470,103,1592033517407164096,,0.0791999995708,0.0790000036359,-0.00584000023082,-3.99999989895e-05
1592033517511956841,104,1592033517459681034,,0.0800999999046,0.0799100026488,-0.0055800001137,-0.00034999998752
1592033517615568242,105,1592033517513035058,,0.0803000032902,0.0800800025463,-0.00559000018984,-0.000369999994291
1592033517668652158,106,1592033517616638898,,0.0799999982119,0.079779997468,-0.0054199998267,-0.000289999996312
1592033517721428578,107,1592033517669132947,,0.0798999965191,0.0797500014305,-0.00543999997899,-0.000330000009853
1592033517774184049,108,1592033517721671104,,0.0794000029564,0.0792400017381,-0.00557000003755,-0.000220000001718
1592033517825659913,109,1592033517774269104,,0.0759999975562,0.0758500024676,-0.00539000006393,-0.000110000000859
1592033517880393198,110,1592033517827343940,,0.0696000009775,0.0694700032473,-0.00471000000834,-0.000289999996312
1592033517932599110,111,1592033517880109071,,0.0610000006855,0.0608900003135,-0.00412000017241,0.0
1592033517985173724,112,1592033517932708978,,0.0500000007451,0.0499499998987,-0.000440000003437,-7.00000018696e-05
1592033518041810507,113,1592033517985434055,,0.0375999994576,0.0372299998999,0.00528000015765,-0.000180000002729
1592033518094847549,114,1592033518042237997,,0.028599999845,0.0258600004017,0.0122100003064,-0.000190000006114
1592033518147536124,115,1592033518095020055,,0.0250000003725,0.0155899999663,0.0195000004023,-0.000150000007125
1592033518199185376,116,1592033518147382974,,0.0299999993294,0.000530000019353,0.0300299990922,-0.000209999998333
1592033518250224953,117,1592033518198972940,,0.0388999991119,-0.00903999991715,0.0378499999642,9.99999974738e-05
1592033518302581435,118,1592033518250442981,,0.048599999398,-0.0208199992776,0.0439100004733,0.000199999994948
1592033518355837750,119,1592033518302803039,,0.0555999986827,-0.0324000008404,0.0451700016856,-5.99999984843e-05
1592033518407660564,120,1592033518355927944,,0.0608999989927,-0.0413499996066,0.0447200015187,3.99999989895e-05
1592033518459923794,121,1592033518408406019,,0.0656000003219,-0.0482800006866,0.0443800017238,-0.000250000011874
1592033518511518505,122,1592033518460171937,,0.0657000020146,-0.0515599995852,0.0406900011003,-9.00000013644e-05
1592033518563148388,123,1592033518511877059,,0.0644000023603,-0.054200001061,0.034770000726,2.99999992421e-05
1592033518614989608,124,1592033518563347101,,0.0637999996543,-0.0575199984014,0.0275899991393,7.00000018696e-05
1592033518666461102,125,1592033518615247964,,0.0661000013351,-0.0630600005388,0.0199100002646,9.99999974738e-05
1592033518718223664,126,1592033518666738986,,0.0706000030041,-0.0695699974895,0.0118399998173,0.000169999999343
1592033518770484643,127,1592033518718372106,,0.075900003314,-0.0757699981332,0.0042699999176,-9.00000013644e-05
1592033518872949627,128,1592033518770813941,,0.0793000012636,-0.0793000012636,-0.00133999995887,-0.000230000005104
1592033518925478301,129,1592033518873121976,,0.0799999982119,-0.0799399986863,-0.00304000009783,9.99999974738e-06
1592033518978444181,130,1592033518925615072,,0.0802000015974,-0.0800800025463,-0.00374999991618,0.000119999996969
1592033519030616081,131,1592033518978111028,,0.0798999965191,-0.0797699987888,-0.00474999984726,0.000150000007125
1592033519082969513,132,1592033519030796051,,0.0802000015974,-0.0799600034952,-0.0059299999848,0.000140000003739
1592033519185600142,133,1592033519083353042,,0.0794999971986,-0.07920999825,-0.00711000012234,0.000119999996969
1592033519239325729,134,1592033519187129020,,0.0798000022769,-0.0792500004172,-0.00934000033885,9.00000013644e-05
1592033519291227681,135,1592033519239382982,,0.0795999988914,-0.0788099989295,-0.0112100001425,4.99999987369e-05
1592033519343225519,136,1592033519291461944,,0.0794999971986,-0.0784699991345,-0.0129800001159,2.99999992421e-05
1592033519395322421,137,1592033519343607902,,0.0799999982119,-0.0785399973392,-0.0151599999517,7.9999997979e-05
1592033519447138315,138,1592033519395622014,,0.0795999988914,-0.0776500031352,-0.0174100007862,3.99999989895e-05
1592033519498648240,139,1592033519447402000,,0.0798999965191,-0.0770900025964,-0.0208899993449,7.9999997979e-05
1592033519551210541,140,1592033519499003887,,0.0794000029564,-0.0760200023651,-0.0229499991983,1.99999994948e-05
1592033519603788883,141,1592033519551527023,,0.0797000005841,-0.0756400004029,-0.0251000002027,4.99999987369e-05
1592033519707408395,142,1592033519604298114,,0.0793000012636,-0.0745700001717,-0.0269699990749,5.99999984843e-05
1592033519759991087,143,1592033519707607030,,0.0798999965191,-0.0739199966192,-0.0302099995315,7.9999997979e-05
1592033519812300846,144,1592033519760159015,,0.0798000022769,-0.0724999979138,-0.0334700010717,0.000110000000859
1592033519864489950,145,1592033519812690973,,0.0798000022769,-0.0715600028634,-0.0354099981487,0.000140000003739
1592033519916186918,146,1592033519864847898,,0.0798000022769,-0.0705799981952,-0.0373199991882,0.000169999999343
1592033519968853264,147,1592033519916457891,,0.0793000012636,-0.0688999965787,-0.0391799993813,5.99999984843e-05
1592033520021158643,148,1592033519968978881,,0.0790999978781,-0.0671000033617,-0.0419100001454,2.99999992421e-05
1592033520074212746,149,1592033520021471977,,0.0778999999166,-0.0630199983716,-0.0458500012755,-4.99999987369e-05
1592033520127541961,150,1592033520075171947,,0.076099999249,-0.0572800002992,-0.0500800013542,4.99999987369e-05
1592033520230200902,151,1592033520127882957,,0.0738999992609,-0.050569999963,-0.0539099983871,7.00000018696e-05
1592033520283056120,152,1592033520230588912,,0.0715000033379,-0.039730001241,-0.0594700016081,-9.00000013644e-05
1592033520334798846,153,1592033520283376932,,0.0702000036836,-0.027729999274,-0.0644500032067,-0.000150000007125
1592033520386530479,154,1592033520334903955,,0.0679000020027,-0.0176599994302,-0.0655699968338,-2.99999992421e-05
1592033520439354984,155,1592033520386785984,,0.0661000013351,-0.00553999980912,-0.0658999979496,9.00000013644e-05
1592033520492086048,156,1592033520440371036,,0.0661000013351,0.00657999981195,-0.065719999373,7.9999997979e-05
1592033520544062956,157,1592033520492446899,,0.0675000026822,0.0181200001389,-0.0649899989367,5.99999984843e-05
1592033520596467648,158,1592033520544192075,,0.069399997592,0.0291000008583,-0.0629500001669,7.9999997979e-05
1592033520698960718,159,1592033520596571922,,0.0709000006318,0.0384999997914,-0.0595000013709,7.9999997979e-05
1592033520751062993,160,1592033520699155092,,0.0722000002861,0.0481100007892,-0.0538400001824,-2.99999992421e-05
1592033520804031622,161,1592033520751873016,,0.0733999982476,0.0539800003171,-0.0497599989176,-9.00000013644e-05
1592033520856734664,162,1592033520804286956,,0.077500000596,0.0644899979234,-0.0430499985814,2.99999992421e-05
1592033520908856973,163,1592033520856846094,,0.0782999992371,0.0682400017977,-0.0384900011122,0.000130000000354
1592033520962018574,164,1592033520909861087,,0.0798999965191,0.0712300017476,-0.0361800007522,-9.99999974738e-06
1592033521014633555,165,1592033520962229013,,0.0798999965191,0.0722900032997,-0.0340100005269,-0.000180000002729
1592033521067087374,166,1592033521015697956,,0.0795999988914,0.0729300007224,-0.0319700017571,-0.000119999996969
1592033521118690839,167,1592033521067327976,,0.0797000005841,0.0738100036979,-0.0301200002432,-7.00000018696e-05
1592033521221219126,168,1592033521118813037,,0.0797000005841,0.0745100006461,-0.0283400006592,-7.00000018696e-05
1592033521274545128,169,1592033521222203969,,0.0795999988914,0.0755800008774,-0.0249700006098,-3.99999989895e-05
1592033521325565137,170,1592033521273977994,,0.0793000012636,0.0763100013137,-0.0215900000185,9.99999974738e-06
1592033521376896500,171,1592033521325588941,,0.0794000029564,0.0769300013781,-0.0194400008768,1.99999994948e-05
1592033521428503896,172,1592033521377137899,,0.0791999995708,0.0773200020194,-0.0170699991286,-3.99999989895e-05
1592033521480629989,173,1592033521428706884,,0.0798999965191,0.0785199999809,-0.014969999902,-4.99999987369e-05
1592033521532066312,174,1592033521480781078,,0.0791999995708,0.0782200023532,-0.0122999995947,-3.99999989895e-05
1592033521583546553,175,1592033521532289028,,0.0794999971986,0.0788599997759,-0.00984000042081,-5.99999984843e-05
1592033521636245567,176,1592033521583894014,,0.0798999965191,0.079549998045,-0.00762999989092,-7.00000018696e-05
1592033521687717228,177,1592033521635905981,,0.0794999971986,0.07935000211,-0.00559000018984,-4.99999987369e-05
1592033521739837604,178,1592033521688002109,,0.0798999965191,0.0797600001097,-0.00394999980927,-2.99999992421e-05
1592033521842275381,179,1592033521739990949,,0.0798000022769,0.0797600001097,-0.00164000003133,9.99999974738e-06
1592033521894213263,180,1592033521842896938,,0.0802000015974,0.080150000751,-0.000380000012228,-4.99999987369e-05
1592033521946381312,181,1592033521894507884,,0.0803000032902,0.0802500024438,0.000339999998687,-9.99999974738e-06
1592033521998096530,182,1592033521946590900,,0.0802000015974,0.0802199989557,0.00115000002552,3.99999989895e-05
1592033522050124896,183,1592033521998462915,,0.0797000005841,0.0797099992633,0.00167999998666,-0.0
1592033522102493082,184,1592033522050350904,,0.0784000009298,0.0782900005579,0.00431999983266,0.000209999998333
1592033522155257210,185,1592033522102991104,,0.0728000029922,0.0718699991703,0.0115400003269,9.99999974738e-06
1592033522207813458,186,1592033522155369043,,0.0671999976039,0.0645399987698,0.0188599992543,-7.9999997979e-05
1592033522260779478,187,1592033522208138942,,0.0646999999881,0.0591900013387,0.0260199997574,-5.99999984843e-05
1592033522363416105,188,1592033522260911941,,0.0635000020266,0.0547199994326,0.0322300009429,-5.99999984843e-05
1592033522415495417,189,1592033522363626956,,0.0657000020146,0.0530200004578,0.0388399995863,-2.99999992421e-05
1592033522466948370,190,1592033522415695905,,0.0671000033617,0.049469999969,0.0453299991786,-3.99999989895e-05
1592033522519303471,191,1592033522467179059,,0.0689999982715,0.0490299984813,0.0486100018024,-4.99999987369e-05
1592033522571218001,192,1592033522519471883,,0.0694999992847,0.046890001744,0.0513399988413,0.000119999996969
1592033522622851600,193,1592033522571362972,,0.070000000298,0.0419000014663,0.0560199990869,-9.99999974738e-06
1592033522724834568,194,1592033522623066902,,0.0696000009775,0.0364000014961,0.059280000627,-0.000250000011874
1592033522777146107,195,1592033522725029945,,0.0688000023365,0.0318400003016,0.0610300004482,9.99999974738e-06
1592033522829693284,196,1592033522777445077,,0.068400003016,0.0314100012183,0.0607700012624,4.99999987369e-05
1592033522882099190,197,1592033522829924106,,0.0675999969244,0.0296199992299,0.0607799999416,4.99999987369e-05
1592033522934675452,198,1592033522882498025,,0.0672999992967,0.0266600009054,0.0618400014937,2.99999992421e-05
1592033523037184067,199,1592033522934973001,,0.0662000030279,0.0181200001389,0.063670001924,0.000110000000859
1592033523088652442,200,1592033523037333011,,0.0617999993265,0.00285000004806,0.0617399998009,0.000150000007125
1592033523140160949,201,1592033523088798046,,0.0621000006795,-0.00886000040919,0.0615100003779,-1.99999994948e-05
1592033523192145494,202,1592033523140429019,,0.063299998641,-0.0175199992955,0.0608600005507,-0.000289999996312
1592033523294383196,203,1592033523192418098,,0.0599000006914,-0.021080000326,0.0560400001705,0.000150000007125
1592033523346464518,204,1592033523294018030,,0.0450999997556,-0.0232299994677,0.0386300012469,3.99999989895e-05
1592033523398664503,205,1592033523347259044,,0.035300001502,-0.0276299994439,0.0219999998808,3.99999989895e-05
1592033523451478577,206,1592033523398837089,,0.0317000001669,-0.0301900003105,0.0095600001514,1.99999994948e-05
1592033523503811031,207,1592033523451168060,,0.0331999994814,-0.0329999998212,-0.00346000003628,3.99999989895e-05
1592033523606285387,208,1592033523503493070,,0.0395000018179,-0.0358599983156,-0.0166699998081,2.99999992421e-05
1592033523658255699,209,1592033523606030941,,0.0493000000715,-0.0378100015223,-0.0316799990833,-0.000110000000859
1592033523710768926,210,1592033523658559083,,0.0590999983251,-0.0359300002456,-0.0469500012696,-9.00000013644e-05
1592033523763265652,211,1592033523711165904,,0.0648000016809,-0.0330599993467,-0.0557500012219,3.99999989895e-05
1592033523815728091,212,1592033523763554096,,0.0715999975801,-0.0322600007057,-0.0639199987054,0.000150000007125
1592033523868641560,213,1592033523816020011,,0.0769999995828,-0.0334400013089,-0.0693399980664,-0.000140000003739
1592033523920020114,214,1592033523868302106,,0.0795999988914,-0.0345299988985,-0.07174000144,-9.00000013644e-05
1592033523971934805,215,1592033523920753002,,0.0750000029802,-0.032689999789,-0.0674799978733,-1.99999994948e-05
1592033524024363231,216,1592033523972212076,,0.0683000013232,-0.0299600008875,-0.0614200010896,3.99999989895e-05
1592033524076389294,217,1592033524024653911,,0.0608000010252,-0.0267200004309,-0.054659999907,3.99999989895e-05
1592033524129193988,218,1592033524077184915,,0.0542999990284,-0.0252000000328,-0.0481199994683,0.000220000001718
1592033524181831394,219,1592033524130001068,,0.0450999997556,-0.0263500008732,-0.0365700013936,-9.99999974738e-05
1592033524234245545,220,1592033524182473897,,0.0373999997973,-0.0287500005215,-0.023979999125,-0.000140000003739
1592033524286310386,221,1592033524234998941,,0.0318999998271,-0.0300099998713,-0.010719999671,-4.99999987369e-05
1592033524339010324,222,1592033524286573886,,0.0315999984741,-0.0314499996603,0.00337999989279,9.99999974738e-05
1592033524391381183,223,1592033524339266061,,0.0375999994576,-0.0340999998152,0.0157500002533,0.000110000000859
1592033524443176866,224,1592033524391802072,,0.0458999983966,-0.0382400006056,0.0254299994558,0.000230000005104
1592033524495118868,225,1592033524443348884,,0.0531000010669,-0.0444299988449,0.0290699992329,7.00000018696e-05
1592033524547453348,226,1592033524495443105,,0.0593000017107,-0.0519899986684,0.0286299996078,3.99999989895e-05
1592033524600099134,227,1592033524547715902,,0.0659999996424,-0.0598700009286,0.0276999995112,5.99999984843e-05
1592033524652339787,228,1592033524600217103,,0.0698999986053,-0.0652600005269,0.0250899996608,-9.99999974738e-05
1592033524704814770,229,1592033524652600049,,0.0687000006437,-0.0662799999118,0.0181099995971,0.000300000014249
1592033524756810064,230,1592033524705123901,,0.0656000003219,-0.0653200000525,0.00647999998182,0.000239999993937
1592033524808420353,231,1592033524756825923,,0.0653999969363,-0.0650800019503,-0.00626000016928,0.000190000006114
1592033524860388134,232,1592033524808613061,,0.0672999992967,-0.0643699988723,-0.0196000002325,7.00000018696e-05
1592033524912853089,233,1592033524860739946,,0.0703999996185,-0.0627700015903,-0.0317800007761,4.99999987369e-05
1592033524965771226,234,1592033524913603067,,0.0732000023127,-0.0605500005186,-0.0411100015044,7.00000018696e-05
1592033525018569901,235,1592033524966131925,,0.0749000012875,-0.0593000017107,-0.0457499995828,4.99999987369e-05
1592033525072067148,236,1592033525019629001,,0.074500001967,-0.0594099983573,-0.0450000017881,9.99999974738e-06
1592033525125227753,237,1592033525073120117,,0.0723000019789,-0.0591100007296,-0.0416800007224,4.99999987369e-05
1592033525177915576,238,1592033525125550031,,0.0696000009775,-0.0594800002873,-0.0361500009894,7.00000018696e-05
1592033525229971064,239,1592033525178348064,,0.0671000033617,-0.0607299990952,-0.0284800007939,4.99999987369e-05
1592033525331867417,240,1592033525230273008,,0.0657000020146,-0.0628900006413,-0.0188599992543,9.99999974738e-05
1592033525384726207,241,1592033525332281112,,0.0667999982834,-0.066550001502,-0.00559999980032,9.00000013644e-05
1592033525437318926,242,1592033525385046005,,0.069200001657,-0.0691500008106,0.00328000006266,4.99999987369e-05
1592033525490286475,243,1592033525437520027,,0.0728000029922,-0.0717300027609,0.0122400000691,5.99999984843e-05
1592033525542743141,244,1592033525490664958,,0.0768000036478,-0.0739099979401,0.0207499992102,2.99999992421e-05
1592033525594629119,245,1592033525543226003,,0.0790000036359,-0.0738800019026,0.028049999848,-7.00000018696e-05
1592033525646857039,246,1592033525594803094,,0.0784000009298,-0.0705099999905,0.0341899991035,0.0
1592033525699639426,247,1592033525647113084,,0.076700001955,-0.0662799999118,0.0385599993169,0.000280000007479
1592033525751477804,248,1592033525700078010,,0.075300000608,-0.064010001719,0.0397399999201,0.000180000002729
1592033525803977750,249,1592033525752085924,,0.0710999965668,-0.0622799992561,0.0343800000846,-3.99999989895e-05
1592033525856248645,250,1592033525804789066,,0.061700001359,-0.0562199987471,0.0253299996257,-0.000479999987874
1592033525908585796,251,1592033525856425046,,0.0463000014424,-0.0428300015628,0.0174599997699,-0.000190000006114
1592033525960824550,252,1592033525908586025,,0.0344000011683,-0.0298500005156,0.0170399993658,0.000190000006114
1592033526012930366,253,1592033525960958957,,0.0272000003606,-0.0195099990815,0.0190099999309,5.99999984843e-05
1592033526064764513,254,1592033526012685060,,0.0262000001967,-0.0119500001892,0.0232800003141,-3.99999989895e-05
1592033526117279890,255,1592033526065115928,,0.0278999991715,-0.00543999997899,0.0273299999535,0.000119999996969
1592033526169696043,256,1592033526117544889,,0.0286999996752,-0.00149000005331,0.0286100003868,0.000110000000859
1592033526272293525,257,1592033526170042991,,0.0295000001788,0.00129000004381,0.0295100007206,-0.000250000011874
1592033526324834612,258,1592033526272540092,,0.0333000011742,0.000760000024457,0.0333399996161,-1.99999994948e-05
1592033526377465014,259,1592033526324976921,,0.0359000004828,9.99999974738e-05,0.03587000072,-1.99999994948e-05
1592033526430263856,260,1592033526377860069,,0.0368999987841,-0.00118000002112,0.0368399992585,9.99999974738e-06
1592033526482729704,261,1592033526430399894,,0.0348999984562,-0.00156999996398,0.0348899997771,-0.000159999995958
1592033526586654187,262,1592033526483864068,,0.0326000005007,-0.001200000057,0.0326000005007,-0.000130000000354
1592033526639951869,263,1592033526587228059,,0.0375000014901,0.001200000057,0.0375100001693,-0.000310000003083
1592033526692421391,264,1592033526639842987,,0.0359999984503,0.00536999991164,0.0355900004506,-0.000180000002729
1592033526744533688,265,1592033526692652940,,0.0340000018477,0.0111699998379,0.032120000571,-0.000110000000859
1592033526796347020,266,1592033526744708061,,0.0326999984682,0.0161400008947,0.0284400004894,-1.99999994948e-05
1592033526897797860,267,1592033526796433925,,0.0329999998212,0.0197899993509,0.0264599993825,-0.000360000005458
1592033526949847291,268,1592033526897994041,,0.0401000007987,0.0343500003219,0.0207400005311,-0.000169999999343
1592033527002744506,269,1592033526950337886,,0.0504000000656,0.0452699996531,0.0220899991691,-0.000239999993937
1592033527055325456,270,1592033527002994060,,0.0597999989986,0.0521700009704,0.0292399991304,0.000140000003739
1592033527158866998,271,1592033527055682897,,0.0662000030279,0.0548599995673,0.0371299982071,7.9999997979e-05
1592033527211220040,272,1592033527159003019,,0.069399997592,0.0575999990106,0.0386300012469,-0.000230000005104
1592033527264389192,273,1592033527211479902,,0.0710000023246,0.063529998064,0.0317800007761,5.99999984843e-05
1592033527315962086,274,1592033527263907909,,0.0722000002861,0.0659900009632,0.0292300004512,-2.99999992421e-05
1592033527369135280,275,1592033527316200971,,0.0719999969006,0.0665799975395,0.0273299999535,-3.99999989895e-05
1592033527420095077,276,1592033527368804931,,0.0718000009656,0.0677699968219,0.0237900000066,4.99999987369e-05
1592033527471804112,277,1592033527420234918,,0.0683000013232,0.0667800009251,0.014240000397,0.000500000023749
1592033527523377870,278,1592033527472136974,,0.0593000017107,0.0588600002229,0.00687000015751,-4.99999987369e-05
1592033527576829898,279,1592033527523770093,,0.0467000007629,0.0465499982238,0.00359999993816,9.00000013644e-05
1592033527628271299,280,1592033527576484918,,0.0333999991417,0.0333900004625,-0.000730000028852,3.99999989895e-05
1592033527680709908,281,1592033527628488063,,0.0208000000566,0.0200500003994,-0.0054999999702,1.99999994948e-05
1592033527734020429,282,1592033527682226896,,0.0144999995828,-0.00101000000723,-0.0144600002095,9.99999974738e-06
1592033527785719167,283,1592033527733725070,,0.025399999693,-0.0159699991345,-0.019750000909,2.99999992421e-05
1592033527838106301,284,1592033527785964012,,0.0401000007987,-0.03125,-0.0251499991864,0.000119999996969
1592033527889769049,285,1592033527838434934,,0.0549000017345,-0.0456500016153,-0.0304400008172,1.99999994948e-05
1592033527941547366,286,1592033527890081882,,0.0675999969244,-0.0582100003958,-0.0342999994755,-7.9999997979e-05
1592033527993316108,287,1592033527941767930,,0.0741000026464,-0.0661000013351,-0.0335199981928,-9.99999974738e-05
1592033528044934682,288,1592033527993659973,,0.0762000009418,-0.0697100013494,-0.030700000003,-4.99999987369e-05
1592033528097607215,289,1592033528045151948,,0.0754000023007,-0.0694200024009,-0.0295499991626,0.000199999994948
1592033528150003724,290,1592033528097790002,,0.0741999968886,-0.0677800029516,-0.0303000006825,0.000269999989541
1592033528202431089,291,1592033528150300979,,0.0716999992728,-0.0635500028729,-0.0332899987698,-9.99999974738e-06
1592033528259988205,292,1592033528202753067,,0.068599998951,-0.0561899989843,-0.0394000001252,0.000260000000708
1592033528313250445,293,1592033528260875940,,0.0653000026941,-0.0477100014687,-0.0445900000632,0.000209999998333
1592033528416185114,294,1592033528313627958,,0.0636999979615,-0.0403599999845,-0.049240000546,0.000110000000859
1592033528468686673,295,1592033528416515111,,0.0601000003517,-0.0263500008732,-0.0540699996054,-0.000110000000859
1592033528520301420,296,1592033528468924999,,0.0551000013947,-0.0153999999166,-0.0529399998486,-7.00000018696e-05
1592033528622403115,297,1592033528520596981,,0.0511999987066,-0.00476999999955,-0.0510200001299,-3.99999989895e-05
1592033528674935920,298,1592033528622822046,,0.0518999993801,0.0136900003999,-0.0500500015914,3.99999989895e-05
1592033528727481053,299,1592033528675306081,,0.0577000007033,0.0251599997282,-0.0519700013101,-2.99999992421e-05
1592033528780313058,300,1592033528727744102,,0.0641999989748,0.0369599983096,-0.0525600016117,-3.99999989895e-05
1592033528838277927,301,1592033528780240058,,0.0683000013232,0.0459100008011,-0.0505999997258,7.00000018696e-05
1592033528889897524,302,1592033528838567018,,0.069399997592,0.052760001272,-0.0451399981976,-7.9999997979e-05
1592033528941640675,303,1592033528889950990,,0.0710999965668,0.0590800009668,-0.0396399982274,1.99999994948e-05
1592033528993988904,304,1592033528941804885,,0.069399997592,0.0616400018334,-0.0319399982691,3.99999989895e-05
1592033529045680334,305,1592033528994282007,,0.0679000020027,0.0644000023603,-0.0215199999511,-4.99999987369e-05
1592033529098093105,306,1592033529045948982,,0.0646999999881,0.0623699985445,-0.0173799991608,-0.000150000007125
1592033529200482936,307,1592033529098133087,,0.0637999996543,0.0624499991536,-0.0131799997762,-9.00000013644e-05
1592033529252688827,308,1592033529200536012,,0.0631999969482,0.0630400031805,-0.00431999983266,-2.99999992421e-05
1592033529305348235,309,1592033529252975940,,0.0634000003338,0.0634199976921,0.000110000000859,-4.99999987369e-05
1592033529359091832,310,1592033529305682897,,0.0640000030398,0.0638500005007,0.00467000016943,-7.9999997979e-05
1592033529411631810,311,1592033529358840942,,0.0645999982953,0.0640399977565,0.00867000035942,9.99999974738e-06
1592033529463391600,312,1592033529411881923,,0.0658000037074,0.0645700022578,0.0128399999812,-9.99999974738e-05
1592033529515854459,313,1592033529463618993,,0.0666999965906,0.0648000016809,0.0158399995416,-0.000180000002729
1592033529568538751,314,1592033529516175985,,0.070799998939,0.0688999965787,0.0162899997085,-0.000159999995958
1592033529620979093,315,1592033529568802118,,0.0766000002623,0.0746100023389,0.0171900000423,0.000180000002729
1592033529673653039,316,1592033529621088027,,0.0793000012636,0.0773200020194,0.0175299998373,0.000110000000859
1592033529726925565,317,1592033529674771070,,0.0803000032902,0.0782700031996,0.0177900008857,-9.99999974738e-05
1592033529778677097,318,1592033529727206945,,0.0798999965191,0.0778900012374,0.0177100002766,-4.99999987369e-05
1592033529830756700,319,1592033529778784990,,0.0786999985576,0.0767600014806,0.0174000002444,0.000209999998333
1592033529886528397,320,1592033529830646038,,0.0733999982476,0.0715700015426,0.0163700003177,9.99999974738e-05
1592033529942044813,321,1592033529886985063,,0.0646999999881,0.0631200000644,0.0143400002271,0.000119999996969
1592033530044006250,322,1592033529941720008,,0.0555999986827,0.0542900003493,0.0121200000867,0.000130000000354
1592033530096777289,323,1592033530044425964,,0.0408000014722,0.0400200001895,0.00805000029504,0.000250000011874
1592033530149074862,324,1592033530096807003,,0.0280000008643,0.0277600008994,0.00365999992937,2.99999992421e-05
1592033530250986568,325,1592033530149234056,,0.0138999996707,0.0138400001451,-0.00104000000283,0.000110000000859
1592033530302993002,326,1592033530251260042,,0.00920000020415,-0.00511999987066,-0.00766000011936,0.000119999996969
1592033530355144516,327,1592033530303205013,,0.0219000000507,-0.01823999919,-0.0121900001541,0.000159999995958
1592033530407623261,328,1592033530355489969,,0.0346000008285,-0.0309399999678,-0.0154799995944,0.000140000003739
1592033530459561390,329,1592033530407319068,,0.0452000014484,-0.0416899994016,-0.0174199994653,-0.000250000011874
1592033530512293669,330,1592033530460030078,,0.0504000000656,-0.0475100018084,-0.0168399997056,-2.99999992421e-05
1592033530563867308,331,1592033530512525081,,0.0529999993742,-0.051210001111,-0.0135700004175,0.000159999995958
1592033530616838610,332,1592033530564096927,,0.0575000010431,-0.0564999990165,-0.0108700003475,0.000150000007125
1592033530668673950,333,1592033530616471052,,0.0663999989629,-0.0653399974108,-0.0116800004616,-0.000159999995958
1592033530722249005,334,1592033530669723033,,0.0662000030279,-0.0647300034761,-0.0137499999255,9.99999974738e-06
1592033530826905673,335,1592033530721805095,,0.061700001359,-0.0591499991715,-0.0174599997699,-9.99999974738e-05
1592033530879691369,336,1592033530827415943,,0.0430000014603,-0.0370999984443,-0.0217799991369,-0.000130000000354
1592033530981125026,337,1592033530879312992,,0.0294000003487,-0.0234500002116,-0.0177900008857,-9.99999974738e-06
1592033531032482792,338,1592033530981187105,,0.00999999977648,-0.00860000029206,-0.00509000010788,0.000130000000354
1592033531084032916,339,1592033531032665967,,0.00329999998212,-0.00292000011541,-0.00152000004891,0.000150000007125
1592033531136681670,340,1592033531084347963,,0.00200000009499,0.000520000001416,-0.00187999999616,7.00000018696e-05
1592033531189267694,341,1592033531136795043,,0.00329999998212,0.00292000011541,-0.00150999997277,-0.000119999996969
1592033531241112235,342,1592033531188930034,,0.0063000000082,0.00588000006974,0.00225999997929,-4.99999987369e-05
1592033531343882255,343,1592033531241441965,,0.0136000001803,0.00956999976188,0.00961000006646,7.00000018696e-05
1592033531395720758,344,1592033531343786001,,0.0255999993533,0.00834000017494,0.0242400001734,9.00000013644e-05
1592033531448268717,345,1592033531395461082,,0.0364999994636,0.00690999999642,0.03579999879,0.000140000003739
1592033531501250662,346,1592033531448314905,,0.0546000003815,-0.00343000004068,0.0545299984515,0.000150000007125
1592033531553690229,347,1592033531501291036,,0.0615000016987,-0.0123899998143,0.0601999983191,9.99999974738e-06
1592033531606612419,348,1592033531554553031,,0.0659999996424,-0.0233200006187,0.0617100000381,-0.000110000000859
1592033531658683302,349,1592033531606883049,,0.0706000030041,-0.0262400005013,0.0654899999499,3.99999989895e-05
1592033531710790747,350,1592033531658924102,,0.0768000036478,-0.0286899991333,0.0711899995804,3.99999989895e-05
1592033531763937681,351,1592033531711122989,,0.0800999999046,-0.0300699993968,0.0741999968886,-0.0
1592033531866257200,352,1592033531764440059,,0.0798999965191,-0.030039999634,0.0740699991584,-1.99999994948e-05
1592033531919113994,353,1592033531866396903,,0.0781000033021,-0.0292099993676,0.0724299997091,-3.99999989895e-05
1592033531970574705,354,1592033531918787956,,0.0715999975801,-0.0268200002611,0.0663900002837,1.99999994948e-05
1592033532022604079,355,1592033531971334934,,0.0643000006676,-0.0240800008178,0.0595699995756,1.99999994948e-05
1592033532079548670,356,1592033532022860050,,0.0571000017226,-0.0212799999863,0.0530400015414,-2.99999992421e-05
1592033532131369026,357,1592033532079766035,,0.0483000017703,-0.015519999899,0.0457299984992,-0.000230000005104
1592033532184047367,358,1592033532131572961,,0.0377999991179,-0.00723000010476,0.0371400006115,5.99999984843e-05
1592033532236502383,359,1592033532184056043,,0.0280000008643,0.00236000004224,0.0279099997133,9.99999974738e-05
1592033532288660811,360,1592033532236584901,,0.0238000005484,0.0106499996036,0.0213099997491,2.99999992421e-05
1592033532341866589,361,1592033532288970947,,0.0255999993533,0.0182900000364,0.0179399996996,-7.9999997979e-05
1592033532393526526,362,1592033532342257022,,0.0293000005186,0.0269000008702,0.0116600003093,0.000140000003739
1592033532446304718,363,1592033532393789052,,0.0410000011325,0.0407800003886,-0.00425000023097,4.99999987369e-05
1592033532497959048,364,1592033532446542024,,0.047499999404,0.0463000014424,-0.0106899999082,2.99999992421e-05
1592033532549814674,365,1592033532498322010,,0.0533999986947,0.0512799993157,-0.0147299999371,-7.00000018696e-05
1592033532652808406,366,1592033532550189971,,0.0570000000298,0.0554799996316,-0.0132799996063,-7.9999997979e-05
1592033532704014709,367,1592033532652573108,,0.0617999993265,0.0603099986911,-0.0134100001305,0.000300000014249
1592033532757045947,368,1592033532704265117,,0.0615999996662,0.059319999069,-0.0167299993336,3.99999989895e-05
1592033532808810528,369,1592033532756627082,,0.0582999996841,0.0542800016701,-0.0212399996817,9.99999974738e-06
1592033532866168864,370,1592033532813424110,,0.0560000017285,0.0484200008214,-0.0280600003898,9.00000013644e-05
1592033532968185599,371,1592033532866004943,,0.0540999993682,0.0414399988949,-0.0347499996424,0.000169999999343
1592033533020161788,372,1592033532968379020,,0.0399000011384,0.0221500005573,-0.0331399999559,-0.000169999999343
1592033533076189876,373,1592033533020368099,,0.0295000001788,0.010540000163,-0.0275699999183,-0.000190000006114
1592033533128889326,374,1592033533076772928,,0.0175999999046,0.00179999996908,-0.0174700003117,-9.99999974738e-06
1592033533181393852,375,1592033533129230976,,0.0131000000983,-0.00728000001982,-0.0108399996534,0.000230000005104
1592033533233848116,376,1592033533181664943,,0.020300000906,-0.0165199991316,-0.0118000004441,0.0
1592033533286345652,377,1592033533234132051,,0.0359999984503,-0.035339999944,-0.0070799998939,-1.99999994948e-05
1592033533338242872,378,1592033533286530971,,0.0447000004351,-0.0445000007749,0.00372999999672,-2.99999992421e-05
1592033533391055502,379,1592033533338342905,,0.0515000000596,-0.0488799996674,0.0161400008947,-0.000180000002729
1592033533442952114,380,1592033533391319990,,0.056099999696,-0.0498999990523,0.0256099998951,-1.99999994948e-05
1592033533496338881,381,1592033533443208932,,0.0544000007212,-0.0461000017822,0.0288800001144,-0.000169999999343
1592033533547925171,382,1592033533495754957,,0.0441000014544,-0.0329400002956,0.0293000005186,0.000190000006114
1592033533599293988,383,1592033533548093080,,0.0296999998391,-0.0185199994594,0.0232500005513,0.000369999994291
1592033533651016566,384,1592033533599493980,,0.0148000000045,-0.00651000021026,0.0132999997586,0.000110000000859
1592033533704751437,385,1592033533651211023,,0.00839999970049,0.0063599999994,0.00551000004634,-0.000110000000859
1592033533760133637,386,1592033533705194950,,0.0206000003964,0.0206099990755,0.000880000006873,0.000239999993937
1592033533812231361,387,1592033533758399963,,0.0344000011683,0.0335099995136,-0.00798000022769,5.99999984843e-05
1592033533865543566,388,1592033533813260078,,0.0494000017643,0.0459199994802,-0.0183199997991,1.99999994948e-05
1592033533917690843,389,1592033533866322040,,0.0593000017107,0.0527400001884,-0.0271400008351,0.000319999991916
1592033533970444171,390,1592033533918015003,,0.0623999983072,0.0546899996698,-0.0299800001085,-7.9999997979e-05
1592033534023877012,391,1592033533970993041,,0.0606000013649,0.0526500009,-0.0300099998713,0.000110000000859
1592033534075728375,392,1592033534023514032,,0.0551000013947,0.0478500016034,-0.0273899994791,-0.000130000000354
1592033534178137700,393,1592033534076446056,,0.0489999987185,0.0405899994075,-0.0274199992418,0.000150000007125
1592033534230668903,394,1592033534178556919,,0.035300001502,0.0214099995792,-0.0280399993062,9.99999974738e-06
1592033534283372063,395,1592033534231126070,,0.0259000007063,0.00786000024527,-0.0246600005776,-1.99999994948e-05
1592033534336140325,396,1592033534283652067,,0.0217000003904,-0.00591999990866,-0.020850000903,-1.99999994948e-05
1592033534389346937,397,1592033534337265014,,0.0258000008762,-0.0196000002325,-0.0168099999428,-9.99999974738e-06
1592033534440988541,398,1592033534389614105,,0.0351999998093,-0.0335800014436,-0.0105799995363,-3.99999989895e-05
1592033534542705183,399,1592033534441292047,,0.0438000001013,-0.0435299985111,-0.00456999987364,-0.000140000003739
1592033534595135291,400,1592033534542881965,,0.0505999997258,-0.0502999983728,0.0050499998033,0.000130000000354
1592033534648162265,401,1592033534595828056,,0.055799998343,-0.0548599995673,0.0103500001132,0.000150000007125
1592033534700272138,402,1592033534647679090,,0.061400000006,-0.059280000627,0.0159600004554,0.000110000000859
1592033534754810321,403,1592033534700665950,,0.0679000020027,-0.0632899999619,0.0246699992567,-0.000159999995958
1592033534857470179,404,1592033534755350112,,0.0722000002861,-0.0619699992239,0.0371100008488,-7.00000018696e-05
1592033534911155255,405,1592033534858994007,,0.061400000006,-0.0507199987769,0.0345299988985,9.00000013644e-05
1592033534963762374,406,1592033534911689996,,0.0562000013888,-0.0442599989474,0.0345599986613,7.00000018696e-05
1592033535016274687,407,1592033534964132070,,0.0505000017583,-0.037349998951,0.0340199992061,5.99999984843e-05
1592033535068453968,408,1592033535016604900,,0.0443000011146,-0.0308400001377,0.0318400003016,9.99999974738e-05
1592033535122971087,409,1592033535068846940,,0.0381000004709,-0.0252999998629,0.0285400003195,7.9999997979e-05
1592033535175493892,410,1592033535123245954,,0.0273000001907,-0.0174300000072,0.0210200008005,-1.99999994948e-05
1592033535227150067,411,1592033535175791025,,0.0197999998927,-0.0125799998641,0.0153500000015,-1.99999994948e-05
1592033535279495750,412,1592033535227600097,,0.0126000000164,-0.00793999992311,0.00973999965936,9.99999974738e-06
1592033535331633850,413,1592033535280055999,,0.0054999999702,-0.00353000010364,0.00423000007868,1.99999994948e-05
1592033535386716100,414,1592033535331825017,,0.000699999975041,-0.000600000028498,0.000380000012228,7.9999997979e-05
1592033535438100479,415,1592033535386833906,,9.99999974738e-05,7.9999997979e-05,-1.99999994948e-05,-2.99999992421e-05
1592033535490587823,416,1592033535438397884,,9.99999974738e-05,9.99999974738e-05,-4.99999987369e-05,-2.99999992421e-05
1592033535543317440,417,1592033535491251945,,9.99999974738e-05,7.9999997979e-05,-9.99999974738e-06,-1.99999994948e-05
1592033535595017546,418,1592033535543607950,,9.99999974738e-05,7.9999997979e-05,-1.99999994948e-05,-1.99999994948e-05
1592033535647134487,419,1592033535595366954,,9.99999974738e-05,9.00000013644e-05,-9.99999974738e-06,-1.99999994948e-05
1592033535699263633,420,1592033535647906064,,9.99999974738e-05,4.99999987369e-05,-1.99999994948e-05,0.0
1592033535751729752,421,1592033535699651956,,9.99999974738e-05,7.9999997979e-05,-9.99999974738e-06,-2.99999992421e-05
1592033535804242020,422,1592033535752068996,,9.99999974738e-05,5.99999984843e-05,-9.99999974738e-06,-9.99999974738e-06
1592033535856700066,423,1592033535804542064,,0.0,3.99999989895e-05,-0.0,0.0
1592033535908322052,424,1592033535857019901,,9.99999974738e-05,5.99999984843e-05,-1.99999994948e-05,-1.99999994948e-05
1592033535959993767,425,1592033535908530950,,9.99999974738e-05,4.99999987369e-05,-0.0,-9.99999974738e-06
1592033536012940673,426,1592033535960314035,,0.0,2.99999992421e-05,-9.99999974738e-06,-0.0
1592033536065530654,427,1592033536013680934,,0.0,2.99999992421e-05,9.99999974738e-06,-0.0
1592033536117390574,428,1592033536065833091,,0.0,3.99999989895e-05,-0.0,-1.99999994948e-05
1592033536218804543,429,1592033536117475986,,0.0,3.99999989895e-05,0.0,-1.99999994948e-05
1592033536271381606,430,1592033536219217061,,0.0,9.99999974738e-06,-0.0,0.0
1592033536323719780,431,1592033536271620035,,0.0,9.99999974738e-06,1.99999994948e-05,0.0
1592033536427828677,432,1592033536324012041,,9.99999974738e-05,4.99999987369e-05,9.99999974738e-06,-2.99999992421e-05
1592033536479579060,433,1592033536427408933,,0.0,2.99999992421e-05,-0.0,-9.99999974738e-06
1592033536531676527,434,1592033536479810953,,0.0,9.99999974738e-06,-0.0,-9.99999974738e-06
1592033536584084937,435,1592033536531908035,,0.0,1.99999994948e-05,-1.99999994948e-05,-9.99999974738e-06
1592033536636809612,436,1592033536584755897,,0.0,9.99999974738e-06,1.99999994948e-05,-9.99999974738e-06
1592033536688224377,437,1592033536637013912,,0.0,9.99999974738e-06,9.99999974738e-06,-9.99999974738e-06
1592033536740913960,438,1592033536688538074,,0.0,-9.99999974738e-06,-0.0,9.99999974738e-06
1592033536792467531,439,1592033536741255998,,0.0,0.0,-9.99999974738e-06,-0.0
1592033536844697515,440,1592033536792651891,,0.0,2.99999992421e-05,-0.0,-1.99999994948e-05
1592033536897048435,441,1592033536844996929,,0.0,-0.0,-9.99999974738e-06,0.0
1592033536949401666,442,1592033536897314071,,0.0,-2.99999992421e-05,0.0,1.99999994948e-05
1592033537005581407,443,1592033536949737071,,0.0,-9.99999974738e-06,-9.99999974738e-06,9.99999974738e-06
1592033537056591119,444,1592033537005358934,,0.0,1.99999994948e-05,-1.99999994948e-05,-9.99999974738e-06
1592033537108299336,445,1592033537056854009,,0.0,-9.99999974738e-06,9.99999974738e-06,0.0
1592033537159879149,446,1592033537108475923,,0.0,-9.99999974738e-06,-0.0,9.99999974738e-06
1592033537261746909,447,1592033537159962892,,0.0,-1.99999994948e-05,-9.99999974738e-06,1.99999994948e-05
1592033537313495196,448,1592033537262079954,,0.0,1.99999994948e-05,1.99999994948e-05,-1.99999994948e-05
1592033537365148058,449,1592033537313741922,,0.0,-9.99999974738e-06,0.0,9.99999974738e-06
1592033537417755493,450,1592033537365346908,,0.0,-2.99999992421e-05,0.0,1.99999994948e-05
1592033537470073027,451,1592033537417917013,,0.0,1.99999994948e-05,-9.99999974738e-06,-9.99999974738e-06
1592033537522831805,452,1592033537470468044,,0.0,-0.0,0.0,-0.0
1592033537576277229,453,1592033537523617029,,0.0,-9.99999974738e-06,-0.0,-0.0
1592033537628163856,454,1592033537576527118,,0.0,-9.99999974738e-06,2.99999992421e-05,0.0
1592033537680414578,455,1592033537628411054,,0.0,-9.99999974738e-06,-0.0,9.99999974738e-06
