%time,field.header.seq,field.header.stamp,field.header.frame_id,field.value
1573193908819909705,201,1573193908767745971,,80.0
1573193908873481084,202,1573193908819442033,,80.0
1573193908925049338,203,1573193908872981071,,80.0
1573193908977192447,204,1573193908924659013,,80.0
1573193909029400010,205,1573193908976994991,,80.0
1573193909082061908,206,1573193909028708934,,80.0
1573193909136911830,207,1573193909081301927,,80.0
1573193909188091497,208,1573193909135543107,,80.0
1573193909289843585,209,1573193909187488079,,80.0
1573193909343768944,210,1573193909289264917,,80.0
1573193909394477761,211,1573193909342571020,,80.0
1573193909448437867,212,1573193909394272089,,80.0
1573193909499669867,213,1573193909447936058,,80.0
1573193909601335332,214,1573193909499553918,,80.0
1573193909654747525,215,1573193909600831985,,80.0
1573193909705997794,216,1573193909654267072,,80.0
1573193909759938100,217,1573193909705734014,,80.0
1573193909811371985,218,1573193909759205102,,80.0
1573193909865611020,219,1573193909811088085,,80.0
1573193909916670579,220,1573193909865176916,,80.0
1573193909972409918,221,1573193909916455030,,80.0
1573193910022911227,222,1573193909970838069,,80.0
1573193910073837643,223,1573193910022375106,,80.0
1573193910125601521,224,1573193910073585033,,80.0
1573193910177170570,225,1573193910125416994,,80.0
1573193910231653884,226,1573193910176692962,,80.0
1573193910282512384,227,1573193910231123924,,80.0
1573193910336846059,228,1573193910282351016,,80.0
1573193910437777285,229,1573193910336117982,,80.0
1573193910539906062,230,1573193910437608957,,80.0
1573193910591339028,231,1573193910539388895,,80.0
1573193910643046729,232,1573193910591021060,,80.0
1573193910694101678,233,1573193910642466068,,80.0
1573193910745016963,234,1573193910693614959,,80.0
1573193910796573291,235,1573193910744822978,,79.9499969482
1573193910847698103,236,1573193910796122074,,80.0
1573193910951704041,237,1573193910847352027,,80.0
1573193911003341978,238,1573193910950578927,,80.0
1573193911054197478,239,1573193911002770900,,80.0
1573193911107995460,240,1573193911053759098,,80.0
1573193911158923418,241,1573193911107084035,,80.0
1573193911213584048,242,1573193911158529996,,80.0
1573193911265284791,243,1573193911213124036,,80.0
1573193911566827408,244,1573193911264755964,,80.0
1573193911617760118,245,1573193911566226959,,80.0
1573193911671844997,246,1573193911617347002,,80.0
1573193911722691396,247,1573193911671200990,,80.0
1573193911773755667,248,1573193911722292900,,80.0
1573193911825113141,249,1573193911773550987,,80.0
1573193911876453941,250,1573193911824683904,,79.9499969482
1573193911931188520,251,1573193911876162052,,80.0
1573193911982379524,252,1573193911930666923,,79.9000015259
1573193912083501223,253,1573193911981967926,,77.4499969482
1573193912136852009,254,1573193912083292007,,72.75
1573193912188185941,255,1573193912136631965,,70.0500030518
1573193912242195929,256,1573193912187912940,,69.5500030518
1573193912293776261,257,1573193912242055892,,67.8000030518
1573193912345828264,258,1573193912293406009,,65.25
1573193912397604480,259,1573193912345733880,,63.3499984741
1573193912448449389,260,1573193912397047042,,62.7999992371
1573193912500314603,261,1573193912448164939,,62.7999992371
1573193912554509996,262,1573193912499752044,,62.6500015259
1573193912604526794,263,1573193912553035974,,62.4000015259
1573193912706200585,264,1573193912604301929,,58.7000007629
1573193912759821598,265,1573193912705770969,,56.0999984741
1573193912812661402,266,1573193912759458065,,54.7000007629
1573193912863864650,267,1573193912812388896,,53.75
1573193912917913937,268,1573193912863677978,,52.4000015259
1573193912968843251,269,1573193912917484998,,49.5
1573193913024210322,270,1573193912968559980,,45.5
1573193913078337931,271,1573193913023153066,,43.75
1573193913129004778,272,1573193913077037096,,43.9000015259
1573193913180722749,273,1573193913128760099,,43.75
1573193913232172172,274,1573193913180181980,,44.6999969482
1573193913283676188,275,1573193913231839895,,49.6500015259
1573193913335020211,276,1573193913283446073,,53.2999992371
1573193913386196071,277,1573193913334774017,,53.0499992371
1573193913439809624,278,1573193913385756015,,52.5
1573193913491768768,279,1573193913439363002,,52.1000022888
1573193913545332941,280,1573193913491463899,,51.0
1573193913596982183,281,1573193913545216083,,46.6500015259
1573193913647730773,282,1573193913596501111,,39.9500007629
1573193913701317164,283,1573193913647505044,,34.3000030518
1573193913752286129,284,1573193913700822114,,33.2999992371
1573193913804347744,285,1573193913751930952,,33.25
1573193913857761041,286,1573193913803697109,,35.0499992371
1573193913908669841,287,1573193913857127904,,40.7999992371
1573193913961474367,288,1573193913908397912,,47.1499977112
1573193914012489096,289,1573193913961195945,,53.5499992371
1573193914066665742,290,1573193914012288093,,59.7999992371
1573193914118079732,291,1573193914066195964,,65.9499969482
1573193914172959355,292,1573193914117625951,,72.3000030518
1573193914223843253,293,1573193914171497106,,78.6500015259
1573193914278401627,294,1573193914223428010,,79.9499969482
1573193914328902880,295,1573193914276880979,,79.9499969482
1573193914382888220,296,1573193914328775882,,79.9000015259
1573193914434320560,297,1573193914382175922,,79.9499969482
1573193914538202604,298,1573193914434030055,,78.9499969482
1573193914589416123,299,1573193914537468910,,66.6999969482
1573193914643105298,300,1573193914589060068,,59.25
1573193914693847157,301,1573193914641886949,,52.5
1573193914744538155,302,1573193914693269968,,46.25
1573193914798085459,303,1573193914744357109,,39.6499977112
1573193914903405054,304,1573193914797739028,,34.1499977112
1573193914954529011,305,1573193914903063058,,27.6499996185
1573193915008233658,306,1573193914954041004,,22.8000011444
1573193915059767770,307,1573193915007540941,,20.9000015259
1573193915113471013,308,1573193915059369087,,21.7500019073
1573193915164195818,309,1573193915112512111,,29.0
1573193915216583233,310,1573193915163847923,,36.3999977112
1573193915267379814,311,1573193915216217994,,42.8500022888
1573193915318508509,312,1573193915267153978,,48.75
1573193915370551553,313,1573193915318190097,,55.0
1573193915421426766,314,1573193915369913101,,60.7999992371
1573193915473604848,315,1573193915421021938,,71.6500015259
1573193915575667215,316,1573193915473659038,,77.5500030518
1573193915626653252,317,1573193915575180053,,79.5999984741
1573193915679980553,318,1573193915626184940,,77.8499984741
1573193915731432207,319,1573193915679111957,,75.5999984741
1573193915782483372,320,1573193915731134891,,73.1999969482
1573193915834298467,321,1573193915782260894,,71.1500015259
1573193915887175625,322,1573193915833949089,,69.25
1573193915938170230,323,1573193915886662960,,67.6999969482
1573193915989357847,324,1573193915937676906,,66.1999969482
1573193916042798468,325,1573193915988902091,,64.5
1573193916093968313,326,1573193916042519092,,64.0500030518
1573193916146302972,327,1573193916093482017,,62.8999977112
1573193916248921770,328,1573193916145530939,,64.8000030518
1573193916300185849,329,1573193916248765945,,67.6500015259
1573193916354626306,330,1573193916299997091,,68.1999969482
1573193916405567985,331,1573193916353262901,,65.3499984741
1573193916458824954,332,1573193916405054092,,66.9499969482
1573193916510266773,333,1573193916458271980,,69.4499969482
1573193916561663736,334,1573193916510057926,,66.9499969482
1573193916615854827,335,1573193916561371088,,61.1000022888
1573193916667271335,336,1573193916615328073,,54.0499992371
1573193916718433162,337,1573193916666980981,,48.4000015259
1573193916820329317,338,1573193916718239068,,42.2000007629
1573193916871050738,339,1573193916819768905,,39.2999992371
1573193916925995190,340,1573193916870810985,,38.7999992371
1573193916977268791,341,1573193916925478935,,37.0999984741
1573193917032333158,342,1573193916977133989,,39.9500007629
1573193917136343948,343,1573193917031522035,,45.3000030518
1573193917188099680,344,1573193917136118888,,43.25
1573193917239243223,345,1573193917187832117,,42.4000015259
1573193917290442773,346,1573193917239047050,,41.75
1573193917343999833,347,1573193917290216922,,40.7999992371
1573193917395442781,348,1573193917343533992,,39.4500007629
1573193917449245444,349,1573193917394901990,,31.4999980927
1573193917500544471,350,1573193917448890924,,28.1500015259
1573193917551477758,351,1573193917500000000,,25.3000011444
1573193917604041472,352,1573193917551007986,,20.4500007629
1573193917654627443,353,1573193917603287935,,19.5
1573193917757363305,354,1573193917654333114,,24.6000003815
1573193917810206178,355,1573193917757086992,,22.8999977112
1573193917861681729,356,1573193917809900999,,22.6999988556
1573193917914908225,357,1573193917861152887,,21.6499996185
1573193917967048543,358,1573193917914768934,,22.8500003815
1573193918017926867,359,1573193917966532945,,28.25
1573193918069029885,360,1573193918017546892,,31.6000003815
1573193918120307884,361,1573193918068526029,,34.0499992371
1573193918171949701,362,1573193918120018005,,39.0499992371
1573193918222928439,363,1573193918171422958,,40.7000007629
1573193918273995339,364,1573193918222440004,,42.1500015259
1573193918328966898,365,1573193918273540973,,53.25
1573193918380280032,366,1573193918328166961,,61.8999977112
1573193918433512025,367,1573193918379690885,,70.5999984741
1573193918486007172,368,1573193918433151960,,78.0
1573193918539390659,369,1573193918485193967,,79.9499969482
1573193918591181628,370,1573193918538527965,,79.9000015259
1573193918643132601,371,1573193918590532064,,79.9000015259
1573193918698406878,372,1573193918642594099,,79.8499984741
1573193918749987508,373,1573193918697977066,,79.9000015259
1573193918801180135,374,1573193918749507904,,79.9000015259
1573193918853021643,375,1573193918800965070,,79.9000015259
1573193918904184556,376,1573193918852611064,,79.9499969482
1573193918955830684,377,1573193918903897047,,78.9499969482
1573193919008658013,378,1573193918955426931,,72.8000030518
1573193919059992616,379,1573193919007672071,,65.4499969482
1573193919111786438,380,1573193919059711933,,59.2000007629
1573193919165753270,381,1573193919111509084,,53.75
1573193919266546327,382,1573193919165172100,,50.5
1573193919318156906,383,1573193919266166925,,52.4500007629
1573193919372645916,384,1573193919317784070,,52.6500015259
1573193919423373607,385,1573193919371345043,,52.8500022888
1573193919475035619,386,1573193919422842025,,52.8999977112
1573193919576171286,387,1573193919474739074,,53.5499992371
1573193919627188518,388,1573193919575908899,,60.9000015259
1573193919681122486,389,1573193919626934051,,65.8000030518
1573193919731736363,390,1573193919680387020,,68.3000030518
1573193919783545050,391,1573193919731550931,,68.0
1573193919889370469,392,1573193919783313035,,66.4499969482
1573193919940899721,393,1573193919888914108,,65.1500015259
1573193919991661541,394,1573193919940346956,,64.9000015259
1573193920045186179,395,1573193919991255044,,64.1999969482
1573193920095522261,396,1573193920044128894,,63.2999992371
1573193920148681992,397,1573193920095341920,,62.0499992371
1573193920202198080,398,1573193920148670911,,60.5999984741
1573193920253877319,399,1573193920202178955,,60.25
1573193920307548099,400,1573193920253712892,,60.0999984741
1573193920359058336,401,1573193920307164907,,60.0999984741
1573193920410134217,402,1573193920358753919,,60.0
1573193920511378120,403,1573193920409692049,,60.25
1573193920566827723,404,1573193920510972023,,60.5
1573193920617127825,405,1573193920565695047,,60.6500015259
1573193920672960806,406,1573193920617053031,,60.75
1573193920723443159,407,1573193920671678066,,61.0
1573193920825653626,408,1573193920723166942,,61.1000022888
1573193920876710539,409,1573193920825295925,,61.2999992371
1573193920930793640,410,1573193920876581907,,61.8499984741
1573193920981721337,411,1573193920930356025,,64.0
1573193921035668128,412,1573193920981654882,,66.5
1573193921086971948,413,1573193921035636901,,69.1500015259
1573193921142108434,414,1573193921086728096,,72.75
1573193921192863786,415,1573193921141360998,,75.6500015259
1573193921244012254,416,1573193921192650079,,77.6999969482
1573193921298372762,417,1573193921243695020,,77.0500030518
1573193921349413810,418,1573193921297053098,,74.6500015259
1573193921400587446,419,1573193921349225044,,69.6500015259
1573193921454198943,420,1573193921400181055,,67.3499984741
1573193921505481661,421,1573193921453645944,,66.9499969482
1573193921559096741,422,1573193921504918098,,66.6500015259
1573193921610782609,423,1573193921558367013,,66.5
1573193921662105785,424,1573193921610450029,,65.75
1573193921713728553,425,1573193921661669015,,63.6500015259
1573193921764853606,426,1573193921713465929,,61.5999984741
1573193921815907342,427,1573193921764416933,,60.4500007629
1573193921871168437,428,1573193921815506935,,60.9500007629
1573193921922828108,429,1573193921871365070,,62.25
1573193921975632231,430,1573193921922413110,,63.5
1573193922076590258,431,1573193921975205898,,64.75
1573193922131339547,432,1573193922076150894,,67.1500015259
1573193922181725850,433,1573193922129530906,,68.75
1573193922233004982,434,1573193922181178092,,70.8000030518
1573193922283911162,435,1573193922232423067,,69.8499984741
1573193922387891575,436,1573193922283674955,,65.6500015259
1573193922439175887,437,1573193922387320041,,61.7000007629
1573193922489950565,438,1573193922438652038,,61.7999992371
1573193922543857156,439,1573193922489698886,,61.7000007629
1573193922648302019,440,1573193922543067932,,61.7999992371
1573193922699952771,441,1573193922648006916,,63.25
1573193922753682542,442,1573193922699686050,,62.0
1573193922805007142,443,1573193922753015995,,62.9500007629
1573193922859621570,444,1573193922804527997,,66.4499969482
1573193922909965143,445,1573193922858144998,,71.0500030518
1573193923013443159,446,1573193922909475088,,75.1999969482
1573193923065384727,447,1573193923012938976,,80.0
1573193923116019273,448,1573193923064753055,,79.9499969482
1573193923167074197,449,1573193923115869998,,79.9499969482
1573193923222271952,450,1573193923167048931,,79.9499969482
1573193923273677942,451,1573193923221638917,,79.9499969482
1573193923324828066,452,1573193923273363113,,79.9499969482
1573193923378619166,453,1573193923324606895,,79.9499969482
1573193923430052612,454,1573193923378484964,,79.9499969482
1573193923483864067,455,1573193923429682016,,80.0
1573193923534870089,456,1573193923483165979,,78.3000030518
1573193923585561977,457,1573193923534354925,,72.8000030518
1573193923687019175,458,1573193923585292100,,67.6999969482
1573193923741278809,459,1573193923686501026,,57.1500015259
1573193923791748239,460,1573193923740032911,,52.0499992371
1573193923842642120,461,1573193923791296005,,50.4000015259
1573193923897726429,462,1573193923842259883,,50.2999992371
1573193923948552001,463,1573193923896903038,,50.5
1573193923999442358,464,1573193923948141098,,50.3499984741
1573193924051274731,465,1573193923999085903,,50.3499984741
1573193924105489008,466,1573193924050597906,,52.0
1573193924157263768,467,1573193924104829072,,57.0499992371
1573193924208620618,468,1573193924156991004,,61.6500015259
1573193924259845937,469,1573193924208399057,,72.6500015259
1573193924312693232,470,1573193924259605884,,78.3000030518
1573193924363580972,471,1573193924312302112,,79.0500030518
1573193924415107255,472,1573193924363415956,,74.75
1573193924468568292,473,1573193924414454936,,67.8499984741
1573193924574148192,474,1573193924468121051,,61.3499984741
1573193924625434332,475,1573193924573565959,,52.5499992371
1573193924679519439,476,1573193924625183105,,51.25
1573193924730794533,477,1573193924678843975,,51.25
1573193924784600435,478,1573193924730222940,,51.2000007629
1573193924836411040,479,1573193924783863067,,51.2999992371
1573193924889654472,480,1573193924835788965,,51.3499984741
1573193924940977111,481,1573193924889070987,,52.2000007629
1573193924993604376,482,1573193924940388917,,56.1500015259
1573193925044270064,483,1573193924992881059,,62.3499984741
1573193925148457133,484,1573193925043952941,,68.1999969482
1573193925249158176,485,1573193925147363901,,78.8000030518
1573193925300457104,486,1573193925248609066,,79.9499969482
1573193925352579613,487,1573193925300219058,,79.9499969482
1573193925403859732,488,1573193925352251052,,79.9499969482
1573193925457773593,489,1573193925403425931,,79.9499969482
1573193925508825839,490,1573193925457245111,,79.9499969482
1573193925563334487,491,1573193925508379936,,79.9499969482
1573193925615014995,492,1573193925562222003,,79.9499969482
1573193925666933315,493,1573193925614547014,,79.9499969482
1573193925718307544,494,1573193925666305065,,80.0
1573193925770009734,495,1573193925717859983,,79.9499969482
1573193925871783394,496,1573193925769587993,,79.5999984741
1573193925923448530,497,1573193925871495962,,76.4000015259
1573193925975408220,498,1573193925923384904,,71.9000015259
1573193926026965670,499,1573193925974837064,,66.5500030518
1573193926078309369,500,1573193926026694059,,60.5
1573193926129824968,501,1573193926078160047,,54.25
1573193926184234296,502,1573193926129249095,,48.0499992371
1573193926235377118,503,1573193926183945894,,45.2000007629
1573193926286476871,504,1573193926234977960,,44.8500022888
1573193926341081864,505,1573193926286062955,,44.8500022888
1573193926444511898,506,1573193926340792894,,44.6999969482
1573193926495038896,507,1573193926443697929,,46.3499984741
1573193926545966506,508,1573193926494704008,,52.2999992371
1573193926600849344,509,1573193926545706033,,57.9500007629
1573193926651868579,510,1573193926600218057,,64.3000030518
1573193926705182876,511,1573193926651397943,,70.6500015259
1573193926805651409,512,1573193926703883886,,76.1500015259
1573193926856676088,513,1573193926805452108,,70.6500015259
1573193926911687194,514,1573193926856456041,,67.4499969482
1573193926961861215,515,1573193926910233020,,67.1500015259
1573193927015079653,516,1573193926961524963,,67.0
1573193927116176792,517,1573193927014738082,,65.9000015259
1573193927169663506,518,1573193927115792036,,67.0500030518
1573193927221215996,519,1573193927169398069,,67.0999984741
1573193927273611083,520,1573193927220782041,,67.0
1573193927325098638,521,1573193927273211002,,67.0500030518
1573193927426216817,522,1573193927324871063,,67.5999984741
1573193927478815016,523,1573193927425780057,,76.1500015259
1573193927529720688,524,1573193927478035926,,79.5999984741
1573193927581321079,525,1573193927529427051,,80.0
1573193927632441033,526,1573193927580941915,,79.9499969482
1573193927683818091,527,1573193927632117033,,79.9499969482
1573193927735497534,528,1573193927683509111,,79.9499969482
1573193927836863762,529,1573193927735135078,,79.9499969482
1573193927888317695,530,1573193927836543083,,79.25
1573193927942401240,531,1573193927887800931,,75.0999984741
1573193927992304011,532,1573193927940843105,,68.8000030518
1573193928044530809,533,1573193927992113113,,62.3499984741
1573193928146812450,534,1573193928044255971,,57.3499984741
1573193928198740273,535,1573193928146469116,,51.5499992371
1573193928252714984,536,1573193928198219060,,48.6000022888
1573193928303607367,537,1573193928252115011,,45.9500007629
1573193928355887804,538,1573193928303430080,,45.0
1573193928408214940,539,1573193928355488061,,44.4000015259
1573193928459919965,540,1573193928408010005,,41.3999977112
1573193928510935018,541,1573193928459609031,,46.2999992371
1573193928564087265,542,1573193928510575056,,53.0499992371
1573193928614567236,543,1573193928563250064,,58.6500015259
1573193928668395617,544,1573193928614334106,,62.8999977112
1573193928719662245,545,1573193928668098926,,65.5500030518
1573193928771372874,546,1573193928719463109,,63.8999977112
1573193928825052733,547,1573193928771001100,,60.9500007629
1573193928877560740,548,1573193928824793100,,59.3999977112
1573193928929272802,549,1573193928877280950,,59.3999977112
1573193928981164856,550,1573193928928684949,,60.0499992371
1573193929083940457,551,1573193928980824947,,61.7999992371
1573193929136407240,552,1573193929083216905,,65.25
1573193929187889516,553,1573193929135863065,,65.75
1573193929239411711,554,1573193929187448024,,64.6500015259
1573193929290825876,555,1573193929239125013,,63.1000022888
1573193929344203194,556,1573193929290335893,,60.75
1573193929395337115,557,1573193929343332052,,61.25
1573193929448227870,558,1573193929395061969,,62.4500007629
1573193929502113593,559,1573193929447376012,,62.5999984741
1573193929552186766,560,1573193929500905036,,62.7000007629
1573193929604007123,561,1573193929551989078,,62.6500015259
1573193929706874498,562,1573193929603475093,,61.2999992371
1573193929757392975,563,1573193929705673933,,65.0
1573193929812142692,564,1573193929757174968,,68.5
1573193929863579115,565,1573193929811712026,,72.8000030518
1573193929964504724,566,1573193929863046884,,78.0500030518
1573193930019366552,567,1573193929964241027,,79.9499969482
1573193930070794861,568,1573193930018788099,,80.0
1573193930121962299,569,1573193930070578098,,79.9499969482
1573193930175828350,570,1573193930121620893,,79.9499969482
1573193930226718994,571,1573193930175144910,,79.9499969482
1573193930329180099,572,1573193930226527929,,79.9499969482
1573193930380723171,573,1573193930328435897,,79.6500015259
1573193930431743971,574,1573193930380364894,,75.8000030518
1573193930483293846,575,1573193930431365013,,70.0500030518
1573193930536588342,576,1573193930482820034,,63.7999992371
1573193930588091678,577,1573193930536314010,,55.4500007629
1573193930689572366,578,1573193930587888956,,49.1499977112
1573193930744134819,579,1573193930689273118,,43.0
1573193930794757260,580,1573193930742701053,,41.75
1573193930845665850,581,1573193930794301986,,41.7000007629
1573193930899314647,582,1573193930845454931,,41.6499977112
1573193930952171176,583,1573193930898847103,,38.7999992371
1573193931005562210,584,1573193930951273918,,43.0
1573193931057011955,585,1573193931004746913,,49.25
1573193931110458051,586,1573193931056461095,,55.9000015259
1573193931162431798,587,1573193931110135078,,62.7000007629
1573193931263644185,588,1573193931161839962,,68.8000030518
1573193931315138635,589,1573193931263442039,,78.4000015259
1573193931370504805,590,1573193931314671993,,79.9000015259
1573193931421207672,591,1573193931369075059,,79.9499969482
1573193931475262005,592,1573193931420695066,,79.9499969482
1573193931526928356,593,1573193931474062919,,79.9499969482
1573193931580390407,594,1573193931526237964,,79.9499969482
1573193931631266788,595,1573193931579596042,,79.9000015259
1573193931682490897,596,1573193931631138086,,78.3000030518
1573193931736272085,597,1573193931682250976,,75.9499969482
1573193931837667004,598,1573193931735650062,,74.0
1573193931890989442,599,1573193931837090969,,69.1500015259
1573193931942333351,600,1573193931890638113,,67.6999969482
1573193931997499456,601,1573193931941874027,,67.3499984741
1573193932048732190,602,1573193931996968984,,67.4499969482
1573193932103042811,603,1573193932048326015,,67.4000015259
1573193932154045371,604,1573193932102641105,,67.5
1573193932207364459,605,1573193932153551101,,67.8499984741
1573193932259511871,606,1573193932206820964,,67.8499984741
1573193932311507552,607,1573193932259138107,,67.4499969482
1573193932363221820,608,1573193932310928106,,63.25
1573193932464340826,609,1573193932362942934,,58.9000015259
1573193932517569006,610,1573193932463851928,,69.9499969482
1573193932568903715,611,1573193932517151117,,74.9000015259
1573193932623546861,612,1573193932568434000,,74.1999969482
1573193932674085736,613,1573193932622277021,,70.6999969482
1573193932725056185,614,1573193932673784971,,68.4000015259
1573193932826212515,615,1573193932724869012,,64.9499969482
1573193932880360035,616,1573193932825758934,,60.1499977112
1573193932931824623,617,1573193932879854917,,55.25
1573193932983504928,618,1573193932931606054,,50.1000022888
1573193933035244764,619,1573193932983261108,,47.7999992371
1573193933086231012,620,1573193933034743070,,53.7000007629
1573193933140101496,621,1573193933085973024,,60.0
1573193933190915669,622,1573193933139405965,,65.9000015259
1573193933242221609,623,1573193933190838098,,70.5
1573193933296092508,624,1573193933242068052,,72.8000030518
1573193933399596862,625,1573193933295595884,,76.6500015259
1573193933451331498,626,1573193933399072885,,79.8499984741
1573193933502593661,627,1573193933451142072,,79.9000015259
1573193933553989081,628,1573193933502409934,,79.9499969482
1573193933606055798,629,1573193933553579092,,79.9499969482
1573193933659306402,630,1573193933605468988,,79.9499969482
1573193933710562201,631,1573193933658942937,,79.9499969482
1573193933765633050,632,1573193933710513114,,79.9499969482
1573193933817965198,633,1573193933765650987,,79.9499969482
1573193933871675644,634,1573193933817281007,,79.9499969482
1573193933923504192,635,1573193933871037006,,79.9499969482
1573193933974491164,636,1573193933922986984,,79.9499969482
1573193934075604001,637,1573193933974199056,,80.0
1573193934126972996,638,1573193934075395107,,78.0500030518
1573193934181075480,639,1573193934126528978,,74.6999969482
1573193934234135986,640,1573193934180398941,,69.5999984741
1573193934285240841,641,1573193934233772993,,66.75
1573193934338711299,642,1573193934285065889,,66.5500030518
1573193934390174596,643,1573193934338310003,,66.4499969482
1573193934442275335,644,1573193934389744043,,66.4499969482
1573193934493513777,645,1573193934441937923,,66.4000015259
1573193934547745363,646,1573193934493288040,,66.4000015259
1573193934598515067,647,1573193934547097921,,66.4499969482
1573193934649734267,648,1573193934598334074,,65.8000030518
1573193934703411015,649,1573193934649354934,,69.8000030518
1573193934755137518,650,1573193934703512907,,76.3000030518
1573193934806144983,651,1573193934754592895,,79.75
1573193934860473252,652,1573193934805587053,,79.9499969482
1573193934961162195,653,1573193934859452009,,80.0
1573193935014451234,654,1573193934960757970,,80.0
1573193935067336398,655,1573193935013573884,,80.0
1573193935119410604,656,1573193935066930055,,79.8499984741
1573193935172933070,657,1573193935118961095,,77.6999969482
1573193935224437739,658,1573193935172485113,,75.9499969482
1573193935278528563,659,1573193935224215030,,74.8499984741
1573193935330177209,660,1573193935278196096,,74.4499969482
1573193935383897148,661,1573193935329531908,,74.4499969482
1573193935435461896,662,1573193935383516073,,74.5
1573193935486315645,663,1573193935434950113,,74.5
1573193935587747396,664,1573193935486188888,,73.9499969482
1573193935638676383,665,1573193935587337017,,74.5
1573193935689586263,666,1573193935638434886,,74.5
1573193935743517136,667,1573193935689457893,,74.9000015259
1573193935794707970,668,1573193935742825984,,77.25
1573193935845526822,669,1573193935794224023,,79.4499969482
1573193935901261556,670,1573193935845042943,,79.8499984741
1573193935953237335,671,1573193935901156902,,79.9000015259
1573193936005337594,672,1573193935952755928,,79.9000015259
1573193936056598589,673,1573193936005053997,,79.5
1573193936111838988,674,1573193936056381940,,75.5500030518
1573193936162789191,675,1573193936111295938,,69.3000030518
1573193936213859515,676,1573193936162400960,,67.8499984741
1573193936267530552,677,1573193936213588953,,66.3499984741
1573193936318470562,678,1573193936267116069,,62.4000015259
1573193936370628507,679,1573193936318201065,,58.4500007629
1573193936421835293,680,1573193936370079040,,54.4000015259
1573193936522797190,681,1573193936421446084,,49.9500007629
1573193936575748902,682,1573193936522568941,,45.3000030518
1573193936626801375,683,1573193936574840068,,41.6499977112
1573193936681215603,684,1573193936626398086,,41.25
1573193936732078285,685,1573193936680043935,,42.4000015259
1573193936786501098,686,1573193936731605052,,40.5499992371
1573193936837029769,687,1573193936785204887,,41.6499977112
1573193936891236925,688,1573193936836312055,,44.6500015259
1573193936942250644,689,1573193936890578031,,47.3999977112
1573193936995886140,690,1573193936941756963,,50.6500015259
1573193937047826439,691,1573193936995301961,,54.4000015259
1573193937148804532,692,1573193937047343969,,59.4500007629
1573193937200359024,693,1573193937148286104,,64.6999969482
1573193937251177017,694,1573193937199795961,,69.25
1573193937305433978,695,1573193937251007080,,71.1999969482
1573193937356475303,696,1573193937304806947,,71.6999969482
1573193937409883665,697,1573193937356008052,,72.0
1573193937516076437,698,1573193937409269094,,74.5999984741
1573193937567070404,699,1573193937515746116,,76.9000015259
1573193937619062391,700,1573193937566694974,,77.0999984741
1573193937672758265,701,1573193937618463039,,77.0
1573193937724663201,702,1573193937672342061,,77.0500030518
1573193937828137562,703,1573193937724276065,,76.9000015259
1573193937879936049,704,1573193937827822923,,79.0999984741
1573193937930913215,705,1573193937879702091,,79.8499984741
1573193937984248448,706,1573193937930809974,,79.9499969482
1573193938084920646,707,1573193937983326911,,79.9499969482
1573193938136345131,708,1573193938084470033,,80.0
1573193938190090715,709,1573193938135759115,,80.0
1573193938241029390,710,1573193938189604997,,80.0
1573193938295108985,711,1573193938240782976,,80.0
1573193938346064158,712,1573193938294190883,,80.0
1573193938399575711,713,1573193938345586061,,80.0
1573193938450893219,714,1573193938399354934,,80.0
1573193938504200779,715,1573193938450570106,,80.0
1573193938555184413,716,1573193938503849029,,79.9499969482
1573193938609417764,717,1573193938554795980,,78.5
1573193938660690997,718,1573193938608959913,,75.5500030518
1573193938711821564,719,1573193938660486936,,73.0999984741
1573193938763117378,720,1573193938711556911,,68.6999969482
1573193938814385023,721,1573193938762967109,,63.75
1573193938869546294,722,1573193938814187049,,59.3500022888
1573193938920520866,723,1573193938868942975,,57.6500015259
1573193938974186148,724,1573193938920089960,,57.3499984741
1573193939026143383,725,1573193938974158048,,57.0
1573193939080394771,726,1573193939025945901,,56.6500015259
1573193939131777183,727,1573193939079761981,,57.6500015259
1573193939185673457,728,1573193939131267070,,59.2000007629
1573193939289532947,729,1573193939185561895,,63.5999984741
1573193939340842268,730,1573193939289067029,,69.75
1573193939395630621,731,1573193939340409994,,73.5999984741
1573193939446008203,732,1573193939394119024,,75.8499984741
1573193939498223422,733,1573193939445723056,,76.3499984741
1573193939548942081,734,1573193939497507095,,76.4000015259
1573193939605192369,735,1573193939548619031,,74.9499969482
1573193939655000958,736,1573193939603472948,,71.5500030518
1573193939708983919,737,1573193939654814004,,71.5
1573193939761138698,738,1573193939708465099,,71.5999984741
1573193939862687080,739,1573193939760828971,,71.5999984741
1573193939916210341,740,1573193939862051010,,71.5999984741
1573193939967623516,741,1573193939916048049,,71.6999969482
1573193940018765654,742,1573193939967353105,,71.6500015259
1573193940072486072,743,1573193940018615007,,71.6500015259
1573193940123248194,744,1573193940071455001,,71.6999969482
1573193940174878724,745,1573193940123035907,,73.6500015259
1573193940229512378,746,1573193940174623966,,78.0
1573193940281303414,747,1573193940228187084,,79.8000030518
1573193940333544355,748,1573193940281014919,,79.9499969482
1573193940385337210,749,1573193940333067893,,79.9499969482
1573193940436651963,750,1573193940384716033,,79.9499969482
1573193940488388001,751,1573193940436371088,,79.9499969482
1573193940540039396,752,1573193940488078117,,79.9499969482
1573193940591216130,753,1573193940539506912,,79.9499969482
1573193940642516093,754,1573193940591063976,,79.9499969482
1573193940696466809,755,1573193940642091989,,79.9499969482
1573193940797249230,756,1573193940695894002,,79.9499969482
1573193940852668752,757,1573193940796781063,,79.9499969482
1573193940903904413,758,1573193940852200031,,79.9499969482
1573193940957519049,759,1573193940903398036,,78.1999969482
1573193941008725999,760,1573193940957319021,,74.4000015259
1573193941060079493,761,1573193941008544921,,72.25
1573193941114619578,762,1573193941059737920,,72.9499969482
1573193941165861199,763,1573193941113928079,,70.5999984741
1573193941216903369,764,1573193941165576934,,67.9000015259
1573193941268300674,765,1573193941216459989,,66.6999969482
1573193941322250147,766,1573193941267762899,,66.4000015259
1573193941423679145,767,1573193941321655035,,65.0999984741
1573193941474927502,768,1573193941423146963,,64.9000015259
1573193941529005654,769,1573193941474612951,,65.5999984741
1573193941579990661,770,1573193941528348922,,67.1999969482
1573193941633597323,771,1573193941579711914,,68.9000015259
1573193941736388818,772,1573193941633153915,,70.8000030518
1573193941788644162,773,1573193941735892057,,71.25
1573193941839816974,774,1573193941788285017,,70.6999969482
1573193941890759488,775,1573193941839425086,,68.0999984741
1573193941991955583,776,1573193941890484094,,63.8999977112
1573193942043128167,777,1573193941991735935,,62.3499984741
1573193942097025104,778,1573193942042572021,,66.1999969482
1573193942147973317,779,1573193942096262931,,67.0500030518
1573193942199964800,780,1573193942147531986,,65.9499969482
1573193942253010737,781,1573193942199657917,,65.6500015259
1573193942303751124,782,1573193942252161026,,65.3499984741
1573193942355024249,783,1573193942303280115,,64.0500030518
1573193942409709417,784,1573193942354522943,,64.3000030518
1573193942460245716,785,1573193942408194065,,66.5999984741
1573193942513343189,786,1573193942459793090,,68.25
1573193942564559439,787,1573193942512902975,,68.6999969482
1573193942615482263,788,1573193942564362049,,71.4000015259
1573193942671703732,789,1573193942615293025,,74.6999969482
1573193942721691874,790,1573193942670150041,,77.4000015259
1573193942772721984,791,1573193942721524953,,78.9499969482
1573193942828057329,792,1573193942772444009,,79.6999969482
1573193942878392130,793,1573193942826492071,,79.9000015259
1573193942929459068,794,1573193942878151893,,79.9000015259
1573193942982637132,795,1573193942929089069,,79.9499969482
1573193943033776622,796,1573193942982297897,,79.9499969482
1573193943084696247,797,1573193943033288955,,79.9499969482
1573193943139208069,798,1573193943084311008,,79.9499969482
1573193943189118589,799,1573193943137758970,,79.9499969482
1573193943290513614,800,1573193943188791036,,79.9499969482
1573193943343603497,801,1573193943290297031,,79.9499969482
1573193943394682905,802,1573193943343183040,,79.0999984741
1573193943447205525,803,1573193943394479990,,76.4499969482
1573193943549480630,804,1573193943446717023,,71.9000015259
1573193943600420121,805,1573193943548933982,,62.9500007629
1573193943651971647,806,1573193943600137948,,58.9500007629
1573193943703073238,807,1573193943651434898,,58.3999977112
1573193943755930981,808,1573193943702811956,,58.3999977112
1573193943806920173,809,1573193943755553960,,58.75
1573193943861701613,810,1573193943806756019,,59.75
1573193943912401801,811,1573193943860964059,,58.1500015259
1573193943963581442,812,1573193943912123918,,59.0
1573193944014868381,813,1573193943963046073,,61.1000022888
1573193944069016808,814,1573193944014631032,,65.3499984741
1573193944172999629,815,1573193944068281888,,74.5999984741
1573193944223792677,816,1573193944171854019,,77.4499969482
1573193944276827391,817,1573193944223402023,,77.25
1573193944328158118,818,1573193944276618003,,77.3000030518
1573193944380445727,819,1573193944327800989,,77.4000015259
1573193944431096464,820,1573193944379739999,,76.5999984741
1573193944485328272,821,1573193944430869102,,72.4000015259
1573193944535913152,822,1573193944484435081,,67.6500015259
1573193944587369601,823,1573193944535511016,,62.4500007629
1573193944638670173,824,1573193944587152957,,57.5
1573193944693025337,825,1573193944638179063,,52.25
1573193944744038209,826,1573193944692464113,,43.9500007629
1573193944797672767,827,1573193944743828058,,38.3499984741
1573193944902248953,828,1573193944797154903,,32.6499977112
1573193944952998333,829,1573193944901721000,,26.6999988556
1573193945005152009,830,1573193944952892065,,23.5500011444
1573193945056369563,831,1573193945004925966,,22.75
1573193945107690146,832,1573193945056207895,,22.2499980927
1573193945159109440,833,1573193945107425928,,22.4000015259
1573193945260849595,834,1573193945158607006,,21.8499984741
1573193945312362378,835,1573193945260679006,,22.0499992371
1573193945363553805,836,1573193945311867952,,25.3999996185
1573193945415779777,837,1573193945363343954,,31.1499996185
1573193945469732093,838,1573193945415463924,,36.0
1573193945521479169,839,1573193945469386100,,42.7999992371
1573193945572714039,840,1573193945521286964,,48.5
1573193945626994565,841,1573193945572555065,,54.1500015259
1573193945678517713,842,1573193945626508951,,59.4500007629
1573193945729583982,843,1573193945678272962,,64.5500030518
1573193945780875142,844,1573193945729429006,,70.0
1573193945881621813,845,1573193945780414104,,77.5999984741
1573193945983182754,846,1573193945881525993,,78.3000030518
1573193946034311567,847,1573193945982781887,,79.5999984741
1573193946085564781,848,1573193946034073114,,79.75
1573193946139858404,849,1573193946085062026,,79.8499984741
1573193946190889356,850,1573193946138350963,,79.8499984741
1573193946247073899,851,1573193946190562009,,79.9000015259
1573193946298694689,852,1573193946246742010,,79.9499969482
1573193946349536843,853,1573193946298249959,,79.9499969482
1573193946401095571,854,1573193946349183082,,79.9499969482
1573193946455257944,855,1573193946400839090,,80.0
1573193946506573220,856,1573193946454632043,,80.0
1573193946558124384,857,1573193946506210088,,79.9000015259
1573193946610210271,858,1573193946557957887,,77.4499969482
1573193946661376661,859,1573193946609738111,,75.0999984741
1573193946713967504,860,1573193946660881042,,76.9000015259
1573193946766083975,861,1573193946713417053,,76.0500030518
1573193946817217820,862,1573193946765362024,,76.1500015259
1573193946918085993,863,1573193946816785097,,76.0500030518
1573193947019258210,864,1573193946917910099,,76.3499984741
1573193947070775908,865,1573193947019021987,,76.5999984741
1573193947126544191,866,1573193947070276975,,76.5999984741
1573193947176877436,867,1573193947125073909,,76.5500030518
1573193947231074855,868,1573193947176549911,,74.75
1573193947282162282,869,1573193947230113983,,73.4499969482
1573193947337129917,870,1573193947281627893,,76.9000015259
1573193947388238991,871,1573193947336209058,,79.5999984741
1573193947439233518,872,1573193947388058900,,79.8000030518
1573193947491332969,873,1573193947439028024,,79.9000015259
1573193947542561321,874,1573193947490986108,,79.9499969482
1573193947594669546,875,1573193947542453050,,79.9499969482
1573193947646105913,876,1573193947594423055,,79.9499969482
1573193947697736749,877,1573193947645850896,,80.0
1573193947749191570,878,1573193947697211980,,80.0
1573193947800630582,879,1573193947748653888,,79.75
1573193947851835397,880,1573193947799947977,,78.9499969482
1573193947953264012,881,1573193947851507902,,77.25
1573193948007388956,882,1573193947952672004,,69.8499984741
1573193948058650955,883,1573193948006934881,,65.5
1573193948111440919,884,1573193948058403015,,62.4000015259
1573193948162655965,885,1573193948111022949,,63.5999984741
1573193948217775670,886,1573193948162305116,,65.0999984741
1573193948269581969,887,1573193948217497110,,65.4000015259
1573193948323610624,888,1573193948269016027,,65.4499969482
1573193948375741251,889,1573193948322618961,,65.5
1573193948426294401,890,1573193948374836921,,65.1500015259
1573193948527187446,891,1573193948425750970,,67.3000030518
1573193948581837778,892,1573193948527015924,,74.6500015259
1573193948633037253,893,1573193948580141067,,77.5500030518
1573193948687740066,894,1573193948632828950,,76.8000030518
1573193948738483298,895,1573193948686645984,,78.1500015259
1573193948839937053,896,1573193948737947940,,79.5999984741
1573193948893357213,897,1573193948839699983,,79.8499984741
1573193948945283789,898,1573193948893018960,,77.3499984741
1573193948999452306,899,1573193948944773912,,75.4000015259
1573193949049801967,900,1573193948998275041,,76.9000015259
1573193949150744018,901,1573193949049582004,,77.5500030518
1573193949202726627,902,1573193949150614976,,77.4499969482
1573193949253602759,903,1573193949202300071,,77.4499969482
1573193949307375496,904,1573193949253458023,,77.4000015259
1573193949411440920,905,1573193949307071924,,77.4000015259
1573193949512382536,906,1573193949410944938,,77.5999984741
1573193949566479014,907,1573193949511934041,,77.6500015259
1573193949616602977,908,1573193949565306901,,77.1500015259
1573193949670058771,909,1573193949616504907,,76.1500015259
1573193949721632825,910,1573193949669964075,,78.4499969482
1573193949772385481,911,1573193949721137046,,79.75
1573193949824444763,912,1573193949771960973,,79.9000015259
1573193949878761322,913,1573193949823970079,,79.9499969482
1573193949930321985,914,1573193949877563953,,80.0
1573193949982379763,915,1573193949929697990,,80.0
1573193950033679971,916,1573193949981998920,,80.0
1573193950084959161,917,1573193950033492088,,80.0
1573193950136363085,918,1573193950084733963,,80.0
1573193950187832999,919,1573193950136264085,,80.0
1573193950242056041,920,1573193950187697887,,80.0
1573193950293286934,921,1573193950241282939,,80.0
1573193950395641645,922,1573193950293010950,,80.0
1573193950451302497,923,1573193950395245075,,80.0
1573193950503124371,924,1573193950450628042,,80.0
1573193950556710025,925,1573193950502597093,,80.0
1573193950607948629,926,1573193950556199073,,80.0
1573193950709465446,927,1573193950607610940,,80.0
1573193950763454902,928,1573193950709064006,,80.0
1573193950815465375,929,1573193950763156890,,80.0
1573193950866326333,930,1573193950814825057,,80.0
1573193950967588996,931,1573193950865947961,,80.0
1573193951018757404,932,1573193950967375993,,80.0
1573193951072237107,933,1573193951018327951,,80.0
1573193951122992269,934,1573193951071554899,,80.0
1573193951177493557,935,1573193951122766017,,80.0
1573193951232053806,936,1573193951176963090,,80.0
1573193951335236127,937,1573193951230601072,,80.0
1573193951387039112,938,1573193951334650039,,80.0
1573193951440803839,939,1573193951386833906,,80.0
1573193951492724395,940,1573193951440363883,,80.0
1573193951546508785,941,1573193951492108106,,80.0
1573193951647442588,942,1573193951546041965,,80.0
1573193951703397644,943,1573193951646967887,,80.0
1573193952053580330,944,1573193951701742887,,80.0
1573193952107637163,945,1573193952053066968,,80.0
1573193952160321853,946,1573193952107882022,,80.0
1573193952213499091,947,1573193952159771919,,80.0
1573193952266677661,948,1573193952212335109,,80.0
1573193952319316499,949,1573193952266339063,,80.0
1573193952370789574,950,1573193952318737030,,80.0
1573193952421886428,951,1573193952370395898,,80.0
1573193952474881330,952,1573193952421694993,,80.0
1573193952526953284,953,1573193952474575042,,80.0
1573193952578493877,954,1573193952526782989,,80.0
1573193952629639888,955,1573193952578064918,,80.0
1573193952733281476,956,1573193952629378080,,80.0
1573193952785716167,957,1573193952732939958,,80.0
1573193952839304371,958,1573193952784845113,,80.0
1573193952890990123,959,1573193952838802099,,80.0
1573193952946103577,960,1573193952890471935,,80.0
1573193953046649913,961,1573193952944518089,,80.0
1573193953098226650,962,1573193953046355009,,80.0
1573193953149194423,963,1573193953097672939,,80.0
1573193953202015586,964,1573193953148715972,,80.0
1573193953253471969,965,1573193953201678991,,80.0
1573193953304192741,966,1573193953252635955,,80.0
1573193953356446824,967,1573193953303894996,,80.0
1573193953407564926,968,1573193953355854988,,80.0
1573193953459413779,969,1573193953407089948,,80.0
1573193953513472071,970,1573193953459126949,,80.0
1573193953565119927,971,1573193953512904882,,80.0
1573193953616835823,972,1573193953564856052,,80.0
1573193953668055426,973,1573193953616261005,,80.0
1573193953719341577,974,1573193953667519092,,80.0
1573193953770919090,975,1573193953719111919,,80.0
1573193953825787191,976,1573193953770641088,,80.0
1573193953877162595,977,1573193953824206113,,80.0
1573193953982381882,978,1573193953876853942,,80.0
1573193954033157703,979,1573193953981523036,,80.0
1573193954087358210,980,1573193954032747983,,80.0
1573193954138555465,981,1573193954086750030,,80.0
1573193954193292658,982,1573193954138314008,,80.0
1573193954246463754,983,1573193954191663026,,80.0
1573193954296895122,984,1573193954245388031,,80.0
1573193954349091110,985,1573193954296708106,,80.0
1573193954399978866,986,1573193954348402976,,80.0
1573193954451066352,987,1573193954399617910,,80.0
1573193954506233687,988,1573193954450654983,,80.0
1573193954557319096,989,1573193954505527973,,80.0
1573193954608942182,990,1573193954557048082,,80.0
1573193954659921699,991,1573193954608505010,,80.0
1573193954711120022,992,1573193954659753084,,80.0
1573193954763497930,993,1573193954710623025,,80.0
1573193954814281875,994,1573193954762634992,,80.0
1573193954866104308,995,1573193954813971042,,80.0
1573193954917159552,996,1573193954865545988,,80.0
1573193954968328141,997,1573193954916841983,,80.0
1573193955019556694,998,1573193954968074083,,80.0
1573193955074903167,999,1573193955019140958,,80.0
1573193955125953376,1000,1573193955074358940,,80.0
1573193955227029306,1001,1573193955125628948,,80.0
