%time,field.header.seq,field.header.stamp,field.header.frame_id,field.linear_x,field.linear_y,field.linear_z
1573193908819559529,1,1573193908767745971,,1.55963443831e-05,2.91006308544e-05,4.21181321144e-05
1573193908872393619,2,1573193908819442033,,3.12103657052e-06,4.04368511226e-05,5.64749643672e-05
1573193908924557846,3,1573193908872981071,,-9.2109939942e-06,-1.7590702555e-05,-2.92559179798e-05
1573193908976682617,4,1573193908924659013,,-2.37068616116e-05,-6.02216714469e-05,-7.10802341928e-05
1573193909028715361,5,1573193908976994991,,0.000336612312822,6.085800851e-05,-4.50209918199e-05
1573193909080850743,6,1573193909028708934,,-0.000235519677517,-5.95939636696e-05,-2.62498051598e-05
1573193909135421821,7,1573193909081301927,,-5.76397042096e-06,1.4743032807e-05,7.07453582436e-05
1573193909187334960,8,1573193909135543107,,-2.27524287766e-05,-4.77633511764e-06,-2.20527490455e-05
1573193909289461847,9,1573193909187488079,,-0.00257575232536,-0.000355382653652,-3.08269009111e-05
1573193909342309520,10,1573193909289264917,,5.646900172e-05,3.95615134039e-05,5.50954646314e-05
1573193909394165890,11,1573193909342571020,,-3.02820280922e-05,6.10657953075e-05,8.61389780766e-05
1573193909447709318,12,1573193909394272089,,-7.34558925615e-05,-4.03861813538e-05,-5.95966012042e-05
1573193909499471726,13,1573193909447936058,,9.64161245065e-06,-4.18846366301e-06,1.42435737871e-05
1573193909601089918,14,1573193909499553918,,-0.000128639745526,3.12655106427e-06,-4.25727921538e-05
1573193909653673551,15,1573193909600831985,,9.15957498364e-05,-0.000106340892671,-0.000120736236568
1573193909705627445,16,1573193909654267072,,-1.96806122403e-05,1.18765574371e-05,2.29128327192e-05
1573193909758890148,17,1573193909705734014,,1.14405102067e-05,8.77642378327e-05,0.000168105980265
1573193909810895940,18,1573193909759205102,,1.62057731359e-05,-2.77208127955e-05,-0.000104770646431
1573193909864191376,19,1573193909811088085,,-1.14553258754e-05,-4.46734229627e-05,-7.998678484e-05
1573193909916272111,20,1573193909865176916,,4.52028216387e-05,1.23964591694e-05,7.28349623387e-05
1573193909970167528,21,1573193909916455030,,4.66039608682e-07,3.37982746714e-05,-4.71269922855e-05
1573193910022317018,22,1573193909970838069,,1.34399733724e-05,1.30508115035e-05,1.39401290653e-05
1573193910073527245,23,1573193910022375106,,0.000111703680886,-3.68764267478e-05,-2.93378366223e-06
1573193910125066905,24,1573193910073585033,,4.97868677485e-06,-4.10162356275e-05,-3.50530790456e-05
1573193910176513423,25,1573193910125416994,,-4.3356052629e-05,6.50657284496e-06,-6.44443935016e-05
1573193910230228767,26,1573193910176692962,,0.00111770629883,0.00015238315973,-2.41036559601e-05
1573193910282304228,27,1573193910231123924,,3.54682852048e-05,3.53554532921e-05,3.85782877856e-05
1573193910335267976,28,1573193910282351016,,7.08340157871e-05,-5.87114991504e-05,-7.13018889655e-05
1573193910437381598,29,1573193910336117982,,5.07136683154e-05,4.22082630394e-05,3.19151149597e-05
1573193910539354254,30,1573193910437608957,,-7.00187010807e-05,-7.51278821554e-06,1.47237979036e-05
1573193910590900901,31,1573193910539388895,,-0.000324855267536,-1.42013504956e-05,3.29226204485e-05
1573193910642518132,32,1573193910591021060,,-5.75675085202e-06,-4.57503192592e-05,-5.07585173182e-05
1573193910693602262,33,1573193910642466068,,6.3371968281e-05,-6.84366532369e-05,-7.55743312766e-05
1573193910744771382,34,1573193910693614959,,-5.44241629541e-05,-1.47306272993e-05,-2.69992142421e-05
1573193910796107056,35,1573193910744822978,,-3.89837077819e-05,6.07948131801e-05,9.0740606538e-05
1573193910847305766,36,1573193910796122074,,1.29779755298e-06,3.55016186404e-06,2.83299104922e-05
1573193910950319301,37,1573193910847352027,,2.4460028726e-05,4.83943622385e-05,4.02148907597e-05
1573193911002240165,38,1573193910950578927,,0.000240740875597,-4.59002649222e-06,-5.48663847439e-05
1573193911053772529,39,1573193911002770900,,1.35556210807e-05,-3.99109048885e-05,-0.000103603699245
1573193911106766729,40,1573193911053759098,,1.16488706681e-06,4.58340618934e-05,3.95308670704e-05
1573193911158763593,41,1573193911107084035,,2.08768669836e-05,-3.85683924833e-05,-4.34439243691e-06
1573193911211626470,42,1573193911158529996,,4.88694495289e-05,-5.42398447578e-05,-0.000117268922622
1573193911264741247,43,1573193911213124036,,3.93385425923e-06,9.35558091442e-06,-6.31320563116e-06
1573193911566145879,44,1573193911264755964,,3.1975487218e-05,-2.17694650928e-06,6.86830981067e-06
1573193911617518368,45,1573193911566226959,,7.64951691963e-05,6.85776103637e-05,0.000105478182377
1573193911670706788,46,1573193911617347002,,0.000254339072853,1.69913837453e-05,-4.3174091843e-05
1573193911722307697,47,1573193911671200990,,-2.56079401879e-05,-5.90595991525e-05,-8.12180805951e-05
1573193911773531898,48,1573193911722292900,,-9.73300702753e-05,-3.70971902157e-05,-4.7291523515e-05
1573193911824715695,49,1573193911773550987,,3.33489588229e-05,-2.58480613411e-05,-5.77140017413e-05
1573193911875962198,50,1573193911824683904,,-3.63032449968e-05,-1.97651424969e-05,-1.2146422705e-05
1573193911929385797,51,1573193911876162052,,-2.78707793768e-05,9.25785570871e-05,0.000168020909769
1573193911981900914,52,1573193911930666923,,-0.000984599115327,-0.00879743788391,0.00379929807968
1573193912083149332,53,1573193911981967926,,-0.0153416851535,-0.0900200232863,-0.0243156589568
1573193912135951902,54,1573193912083292007,,0.0482696406543,-0.0468163378537,0.0381469987333
1573193912187857869,55,1573193912136631965,,0.090155467391,-0.0178193431348,0.0676768496633
1573193912241084892,56,1573193912187912940,,0.101062901318,-0.0116694606841,0.075301386416
1573193912293356507,57,1573193912242055892,,0.109206572175,-0.00853453855962,0.0812724456191
1573193912345340633,58,1573193912293406009,,0.108360290527,-0.00251625408418,0.0783978030086
1573193912397372416,59,1573193912345733880,,0.0490800440311,0.00139083375689,0.0388414338231
1573193912448170065,60,1573193912397047042,,0.0120578007773,0.000422012759373,0.0120410351083
1573193912499944225,61,1573193912448164939,,-0.000196512395632,0.000482633622596,0.000607383262832
1573193912552791093,62,1573193912499752044,,-0.000472340470878,0.000321630999679,-8.64996109158e-05
1573193912604498690,63,1573193912553035974,,0.000347999477526,-0.000134494985105,0.000739282462746
1573193912705675048,64,1573193912604301929,,0.0394315160811,0.00381223764271,0.0290839690715
1573193912758955344,65,1573193912705770969,,0.112518072128,0.0193671863526,0.0833556801081
1573193912812009931,66,1573193912759458065,,0.114858135581,0.0257733110338,0.086657717824
1573193912863555624,67,1573193912812388896,,0.115210846066,0.0309921707958,0.0858095958829
1573193912916688352,68,1573193912863677978,,0.11944027245,0.0364263355732,0.0884064137936
1573193912968742043,69,1573193912917484998,,0.120773769915,0.0420023947954,0.0898624509573
1573193913022883062,70,1573193912968559980,,0.103012271225,0.044194560498,0.0777887180448
1573193913076440812,71,1573193913023153066,,0.0307805538177,0.0137571478263,0.0240661688149
1573193913128643640,72,1573193913077037096,,0.00125141383614,0.000751650251914,0.00217567267828
1573193913180495065,73,1573193913128760099,,-4.71738821943e-05,-9.08014262677e-05,4.6361994464e-05
1573193913231715717,74,1573193913180181980,,0.000668629771098,1.92411480384e-05,0.000322338397382
1573193913283205791,75,1573193913231839895,,0.000236442923779,-1.81919403985e-05,0.000159212781
1573193913334794040,76,1573193913283446073,,0.0218780450523,0.009955432266,0.0157437734306
1573193913385848227,77,1573193913334774017,,0.0987174287438,0.0497286505997,0.0750227123499
1573193913438730352,78,1573193913385756015,,0.11721842736,0.057404730469,0.0878966450691
1573193913491117308,79,1573193913439363002,,0.120785541832,0.0593943074346,0.0898571386933
1573193913544451304,80,1573193913491463899,,0.123073428869,0.0609786845744,0.0910690650344
1573193913596764921,81,1573193913545216083,,0.121015027165,0.0595567114651,0.0882150679827
1573193913647485616,82,1573193913596501111,,0.0749994963408,0.0958296358585,0.0701550319791
1573193913700165835,83,1573193913647505044,,0.0219325516373,0.0796844735742,0.0295466631651
1573193913751966091,84,1573193913700822114,,-0.00420196540654,0.0260015446693,-0.0030322780367
1573193913803478757,85,1573193913751930952,,-0.00150514324196,0.00250467797741,-0.00185334472917
1573193913856636429,86,1573193913803697109,,0.0001949469588,0.000314413191518,4.28437124356e-05
1573193913908325475,87,1573193913857127904,,-0.000781797280069,0.00044946745038,-0.00108970643487
1573193913960914786,88,1573193913908397912,,-0.000214231811697,-2.14501051232e-05,-0.000130713640829
1573193914012224883,89,1573193913961195945,,-0.000114309797937,-2.03227114071e-06,-0.0001512869203
1573193914065396392,90,1573193914012288093,,0.000164689976373,2.67539644483e-06,-9.79416363407e-05
1573193914117517363,91,1573193914066195964,,-5.80169689783e-05,-6.65531988489e-05,3.61872698704e-05
1573193914172340897,92,1573193914117625951,,-0.280323296785,-0.0159827060997,0.011811803095
1573193914223069673,93,1573193914171497106,,0.000125743652461,-2.64802329184e-05,1.0535209185e-05
1573193914276830582,94,1573193914223428010,,-0.0023252912797,-0.000169726568856,0.000103499267425
1573193914328487181,95,1573193914276880979,,3.45202388417e-05,-3.02508542518e-05,3.82209373129e-06
1573193914381743524,96,1573193914328775882,,0.000126980376081,2.74519388768e-05,3.87567342841e-05
1573193914433936032,97,1573193914382175922,,-0.000821205321699,0.00104359048419,-0.00167489284649
1573193914536977880,98,1573193914434030055,,0.00257977750152,0.0534694008529,0.0116632869467
1573193914588845716,99,1573193914537468910,,0.0464741066098,0.132147073746,0.0528286509216
1573193914642767633,100,1573193914589060068,,0.0694033429027,0.121552243829,0.0657863616943
1573193914693196424,101,1573193914641886949,,0.088326767087,0.115857973695,0.0762281790376
1573193914744431372,102,1573193914693269968,,0.0771491155028,0.106072448194,0.0660913512111
1573193914797494440,103,1573193914744357109,,0.0383873954415,0.118087537587,0.0450186617672
1573193914902245376,104,1573193914797739028,,-0.0135864140466,0.122872285545,0.013812170364
1573193914954132355,105,1573193914903063058,,-0.0146344583482,0.119517512619,0.0122297378257
1573193915007216802,106,1573193914954041004,,-0.0128443771973,0.104978404939,0.0143233276904
1573193915059136022,107,1573193915007540941,,-0.00990669615567,0.0579061284661,0.00246348255314
1573193915113246240,108,1573193915059369087,,-0.00420860387385,0.0149733526632,-0.00309150805697
1573193915164080530,109,1573193915112512111,,-0.000920622085687,0.000960921461228,-0.00151427811943
1573193915215979818,110,1573193915163847923,,0.000138335366501,-0.000102409583633,0.000347065622918
1573193915267184782,111,1573193915216217994,,-2.96342459478e-05,-5.32604608452e-05,9.82139899861e-05
1573193915318064682,112,1573193915267153978,,-0.000111325600301,6.28801280982e-05,-0.000104479899164
1573193915369962555,113,1573193915318190097,,0.000137240989716,-0.000173382257344,0.000191047773114
1573193915421053520,114,1573193915369913101,,-0.000120948221593,-0.000137573952088,5.88358743698e-05
1573193915472913421,115,1573193915421021938,,-7.25495410734e-05,-2.87172333628e-05,6.50017391308e-05
1573193915575407084,116,1573193915473659038,,2.1037469196e-05,-6.76680792822e-05,3.22495070577e-05
1573193915626438265,117,1573193915575180053,,-0.0146662378684,0.00953514967114,-0.00684714550152
1573193915678750325,118,1573193915626184940,,-0.0434445925057,0.0132728535682,-0.0245061069727
1573193915730792004,119,1573193915679111957,,-0.0711429864168,0.00493259401992,-0.0444706901908
1573193915782227255,120,1573193915731134891,,-0.0785359889269,-1.46070101437e-06,-0.0520842596889
1573193915833731749,121,1573193915782260894,,-0.0710776150227,0.00675810361281,-0.0460950545967
1573193915886415120,122,1573193915833949089,,-0.0652454569936,0.0219431836158,-0.0401056259871
1573193915937915430,123,1573193915886662960,,-0.0386603996158,0.049304369837,-0.0167316868901
1573193915988730464,124,1573193915937676906,,-0.0291899852455,0.0613530538976,-0.00841770041734
1573193916041965963,125,1573193915988902091,,-0.0168039817363,0.0521248318255,-0.00180004234426
1573193916093719223,126,1573193916042519092,,-0.00595057709143,0.0225505046546,-0.00104436918627
1573193916145165083,127,1573193916093482017,,-0.00137801386882,0.00361426337622,-0.00215762597509
1573193916247884733,128,1573193916145530939,,-0.000147270839079,0.000365262647392,-0.000539862783626
1573193916299915844,129,1573193916248765945,,-0.000391753652366,0.000954755698331,-0.0015487492783
1573193916353007355,130,1573193916299997091,,-0.00696894619614,0.0277441293001,-0.00168617395684
1573193916404826617,131,1573193916353262901,,-0.0311418958008,0.0535127744079,-0.00574813270941
1573193916457981687,132,1573193916405054092,,-0.0766478478909,0.0143353110179,-0.0462395846844
1573193916509735608,133,1573193916458271980,,-0.118702895939,-0.050440672785,-0.0919366180897
1573193916561291789,134,1573193916510057926,,-0.121442504227,-0.0718238726258,-0.0959984511137
1573193916614598404,135,1573193916561371088,,-0.123498171568,-0.0722352564335,-0.0995623841882
1573193916666862909,136,1573193916615328073,,-0.120030246675,-0.0701042413712,-0.0960096418858
1573193916718215815,137,1573193916666980981,,-0.114253133535,-0.0676652491093,-0.0919190198183
1573193916819777691,138,1573193916718239068,,-0.0882876366377,-0.0527571104467,-0.0718716308475
1573193916870770746,139,1573193916819768905,,-0.00524989655241,-0.00323713338003,-0.00408023269847
1573193916924945893,140,1573193916870810985,,-0.000382092141081,0.000119851058116,-0.000467919424409
1573193916976970138,141,1573193916925478935,,-0.000200032678549,0.000209164863918,-0.000247861113166
1573193917032294779,142,1573193916977133989,,-0.000419616728323,-7.72421408328e-05,-0.000260443863226
1573193917135459735,143,1573193917031522035,,-0.0425404310226,-0.0287904031575,-0.034836333245
1573193917187651193,144,1573193917136118888,,-0.115245141089,-0.0844151228666,-0.0974470078945
1573193917238988100,145,1573193917187832117,,-0.113301262259,-0.0885461121798,-0.0969245508313
1573193917290199896,146,1573193917239047050,,-0.110204800963,-0.0903423428535,-0.0949548631907
1573193917343183003,147,1573193917290216922,,-0.108204171062,-0.0906960591674,-0.0918552950025
1573193917395187126,148,1573193917343533992,,-0.10547541827,-0.0957427024841,-0.090954490006
1573193917448014393,149,1573193917394901990,,-0.101482406259,-0.100084006786,-0.0903110280633
1573193917500349860,150,1573193917448890924,,-0.0391596071422,-0.0406519323587,-0.0309613663703
1573193917550988044,151,1573193917500000000,,-0.0423748269677,-0.0485822968185,-0.0392207354307
1573193917603667635,152,1573193917551007986,,-0.0507294386625,-0.0560780987144,-0.0472703278065
1573193917654557242,153,1573193917603287935,,-0.0379299409688,-0.0434975661337,-0.033636059612
1573193917756589718,154,1573193917654333114,,-0.0411277972162,-0.0484669320285,-0.0388137251139
1573193917809744052,155,1573193917757086992,,-0.0918582454324,-0.107707954943,-0.0798524394631
1573193917861031364,156,1573193917809900999,,-0.0854320973158,-0.107029817998,-0.0760468766093
1573193917914588343,157,1573193917861152887,,-0.0906353518367,-0.117177993059,-0.0807990208268
1573193917966595545,158,1573193917914768934,,-0.0752262845635,-0.100570559502,-0.0695822313428
1573193918017714135,159,1573193917966532945,,-0.03066505678,-0.0455186441541,-0.0272378530353
1573193918068574719,160,1573193918017546892,,-0.00593984918669,-0.00943841598928,-0.00278268847615
1573193918119886747,161,1573193918068526029,,0.000392665300751,-0.000250690645771,0.000636626849882
1573193918171334915,162,1573193918120018005,,9.72110283328e-05,-0.000171306834091,0.000161657924764
1573193918222594592,163,1573193918171422958,,8.22688671178e-05,-9.33165210881e-05,8.89777147677e-05
1573193918273556207,164,1573193918222440004,,-0.000134324407554,0.000150312203914,-0.000180249771802
1573193918327270065,165,1573193918273540973,,8.53147939779e-05,6.83196994942e-05,0.000159036819241
1573193918379491980,166,1573193918328166961,,-1.05827275547e-05,7.0675072493e-05,-0.000148133622133
1573193918432615756,167,1573193918379690885,,1.25276428662e-05,8.11329882708e-05,4.46466183348e-05
1573193918484919905,168,1573193918433151960,,8.01681962912e-05,8.57453560457e-05,6.37792472844e-05
1573193918537903801,169,1573193918485193967,,-2.9686916605e-05,2.15501659113e-05,-7.49892205931e-05
1573193918590462551,170,1573193918538527965,,2.95330173685e-05,4.65959747089e-05,4.2322567424e-06
1573193918642607559,171,1573193918590532064,,4.39329451183e-05,4.99027046317e-05,-4.69006008643e-05
1573193918697483460,172,1573193918642594099,,-3.65425657947e-05,0.000128259940539,4.04767706641e-05
1573193918749556048,173,1573193918697977066,,1.20790082292e-06,-1.30877569973e-05,-2.83234967355e-05
1573193918800981293,174,1573193918749507904,,-5.35227591172e-05,-8.82256927071e-07,-2.84271336568e-05
1573193918852798914,175,1573193918800965070,,-2.68013554887e-05,8.78715945873e-05,-2.8087854389e-06
1573193918903805305,176,1573193918852611064,,4.52104495707e-06,1.45277290358e-05,-0.000123381265439
1573193918955438560,177,1573193918903897047,,-0.0092703178525,-0.0245638228953,-0.00662440480664
1573193919007639628,178,1573193918955426931,,-0.028905512765,-0.109913356602,-0.0345459319651
1573193919059329860,179,1573193919007672071,,-0.0261047333479,-0.126864224672,-0.0325979962945
1573193919111440888,180,1573193919059711933,,-0.00434255041182,-0.127432793379,-0.0100419241935
1573193919164741686,181,1573193919111509084,,0.0110941948369,-0.115724779665,0.00101853685919
1573193919266212149,182,1573193919165172100,,0.0403388105333,-0.056071113795,0.032256487757
1573193919317555246,183,1573193919266166925,,0.0459598973393,-0.0153940068558,0.0337227992713
1573193919370735513,184,1573193919317784070,,0.0486340261996,-0.0131733417511,0.0374086052179
1573193919423134089,185,1573193919371345043,,0.0409926660359,-0.0101951938123,0.0306212585419
1573193919474660145,186,1573193919422842025,,0.0281429998577,-0.00500896759331,0.021063728258
1573193919575808927,187,1573193919474739074,,0.00766781903803,-0.00119083700702,0.0264254119247
1573193919626981500,188,1573193919575908899,,0.0254345070571,0.0103517863899,0.0223978236318
1573193919680024981,189,1573193919626934051,,0.0290117319673,0.0125641888008,0.0240373164415
1573193919731500599,190,1573193919680387020,,0.0288664586842,0.0120969898999,0.0238975454122
1573193919783064429,191,1573193919731550931,,0.0326561443508,0.0141562139615,0.0264401473105
1573193919888838475,192,1573193919783313035,,0.0339749269187,0.0141678536311,0.0271934289485
1573193919940382088,193,1573193919888914108,,0.035264942795,0.0147012025118,0.0288131851703
1573193919991398953,194,1573193919940346956,,0.0342647731304,0.014268967323,0.0276065841317
1573193920044596276,195,1573193919991255044,,0.0345100350678,0.0142138507217,0.0279680117965
1573193920095335464,196,1573193920044128894,,0.0351110845804,0.0146507555619,0.0281246174127
1573193920148164774,197,1573193920095341920,,0.0349791236222,0.01480632741,0.0278884880245
1573193920201658115,198,1573193920148670911,,0.0363009013236,0.0151443583891,0.0286415684968
1573193920253573945,199,1573193920202178955,,0.0358428806067,0.0148624479771,0.0281199384481
1573193920306717505,200,1573193920253712892,,0.0352249592543,0.0147913135588,0.0277647189796
1573193920358606873,201,1573193920307164907,,0.0355436429381,0.0149669088423,0.0280210543424
1573193920409708883,202,1573193920358753919,,0.0359191149473,0.0151419546455,0.0283013340086
1573193920510910080,203,1573193920409692049,,0.0344762429595,0.0144528914243,0.0270230378956
1573193920564836415,204,1573193920510972023,,0.0347770303488,0.0147309564054,0.0269786007702
1573193920616992224,205,1573193920565695047,,0.0337272062898,0.0142530947924,0.0261723902076
1573193920670988866,206,1573193920617053031,,0.0332543365657,0.0139597626403,0.0255261324346
1573193920723049970,207,1573193920671678066,,0.0327003188431,0.013712274842,0.0249968841672
1573193920825069778,208,1573193920723166942,,0.0342532657087,0.0143634686247,0.0263504013419
1573193920876444084,209,1573193920825295925,,0.0265411082655,0.0128049254417,0.019799169153
1573193920929450095,210,1573193920876581907,,0.0208801068366,0.00875918380916,0.00332657247782
1573193920981482156,211,1573193920930356025,,0.00428611459211,-0.00517045101151,-0.0181094668806
1573193921035098845,212,1573193920981654882,,-0.0122826928273,-0.0146703906357,-0.022173691541
1573193921086723912,213,1573193921035636901,,-0.0213187560439,-0.0146534163505,-0.018786424771
1573193921140700014,214,1573193921086728096,,-0.0331923626363,-0.00993312336504,-0.0242011286318
1573193921192596426,215,1573193921141360998,,-0.0331984721124,-0.00583872105926,-0.0235381182283
1573193921243577446,216,1573193921192650079,,-0.0330448076129,-0.00420101778582,-0.0246053878218
1573193921296814552,217,1573193921243695020,,-0.0322521701455,-0.00348190311342,-0.0251877084374
1573193921349084603,218,1573193921297053098,,-0.0323055684566,-0.0025546932593,-0.0250188726932
1573193921400388993,219,1573193921349225044,,-0.031299944967,0.000443782744696,-0.0226126108319
1573193921453249074,220,1573193921400181055,,-0.0315664820373,0.000750987383071,-0.0230958256871
1573193921504901436,221,1573193921453645944,,-0.0310667492449,0.00092566863168,-0.0230663456023
1573193921558095329,222,1573193921504918098,,-0.0311226900667,0.000853668898344,-0.0235159453005
1573193921610485611,223,1573193921558367013,,-0.0338082909584,0.00112091342453,-0.0265857037157
1573193921661882216,224,1573193921610450029,,-0.0497393719852,0.00167174334638,-0.0380118973553
1573193921713269405,225,1573193921661669015,,-0.0754617527127,0.00233923643827,-0.0566307790577
1573193921764398750,226,1573193921713465929,,-0.0793482512236,0.00651534181088,-0.061998102814
1573193921815515281,227,1573193921764416933,,-0.054267514497,0.0110867619514,-0.0409325063229
1573193921870154286,228,1573193921815506935,,-0.0224291682243,0.00977977272123,-0.01756179519
1573193921922655385,229,1573193921871365070,,-0.00279143289663,0.00374238844961,-0.0042434274219
1573193921974731527,230,1573193921922413110,,0.000303564942442,0.000134661080665,0.00135031656828
1573193922076328094,231,1573193921975205898,,5.16438849445e-05,0.000494716921821,0.000279802712612
1573193922129342063,232,1573193922076150894,,-9.11262832233e-05,0.000257943233009,0.000127562903799
1573193922180977030,233,1573193922129530906,,-0.00355397327803,0.0196048356593,-0.000804573763162
1573193922232577559,234,1573193922181178092,,-0.00709538208321,0.0614131987095,0.00169064046349
1573193922283527730,235,1573193922232423067,,-0.00678631896153,0.0967483446002,0.00466509675607
1573193922386888944,236,1573193922283674955,,0.00296150171198,0.091581299901,0.0139098353684
1573193922438627983,237,1573193922387320041,,0.00524589372799,0.0237115714699,0.00179785198998
1573193922489632487,238,1573193922438652038,,0.000144167119288,0.00136074854527,-6.10581191722e-05
1573193922542668400,239,1573193922489698886,,-0.00025089821429,0.000251378427492,-0.000485837954329
1573193922646749369,240,1573193922543067932,,-0.000129628562718,0.000172721323906,-0.000343048770446
1573193922699622842,241,1573193922648006916,,-0.000134580608574,-0.000160567185958,-5.98463557253e-05
1573193922752615103,242,1573193922699686050,,-0.000103364713141,-2.7173464332e-05,-6.42916711513e-05
1573193922804432508,243,1573193922753015995,,0.000135487949592,-0.000187597921467,0.000234804261709
1573193922857719949,244,1573193922804527997,,-1.22446163004e-05,-0.000168840677361,-1.48699555211e-05
1573193922909481478,245,1573193922858144998,,-5.40707187611e-05,-4.06811632274e-05,-8.45310933073e-06
1573193923012508351,246,1573193922909475088,,-1.97923236556e-05,-7.45487122913e-05,4.45138321084e-05
1573193923064699285,247,1573193923012938976,,-7.22424229025e-05,-0.000113421003334,4.56552843389e-05
1573193923115606484,248,1573193923064753055,,-7.85574520705e-05,-0.000126194499899,7.14054040145e-05
1573193923166905392,249,1573193923115869998,,8.91766248969e-05,-7.89081896073e-05,6.11152136116e-05
1573193923220756000,250,1573193923167048931,,5.35452600161e-05,-2.72079050774e-05,7.44607241359e-05
1573193923273141721,251,1573193923221638917,,-6.2581304519e-05,-5.12995284225e-05,9.39666424529e-05
1573193923324617716,252,1573193923273363113,,-3.95709721488e-05,-7.38605303923e-05,4.51013365819e-05
1573193923377940156,253,1573193923324606895,,-2.02854644158e-05,-8.1870064605e-05,4.94208106829e-05
1573193923429484883,254,1573193923378484964,,-1.35568452606e-05,-9.48703018366e-05,1.64366781519e-07
1573193923482899872,255,1573193923429682016,,0.000159512244863,0.000113490081276,5.05417810928e-05
1573193923534639393,256,1573193923483165979,,0.0141486125067,0.0165027249604,0.0124083328992
1573193923585486394,257,1573193923534354925,,0.0486613661051,0.04699087888,0.0463718064129
1573193923686750241,258,1573193923585292100,,0.0720605999231,0.0698789134622,0.0592757463455
1573193923739613642,259,1573193923686501026,,0.0618495345116,0.0898477360606,0.0566257052124
1573193923791272067,260,1573193923740032911,,0.0549557097256,0.069947630167,0.0471974872053
1573193923842429862,261,1573193923791296005,,0.0277523566037,0.0299702677876,0.0242247618735
1573193923896440407,262,1573193923842259883,,0.0040591317229,0.0047554099001,0.00207513966598
1573193923948115390,263,1573193923896903038,,-0.000692260509823,0.000420531549025,-0.00116502842866
1573193923998999623,264,1573193923948141098,,-0.000107144260255,3.22323576256e-05,-1.98780617211e-06
1573193924050441826,265,1573193923999085903,,-0.000136714617838,-1.99249152502e-05,-3.36276862072e-05
1573193924104372708,266,1573193924050597906,,-4.66927886009e-05,-2.59352673311e-05,-0.000109025291749
1573193924156801299,267,1573193924104829072,,-7.6774340414e-05,-3.76364223484e-05,-5.71476848563e-05
1573193924208619381,268,1573193924156991004,,-0.000122983852634,-9.35542193474e-05,-6.18909107288e-05
1573193924259484905,269,1573193924208399057,,2.78267525573e-05,-1.16782473469e-06,5.66770722799e-05
1573193924311959425,270,1573193924259605884,,0.00361266313121,0.00251484895125,0.000952886941377
1573193924363345403,271,1573193924312302112,,0.0110541237518,0.0113707417622,0.00807001721114
1573193924414698336,272,1573193924363415956,,0.0426781028509,0.0437287129462,0.0381010659039
1573193924467695788,273,1573193924414454936,,0.0750928372145,0.0758286416531,0.0669975355268
1573193924571480344,274,1573193924468121051,,0.0868752896786,0.0734737217426,0.073170542717
1573193924624950088,275,1573193924573565959,,0.0589571408927,0.0574678406119,0.0513244308531
1573193924678374683,276,1573193924625183105,,0.01895028539,0.0240877140313,0.0171925500035
1573193924730129264,277,1573193924678843975,,-0.000664052728098,0.00234842556529,-0.00108715181705
1573193924783542108,278,1573193924730222940,,0.000498249894008,-0.000434595509432,0.000875096477102
1573193924835780251,279,1573193924783863067,,-0.000221613037866,0.000208498095162,-0.00103595433757
1573193924888980165,280,1573193924835788965,,6.61184458295e-05,-0.000205540112802,0.000138944480568
1573193924940673294,281,1573193924889070987,,-0.000166856028954,1.5866891772e-05,-0.000205432908842
1573193924992742113,282,1573193924940388917,,0.000167949561728,2.11775659409e-05,0.000114522983495
1573193925043892507,283,1573193924992881059,,5.70790007259e-06,-1.59330265888e-05,-8.44928945298e-05
1573193925147009526,284,1573193925043952941,,6.68429265716e-06,-0.0001089553989,-8.90537776286e-05
1573193925248526418,285,1573193925147363901,,-5.2159124607e-05,8.38676442072e-06,6.87030551489e-05
1573193925300227627,286,1573193925248609066,,-7.2955062933e-06,5.71332493564e-05,0.00013462654897
1573193925352066674,287,1573193925300219058,,0.000116266746772,-5.69649419049e-05,2.64639093075e-05
1573193925403586981,288,1573193925352251052,,-3.92483161704e-05,-0.000107806401502,-0.000109221764433
1573193925457161777,289,1573193925403425931,,-4.59437651443e-05,-8.41308501549e-05,-8.46592665766e-05
1573193925508565335,290,1573193925457245111,,4.18631589127e-06,-4.64248587377e-05,-6.08136069786e-05
1573193925561565508,291,1573193925508379936,,-0.000102899888589,-8.908581367e-05,8.18228727439e-06
1573193925614385507,292,1573193925562222003,,1.31778315335e-05,4.90156235173e-05,0.00014961483248
1573193925666553604,293,1573193925614547014,,0.000219307112275,0.000156431400683,0.000341004284564
1573193925718251120,294,1573193925666305065,,3.86355313822e-05,-1.93796458916e-05,5.8692676248e-05
1573193925769485918,295,1573193925717859983,,-8.41125875013e-05,-0.000122718614875,-0.000112754460133
1573193925871466428,296,1573193925769587993,,-0.0112514263019,0.029428832233,-0.000755782995839
1573193925923112860,297,1573193925871495962,,-0.0814163908362,-0.0299432426691,-0.064205147326
1573193925974757570,298,1573193925923384904,,-0.0930159166455,-0.0648440271616,-0.0793680548668
1573193926026485390,299,1573193925974837064,,-0.090338729322,-0.0779817476869,-0.0783465728164
1573193926077981024,300,1573193926026694059,,-0.0865131914616,-0.082545556128,-0.0771613642573
1573193926129259700,301,1573193926078160047,,-0.0847746729851,-0.0865214541554,-0.0751288756728
1573193926183364557,302,1573193926129249095,,-0.0687575787306,-0.0783928632736,-0.063966922462
1573193926235116867,303,1573193926183945894,,-0.0415463000536,-0.0476572923362,-0.0365307629108
1573193926286024123,304,1573193926234977960,,-0.0131749967113,-0.0146484645084,-0.00950100272894
1573193926340199797,305,1573193926286062955,,-1.7006716007e-05,-0.000962341728155,6.38908677502e-05
1573193926443501836,306,1573193926340792894,,3.55623051291e-05,-4.20056057919e-05,0.000161175412359
1573193926494734044,307,1573193926443697929,,-1.41155787787e-05,-1.03716104149e-06,-1.82182102435e-05
1573193926545646086,308,1573193926494704008,,-9.16159551707e-05,1.43725501403e-05,-2.07583416341e-05
1573193926599822726,309,1573193926545706033,,-2.98408267554e-05,7.77592447321e-07,-3.41807099176e-05
1573193926651193922,310,1573193926600218057,,6.39658974251e-05,8.02622889751e-05,6.92359535606e-05
1573193926704561302,311,1573193926651397943,,5.61435736017e-05,4.06372600992e-05,1.82356143341e-05
1573193926805211997,312,1573193926703883886,,-0.0356835313141,-0.0205957982689,-0.0270052906126
1573193926856374953,313,1573193926805452108,,-0.0686657950282,-0.0743074864149,-0.0656476616859
1573193926909510081,314,1573193926856456041,,-0.0406693927944,-0.0667857974768,-0.0417029522359
1573193926961499379,315,1573193926910233020,,-0.00890087988228,-0.0262570586056,-0.00619617290795
1573193927014193039,316,1573193926961524963,,-0.000786675198469,-0.00233916006982,0.00043839996215
1573193927116075221,317,1573193927014738082,,0.000128461571876,-0.000397386291297,0.000705047394149
1573193927169006449,318,1573193927115792036,,-0.000125177379232,0.000240925903199,-0.000304787914502
1573193927220867902,319,1573193927169398069,,-0.000114735943498,9.22130930121e-05,-0.000204630414373
1573193927273071213,320,1573193927220782041,,6.36556433165e-05,-6.28960196991e-06,-1.77232850547e-05
1573193927324685585,321,1573193927273211002,,3.43150022672e-05,7.19845775166e-05,-7.19946183381e-05
1573193927425977107,322,1573193927324871063,,2.86434296868e-05,7.60696420912e-05,4.11196087953e-05
1573193927477917351,323,1573193927425780057,,4.58398244518e-05,5.71774871787e-05,4.60384580947e-05
1573193927529309730,324,1573193927478035926,,1.31543893076e-05,4.83246076328e-05,2.73667064903e-05
1573193927580818330,325,1573193927529427051,,9.09278824111e-05,6.27662593615e-05,-6.21211220277e-05
1573193927632305344,326,1573193927580941915,,5.35255639988e-05,5.62727291253e-05,4.12855370087e-05
1573193927683367161,327,1573193927632117033,,-2.42108990278e-06,4.03515005019e-05,9.31304293772e-06
1573193927734858648,328,1573193927683509111,,-7.77954596742e-07,4.66456331196e-05,-7.13838308002e-05
1573193927836396255,329,1573193927735135078,,1.51952172018e-05,1.95759712369e-05,-8.92702082638e-05
1573193927887817329,330,1573193927836543083,,-0.0207099504769,-0.0225415825844,-0.0177891217172
1573193927940674347,331,1573193927887800931,,-0.0546180531383,-0.061772339046,-0.0489070564508
1573193927992233387,332,1573193927940843105,,-0.0656134188175,-0.09471167624,-0.059907220304
1573193928043964410,333,1573193927992113113,,-0.0330196879804,-0.104202896357,-0.0348519310355
1573193928146297255,334,1573193928044255971,,0.0012623029761,-0.105253532529,-0.00706479139626
1573193928197959042,335,1573193928146469116,,0.00577764492482,-0.0823852494359,-0.000847361749038
1573193928251842902,336,1573193928198219060,,0.00657564448193,-0.0727534368634,-2.04093921639e-05
1573193928303414856,337,1573193928252115011,,0.00552959786728,-0.0646213442087,-0.0046475995332
1573193928355347498,338,1573193928303430080,,0.00547306612134,-0.0404236018658,0.00304288067855
1573193928407393401,339,1573193928355488061,,0.00989916082472,-0.023254564032,0.01032546442
1573193928459484045,340,1573193928408010005,,0.0326096005738,-0.0188748072833,0.0237398017198
1573193928510641933,341,1573193928459609031,,0.0407577194273,-0.0112315844744,0.0314210392535
1573193928562892826,342,1573193928510575056,,0.0537127740681,-0.00298124877736,0.0393950976431
1573193928614353749,343,1573193928563250064,,0.0683307647705,-0.00265793735161,0.0501864291728
1573193928667075200,344,1573193928614334106,,0.0699640512466,-0.00393779808655,0.0532761178911
1573193928719252156,345,1573193928668098926,,0.0726176947355,-0.00250479532406,0.0537986643612
1573193928770972937,346,1573193928719463109,,0.0710228979588,-0.0028230890166,0.0533311702311
1573193928824075637,347,1573193928771001100,,0.0642034560442,-0.00123249320313,0.0473220311105
1573193928877039211,348,1573193928824793100,,0.0424119196832,0.000395259616198,0.0323247984052
1573193928928638350,349,1573193928877280950,,0.0149836102501,0.000418826006353,0.0127907209098
1573193928980334541,350,1573193928928684949,,0.000755218905397,-0.000107486004708,0.00126482162159
1573193929083122953,351,1573193928980824947,,-8.09055927675e-05,-4.54236724181e-05,-6.96481947671e-05
1573193929135637398,352,1573193929083216905,,0.0165419392288,-1.15052262117e-05,0.0133885676041
1573193929187323233,353,1573193929135863065,,0.0579544045031,0.00483452435583,0.0427923686802
1573193929239144645,354,1573193929187448024,,0.0905715823174,0.0147989215329,0.0647133514285
1573193929290354626,355,1573193929239125013,,0.0914885774255,0.0364235602319,0.0693672895432
1573193929343344490,356,1573193929290335893,,0.0733515173197,0.0587665699422,0.063402928412
1573193929395042906,357,1573193929343332052,,0.0410444736481,0.0464077740908,0.0358260683715
1573193929448101139,358,1573193929395061969,,0.00159460178111,0.00408298522234,0.00106338213664
1573193929500488382,359,1573193929447376012,,-0.000338149839081,-0.000117930096167,9.18337173061e-06
1573193929551979954,360,1573193929500905036,,3.19170396779e-08,0.000339161197189,-0.000318699138006
1573193929603358387,361,1573193929551989078,,-0.000290119525744,5.9805890487e-05,-0.00030842499109
1573193929705688276,362,1573193929603475093,,1.30837825054e-05,1.714987593e-05,-0.000138526156661
1573193929757139723,363,1573193929705673933,,-0.000114838738227,-7.08421575837e-05,-6.82478639646e-05
1573193929811263202,364,1573193929757174968,,0.000104324586573,2.95540830848e-05,4.94761770824e-05
1573193929863041349,365,1573193929811712026,,0.000113942784083,4.8353937018e-05,7.38619783078e-05
1573193929964161539,366,1573193929863046884,,-4.06959152315e-05,7.21412743587e-06,-0.000105037994217
1573193930018435560,367,1573193929964241027,,3.60333760909e-05,2.93898046948e-05,-1.60475501616e-05
1573193930070358169,368,1573193930018788099,,1.7148855477e-05,-6.41591905151e-05,-0.000230039178859
1573193930121683097,369,1573193930070578098,,6.45463514957e-05,0.000117336145195,7.22705517546e-05
1573193930174303461,370,1573193930121620893,,-1.05595299829e-05,0.00014805245155,0.000188899852219
1573193930226363956,371,1573193930175144910,,-0.000165509205544,-7.1990849392e-05,-0.000203043324291
1573193930328233247,372,1573193930226527929,,-9.97938550427e-05,7.89448313299e-05,8.79770013853e-05
1573193930380142267,373,1573193930328435897,,0.00596518954262,0.0155796902254,0.00293789873831
1573193930431571766,374,1573193930380364894,,0.0277722720057,0.0641780272126,0.029229812324
1573193930482800341,375,1573193930431365013,,0.0436742268503,0.104791939259,0.0471323095262
1573193930535844051,376,1573193930482820034,,0.0473446361721,0.115324668586,0.0467535294592
1573193930587630932,377,1573193930536314010,,0.0559705384076,0.117136068642,0.0555040054023
1573193930689142120,378,1573193930587888956,,0.0863967239857,0.0818713232875,0.0702355057001
1573193930742381529,379,1573193930689273118,,0.0731434971094,0.0446838960052,0.0552246309817
1573193930794258189,380,1573193930742701053,,0.0330595187843,0.0178737454116,0.024701571092
1573193930845169331,381,1573193930794301986,,0.00440027704462,0.0015633192379,0.00446068588644
1573193930898418095,382,1573193930845454931,,0.000592871976551,-0.000441296433564,0.000945130654145
1573193930951724806,383,1573193930898847103,,0.000850581272971,-0.000200439506443,0.000542315887287
1573193931004415734,384,1573193930951273918,,-0.000193628686247,-0.000195798624191,-0.000135617563501
1573193931056333752,385,1573193931004746913,,3.64316583727e-05,-4.78698057123e-05,-7.89155747043e-05
1573193931109426295,386,1573193931056461095,,-0.000132749701152,-7.72934508859e-05,-0.00013553937606
1573193931161803070,387,1573193931110135078,,-6.23026280664e-05,-8.12188882264e-05,-7.66833254602e-05
1573193931263314129,388,1573193931161839962,,-1.64358607435e-05,-8.14803497633e-05,-1.72409249899e-06
1573193931314894690,389,1573193931263442039,,4.90249885843e-06,-2.87505499728e-05,-7.48966476749e-06
1573193931368615383,390,1573193931314671993,,8.52578450576e-05,-0.000117611765745,-9.3539529189e-05
1573193931420727750,391,1573193931369075059,,-8.77431739355e-05,-8.72596501722e-05,-5.17702646903e-05
1573193931473578064,392,1573193931420695066,,-6.97494688211e-05,-2.56644361798e-05,5.41515510122e-05
1573193931526624215,393,1573193931474062919,,0.000160493495059,-1.99173719011e-05,9.94149786493e-07
1573193931579689961,394,1573193931526237964,,0.000110224878881,-1.29014579215e-05,1.70592920767e-05
1573193931630895897,395,1573193931579596042,,0.0119424564764,0.00130977283698,0.00882754661143
1573193931682409166,396,1573193931631138086,,0.0483309514821,0.00346327060834,0.0357131250203
1573193931735393266,397,1573193931682250976,,0.0763292312622,-0.0100581534207,0.0534859597683
1573193931837012564,398,1573193931735650062,,0.0686128512025,-0.0523451082408,0.0376444421709
1573193931890036057,399,1573193931837090969,,0.0716253072023,-0.0245350562036,0.0434794798493
1573193931941843138,400,1573193931890638113,,0.0543444044888,-0.00110680202488,0.0351814888418
1573193931996415145,401,1573193931941874027,,0.0179791543633,0.00257444358431,0.012320225127
1573193932048239757,402,1573193931996968984,,-3.78810836992e-05,0.000208960991586,0.0012422761647
1573193932102117655,403,1573193932048326015,,0.000272554752883,-2.31395715673e-05,0.000973360962234
1573193932153739081,404,1573193932102641105,,0.00348459952511,0.000329711619997,0.00295797805302
1573193932206205109,405,1573193932153551101,,-0.0016108941054,0.00756732746959,0.0152104925364
1573193932259059117,406,1573193932206820964,,0.0115549452603,0.0430973693728,0.0371010266244
1573193932310743378,407,1573193932259138107,,0.0332314446568,0.0955644547939,0.0479669421911
1573193932362834201,408,1573193932310928106,,0.0394743569195,0.116007402539,0.0474853366613
1573193932463995871,409,1573193932362942934,,-0.00718352897093,0.0104352617636,-0.0248611140996
1573193932516749671,410,1573193932463851928,,-0.0869284495711,-0.08855047822,-0.0747408270836
1573193932568723230,411,1573193932517151117,,-0.0861681178212,-0.0920701622963,-0.0732283592224
1573193932621156870,412,1573193932568434000,,-0.0829843878746,-0.0895509198308,-0.0717706829309
1573193932673515397,413,1573193932622277021,,-0.0578730776906,-0.0619881339371,-0.049157962203
1573193932724852022,414,1573193932673784971,,-0.0405575484037,-0.0370274707675,-0.0311830565333
1573193932826125564,415,1573193932724869012,,-0.0668031200767,-0.0412525013089,-0.0514580197632
1573193932879182003,416,1573193932825758934,,-0.0169319044799,-0.00424464046955,-0.0120714167133
1573193932931491085,417,1573193932879854917,,-0.00108622282278,0.00109575944953,-0.00222313334234
1573193932983024115,418,1573193932931606054,,-0.000905970809981,-0.000343300227541,-0.00012267314014
1573193933034629156,419,1573193932983261108,,-0.000140003699926,0.000150900406879,-3.72236427211e-05
1573193933085871362,420,1573193933034743070,,0.0001229980262,0.000328215246554,-0.000126089682453
1573193933138676062,421,1573193933085973024,,0.000159252202138,5.77196151426e-05,0.000138556730235
1573193933190633636,422,1573193933139405965,,0.000144487712532,0.000112902962428,0.000163538046763
1573193933241963314,423,1573193933190838098,,4.94544874527e-05,0.000124470243463,0.000104930149973
1573193933295031486,424,1573193933242068052,,-1.96293021872e-05,5.49904580112e-05,0.000102934551251
1573193933398509618,425,1573193933295595884,,0.000127523424453,0.000172062325873,0.000210287718801
1573193933450893347,426,1573193933399072885,,-8.27283074614e-05,-1.3322288396e-05,-3.14648495987e-05
1573193933502311659,427,1573193933451142072,,1.09288721433e-05,4.42880300398e-05,7.06970022293e-05
1573193933553488612,428,1573193933502409934,,0.000152092456119,3.71792702936e-05,6.72635214869e-05
1573193933605414820,429,1573193933553579092,,2.43679023697e-05,3.54177427653e-05,5.30719044036e-05
1573193933658569516,430,1573193933605468988,,5.91203524891e-06,4.74189573652e-06,-5.82545617362e-05
1573193933710407427,431,1573193933658942937,,4.00981407438e-05,1.7266102077e-05,2.39081873588e-05
1573193933764948753,432,1573193933710513114,,-2.01588154596e-05,2.85387686745e-05,5.54541065867e-06
1573193933817276578,433,1573193933765650987,,-0.000102322344901,-8.66219997988e-05,-8.96086305602e-07
1573193933870069918,434,1573193933817281007,,1.02480980786e-05,1.60187100846e-05,-4.95196036354e-05
1573193933922865196,435,1573193933871037006,,-5.38693129783e-05,-4.96767679579e-05,-8.18923072075e-05
1573193933974264631,436,1573193933922986984,,3.81856734748e-05,4.16663242504e-05,-4.8193262046e-05
1573193934075308212,437,1573193933974199056,,-0.00365247018635,0.00214073993266,-0.00497609190643
1573193934126390624,438,1573193934075395107,,-0.0632441416383,0.00213118991815,-0.0397510565817
1573193934180110130,439,1573193934126528978,,-0.0776329264045,-0.0443725027144,-0.0580003224313
1573193934233668975,440,1573193934180398941,,-0.0572483018041,-0.0837611556053,-0.0585274770856
1573193934284981905,441,1573193934233772993,,-0.0203160382807,-0.0636691600084,-0.0247454140335
1573193934338270890,442,1573193934285065889,,-0.00198183185421,-0.0195582136512,-0.00115690089297
1573193934389513466,443,1573193934338310003,,-4.95283093187e-05,-8.86068592081e-05,-0.000853456615005
1573193934441944644,444,1573193934389744043,,0.000642673927359,-0.000634269905277,0.000835496990476
1573193934493234317,445,1573193934441937923,,0.000216885120608,-0.000196739943931,0.000276350969216
1573193934546419957,446,1573193934493288040,,-0.000204056108487,0.000150555788423,-0.000159124683705
1573193934598279516,447,1573193934547097921,,0.000114673741336,-5.86263558944e-05,0.000228947479627
1573193934649232404,448,1573193934598334074,,0.000337671866873,4.42496047981e-06,7.49773334974e-06
1573193934702456985,449,1573193934649354934,,-6.93592082825e-05,-2.16730677494e-05,5.57834027859e-05
1573193934754605003,450,1573193934703512907,,7.31889304006e-05,5.8698176872e-05,0.000188027857803
1573193934805588544,451,1573193934754592895,,8.17835243652e-05,-5.17834178027e-06,0.000121325712826
1573193934858930915,452,1573193934805587053,,-6.73017439112e-06,4.89255689899e-05,-5.05588686792e-05
1573193934960732273,453,1573193934859452009,,-1.18271973406e-05,-1.94978347281e-05,1.01323785202e-05
1573193935013557354,454,1573193934960757970,,-1.72832369572e-05,-4.06188919442e-05,-5.55926180823e-06
1573193935067347992,455,1573193935013573884,,3.76567040803e-05,-5.0805927458e-05,-5.67783135921e-05
1573193935118744992,456,1573193935066930055,,0.00488247396424,-0.00817007478327,0.00637222221121
1573193935172403006,457,1573193935118961095,,0.0240830313414,-0.0310011673719,0.0111039122567
1573193935223878891,458,1573193935172485113,,0.0611754022539,-0.0237182360142,0.0338280946016
1573193935278016374,459,1573193935224215030,,0.0494479462504,0.0170338917524,0.0373327620327
1573193935329802594,460,1573193935278196096,,0.0125610325485,0.00794487632811,0.00975848548114
1573193935383333881,461,1573193935329531908,,0.000114541660878,0.000633753312286,0.00157791993115
1573193935434917163,462,1573193935383516073,,0.000511811522301,-5.89012197452e-05,0.00158890720922
1573193935486110479,463,1573193935434950113,,-0.000227279379033,0.000435590482084,0.000127229199279
1573193935587269367,464,1573193935486188888,,-8.69635096024e-06,-7.71625345806e-05,0.000202725233976
1573193935638289026,465,1573193935587337017,,-7.60143593652e-05,4.36236514361e-05,1.4393710444e-05
1573193935689381995,466,1573193935638434886,,1.65691817529e-05,4.14829410147e-05,0.000169815742993
1573193935742351044,467,1573193935689457893,,8.78946739249e-05,-5.09889423483e-06,6.4587315137e-05
1573193935794077202,468,1573193935742825984,,-6.25332904747e-05,-4.54911878478e-06,6.81484234519e-05
1573193935845235039,469,1573193935794224023,,-2.78557727142e-05,3.98201118514e-05,0.000154738794663
1573193935900659526,470,1573193935845042943,,0.000111528257548,1.50634004967e-05,6.54041577945e-05
1573193935952803546,471,1573193935901156902,,-5.52570199943e-05,5.10166355525e-05,5.25111026946e-05
1573193936004622139,472,1573193935952755928,,-0.000230993202422,-9.73114874796e-05,-0.000140773117892
1573193936056303457,473,1573193936005053997,,0.00751454336569,0.0094322161749,0.00419032294303
1573193936110697727,474,1573193936056381940,,0.0242117680609,0.0495188944042,0.0239422805607
1573193936162512149,475,1573193936111295938,,0.0252910573035,0.0893576592207,0.0367561988533
1573193936213519729,476,1573193936162400960,,-0.0197433140129,0.032599106431,0.00641633756459
1573193936266682869,477,1573193936213588953,,-0.0267499275506,0.0552099235356,-0.00416172994301
1573193936318236299,478,1573193936267116069,,-0.0330983549356,0.0720528066158,-0.0101644098759
1573193936370452493,479,1573193936318201065,,-0.0480773746967,0.0890533998609,-0.0230717491359
1573193936421296780,480,1573193936370079040,,-0.0475843809545,0.0885406583548,-0.0219017527997
1573193936522483963,481,1573193936421446084,,-0.0471548289061,0.0884481072426,-0.022449305281
1573193936575134993,482,1573193936522568941,,-0.0452549122274,0.0883742496371,-0.0205619223416
1573193936626254587,483,1573193936574840068,,-0.0454913079739,0.0888115763664,-0.021382831037
1573193936679791144,484,1573193936626398086,,-0.0454737693071,0.0896647423506,-0.0217368863523
1573193936731621282,485,1573193936680043935,,-0.0434760153294,0.0874219313264,-0.019628521055
1573193936784990739,486,1573193936731605052,,-0.0375521220267,0.067072711885,-0.020531302318
1573193936836768014,487,1573193936785204887,,0.0207586567849,0.0196679588407,-0.00628152489662
1573193936890235250,488,1573193936836312055,,0.0645774081349,0.0112986555323,0.0367241352797
1573193936941738304,489,1573193936890578031,,0.0775876790285,0.0133397458121,0.0539829023182
1573193936995032990,490,1573193936941756963,,0.0509062185884,0.00714526185766,0.0381729900837
1573193937047536849,491,1573193936995301961,,0.0147784566507,0.00101231236476,0.0131801674142
1573193937148295784,492,1573193937047343969,,0.000829159806017,-0.000226986725465,0.0010142660467
1573193937199562632,493,1573193937148286104,,0.0128312902525,-0.0217419080436,0.00506017077714
1573193937250900661,494,1573193937199795961,,0.0175722949207,-0.0360333919525,0.00696001341566
1573193937304392876,495,1573193937251007080,,0.00962675735354,-0.0194313526154,0.00458535738289
1573193937355938242,496,1573193937304806947,,0.00304595078342,-0.00314406934194,0.00347123923711
1573193937408650835,497,1573193937356008052,,-0.000288425042527,-0.000111360895971,-0.00154157797806
1573193937514269209,498,1573193937409269094,,0.000355473166564,-0.000486013421323,0.000597037840635
1573193937566923173,499,1573193937515746116,,4.7620258556e-05,-9.49459863477e-05,0.000100806981209
1573193937619041431,500,1573193937566694974,,7.24233686924e-05,1.44268115037e-05,4.07696497859e-05
1573193937672313733,501,1573193937618463039,,-3.3001335396e-05,1.01120258478e-05,-0.000157254326041
1573193937724028666,502,1573193937672342061,,-6.94290201864e-06,2.33719074458e-05,-0.000126361075672
1573193937827770772,503,1573193937724276065,,-2.47014268098e-05,-6.70290319249e-05,-0.000143657714943
1573193937879337795,504,1573193937827822923,,3.16285477311e-05,1.13262231025e-05,-3.83160549973e-05
1573193937930677922,505,1573193937879702091,,8.97621339391e-06,1.92004426935e-05,9.26110351429e-06
1573193937982894487,506,1573193937930809974,,-6.98777948855e-05,-4.20511460106e-05,-0.000127309423988
1573193938084365086,507,1573193937983326911,,-7.01522367308e-05,1.51058759457e-06,-4.5434499043e-05
1573193938136059095,508,1573193938084470033,,-5.53041609237e-05,1.70510975295e-05,-4.85338023282e-05
1573193938188982085,509,1573193938135759115,,8.01590722403e-05,1.44182322401e-05,1.64856264746e-05
1573193938240654590,510,1573193938189604997,,6.64452454657e-05,-4.0091831579e-06,4.15882277593e-05
1573193938293708710,511,1573193938240782976,,-4.39188734163e-05,6.82025347487e-05,0.000139280280564
1573193938346056054,512,1573193938294190883,,-0.000141465090564,-2.9085416827e-05,1.36042781378e-05
1573193938398753189,513,1573193938345586061,,0.000526575720869,4.51318592241e-05,-4.4769498345e-05
1573193938450609108,514,1573193938399354934,,-1.32409161324e-06,3.38959762303e-05,2.76032260444e-05
1573193938503257502,515,1573193938450570106,,-8.34344828036e-05,-9.37522927416e-05,-0.000153040469741
1573193938555049637,516,1573193938503849029,,0.00897381640971,-0.00574671477079,0.00824290886521
1573193938608239803,517,1573193938554795980,,0.0357905700803,-0.024435127154,0.0183532759547
1573193938660301296,518,1573193938608959913,,0.0646043643355,-0.0206593796611,0.0358181931078
1573193938711561542,519,1573193938660486936,,0.0731913372874,0.0278372466564,0.0562406592071
1573193938762802668,520,1573193938711556911,,0.0528107881546,0.0788139253855,0.052920088172
1573193938814231860,521,1573193938762967109,,0.0592087097466,0.0796101912856,0.0553914904594
1573193938868548697,522,1573193938814187049,,0.0585455298424,0.0541599802673,0.0478006601334
1573193938919975403,523,1573193938868942975,,0.0393535234034,0.0219401530921,0.0287907738239
1573193938973379176,524,1573193938920089960,,0.0132715087384,0.00490633398294,0.00988982245326
1573193939025757001,525,1573193938974158048,,0.00889657251537,-0.000600978382863,0.00851067714393
1573193939078941012,526,1573193939025945901,,0.0349503159523,-0.0293585341424,0.0166927017272
1573193939131261524,527,1573193939079761981,,0.0212471429259,-0.0287836808711,0.00914896186441
1573193939186624710,528,1573193939131267070,,0.012269324623,-0.0202392619103,0.00524154724553
1573193939288682652,529,1573193939185561895,,-0.000227790995268,-0.000507265212946,-0.00127197045367
1573193939340405164,530,1573193939289067029,,-0.000116377792438,-0.00027988437796,-0.000348303932697
1573193939393504738,531,1573193939340409994,,-6.69846776873e-05,-4.39977229689e-05,-0.00038055240293
1573193939445700892,532,1573193939394119024,,4.85604796268e-05,-0.000165175530128,6.03604021308e-05
1573193939497499003,533,1573193939445723056,,-2.4977356361e-07,-5.4201023886e-05,-5.78601699885e-08
1573193939548705259,534,1573193939497507095,,0.000554486934561,-0.0013775624102,0.00170719821472
1573193939603252800,535,1573193939548619031,,-0.00492671877146,-0.0583113692701,-0.0162218976766
1573193939654654862,536,1573193939603472948,,-0.0126525610685,-0.0665025636554,-0.0220302939415
1573193939707829694,537,1573193939654814004,,-0.00952868722379,-0.0337246656418,-0.00867798179388
1573193939760674662,538,1573193939708465099,,-0.0032164438162,-0.0048222602345,-0.00111354002729
1573193939862390349,539,1573193939760828971,,0.000355957366992,-0.000558559957426,0.00082087807823
1573193939914947270,540,1573193939862051010,,-0.000176810324774,0.000228070595767,5.7273737184e-05
1573193939967318807,541,1573193939916048049,,-6.55401236145e-05,-4.92230210511e-05,-3.28773712681e-05
1573193940018581292,542,1573193939967353105,,0.00023690063972,5.47046402062e-05,4.20142459916e-05
1573193940071940844,543,1573193940018615007,,0.000108485961391,0.000121421930089,0.000127996710944
1573193940123045374,544,1573193940071455001,,-8.5635270807e-05,7.47723825043e-05,0.000111998597276
1573193940174384848,545,1573193940123035907,,-7.37817463232e-05,-1.37614888445e-05,-6.74498078297e-05
1573193940227665992,546,1573193940174623966,,-1.22869596453e-05,4.39344830738e-06,-9.56575604505e-05
1573193940280569601,547,1573193940228187084,,5.87035247008e-05,5.11295511387e-05,4.27968407166e-05
1573193940332631458,548,1573193940281014919,,2.03992658498e-05,6.90583256073e-05,2.05935357371e-05
1573193940384587436,549,1573193940333067893,,-4.8969326599e-05,6.31135480944e-05,8.99892911548e-05
1573193940436461659,550,1573193940384716033,,2.96119269478e-05,4.71371167805e-05,5.4357751651e-05
1573193940487750877,551,1573193940436371088,,3.60462108802e-05,5.92304349993e-05,-6.20973787591e-06
1573193940539493727,552,1573193940488078117,,5.13443155796e-05,0.000110310647869,0.000113244183012
1573193940590903347,553,1573193940539506912,,7.14812558726e-05,4.68344696856e-05,3.97630865336e-05
1573193940642423638,554,1573193940591063976,,6.4486215706e-05,0.000108648870082,0.000101260331576
1573193940695232564,555,1573193940642091989,,-7.70320984884e-05,-4.09475906054e-05,-0.000109552289359
1573193940796909797,556,1573193940695894002,,4.521941446e-05,5.87804461247e-05,5.04919298692e-05
1573193940851633826,557,1573193940796781063,,2.92442200589e-05,6.37552948319e-05,0.000109113934741
1573193940903423440,558,1573193940852200031,,-0.00721218110994,-0.00287368427962,-0.00421186489984
1573193940956871195,559,1573193940903398036,,-0.0318617895246,-0.0191200431436,-0.0244246330112
1573193941008462203,560,1573193940957319021,,-0.061121493578,-0.0354512110353,-0.0490419343114
1573193941059733700,561,1573193941008544921,,-0.0723564773798,-0.0140839898959,-0.0584989711642
1573193941113442469,562,1573193941059737920,,-0.0416346229613,0.103532105684,-0.00831704773009
1573193941165436719,563,1573193941113928079,,-0.0464225374162,0.105759374797,-0.0151636246592
1573193941216574532,564,1573193941165576934,,-0.0630183517933,0.0704758614302,-0.031229659915
1573193941267727691,565,1573193941216459989,,-0.0559083893895,0.027132531628,-0.03609842062
1573193941321150687,566,1573193941267762899,,-0.0231469739228,0.00448151864111,-0.0181192159653
1573193941423073346,567,1573193941321655035,,-0.0151907540858,-0.0117383636534,-0.010827831924
1573193941474523574,568,1573193941423146963,,-0.0430108048022,-0.0583733916283,-0.0348334982991
1573193941528231350,569,1573193941474612951,,-0.025798747316,-0.0366510786116,-0.00261868070811
1573193941579884672,570,1573193941528348922,,-0.00488811638206,-0.0078850267455,0.0134082809091
1573193941632512339,571,1573193941579711914,,0.00189372687601,0.000555376405828,0.00155312870629
1573193941735687869,572,1573193941633153915,,0.00027569377562,-8.13459191704e-05,0.000903098203707
1573193941787867888,573,1573193941735892057,,-0.00153589819092,-0.000457297253888,-0.000661817495711
1573193941839392540,574,1573193941788285017,,-0.0227079670876,-0.0111726969481,-0.0160957630724
1573193941890478643,575,1573193941839425086,,-0.0642942860723,-0.0351416319609,-0.0502648316324
1573193941991673368,576,1573193941890484094,,-0.0856041535735,-0.0465644821525,-0.0762423500419
1573193942042809413,577,1573193941991735935,,0.0297879762948,-0.0304522495717,-0.00136166694574
1573193942096012017,578,1573193942042572021,,0.0593912787735,-0.0501309111714,0.0315803512931
1573193942147681118,579,1573193942096262931,,0.0750381723046,-0.0561203844845,0.0466693080962
1573193942199178410,580,1573193942147531986,,0.0657536536455,-0.0488770492375,0.0373096764088
1573193942251906328,581,1573193942199657917,,0.0471546575427,-0.0289403069764,0.0310433190316
1573193942303251885,582,1573193942252161026,,0.0224258583039,-0.00877061393112,0.0160304475576
1573193942354482679,583,1573193942303280115,,0.0089346151799,-0.00281067728065,0.0075076953508
1573193942407689353,584,1573193942354522943,,0.00154027459212,-0.000727470382117,0.00228542229161
1573193942459669345,585,1573193942408194065,,0.000256063562119,0.000209803605685,0.000254324811976
1573193942512672124,586,1573193942459793090,,-0.000185680793948,0.000255935505265,-0.000197451779968
1573193942564254481,587,1573193942512902975,,0.000263758643996,-0.000193566054804,0.000696775852703
1573193942615476253,588,1573193942564362049,,-0.00019438144227,0.000165137069416,-0.00023906196293
1573193942669256052,589,1573193942615293025,,6.48064597044e-05,3.7548263208e-05,0.000149900952238
1573193942721434763,590,1573193942670150041,,-8.65646507009e-05,0.000105073995655,3.38162499247e-05
1573193942772511930,591,1573193942721524953,,-0.000200358670554,9.25080530578e-05,1.39804014907e-05
1573193942826259803,592,1573193942772444009,,-1.13052146844e-05,0.000133656911203,0.000246482435614
1573193942877853076,593,1573193942826492071,,0.000125012418721,4.49822509836e-05,0.000168054844835
1573193942929207077,594,1573193942878151893,,-3.23068343278e-05,-5.0936043408e-05,-2.96333291772e-05
1573193942981668270,595,1573193942929089069,,-1.629639155e-05,5.17844673595e-05,0.000103958933323
1573193943033306802,596,1573193942982297897,,-4.14905935031e-06,-3.73036345991e-05,-0.000109496999357
1573193943084228604,597,1573193943033288955,,-0.000103748017864,1.64257326105e-05,-3.56046302841e-06
1573193943138423407,598,1573193943084311008,,-0.000102212114143,-6.48689529044e-05,-9.40789832384e-05
1573193943188930263,599,1573193943137758970,,1.50723062688e-05,-8.75179557625e-06,-0.000144198274938
1573193943290158630,600,1573193943188791036,,-2.73570312856e-05,-6.06880121268e-06,4.08863052144e-05
1573193943343147962,601,1573193943290297031,,0.00767366681248,-0.000659184122924,0.00750375119969
1573193943394439682,602,1573193943343183040,,0.0382921621203,-0.00201509241015,0.025971846655
1573193943446450263,603,1573193943394479990,,0.0817154273391,0.00594456493855,0.0547285079956
1573193943548759740,604,1573193943446717023,,0.106902636588,0.0380291640759,0.0813360437751
1573193943600410866,605,1573193943548933982,,0.0874057412148,0.072421990335,0.0725552365184
1573193943651330063,606,1573193943600137948,,0.0450977347791,0.0684999078512,0.0458884127438
1573193943702710173,607,1573193943651434898,,0.00559759745374,0.0328472107649,0.00957414787263
1573193943755435933,608,1573193943702811956,,-0.00464526563883,0.00530205806717,-0.00530974008143
1573193943806728760,609,1573193943755553960,,-0.00747221382335,0.000242148511461,-0.00570026319474
1573193943860510915,610,1573193943806756019,,-0.0183590110391,-0.00087033805903,-0.00654905103147
1573193943912083168,611,1573193943860964059,,-0.012255304493,-0.00241545331664,0.00825083721429
1573193943963187454,612,1573193943912123918,,0.00279204943217,0.000243559203227,0.00363918510266
1573193944014542134,613,1573193943963046073,,-0.000344759668224,0.000226074669627,-0.000641789927613
1573193944067693054,614,1573193944014631032,,0.000177917943802,-0.000155603513122,0.000206275537494
1573193944171785398,615,1573193944068281888,,5.83552064199e-05,-0.000173524240381,1.76365347215e-06
1573193944223430265,616,1573193944171854019,,5.02678267367e-05,-3.33580755978e-05,-0.00010211027984
1573193944276276524,617,1573193944223402023,,5.12163751409e-05,-5.19749410159e-05,-9.96829912765e-05
1573193944327803168,618,1573193944276618003,,-1.82673138625e-05,-3.88355431369e-07,-2.58121799561e-05
1573193944379668048,619,1573193944327800989,,-0.00805632211268,-0.00306549202651,-0.00467782653868
1573193944431077285,620,1573193944379739999,,-0.0388922914863,-0.0226677916944,-0.028092212975
1573193944483861133,621,1573193944430869102,,-0.0785660147667,-0.0473720952868,-0.0592553764582
1573193944535678344,622,1573193944484435081,,-0.0977632328868,-0.0580628402531,-0.0756329223514
1573193944587005305,623,1573193944535511016,,-0.0979553088546,-0.0582999065518,-0.0760781615973
1573193944638347325,624,1573193944587152957,,-0.0996245592833,-0.0587390065193,-0.0774581134319
1573193944691794216,625,1573193944638179063,,-0.0956569164991,-0.0566759034991,-0.0754119083285
1573193944743758012,626,1573193944692464113,,-0.0968814492226,-0.0573445521295,-0.0766273736954
1573193944796504283,627,1573193944743828058,,-0.095671005547,-0.0565268620849,-0.0759217441082
1573193944900602146,628,1573193944797154903,,-0.0957679972053,-0.0565670840442,-0.0770592242479
1573193944952862991,629,1573193944901721000,,-0.0963281542063,-0.0570785291493,-0.0787673443556
1573193945004968397,630,1573193944952892065,,-0.0943416729569,-0.0558712147176,-0.077701061964
1573193945056160057,631,1573193945004925966,,-0.0940064936876,-0.0558946728706,-0.0784604400396
1573193945107310899,632,1573193945056207895,,-0.0911630094051,-0.0539529062808,-0.0764331743121
1573193945158584559,633,1573193945107425928,,-0.0873947888613,-0.051465254277,-0.0737571418285
1573193945260443820,634,1573193945158607006,,-0.0938727110624,-0.0558532476425,-0.0807230770588
1573193945311763954,635,1573193945260679006,,-0.0614649765193,-0.0364885479212,-0.066083483398
1573193945363271045,636,1573193945311867952,,-0.0155049022287,-0.00655895937234,-0.0362656414509
1573193945415171095,637,1573193945363343954,,0.0120798833668,0.0107746748254,-0.00372317270376
1573193945469319481,638,1573193945415463924,,0.00451892195269,0.00594894075766,0.00322354049422
1573193945521086102,639,1573193945469386100,,0.000351715221768,0.00147812871728,0.000954679446295
1573193945572419763,640,1573193945521286964,,0.000185730605153,0.00049611349823,0.000660215038806
1573193945625971912,641,1573193945572555065,,0.000201398972422,0.000452170002973,0.000554355036002
1573193945678037333,642,1573193945626508951,,0.000216961125261,0.000272364646662,0.000355573662091
1573193945729672249,643,1573193945678272962,,0.000135542170028,0.000149137951666,0.00022693889332
1573193945780355265,644,1573193945729429006,,6.71018881349e-07,3.41925660905e-05,0.000180295101018
1573193945881522176,645,1573193945780414104,,7.74296131567e-05,5.72226708755e-05,4.25120124419e-05
1573193945982803979,646,1573193945881525993,,1.16361807159e-05,2.70433774858e-05,7.03572222847e-05
1573193946033896575,647,1573193945982781887,,0.000801424961537,0.000163057251484,4.12373010477e-05
1573193946085285212,648,1573193946034073114,,1.59924857144e-05,-5.14270723215e-05,-1.24992875499e-05
1573193946137782578,649,1573193946085062026,,3.89812230424e-05,-1.5755826098e-05,1.30510920826e-06
1573193946190836307,650,1573193946138350963,,7.03371697455e-05,3.45691369148e-05,6.04023916821e-05
1573193946244741335,651,1573193946190562009,,3.29469662574e-06,8.5671654233e-06,-1.59591945703e-05
1573193946298305518,652,1573193946246742010,,4.027491741e-05,3.26045446855e-05,6.01437604928e-05
1573193946349435016,653,1573193946298249959,,0.000203000206966,2.92702097795e-05,-7.24973142496e-06
1573193946400837552,654,1573193946349183082,,2.61704790319e-05,-2.20464808081e-05,-2.41094221565e-05
1573193946453750675,655,1573193946400839090,,-9.05401429918e-06,2.02854607778e-05,1.34621786856e-05
1573193946506167018,656,1573193946454632043,,3.60573972102e-06,-9.06433979253e-06,9.80127733783e-05
1573193946557841288,657,1573193946506210088,,0.000706312363036,0.000805715506431,-0.000427740247687
1573193946609481707,658,1573193946557957887,,-0.000766605953686,0.0427210703492,0.00664832629263
1573193946660925045,659,1573193946609738111,,-0.0277943536639,0.039323668927,-0.0102037219331
1573193946713196196,660,1573193946660881042,,-0.0461283177137,-0.0232545044273,-0.0398143343627
1573193946765359381,661,1573193946713417053,,-0.0233626458794,-0.0591300837696,-0.0294426251203
1573193946816688866,662,1573193946765362024,,0.00645616464317,-0.0347333587706,0.00216576294042
1573193946917670126,663,1573193946816785097,,-0.000310320552671,-0.000301336840494,-0.000961694400758
1573193947018963079,664,1573193946917910099,,0.000370405323338,-0.000190375430975,0.000302278232994
1573193947070298928,665,1573193947019021987,,-0.000309890980134,-0.000176107118023,-3.37923702318e-05
1573193947124450044,666,1573193947070276975,,7.03769692336e-05,-6.09789240116e-05,5.04479503434e-05
1573193947176510735,667,1573193947125073909,,9.94977108348e-06,-2.49829336099e-05,2.44049715548e-06
1573193947229373108,668,1573193947176549911,,5.57211242267e-05,-5.86555051996e-06,3.80555684387e-05
1573193947281643757,669,1573193947230113983,,-2.73808268503e-06,-3.89382948924e-05,1.85793778655e-05
1573193947335767634,670,1573193947281627893,,-0.00102721946314,-0.000180303642992,1.32825634864e-05
1573193947387887809,671,1573193947336209058,,1.42938970384e-05,-8.80635798239e-06,-6.6678490839e-05
1573193947439003768,672,1573193947388058900,,6.16655188423e-06,2.31521389651e-05,3.64090956282e-05
1573193947490779885,673,1573193947439028024,,-5.12331025675e-05,-3.84880040656e-05,-7.64061624068e-05
1573193947542423521,674,1573193947490986108,,2.17071992665e-05,-4.22608791268e-05,-0.00015719019575
1573193947594110458,675,1573193947542453050,,0.000109422733658,6.89361513651e-06,0.000105446015368
1573193947645666244,676,1573193947594423055,,-6.3308114477e-05,-3.88431408282e-06,-8.38222549646e-05
1573193947697178841,677,1573193947645850896,,3.04889599647e-05,-1.03063075585e-05,9.58649834502e-05
1573193947748568324,678,1573193947697211980,,6.22596926405e-05,-3.16806399496e-05,6.87482242938e-05
1573193947799937975,679,1573193947748653888,,0.00394274992868,-0.00139225448947,0.00465862825513
1573193947851215143,680,1573193947799947977,,0.0163670033216,-0.00420315098017,0.0157076828182
1573193947952825338,681,1573193947851507902,,0.016130650416,-0.0701810643077,0.00339308404364
1573193948006353367,682,1573193947952672004,,0.00929942727089,-0.0907703489065,0.00164403894451
1573193948058289328,683,1573193948006934881,,-0.00459241773933,-0.0830063596368,-0.0128206415102
1573193948110488049,684,1573193948058403015,,-0.0348994210362,-0.0523687563837,-0.0330653339624
1573193948162541151,685,1573193948111022949,,-0.0373453125358,0.00950105208904,-0.0213191211224
1573193948217080297,686,1573193948162305116,,-0.0092186043039,0.0356416143477,-0.00318301608786
1573193948268915116,687,1573193948217497110,,0.000778538407758,0.00181857182179,0.00177759153303
1573193948322175578,688,1573193948269016027,,0.000469273887575,0.00124743278138,0.000265671347734
1573193948374614521,689,1573193948322618961,,0.000431808643043,0.00116433715448,-0.00013250100892
1573193948425765072,690,1573193948374836921,,0.000128794199554,0.000695899769198,-0.000125123900943
1573193948526802300,691,1573193948425750970,,0.000145231198985,0.000241112240474,-3.60666454071e-05
1573193948580028528,692,1573193948527015924,,-5.22073387401e-05,1.11045446829e-05,6.08515001659e-05
1573193948632670759,693,1573193948580141067,,9.74268841674e-05,9.12047471502e-05,5.97379694227e-05
1573193948686041978,694,1573193948632828950,,-7.56628578529e-05,4.35295447687e-07,-6.73835893394e-05
1573193948737828822,695,1573193948686645984,,-5.11656144226e-05,-4.99374145875e-05,-6.7319124355e-05
1573193948839550092,696,1573193948737947940,,3.38273712259e-05,-6.66814376018e-05,-0.000146269972902
1573193948892697089,697,1573193948839699983,,0.0054917181842,0.00842144247144,0.00243193446659
1573193948944752010,698,1573193948893018960,,0.0317589566112,0.028203163296,0.0307258758694
1573193948997636808,699,1573193948944773912,,0.0458053052425,0.0152881965041,0.040092587471
1573193949049454416,700,1573193948998275041,,0.0256263390183,-0.0321650728583,0.0110524361953
1573193949150533253,701,1573193949049582004,,-0.00767240393907,-0.0164688844234,-0.00471619237214
1573193949202179844,702,1573193949150614976,,-3.21463448927e-05,-0.00112637900747,0.000266442453722
1573193949253395443,703,1573193949202300071,,-0.000517800217494,-0.000981998979114,-0.000169309365447
1573193949306535875,704,1573193949253458023,,-6.02504733251e-05,-4.95412059536e-05,-0.000260046246694
1573193949410508004,705,1573193949307071924,,6.71822781442e-05,-0.000185186901945,0.000229528115597
1573193949511969247,706,1573193949410944938,,-8.07264877949e-05,-3.78893892048e-05,-0.000132562941872
1573193949565321698,707,1573193949511934041,,-3.63526742149e-05,-3.57326607627e-05,-7.63476491557e-05
1573193949616481098,708,1573193949565306901,,-2.42151727434e-05,2.23947281484e-05,-5.59007676202e-05
1573193949669519258,709,1573193949616504907,,1.27218982016e-05,6.79270524415e-05,7.82607166911e-05
1573193949721062241,710,1573193949669964075,,4.4074105972e-05,6.81761885062e-05,0.000123118734336
1573193949772152549,711,1573193949721137046,,-8.47062037792e-05,-3.12610936817e-05,-0.000112565496238
1573193949823809075,712,1573193949771960973,,1.30378739414e-05,5.74949899601e-06,-1.69843751792e-05
1573193949877273367,713,1573193949823970079,,4.77971007058e-05,1.11966328404e-05,3.98983065679e-05
1573193949929556903,714,1573193949877563953,,-4.69470905955e-05,-4.77056673844e-05,-0.000179788272362
1573193949981715747,715,1573193949929697990,,-5.91386378801e-06,4.49034087069e-06,-6.3390930336e-06
1573193950033290514,716,1573193949981998920,,-0.000107150553958,-2.57055562543e-05,-8.29448908917e-05
1573193950084698431,717,1573193950033492088,,0.000133098714286,3.79811353923e-05,3.57478093065e-05
1573193950136172075,718,1573193950084733963,,-4.32591805293e-05,1.85261524166e-05,-1.02938420241e-05
1573193950187460643,719,1573193950136264085,,-8.67481721798e-05,-2.73435707641e-05,-9.53974667937e-05
1573193950241181576,720,1573193950187697887,,2.33876380662e-05,1.88566082215e-05,2.50362427323e-05
1573193950292930029,721,1573193950241282939,,-3.83400401915e-05,-5.55205360797e-06,-7.50853869249e-05
1573193950394886531,722,1573193950293010950,,3.81518875656e-05,1.0005639524e-05,7.99575500423e-05
1573193950449996139,723,1573193950395245075,,-3.47855461769e-07,2.99632447422e-05,9.34804120334e-06
1573193950502523886,724,1573193950450628042,,4.93749303132e-06,-2.10915204661e-05,-4.44145262009e-05
1573193950556122806,725,1573193950502597093,,3.66351741832e-05,4.27774029959e-05,3.26696608681e-05
1573193950607515120,726,1573193950556199073,,-7.57779480409e-06,2.8990566534e-06,-3.07797672576e-05
1573193950709040751,727,1573193950607610940,,-6.63927096411e-07,2.50538541877e-05,1.60158360814e-05
1573193950762351873,728,1573193950709064006,,-1.66614336194e-05,1.02563467408e-06,-3.59838413715e-05
1573193950814597990,729,1573193950763156890,,-2.63155789071e-06,-3.37229867e-05,-5.93831573497e-05
1573193950865873413,730,1573193950814825057,,2.66971583187e-05,-1.84678683581e-05,4.80299695482e-06
1573193950967271862,731,1573193950865947961,,-4.94187879667e-05,-4.08437790611e-06,6.26930632279e-05
1573193951018371632,732,1573193950967375993,,-5.8686677221e-05,-3.99290947826e-05,-5.55548431294e-05
1573193951071459497,733,1573193951018327951,,9.32340572035e-06,-2.24718987738e-05,-9.89902400761e-05
1573193951122722575,734,1573193951071554899,,-7.75304506533e-05,-1.09487446025e-05,-8.30599965411e-05
1573193951176385804,735,1573193951122766017,,2.84746693069e-05,2.41332545556e-05,5.00865935464e-05
1573193951230550270,736,1573193951176963090,,6.12259682384e-05,1.14848592148e-06,8.6077634478e-05
1573193951334185321,737,1573193951230601072,,-3.88401058444e-05,2.79789237538e-05,1.40623515108e-05
1573193951386556752,738,1573193951334650039,,1.49303041326e-05,2.07437024073e-05,1.34476204039e-05
1573193951440049377,739,1573193951386833906,,-3.23359199683e-05,-8.95314879017e-05,-0.00019745757163
1573193951492066403,740,1573193951440363883,,8.95110315469e-06,-2.31370704569e-05,-8.11576173874e-05
1573193951545388483,741,1573193951492108106,,2.10705729842e-05,2.82722085103e-05,4.5078999392e-05
1573193951647128871,742,1573193951546041965,,1.07276964627e-05,1.66311801877e-05,3.49622823705e-05
1573193951701638380,743,1573193951646967887,,-2.83406916424e-05,3.25976361637e-05,3.13020427711e-05
1573193952053072893,744,1573193951701742887,,-3.15547949867e-05,6.89671142027e-05,9.36072683544e-05
1573193952106690428,745,1573193952053066968,,-0.00011119775445,7.31278269086e-05,0.000126202925458
1573193952160138638,746,1573193952107882022,,0.000657761003822,0.000122563171317,9.16895805858e-06
1573193952212051203,747,1573193952159771919,,7.98098772066e-05,7.47007652535e-05,0.000118647505587
1573193952265751485,748,1573193952212335109,,2.91905507765e-05,-9.8812579381e-06,-2.70065902441e-05
1573193952318361448,749,1573193952266339063,,-1.60756626428e-05,-6.24441090622e-05,-0.000140404634294
1573193952370279504,750,1573193952318737030,,3.27871348418e-05,3.05192261294e-05,7.31770114726e-06
1573193952421556150,751,1573193952370395898,,-1.1266221918e-05,9.82879464573e-06,6.65113157083e-06
1573193952474019539,752,1573193952421694993,,4.39929208369e-05,3.32971358148e-05,0.000113041904115
1573193952526332845,753,1573193952474575042,,7.81621565693e-05,-1.00055931398e-05,2.17274973693e-05
1573193952577974659,754,1573193952526782989,,-2.01338389161e-05,4.60553201265e-05,-3.74349074264e-05
1573193952629288171,755,1573193952578064918,,6.03894977758e-06,-9.6349949672e-06,-2.59715197899e-05
1573193952732179664,756,1573193952629378080,,-9.97266542981e-05,1.01295581771e-05,2.40047702391e-05
1573193952784895645,757,1573193952732939958,,8.6294443463e-05,-2.52791069215e-05,4.27423913152e-07
1573193952838302770,758,1573193952784845113,,0.000155133515364,3.71208589058e-05,0.00015055052063
1573193952890419974,759,1573193952838802099,,-3.69914232579e-05,1.18554125947e-05,-2.99669409287e-05
1573193952943930959,760,1573193952890471935,,-9.02989195311e-05,2.5700626793e-05,1.26891754917e-05
1573193953046279555,761,1573193952944518089,,3.09048555209e-05,1.98262478079e-05,9.74933136604e-05
1573193953097628799,762,1573193953046355009,,-1.00575480246e-05,5.28168538949e-06,-2.31632634495e-06
1573193953148591545,763,1573193953097672939,,6.49593857815e-05,2.26195988944e-05,-1.4778392142e-05
1573193953201269519,764,1573193953148715972,,0.00044709307258,3.57620301656e-05,4.96502907481e-05
1573193953252912166,765,1573193953201678991,,2.50927860179e-05,1.67962639352e-06,-7.16058593753e-06
1573193953303810094,766,1573193953252635955,,8.50034339237e-05,3.48874673364e-05,6.00278071943e-05
1573193953355862733,767,1573193953303894996,,1.06706283987e-06,-1.65021356224e-05,-1.87593304872e-05
1573193953407079824,768,1573193953355854988,,7.72688781581e-06,-1.03327702163e-05,-4.14571513829e-05
1573193953458780610,769,1573193953407089948,,-5.15087194799e-05,3.49468496097e-06,-3.31193841703e-05
1573193953512399866,770,1573193953459126949,,0.000277169019682,5.38314088772e-05,-4.52171407233e-05
1573193953564584319,771,1573193953512904882,,2.64065620286e-05,2.04118568945e-05,2.68366402452e-05
1573193953616206001,772,1573193953564856052,,8.51345430419e-06,1.83055578873e-06,8.57250997797e-05
1573193953667924231,773,1573193953616261005,,5.9933776356e-05,1.57767844939e-05,5.36390325578e-05
1573193953718960132,774,1573193953667519092,,-3.66408348782e-05,5.24686765857e-06,-4.20074647991e-05
1573193953770594061,775,1573193953719111919,,-4.40507665189e-06,4.53664542874e-05,5.73290017201e-05
1573193953823897384,776,1573193953770641088,,7.6272233855e-05,2.45818137046e-05,4.81772476633e-05
1573193953876675748,777,1573193953824206113,,-4.06497274525e-05,-6.079724335e-05,-0.000132529836264
1573193953980429306,778,1573193953876853942,,-2.74832091236e-05,-6.76518902765e-06,3.22282721754e-06
1573193954032582146,779,1573193953981523036,,1.33910116347e-05,-1.05766084744e-05,-2.61961504293e-05
1573193954085636111,780,1573193954032747983,,8.96446363186e-06,-5.58516330784e-06,-5.08643242938e-05
1573193954138277589,781,1573193954086750030,,-6.331102486e-05,-1.59805658768e-05,4.7204321163e-05
1573193954191539302,782,1573193954138314008,,8.98655343917e-05,2.03250729101e-05,0.0001064670505
1573193954245098860,783,1573193954191663026,,-1.79027028935e-05,1.88251324289e-05,-6.06702415098e-05
1573193954296695203,784,1573193954245388031,,-5.46422270418e-05,-1.30013477246e-05,-5.25696996192e-05
1573193954348227463,785,1573193954296708106,,9.10637536435e-05,3.81135105272e-05,5.28066666448e-05
1573193954399632788,786,1573193954348402976,,9.63302445598e-05,4.77710600535e-05,0.000109858679934
1573193954450981237,787,1573193954399617910,,0.000659380573779,0.00011085774895,5.26814365003e-05
1573193954505252292,788,1573193954450654983,,-1.94297826965e-05,-4.22049538429e-07,-1.50749519889e-05
1573193954557089552,789,1573193954505527973,,-7.51559855416e-05,-4.8984431487e-05,-6.10276802036e-05
1573193954608477741,790,1573193954557048082,,2.6911335226e-05,8.66880782269e-07,-7.09826344973e-05
1573193954659563103,791,1573193954608505010,,1.47660102812e-05,1.93538508029e-05,1.28221099658e-05
1573193954710793468,792,1573193954659753084,,-3.07765585603e-05,-1.47263074268e-06,-2.30831028603e-05
1573193954762425164,793,1573193954710623025,,8.72750679264e-05,7.01662429492e-05,7.73970095906e-05
1573193954814302613,794,1573193954762634992,,-0.000821263587568,-7.10703679943e-05,1.86938141269e-05
1573193954865552977,795,1573193954813971042,,0.000165251505678,2.1231626306e-05,1.12671641546e-05
1573193954917057942,796,1573193954865545988,,8.33464291645e-05,-1.13132482511e-05,6.78219248584e-06
1573193954967982402,797,1573193954916841983,,1.34424117277e-05,-3.33262214554e-05,-4.78077708976e-06
1573193955019290352,798,1573193954968074083,,5.66837297811e-05,4.69607039122e-06,-3.75039198843e-05
1573193955073563349,799,1573193955019140958,,7.94305287855e-06,-2.20563724724e-05,-1.22686606119e-05
1573193955125507475,800,1573193955074358940,,-2.54079986917e-05,9.68071526586e-06,2.94382898574e-05
1573193955226687575,801,1573193955125628948,,4.35844667663e-05,3.40107944794e-05,-3.92652873415e-05
1573193955279118763,802,1573193955226783037,,-0.000238093343796,-4.75250199088e-05,1.1359948985e-05
