%time,field.header.seq,field.header.stamp,field.header.frame_id,field.speed,field.vx,field.vy,field.vz
1573193908819562209,201,1573193908767745971,,0.0,-9.99999974738e-06,0.0,0.0
1573193908873598979,202,1573193908819442033,,0.0,-0.0,-0.0,-0.0
1573193908924916404,203,1573193908872981071,,0.0,0.0,9.99999974738e-06,-0.0
1573193908976956357,204,1573193908924659013,,0.0,0.0,-9.99999974738e-06,-0.0
1573193909029105572,205,1573193908976994991,,0.0,0.0,-0.0,-9.99999974738e-06
1573193909081238851,206,1573193909028708934,,0.0,0.0,-1.99999994948e-05,-0.0
1573193909135793471,207,1573193909081301927,,0.0,-0.0,1.99999994948e-05,-0.0
1573193909187871115,208,1573193909135543107,,0.0,-9.99999974738e-06,-9.99999974738e-06,9.99999974738e-06
1573193909289506646,209,1573193909187488079,,0.0,-0.0,-0.0,0.0
1573193909342483937,210,1573193909289264917,,0.0,9.99999974738e-06,-9.99999974738e-06,-0.0
1573193909394373400,211,1573193909342571020,,0.0,-0.0,-0.0,9.99999974738e-06
1573193909448109248,212,1573193909394272089,,0.0,9.99999974738e-06,0.0,-0.0
1573193909499471695,213,1573193909447936058,,0.0,-9.99999974738e-06,0.0,9.99999974738e-06
1573193909600988820,214,1573193909499553918,,0.0,-9.99999974738e-06,1.99999994948e-05,0.0
1573193909654121275,215,1573193909600831985,,0.0,0.0,0.0,0.0
1573193909705723258,216,1573193909654267072,,0.0,9.99999974738e-06,9.99999974738e-06,-0.0
1573193909759781975,217,1573193909705734014,,0.0,-9.99999974738e-06,9.99999974738e-06,0.0
1573193909811293272,218,1573193909759205102,,0.0,9.99999974738e-06,9.99999974738e-06,-9.99999974738e-06
1573193909865068664,219,1573193909811088085,,0.0,0.0,-0.0,-0.0
1573193909916476453,220,1573193909865176916,,0.0,1.99999994948e-05,-9.99999974738e-06,-1.99999994948e-05
1573193909970749547,221,1573193909916455030,,0.0,9.99999974738e-06,-0.0,-9.99999974738e-06
1573193910022639245,222,1573193909970838069,,0.0,0.0,1.99999994948e-05,-0.0
1573193910073540423,223,1573193910022375106,,0.0,-9.99999974738e-06,-2.99999992421e-05,0.0
1573193910125665124,224,1573193910073585033,,0.0,0.0,-9.99999974738e-06,0.0
1573193910176692188,225,1573193910125416994,,0.0,-9.99999974738e-06,-2.99999992421e-05,0.0
1573193910230964763,226,1573193910176692962,,0.0,0.0,-9.99999974738e-06,-0.0
1573193910282328127,227,1573193910231123924,,0.0,9.99999974738e-06,-9.99999974738e-06,-0.0
1573193910335831172,228,1573193910282351016,,0.0,0.0,-1.99999994948e-05,0.0
1573193910437801262,229,1573193910336117982,,0.0,-1.99999994948e-05,-0.0,9.99999974738e-06
1573193910539659923,230,1573193910437608957,,0.0,-9.99999974738e-06,1.99999994948e-05,9.99999974738e-06
1573193910591327031,231,1573193910539388895,,0.0,0.0,-0.0,-9.99999974738e-06
1573193910642806245,232,1573193910591021060,,0.0,-9.99999974738e-06,9.99999974738e-06,9.99999974738e-06
1573193910693813812,233,1573193910642466068,,0.0,9.99999974738e-06,9.99999974738e-06,-9.99999974738e-06
1573193910745064251,234,1573193910693614959,,0.0,9.99999974738e-06,0.0,-9.99999974738e-06
1573193910796189179,235,1573193910744822978,,9.99999974738e-05,-9.99999974738e-06,4.99999987369e-05,9.99999974738e-06
1573193910847507760,236,1573193910796122074,,0.0,-0.0,9.99999974738e-06,-0.0
1573193910951188150,237,1573193910847352027,,0.0,-0.0,-9.99999974738e-06,-0.0
1573193911003059270,238,1573193910950578927,,0.0,-9.99999974738e-06,2.99999992421e-05,0.0
1573193911053962736,239,1573193911002770900,,0.0,9.99999974738e-06,1.99999994948e-05,-9.99999974738e-06
1573193911107449779,240,1573193911053759098,,0.0,-0.0,9.99999974738e-06,-0.0
1573193911158827535,241,1573193911107084035,,0.0,-0.0,-2.99999992421e-05,9.99999974738e-06
1573193911213106101,242,1573193911158529996,,0.0,1.99999994948e-05,-1.99999994948e-05,-0.0
1573193911265064357,243,1573193911213124036,,0.0,9.99999974738e-06,-1.99999994948e-05,0.0
1573193911566483223,244,1573193911264755964,,0.0,9.99999974738e-06,-1.99999994948e-05,0.0
1573193911617510047,245,1573193911566226959,,0.0,1.99999994948e-05,-3.99999989895e-05,-9.99999974738e-06
1573193911671092672,246,1573193911617347002,,0.0,9.99999974738e-06,-9.99999974738e-06,-0.0
1573193911722456792,247,1573193911671200990,,0.0,1.99999994948e-05,-1.99999994948e-05,-9.99999974738e-06
1573193911773540545,248,1573193911722292900,,0.0,1.99999994948e-05,-3.99999989895e-05,-0.0
1573193911824933058,249,1573193911773550987,,0.0,1.99999994948e-05,-3.99999989895e-05,-9.99999974738e-06
1573193911876101503,250,1573193911824683904,,9.99999974738e-05,1.99999994948e-05,-4.99999987369e-05,-0.0
1573193911930554944,251,1573193911876162052,,0.0,1.99999994948e-05,-1.99999994948e-05,-0.0
1573193911981944241,252,1573193911930666923,,0.000199999994948,-9.00000013644e-05,-0.000169999999343,1.99999994948e-05
1573193912083501226,253,1573193911981967926,,0.00510000018403,-0.0010000000475,-0.0050499998033,2.99999992421e-05
1573193912136533058,254,1573193912083292007,,0.0144999995828,-0.000150000007125,-0.01446999982,-0.000269999989541
1573193912188098598,255,1573193912136631965,,0.0198999997228,0.00608000019565,-0.0189599990845,-0.000169999999343
1573193912241756814,256,1573193912187912940,,0.0208999998868,0.0129899997264,-0.0163400005549,-3.99999989895e-05
1573193912293588054,257,1573193912242055892,,0.0243999995291,0.0204799994826,-0.0132799996063,9.99999974738e-06
1573193912345784780,258,1573193912293406009,,0.0295000001788,0.0278500001878,-0.00987999979407,2.99999992421e-05
1573193912397454139,259,1573193912345733880,,0.0333000011742,0.0325100012124,-0.00726999994367,0.000239999993937
1573193912448179990,260,1573193912397047042,,0.0344000011683,0.0337999984622,-0.00646999990568,-2.99999992421e-05
1573193912499944174,261,1573193912448164939,,0.0344000011683,0.0337999984622,-0.00639999983832,-9.99999974738e-06
1573193912553412394,262,1573193912499752044,,0.034699998796,0.0341399982572,-0.00619000010192,-7.00000018696e-05
1573193912604490172,263,1573193912553035974,,0.0351999998093,0.0351999998093,0.000419999996666,-5.99999984843e-05
1573193912706288438,264,1573193912604301929,,0.0425999984145,0.0392399989069,0.0166200008243,0.000110000000859
1573193912759940161,265,1573193912705770969,,0.047800000757,0.0425300002098,0.0218599997461,0.000159999995958
1573193912812376024,266,1573193912759458065,,0.0505999997258,0.0437600016594,0.0253400001675,9.99999974738e-06
1573193912863636651,267,1573193912812388896,,0.0524999983609,0.0441499985754,0.028370000422,-1.99999994948e-05
1573193912917332091,268,1573193912863677978,,0.0551999993622,0.0451399981976,0.0317699983716,-3.99999989895e-05
1573193912968734536,269,1573193912917484998,,0.0610000006855,0.0489200018346,0.0364100001752,-0.000289999996312
1573193913023721413,270,1573193912968559980,,0.0689999982715,0.0543899983168,0.042500000447,0.000239999993937
1573193913077680302,271,1573193913023153066,,0.0724999979138,0.0571300014853,0.044619999826,-9.99999974738e-06
1573193913128741365,272,1573193913077037096,,0.0722000002861,0.0568300001323,0.0444899983704,1.99999994948e-05
1573193913180512310,273,1573193913128760099,,0.0724999979138,0.0571000017226,0.0446400009096,-9.99999974738e-06
1573193913232149054,274,1573193913180181980,,0.0706000030041,0.0553600005805,0.0437600016594,0.000260000000708
1573193913283298550,275,1573193913231839895,,0.0606999993324,0.0466499999166,0.0388099998236,-1.99999994948e-05
1573193913334903065,276,1573193913283446073,,0.0533999986947,0.0408399999142,0.0343899987638,-0.000319999991916
1573193913385981132,277,1573193913334774017,,0.0538999997079,0.0401600003242,0.035909999162,-0.000169999999343
1573193913439258131,278,1573193913385756015,,0.054999999702,0.0405200012028,0.037239998579,-0.000319999991916
1573193913491780075,279,1573193913439363002,,0.055799998343,0.0406499989331,0.0381699986756,-0.000300000014249
1573193913544844712,280,1573193913491463899,,0.0579999983311,0.0425899997354,0.0394099988043,-0.000500000023749
1573193913596869280,281,1573193913545216083,,0.0666999965906,0.048829998821,0.0454499982297,-0.000119999996969
1573193913647497784,282,1573193913596501111,,0.0800999999046,0.0570899993181,0.0561599992216,0.000150000007125
1573193913701428232,283,1573193913647505044,,0.0913999974728,0.0606100000441,0.0683799982071,7.9999997979e-05
1573193913751966092,284,1573193913700822114,,0.0934000015259,0.0609700009227,0.0707900002599,9.99999974738e-06
1573193913804070219,285,1573193913751930952,,0.0935000032187,0.0610099993646,0.070909999311,3.99999989895e-05
1573193913857947090,286,1573193913803697109,,0.0899000018835,0.0579800009727,0.0687699988484,0.00034999998752
1573193913908341250,287,1573193913857127904,,0.0784000009298,0.0499799996614,0.0604600012302,0.000180000002729
1573193913961098823,288,1573193913908397912,,0.0657000020146,0.0404600016773,0.0517200008035,0.000330000009853
1573193914012235816,289,1573193913961195945,,0.0529000014067,0.0309500005096,0.0428600013256,0.000339999998687
1573193914065776529,290,1573193914012288093,,0.0403999984264,0.0215300004929,0.034129999578,0.000280000007479
1573193914117931433,291,1573193914066195964,,0.0281000006944,0.0120099997148,0.0253599993885,0.000130000000354
1573193914172331715,292,1573193914117625951,,0.0153999999166,0.00404000002891,0.014809999615,-0.000150000007125
1573193914223519242,293,1573193914171497106,,0.00270000007004,0.000520000001416,0.00264000007883,-5.99999984843e-05
1573193914276767927,294,1573193914223428010,,9.99999974738e-05,-4.99999987369e-05,7.9999997979e-05,9.99999974738e-06
1573193914328720211,295,1573193914276880979,,9.99999974738e-05,-3.99999989895e-05,0.0,-1.99999994948e-05
1573193914382614139,296,1573193914328775882,,0.000199999994948,-0.000140000003739,-7.9999997979e-05,-0.0
1573193914434141203,297,1573193914382175922,,9.99999974738e-05,-9.00000013644e-05,-2.99999992421e-05,-0.0
1573193914538213829,298,1573193914434030055,,0.00209999992512,0.00044999999227,0.00209000008181,-9.99999974738e-05
1573193914589319982,299,1573193914537468910,,0.0265999995172,0.00680000009015,0.025739999488,-3.99999989895e-05
1573193914642474649,300,1573193914589060068,,0.0414999984205,0.0136399995536,0.0391599982977,-3.99999989895e-05
1573193914693500557,301,1573193914641886949,,0.054999999702,0.0210599992424,0.0507699996233,1.99999994948e-05
1573193914744424004,302,1573193914693269968,,0.0675000026822,0.0276500005275,0.0615999996662,0.000110000000859
1573193914798517965,303,1573193914744357109,,0.0807000026107,0.0318700000644,0.0740899965167,2.99999992421e-05
1573193914902936757,304,1573193914797739028,,0.0917000025511,0.0331199988723,0.0854799970984,-3.99999989895e-05
1573193914954132372,305,1573193914903063058,,0.104699999094,0.0324199981987,0.0995900034904,-3.99999989895e-05
1573193915007345295,306,1573193914954041004,,0.11439999938,0.0332099981606,0.109430000186,0.0
1573193915059362213,307,1573193915007540941,,0.11819999665,0.0335199981928,0.113389998674,-0.0
1573193915113211678,308,1573193915059369087,,0.116499997675,0.0331300012767,0.11168000102,7.9999997979e-05
1573193915164088212,309,1573193915112512111,,0.101999998093,0.0296299997717,0.0975899994373,3.99999989895e-05
1573193915216504560,310,1573193915163847923,,0.0872000008821,0.0228199996054,0.0841299965978,1.99999994948e-05
1573193915267379816,311,1573193915216217994,,0.0742999985814,0.0153900003061,0.0726799964905,-9.99999974738e-06
1573193915318273947,312,1573193915267153978,,0.0625,0.00879999995232,0.0618700012565,-0.000110000000859
1573193915370469320,313,1573193915318190097,,0.0500000007451,0.00472000008449,0.0497400015593,-1.99999994948e-05
1573193915421062149,314,1573193915369913101,,0.0384000018239,0.00340999988839,0.0382299982011,2.99999992421e-05
1573193915473933581,315,1573193915421021938,,0.0166999995708,0.00127999996766,0.0166200008243,4.99999987369e-05
1573193915575211800,316,1573193915473659038,,0.00490000005811,0.000390000001062,0.00492999982089,0.0
1573193915626446825,317,1573193915575180053,,0.00079999997979,-0.000539999979082,0.000560000014957,7.9999997979e-05
1573193915679547914,318,1573193915626184940,,0.00430000014603,-0.00368999992497,0.00219999998808,0.000199999994948
1573193915731415430,319,1573193915679111957,,0.00879999995232,-0.00863999966532,0.00153000000864,9.99999974738e-05
1573193915782477073,320,1573193915731134891,,0.0136000001803,-0.0135899996385,0.000809999997728,3.99999989895e-05
1573193915833874733,321,1573193915782260894,,0.0176999997348,-0.017650000751,0.001200000057,-3.99999989895e-05
1573193915887082473,322,1573193915833949089,,0.0215000007302,-0.0212099999189,0.00353999994695,-4.99999987369e-05
1573193915937929258,323,1573193915886662960,,0.0245999991894,-0.0233299992979,0.00768999988213,-3.99999989895e-05
1573193915989113406,324,1573193915937676906,,0.0275999996811,-0.02439000085,0.0129399998114,-2.99999992421e-05
1573193916042402503,325,1573193915988902091,,0.0309999994934,-0.0246900003403,0.0186999998987,-2.99999992421e-05
1573193916093709599,326,1573193916042519092,,0.0318999998271,-0.0245999991894,0.0203099995852,-3.99999989895e-05
1573193916146018529,327,1573193916093482017,,0.034200001508,-0.0263599995524,0.0218499992043,-0.000119999996969
1573193916248938547,328,1573193916145530939,,0.0304000005126,-0.0229000002146,0.0199400000274,-0.000260000000708
1573193916300180548,329,1573193916248765945,,0.0247000008821,-0.0159699991345,0.0188400000334,-9.99999974738e-05
1573193916353999177,330,1573193916299997091,,0.0236000008881,-0.0107800001279,0.0209400001913,-7.00000018696e-05
1573193916405028574,331,1573193916353262901,,0.0293000005186,-0.00829999987036,0.0281199999154,0.000269999989541
1573193916458629170,332,1573193916405054092,,0.0261000003666,-0.0106499996036,0.0238499995321,3.99999989895e-05
1573193916510048212,333,1573193916458271980,,0.021099999547,-0.0178699996322,0.0111699998379,-0.000119999996969
1573193916561597535,334,1573193916510057926,,0.0261000003666,-0.0259499996901,-0.00260000000708,-0.000269999989541
1573193916615144101,335,1573193916561371088,,0.0377999991179,-0.0340900011361,-0.0162599999458,-0.000310000003083
1573193916667250619,336,1573193916615328073,,0.0518999993801,-0.0441699996591,-0.0271700005978,-0.000199999994948
1573193916718233272,337,1573193916666980981,,0.0631999969482,-0.0526000000536,-0.0349900014699,-5.99999984843e-05
1573193916820016365,338,1573193916718239068,,0.0755999982357,-0.0614800006151,-0.0439199991524,-9.99999974738e-05
1573193916871058338,339,1573193916819768905,,0.0813999995589,-0.0658299997449,-0.0478300005198,2.99999992421e-05
1573193916925498648,340,1573193916870810985,,0.0824000015855,-0.0661299973726,-0.0491999983788,7.00000018696e-05
1573193916977109518,341,1573193916925478935,,0.0857999995351,-0.0644100010395,-0.0566999986768,-0.000190000006114
1573193917032353167,342,1573193916977133989,,0.0800999999046,-0.0584799982607,-0.0547900013626,2.99999992421e-05
1573193917136112015,343,1573193917031522035,,0.069399997592,-0.0508200004697,-0.0472900010645,0.000469999999041
1573193917187775449,344,1573193917136118888,,0.0734999999404,-0.0518399998546,-0.0520699992776,0.000300000014249
1573193917239188141,345,1573193917187832117,,0.0751999989152,-0.0518000014126,-0.0544699989259,0.000300000014249
1573193917290477790,346,1573193917239047050,,0.0764999985695,-0.050980001688,-0.0569799989462,0.000190000006114
1573193917344240327,347,1573193917290216922,,0.0784000009298,-0.0508100017905,-0.0597800016403,7.9999997979e-05
1573193917395199901,348,1573193917343533992,,0.0811000019312,-0.0507399998605,-0.0633300021291,0.000119999996969
1573193917449721684,349,1573193917394901990,,0.097000002861,-0.0585700012743,-0.0772899985313,-0.000110000000859
1573193917500175355,350,1573193917448890924,,0.103699997067,-0.0620799995959,-0.0830700024962,-7.9999997979e-05
1573193917551000629,351,1573193917500000000,,0.109399996698,-0.0656699985266,-0.0874599963427,0.000230000005104
1573193917603779095,352,1573193917551007986,,0.119099996984,-0.0696500018239,-0.0965600013733,-0.000269999989541
1573193917654562300,353,1573193917603287935,,0.120999999344,-0.0703900009394,-0.0984599962831,-0.000260000000708
1573193917757491631,354,1573193917654333114,,0.110799998045,-0.0632700026035,-0.0910099968314,0.000300000014249
1573193917810318962,355,1573193917757086992,,0.114200003445,-0.0615999996662,-0.0961100012064,-0.0
1573193917861327547,356,1573193917809900999,,0.114600002766,-0.0597499981523,-0.097800001502,0.0
1573193917914890000,357,1573193917861152887,,0.116700001061,-0.0584999993443,-0.100970000029,-2.99999992421e-05
1573193917966733081,358,1573193917914768934,,0.114299997687,-0.0548399984837,-0.100340001285,-0.000269999989541
1573193918017725960,359,1573193917966532945,,0.103500001132,-0.0492600016296,-0.0910400003195,9.00000013644e-05
1573193918068683189,360,1573193918017546892,,0.0967999994755,-0.0457499995828,-0.0853499993682,9.00000013644e-05
1573193918120318110,361,1573193918068526029,,0.091899998486,-0.0425200015306,-0.0814500004053,-0.000239999993937
1573193918171480520,362,1573193918120018005,,0.0819000005722,-0.0385599993169,-0.0723000019789,0.000289999996312
1573193918222726504,363,1573193918171422958,,0.0785999968648,-0.0362499989569,-0.0697399973869,-1.99999994948e-05
1573193918273680924,364,1573193918222440004,,0.0756999999285,-0.0343200005591,-0.0674699991941,-0.000260000000708
1573193918328939183,365,1573193918273540973,,0.0535000003874,-0.0239499993622,-0.0478399991989,3.99999989895e-05
1573193918379952781,366,1573193918328166961,,0.0362000018358,-0.0158200003207,-0.0325299985707,3.99999989895e-05
1573193918433032475,367,1573193918379690885,,0.0187999997288,-0.00805000029504,-0.0170300006866,3.99999989895e-05
1573193918485559492,368,1573193918433151960,,0.00400000018999,-0.00221999990754,-0.00332999997772,0.000310000003083
1573193918539122433,369,1573193918485193967,,9.99999974738e-05,7.9999997979e-05,2.99999992421e-05,-9.99999974738e-06
1573193918590727766,370,1573193918538527965,,0.000199999994948,0.000199999994948,0.000119999996969,-3.99999989895e-05
1573193918642741607,371,1573193918590532064,,0.000199999994948,0.000220000001718,0.000110000000859,-3.99999989895e-05
1573193918697748712,372,1573193918642594099,,0.000300000014249,0.000220000001718,0.000110000000859,-5.99999984843e-05
1573193918749630180,373,1573193918697977066,,0.000199999994948,0.000190000006114,0.000110000000859,-4.99999987369e-05
1573193918800962881,374,1573193918749507904,,0.000199999994948,0.000159999995958,0.000110000000859,-3.99999989895e-05
1573193918852806818,375,1573193918800965070,,0.000199999994948,0.000140000003739,9.00000013644e-05,-2.99999992421e-05
1573193918904004847,376,1573193918852611064,,9.99999974738e-05,9.00000013644e-05,7.9999997979e-05,-1.99999994948e-05
1573193918955607484,377,1573193918903897047,,0.00209999992512,-0.00144999998156,-0.0014600000577,0.000360000005458
1573193919007844065,378,1573193918955426931,,0.0143999997526,-0.00370000000112,-0.0138699999079,-0.000190000006114
1573193919059666588,379,1573193919007672071,,0.0291000008583,-0.00598999997601,-0.0285199992359,-0.000110000000859
1573193919111457575,380,1573193919059711933,,0.0416000001132,-0.00663999980316,-0.0410300008953,-4.99999987369e-05
1573193919165086494,381,1573193919111509084,,0.0524999983609,-0.00590999983251,-0.0521400012076,-0.000159999995958
1573193919266367722,382,1573193919165172100,,0.0590000003576,-0.00371999992058,-0.0588699989021,-0.000140000003739
1573193919318068755,383,1573193919266166925,,0.0551000013947,0.00230000005104,-0.0550099983811,-4.99999987369e-05
1573193919371955820,384,1573193919317784070,,0.054699998349,0.00565000018105,-0.0544099994004,-2.99999992421e-05
1573193919423272716,385,1573193919371345043,,0.0542999990284,0.00834000017494,-0.0536799989641,0.000119999996969
1573193919474675505,386,1573193919422842025,,0.054200001061,0.00999999977648,-0.0532299987972,-4.99999987369e-05
1573193919575959672,387,1573193919474739074,,0.0529000014067,0.0120400004089,-0.0515000000596,-0.0020300000906
1573193919626982710,388,1573193919575908899,,0.0381999984384,0.015519999899,-0.0347299985588,-0.00364000000991
1573193919680503649,389,1573193919626934051,,0.0284000001848,0.0192099995911,-0.020530000329,-0.00374999991618
1573193919731797597,390,1573193919680387020,,0.0233999993652,0.0218000002205,-0.0077399997972,-0.00378999998793
1573193919783270319,391,1573193919731550931,,0.0240000002086,0.023429999128,0.0039800000377,-0.00370000000112
1573193919889587438,392,1573193919783313035,,0.0271000005305,0.0239100009203,0.012090000324,-0.00375999999233
1573193919940608074,393,1573193919888914108,,0.0296999998391,0.0234500002116,0.0178100001067,-0.00387999997474
1573193919991475560,394,1573193919940346956,,0.0302000008523,0.0227199997753,0.0195799991488,-0.00393000012264
1573193920044570171,395,1573193919991255044,,0.0315999984741,0.0226700007915,0.0215700007975,-0.00412999978289
1573193920095488284,396,1573193920044128894,,0.0333999991417,0.0234900005162,0.023429999128,-0.00400000018999
1573193920149029356,397,1573193920095341920,,0.0359000004828,0.02517000027,0.025490000844,-0.00254000001587
1573193920201997257,398,1573193920148670911,,0.0388000011444,0.0271000005305,0.0277800001204,-0.000330000009853
1573193920253671422,399,1573193920202178955,,0.0395000018179,0.0276699997485,0.0282099992037,-0.000260000000708
1573193920306939049,400,1573193920253712892,,0.0397999994457,0.0279799997807,0.0283499993384,-0.000230000005104
1573193920358711890,401,1573193920307164907,,0.0397999994457,0.0280900001526,0.0282099992037,-0.000250000011874
1573193920409885885,402,1573193920358753919,,0.0399999991059,0.0282199997455,0.0283499993384,-0.000190000006114
1573193920511168680,403,1573193920409692049,,0.0395000018179,0.0278999991715,0.0279300007969,-9.00000013644e-05
1573193920565592213,404,1573193920510972023,,0.0390000008047,0.0275599993765,0.0275999996811,1.99999994948e-05
1573193920617000142,405,1573193920565695047,,0.0386999994516,0.0273899994791,0.0273700002581,0.000110000000859
1573193920671608456,406,1573193920617053031,,0.0384999997914,0.0272199995816,0.0272199995816,0.000190000006114
1573193920723164411,407,1573193920671678066,,0.0379999987781,0.0269000008702,0.0268799997866,0.000289999996312
1573193920825759684,408,1573193920723166942,,0.0377999991179,0.0267200004309,0.0267600007355,0.000390000001062
1573193920876722160,409,1573193920825295925,,0.0373999997973,0.0264699999243,0.0264400001615,0.000460000010207
1573193920930324215,410,1573193920876581907,,0.0362999998033,0.0255999993533,0.0257600005716,0.00142999994569
1573193920981595556,411,1573193920930356025,,0.0320000015199,0.0222200006247,0.0226099994034,0.00400000018999
1573193921035609694,412,1573193920981654882,,0.0270000007004,0.0193700008094,0.0183700006455,0.00412000017241
1573193921086851179,413,1573193921035636901,,0.0217000003904,0.0157099999487,0.0143299996853,0.00408999994397
1573193921142173340,414,1573193921086728096,,0.0144999995828,0.0103000001982,0.00920999981463,0.00431000022218
1573193921192608476,415,1573193921141360998,,0.00870000012219,0.00551000004634,0.00530999992043,0.00420999992639
1573193921243730639,416,1573193921192650079,,0.00460000010207,0.00089000002481,0.00167999998666,0.00418000016361
1573193921297954371,417,1573193921243695020,,0.00590000022203,-0.00367000000551,-0.00197000009939,0.00414999993518
1573193921349101761,418,1573193921297053098,,0.01070000045,-0.00822000019252,-0.0054999999702,0.00405000010505
1573193921400379321,419,1573193921349225044,,0.0207000002265,-0.0163100007921,-0.011930000037,0.0042699999176
1573193921454558233,420,1573193921400181055,,0.0252999998629,-0.0203300006688,-0.0147500000894,0.00310000008903
1573193921505116051,421,1573193921453645944,,0.0261000003666,-0.0214699991047,-0.0148200001568,1.99999994948e-05
1573193921559061604,422,1573193921504918098,,0.0266999993473,-0.0230700001121,-0.0135199995711,-0.000190000006114
1573193921610963102,423,1573193921558367013,,0.0270000007004,-0.0239400006831,-0.0125200003386,-0.000199999994948
1573193921661874582,424,1573193921610450029,,0.0285000000149,-0.025720000267,-0.0123399998993,-3.99999989895e-05
1573193921713706743,425,1573193921661669015,,0.0326999984682,-0.0296999998391,-0.013580000028,-7.00000018696e-05
1573193921764407280,426,1573193921713465929,,0.0368000008166,-0.0336400009692,-0.0149400001392,-3.99999989895e-05
1573193921815501914,427,1573193921764416933,,0.0390999987721,-0.0361099988222,-0.0150399999693,-0.000220000001718
1573193921871206529,428,1573193921815506935,,0.0381000004709,-0.0356700010598,-0.0134100001305,-2.99999992421e-05
1573193921922584566,429,1573193921871365070,,0.0355000011623,-0.0332800000906,-0.0122899999842,2.99999992421e-05
1573193921975656117,430,1573193921922413110,,0.0329999998212,-0.0309599991888,-0.0113000003621,2.99999992421e-05
1573193922076390608,431,1573193921975205898,,0.0305000003427,-0.0287399999797,-0.0102700004354,7.00000018696e-05
1573193922129910200,432,1573193922076150894,,0.0256999991834,-0.0242199990898,-0.00844999961555,9.00000013644e-05
1573193922181111147,433,1573193922129530906,,0.0225000008941,-0.0218400005251,-0.00535000022501,-9.99999974738e-06
1573193922232689902,434,1573193922181178092,,0.0184000004083,-0.0180099997669,0.00394000019878,-0.000119999996969
1573193922283668523,435,1573193922232423067,,0.020300000906,-0.0119399996474,0.0163499992341,-9.99999974738e-06
1573193922388033378,436,1573193922283674955,,0.0286999996752,-0.00565000018105,0.0281399991363,0.0
1573193922438854324,437,1573193922387320041,,0.0366000011563,0.000730000028852,0.0366000011563,0.000169999999343
1573193922489710461,438,1573193922438652038,,0.0364000014961,0.00233000004664,0.0363200008869,9.99999974738e-06
1573193922542899688,439,1573193922489698886,,0.0366000011563,0.00251000002027,0.0364999994636,-3.99999989895e-05
1573193922648641611,440,1573193922543067932,,0.0364000014961,0.00249999994412,0.0362799987197,-2.99999992421e-05
1573193922699965324,441,1573193922648006916,,0.0335000008345,0.00228999997489,0.0333999991417,-2.99999992421e-05
1573193922753642963,442,1573193922699686050,,0.0359999984503,0.00245000002906,0.0359399989247,-2.99999992421e-05
1573193922804707581,443,1573193922753015995,,0.0340999998152,0.0023499999661,0.0340100005269,5.99999984843e-05
1573193922858066833,444,1573193922804527997,,0.0271000005305,0.00240999995731,0.0270099993795,9.00000013644e-05
1573193922909626326,445,1573193922858144998,,0.017899999395,0.00209000008181,0.0178200006485,7.9999997979e-05
1573193923012881265,446,1573193922909475088,,0.00960000045598,0.00176000001375,0.00946000032127,1.99999994948e-05
1573193923064681299,447,1573193923012938976,,0.0,-2.99999992421e-05,9.99999974738e-06,9.99999974738e-06
1573193923115825079,448,1573193923064753055,,9.99999974738e-05,-5.99999984843e-05,-7.00000018696e-05,0.0
1573193923167274064,449,1573193923115869998,,9.99999974738e-05,-7.9999997979e-05,-4.99999987369e-05,1.99999994948e-05
1573193923222300293,450,1573193923167048931,,9.99999974738e-05,-7.00000018696e-05,-3.99999989895e-05,0.0
1573193923273574069,451,1573193923221638917,,9.99999974738e-05,-7.00000018696e-05,-4.99999987369e-05,9.99999974738e-06
1573193923324784931,452,1573193923273363113,,9.99999974738e-05,-5.99999984843e-05,-3.99999989895e-05,0.0
1573193923378976347,453,1573193923324606895,,9.99999974738e-05,-7.9999997979e-05,-0.0,2.99999992421e-05
1573193923429684715,454,1573193923378484964,,9.99999974738e-05,-7.9999997979e-05,-1.99999994948e-05,1.99999994948e-05
1573193923483907391,455,1573193923429682016,,0.0,-3.99999989895e-05,-9.99999974738e-06,0.0
1573193923534627161,456,1573193923483165979,,0.00340000004508,0.00200000009499,0.00273999990895,-0.000230000005104
1573193923585555029,457,1573193923534354925,,0.0143999997526,0.00702999997884,0.0126000000164,7.00000018696e-05
1573193923686541877,458,1573193923585292100,,0.0245999991894,0.0137099996209,0.0204499997199,1.99999994948e-05
1573193923739824323,459,1573193923686501026,,0.0456999987364,0.0229499991983,0.0395100004971,-3.99999989895e-05
1573193923791503698,460,1573193923740032911,,0.0559000000358,0.0275800004601,0.0485799983144,0.000199999994948
1573193923842438754,461,1573193923791296005,,0.0592000000179,0.0297800004482,0.0511699989438,-3.99999989895e-05
1573193923897578262,462,1573193923842259883,,0.0593999996781,0.0298900008202,0.0513099990785,-3.99999989895e-05
1573193923948401678,463,1573193923896903038,,0.0590000003576,0.0297699999064,0.0509699992836,-5.99999984843e-05
1573193923999228435,464,1573193923948141098,,0.0593000017107,0.0298599991947,0.0512199997902,-3.99999989895e-05
1573193924050894421,465,1573193923999085903,,0.0593000017107,0.029829999432,0.0512599982321,-1.99999994948e-05
1573193924104632982,466,1573193924050597906,,0.0560000017285,0.0278600007296,0.0486299991608,0.000220000001718
1573193924157322989,467,1573193924104829072,,0.0458999983966,0.0233100000769,0.0395999997854,-9.00000013644e-05
1573193924208426579,468,1573193924156991004,,0.0366999991238,0.0171900000423,0.032389998436,-2.99999992421e-05
1573193924259845940,469,1573193924208399057,,0.0147000001743,0.00742000015453,0.0126700000837,1.99999994948e-05
1573193924312705706,470,1573193924259605884,,0.00340000004508,0.00219999998808,0.00255000009201,-0.000220000001718
1573193924363362547,471,1573193924312302112,,0.00190000003204,0.00135000003502,0.00126000004821,-0.000199999994948
1573193924414680930,472,1573193924363415956,,0.0104999998584,0.00541000021622,0.00901000015438,2.99999992421e-05
1573193924468087342,473,1573193924414454936,,0.024299999699,0.0128899998963,0.0205899998546,9.00000013644e-05
1573193924573786321,474,1573193924468121051,,0.0373000018299,0.0204900000244,0.0311099998653,9.00000013644e-05
1573193924625420785,475,1573193924573565959,,0.0549000017345,0.0308899991214,0.0454399995506,0.000180000002729
1573193924679520776,476,1573193924625183105,,0.0575000010431,0.0324500016868,0.0474900007248,-9.99999974738e-06
1573193924730435122,477,1573193924678843975,,0.0575000010431,0.0323299989104,0.047570001334,2.99999992421e-05
1573193924784849358,478,1573193924730222940,,0.0575999990106,0.0324800014496,0.0476099997759,9.99999974738e-06
1573193924835782388,479,1573193924783863067,,0.0573999993503,0.0323299989104,0.0474100001156,9.99999974738e-06
1573193924889733242,480,1573193924835788965,,0.0573000013828,0.0323200002313,0.0473500005901,-0.0
1573193924940660916,481,1573193924889070987,,0.0555999986827,0.031020000577,0.046179998666,0.000220000001718
1573193924993231989,482,1573193924940388917,,0.0476999990642,0.027270000428,0.0390999987721,1.99999994948e-05
1573193925043941843,483,1573193924992881059,,0.035300001502,0.0205099992454,0.028710000217,-3.99999989895e-05
1573193925147849387,484,1573193925043952941,,0.0236000008881,0.0137099996209,0.0191799998283,-4.99999987369e-05
1573193925248817402,485,1573193925147363901,,0.00240000011399,0.00141999998596,0.00196000002325,-0.000169999999343
1573193925300465340,486,1573193925248609066,,9.99999974738e-05,-0.000119999996969,-7.00000018696e-05,1.99999994948e-05
1573193925352559589,487,1573193925300219058,,9.99999974738e-05,1.99999994948e-05,-9.00000013644e-05,-2.99999992421e-05
1573193925403574703,488,1573193925352251052,,9.99999974738e-05,-9.00000013644e-05,-7.00000018696e-05,9.99999974738e-06
1573193925458297280,489,1573193925403425931,,9.99999974738e-05,-3.99999989895e-05,-7.00000018696e-05,-0.0
1573193925508542012,490,1573193925457245111,,9.99999974738e-05,-5.99999984843e-05,-5.99999984843e-05,9.99999974738e-06
1573193925562046956,491,1573193925508379936,,9.99999974738e-05,-3.99999989895e-05,-7.00000018696e-05,-9.99999974738e-06
1573193925614676054,492,1573193925562222003,,9.99999974738e-05,-3.99999989895e-05,-5.99999984843e-05,-9.99999974738e-06
1573193925666638581,493,1573193925614547014,,9.99999974738e-05,-4.99999987369e-05,-3.99999989895e-05,9.99999974738e-06
1573193925718062586,494,1573193925666305065,,0.0,-3.99999989895e-05,9.99999974738e-06,-0.0
1573193925769834746,495,1573193925717859983,,9.99999974738e-05,-2.99999992421e-05,-3.99999989895e-05,0.0
1573193925871728787,496,1573193925769587993,,0.00079999997979,0.000280000007479,0.000730000028852,-7.00000018696e-05
1573193925923328939,497,1573193925871495962,,0.00719999987632,-0.00689999992028,0.00193999998737,0.000140000003739
1573193925975151695,498,1573193925923384904,,0.0162000004202,-0.0143600003794,-0.00745999999344,5.99999984843e-05
1573193926027079693,499,1573193925974837064,,0.0269000008702,-0.0210599992424,-0.0166699998081,7.00000018696e-05
1573193926078080453,500,1573193926026694059,,0.0390000008047,-0.0278999991715,-0.0272199995816,-9.99999974738e-06
1573193926129557020,501,1573193926078160047,,0.0515000000596,-0.0346800014377,-0.0381300002337,9.99999974738e-06
1573193926183822218,502,1573193926129249095,,0.0639000013471,-0.0410399995744,-0.0490299984813,-5.99999984843e-05
1573193926235133083,503,1573193926183945894,,0.0696000009775,-0.0438899993896,-0.0540499985218,-7.00000018696e-05
1573193926286035640,504,1573193926234977960,,0.0702999979258,-0.0444200001657,-0.0544399991632,4.99999987369e-05
1573193926340339298,505,1573193926286062955,,0.0702999979258,-0.0444100014865,-0.0544800013304,2.99999992421e-05
1573193926444167529,506,1573193926340792894,,0.0706000030041,-0.0444499999285,-0.0548800006509,9.00000013644e-05
1573193926494864520,507,1573193926443697929,,0.0672999992967,-0.0372000001371,-0.0560699999332,-0.000110000000859
1573193926545971859,508,1573193926494704008,,0.0553999990225,-0.0297800004482,-0.0467300005257,-3.99999989895e-05
1573193926600874722,509,1573193926545706033,,0.0441000014544,-0.0230999998748,-0.0375199988484,-2.99999992421e-05
1573193926651336295,510,1573193926600218057,,0.0313999988139,-0.016230000183,-0.026930000633,1.99999994948e-05
1573193926704030396,511,1573193926651397943,,0.0186999998987,-0.00949000008404,-0.0160600002855,9.99999974738e-06
1573193926805396595,512,1573193926703883886,,0.00769999995828,-0.00451999995857,-0.00624000001699,0.000260000000708
1573193926856682188,513,1573193926805452108,,0.0186999998987,-0.0104700000957,-0.0154900001362,-9.99999974738e-05
1573193926910488853,514,1573193926856456041,,0.0251000002027,-0.0124500002712,-0.0217700004578,-0.000140000003739
1573193926961614501,515,1573193926910233020,,0.0256999991834,-0.0129599999636,-0.0221900008619,-0.0
1573193927015099947,516,1573193926961524963,,0.0260000005364,-0.0131200002506,-0.0224200002849,9.99999974738e-06
1573193927115801845,517,1573193927014738082,,0.0282000005245,-0.0142799997702,-0.0243400000036,9.99999974738e-06
1573193927170099392,518,1573193927115792036,,0.0259000007063,-0.0131200002506,-0.0223799999803,9.99999974738e-06
1573193927220879542,519,1573193927169398069,,0.0258000008762,-0.0130500001833,-0.022290000692,-0.0
1573193927273089765,520,1573193927220782041,,0.0260000005364,-0.0131099997088,-0.0224200002849,-0.0
1573193927325114439,521,1573193927273211002,,0.0259000007063,-0.0130799999461,-0.0223699994385,-9.99999974738e-06
1573193927426095984,522,1573193927324871063,,0.0248000007123,-0.0120299998671,-0.0216700006276,-0.000159999995958
1573193927478418604,523,1573193927425780057,,0.00769999995828,-0.00291000003926,-0.00714999996126,0.000159999995958
1573193927529714320,524,1573193927478035926,,0.00079999997979,-0.000500000023749,-0.000560000014957,9.99999974738e-05
1573193927581217263,525,1573193927529427051,,0.0,9.99999974738e-06,-2.99999992421e-05,-9.99999974738e-06
1573193927632086965,526,1573193927580941915,,9.99999974738e-05,9.99999974738e-05,7.00000018696e-05,-2.99999992421e-05
1573193927683399691,527,1573193927632117033,,9.99999974738e-05,9.99999974738e-05,4.99999987369e-05,-1.99999994948e-05
1573193927735114890,528,1573193927683509111,,9.99999974738e-05,9.99999974738e-05,3.99999989895e-05,-2.99999992421e-05
1573193927836579259,529,1573193927735135078,,9.99999974738e-05,9.00000013644e-05,4.99999987369e-05,-1.99999994948e-05
1573193927888004498,530,1573193927836543083,,0.00150000001304,-0.00115000002552,-0.00101000000723,0.000199999994948
1573193927941481052,531,1573193927887800931,,0.00980000011623,-0.00471000000834,-0.00860000029206,-9.00000013644e-05
1573193927992384980,532,1573193927940843105,,0.0223999992013,-0.0100800003856,-0.0199500005692,-0.000199999994948
1573193928044265146,533,1573193927992113113,,0.035300001502,-0.0136399995536,-0.0326000005007,-0.000119999996969
1573193928146823537,534,1573193928044255971,,0.0452999994159,-0.0145699996501,-0.0428499989212,-4.99999987369e-05
1573193928198166849,535,1573193928146469116,,0.056899998337,-0.0141000002623,-0.0551300011575,0.0
1573193928252690077,536,1573193928198219060,,0.0627999976277,-0.01408000011,-0.0612300001085,-0.0
1573193928303583691,537,1573193928252115011,,0.0680999979377,-0.0139499995857,-0.066660001874,0.0
1573193928355713081,538,1573193928303430080,,0.070000000298,-0.0138900000602,-0.0686499997973,0.0
1573193928407736393,539,1573193928355488061,,0.0711999982595,-0.0130899995565,-0.0699599981308,-0.000150000007125
1573193928459798870,540,1573193928408010005,,0.0772000029683,-0.0108000002801,-0.0764300003648,-0.000269999989541
1573193928510657171,541,1573193928459609031,,0.0674000009894,-0.0039800000377,-0.0673300027847,-0.000230000005104
1573193928563692865,542,1573193928510575056,,0.0538999997079,0.00579999992624,-0.053559999913,4.99999987369e-05
1573193928614360616,543,1573193928563250064,,0.0427000001073,0.0132999997586,-0.040529999882,2.99999992421e-05
1573193928667980489,544,1573193928614334106,,0.034200001508,0.0189599990845,-0.0284899994731,-0.000110000000859
1573193928719654140,545,1573193928668098926,,0.0288999993354,0.0270700007677,-0.0101199997589,-0.000140000003739
1573193928771356093,546,1573193928719463109,,0.0322000011802,0.0321700014174,-0.000739999988582,-9.99999974738e-05
1573193928824820401,547,1573193928771001100,,0.0381000004709,0.0371600016952,0.00820999965072,-9.99999974738e-06
1573193928877616019,548,1573193928824793100,,0.0412000007927,0.0394500009716,0.0119700003415,4.99999987369e-05
1573193928928941616,549,1573193928877280950,,0.0412000007927,0.0388800017536,0.013759999536,0.000159999995958
1573193928980746296,550,1573193928928684949,,0.0399000011384,0.036669999361,0.0156100001186,-0.0
1573193929083556947,551,1573193928980824947,,0.0364000014961,0.0333399996161,0.0145899998024,0.000319999991916
1573193929136088166,552,1573193929083216905,,0.0295000001788,0.0270099993795,0.0117600001395,-4.99999987369e-05
1573193929187731381,553,1573193929135863065,,0.0285000000149,0.0259700007737,0.01176999975,2.99999992421e-05
1573193929239394332,554,1573193929187448024,,0.030700000003,0.0275800004601,0.0136000001803,0.000130000000354
1573193929290554068,555,1573193929239125013,,0.0337999984622,0.0288999993354,0.0175999999046,0.000140000003739
1573193929344030732,556,1573193929290335893,,0.0384999997914,0.0294100008905,0.024830000475,0.000269999989541
1573193929395113623,557,1573193929343332052,,0.0375000014901,0.0270099993795,0.0259899999946,-0.0
1573193929448061937,558,1573193929395061969,,0.0351000018418,0.0247600004077,0.0248600002378,-3.99999989895e-05
1573193929501157115,559,1573193929447376012,,0.0348000004888,0.0244500003755,0.0247099995613,1.99999994948e-05
1573193929551989716,560,1573193929500905036,,0.0346000008285,0.0243500005454,0.0245799999684,2.99999992421e-05
1573193929603444885,561,1573193929551989078,,0.034699998796,0.0244100000709,0.0246300008148,1.99999994948e-05
1573193929706202794,562,1573193929603475093,,0.0373999997973,0.0260899998248,0.0267900004983,0.000220000001718
1573193929757215713,563,1573193929705673933,,0.0299999993294,0.0199599992484,0.0223500002176,4.99999987369e-05
1573193929812459564,564,1573193929757174968,,0.0230000000447,0.0135899996385,0.018540000543,9.99999974738e-06
1573193929863329214,565,1573193929811712026,,0.0143999997526,0.00729000009596,0.0124099999666,-3.99999989895e-05
1573193929964444049,566,1573193929863046884,,0.0038999998942,0.00213999999687,0.00323999999091,-0.000180000002729
1573193930018774936,567,1573193929964241027,,9.99999974738e-05,-2.99999992421e-05,5.99999984843e-05,-0.0
1573193930070503992,568,1573193930018788099,,0.0,0.0,-3.99999989895e-05,-1.99999994948e-05
1573193930121690952,569,1573193930070578098,,9.99999974738e-05,-7.9999997979e-05,-5.99999984843e-05,9.99999974738e-06
1573193930175840355,570,1573193930121620893,,9.99999974738e-05,-7.9999997979e-05,-3.99999989895e-05,1.99999994948e-05
1573193930226492865,571,1573193930175144910,,9.99999974738e-05,-7.9999997979e-05,-7.00000018696e-05,1.99999994948e-05
1573193930328840656,572,1573193930226527929,,9.99999974738e-05,-3.99999989895e-05,-4.99999987369e-05,-9.99999974738e-06
1573193930380635779,573,1573193930328435897,,0.000699999975041,0.000500000023749,0.000440000003437,-0.000130000000354
1573193930431605882,574,1573193930380364894,,0.00839999970049,0.0027799999807,0.00793000031263,-3.99999989895e-05
1573193930483124535,575,1573193930431365013,,0.0198999997228,0.00655000004917,0.018769999966,0.0
1573193930536456993,576,1573193930482820034,,0.0324000008404,0.0109099997208,0.0305100008845,-9.99999974738e-06
1573193930587915444,577,1573193930536314010,,0.0491000004113,0.0173700004816,0.0459299981594,-2.99999992421e-05
1573193930689473968,578,1573193930587888956,,0.061700001359,0.0238400008529,0.0569199994206,9.99999974738e-06
1573193930743723342,579,1573193930689273118,,0.0740000009537,0.0336499996483,0.0658700019121,0.000140000003739
1573193930794601796,580,1573193930742701053,,0.0764999985695,0.0360199995339,0.0674299970269,-7.00000018696e-05
1573193930845303344,581,1573193930794301986,,0.0766000002623,0.0359399989247,0.0676700025797,-9.99999974738e-06
1573193930899677528,582,1573193930845454931,,0.076700001955,0.0359899997711,0.0676999986172,-0.0
1573193930951827723,583,1573193930898847103,,0.0824000015855,0.0384199991822,0.0729200020432,0.000159999995958
1573193931004926588,584,1573193930951273918,,0.0740000009537,0.0358900018036,0.0646999999881,4.99999987369e-05
1573193931056673118,585,1573193931004746913,,0.0615000016987,0.0317000001669,0.0527100004256,9.99999974738e-06
1573193931110807545,586,1573193931056461095,,0.0482000000775,0.0269900001585,0.0399999991059,9.99999974738e-06
1573193931162144267,587,1573193931110135078,,0.0346000008285,0.021439999342,0.0271499995142,2.99999992421e-05
1573193931263634515,588,1573193931161839962,,0.0223999992013,0.0151000004262,0.0164899993688,9.99999974738e-06
1573193931314971557,589,1573193931263442039,,0.00319999991916,0.00249000010081,0.00193000002764,-0.000159999995958
1573193931369863785,590,1573193931314671993,,0.000199999994948,-0.000199999994948,-7.00000018696e-05,5.99999984843e-05
1573193931421004782,591,1573193931369075059,,9.99999974738e-05,-9.99999974738e-06,-7.00000018696e-05,-0.0
1573193931474754362,592,1573193931420695066,,9.99999974738e-05,-4.99999987369e-05,-9.00000013644e-05,-0.0
1573193931526607314,593,1573193931474062919,,9.99999974738e-05,-9.99999974738e-06,-5.99999984843e-05,-1.99999994948e-05
1573193931579302880,594,1573193931526237964,,9.99999974738e-05,-1.99999994948e-05,-9.99999974738e-05,-0.0
1573193931631015034,595,1573193931579596042,,0.000199999994948,0.000239999993937,9.99999974738e-06,-5.99999984843e-05
1573193931682269251,596,1573193931631138086,,0.00340000004508,0.00306000001729,0.00142999994569,-0.000130000000354
1573193931736281411,597,1573193931682250976,,0.00810000021011,0.00767999980599,0.00257000001147,9.99999974738e-05
1573193931837348532,598,1573193931735650062,,0.0120000001043,0.011930000037,-0.0010000000475,0.000110000000859
1573193931890522230,599,1573193931837090969,,0.0217000003904,0.0206000003964,-0.00675000017509,0.0
1573193931941856720,600,1573193931890638113,,0.0245999991894,0.0239300001413,-0.00571000017226,9.00000013644e-05
1573193931997524303,601,1573193931941874027,,0.0252999998629,0.0247200001031,-0.00535999983549,-2.99999992421e-05
1573193932048564831,602,1573193931996968984,,0.0251000002027,0.0245399996638,-0.00526000000536,-1.99999994948e-05
1573193932103160659,603,1573193932048326015,,0.0252000000328,0.024620000273,-0.00524999992922,-9.99999974738e-06
1573193932153731378,604,1573193932102641105,,0.0250000003725,0.0245099999011,-0.00517999986187,-1.99999994948e-05
1573193932207169683,605,1573193932153551101,,0.024299999699,0.0236699990928,-0.00518999993801,-0.000939999998081
1573193932259468804,606,1573193932206820964,,0.024299999699,0.023979999125,-0.00130000000354,-0.00380000006407
1573193932311128439,607,1573193932259138107,,0.0251000002027,0.0228700004518,0.00937999971211,-0.00408999994397
1573193932363109396,608,1573193932310928106,,0.0335000008345,0.0224300008267,0.0244999993593,-0.0039800000377
1573193932464003965,609,1573193932362942934,,0.042199999094,0.0164999999106,0.03878999874,-0.00155000004452
1573193932517915306,610,1573193932463851928,,0.0200999993831,0.00240999995731,0.019999999553,-1.99999994948e-05
1573193932568649001,611,1573193932517151117,,0.0102000003681,-0.00506999995559,0.00887999963015,-5.99999984843e-05
1573193932622461261,612,1573193932568434000,,0.0115999998525,-0.0115499999374,-0.000839999993332,-3.99999989895e-05
1573193932673700782,613,1573193932622277021,,0.0186000000685,-0.016249999404,-0.00906000006944,-0.000190000006114
1573193932725044456,614,1573193932673784971,,0.023199999705,-0.019999999553,-0.0118399998173,0.000300000014249
1573193932825954965,615,1573193932724869012,,0.0300999991596,-0.0238499995321,-0.0182600002736,0.000959999975748
1573193932879753073,616,1573193932825758934,,0.0397000014782,-0.0299999993294,-0.0258099995553,0.00371000007726
1573193932931592575,617,1573193932879854917,,0.0494999997318,-0.0330099985003,-0.0366399995983,0.00372999999672
1573193932983512419,618,1573193932931606054,,0.0597999989986,-0.036439999938,-0.0473200008273,0.0035800000187
1573193933034728105,619,1573193932983261108,,0.0644000023603,-0.0376400016248,-0.0521799996495,0.00130999996327
1573193933085956633,620,1573193933034743070,,0.0526000000536,-0.0315999984741,-0.042040001601,-4.99999987369e-05
1573193933140044394,621,1573193933085973024,,0.0399999991059,-0.0248099993914,-0.0313800014555,0.000110000000859
1573193933191024899,622,1573193933139405965,,0.0282000005245,-0.0182499997318,-0.0215300004929,9.99999974738e-05
1573193933242089210,623,1573193933190838098,,0.0189999993891,-0.0135000003502,-0.0133600002155,0.000220000001718
1573193933295724641,624,1573193933242068052,,0.0143999997526,-0.00978999957442,-0.0106100002304,-0.000269999989541
1573193933399621560,625,1573193933295595884,,0.00669999979436,-0.00518999993801,-0.00422000000253,5.99999984843e-05
1573193933451091432,626,1573193933399072885,,0.000300000014249,0.000250000011874,0.000169999999343,-4.99999987369e-05
1573193933502427910,627,1573193933451142072,,0.000199999994948,9.00000013644e-05,0.000140000003739,-1.99999994948e-05
1573193933553755961,628,1573193933502409934,,9.99999974738e-05,4.99999987369e-05,0.000130000000354,9.99999974738e-06
1573193933605749052,629,1573193933553579092,,9.99999974738e-05,3.99999989895e-05,9.00000013644e-05,0.0
1573193933659494319,630,1573193933605468988,,9.99999974738e-05,2.99999992421e-05,9.99999974738e-05,9.99999974738e-06
1573193933710397712,631,1573193933658942937,,9.99999974738e-05,3.99999989895e-05,7.9999997979e-05,-9.99999974738e-06
1573193933765591670,632,1573193933710513114,,9.99999974738e-05,5.99999984843e-05,7.9999997979e-05,-9.99999974738e-06
1573193933817565075,633,1573193933765650987,,9.99999974738e-05,5.99999984843e-05,7.00000018696e-05,-9.99999974738e-06
1573193933871707130,634,1573193933817281007,,9.99999974738e-05,7.00000018696e-05,4.99999987369e-05,-2.99999992421e-05
1573193933923137630,635,1573193933871037006,,9.99999974738e-05,5.99999984843e-05,3.99999989895e-05,-1.99999994948e-05
1573193933974276188,636,1573193933922986984,,9.99999974738e-05,5.99999984843e-05,1.99999994948e-05,-1.99999994948e-05
1573193934075433336,637,1573193933974199056,,0.0,9.99999974738e-06,-9.99999974738e-06,1.99999994948e-05
1573193934126747701,638,1573193934075395107,,0.0038999998942,-0.00374999991618,0.00106999999844,5.99999984843e-05
1573193934180762759,639,1573193934126528978,,0.0105999996886,-0.00980999972671,-0.00411000009626,-9.00000013644e-05
1573193934234036563,640,1573193934180398941,,0.0208000000566,-0.0144800003618,-0.014969999902,-0.000199999994948
1573193934285209743,641,1573193934233772993,,0.0264999996871,-0.0161899998784,-0.0210299994797,-5.99999984843e-05
1573193934338801660,642,1573193934285065889,,0.0269000008702,-0.0164199993014,-0.0213399995118,-1.99999994948e-05
1573193934389735753,643,1573193934338310003,,0.0271000005305,-0.0165199991316,-0.0214900001884,0.0
1573193934442130417,644,1573193934389744043,,0.0271000005305,-0.0165400002152,-0.0215199999511,1.99999994948e-05
1573193934493520565,645,1573193934441937923,,0.0272000003606,-0.0165899991989,-0.0215700007975,9.99999974738e-06
1573193934547343819,646,1573193934493288040,,0.0272000003606,-0.0165800005198,-0.0215900000185,-0.0
1573193934598508770,647,1573193934547097921,,0.0271000005305,-0.0165100004524,-0.0214900001884,-0.0
1573193934649501588,648,1573193934598334074,,0.0284000001848,-0.013969999738,-0.0247399993241,-3.99999989895e-05
1573193934703068405,649,1573193934649354934,,0.0204000007361,-0.00730999978259,-0.0190200004727,9.00000013644e-05
1573193934754670663,650,1573193934703512907,,0.00740000000224,-0.00211000000127,-0.00708999997005,0.000209999998333
1573193934805780789,651,1573193934754592895,,0.000500000023749,-0.000250000011874,-0.000419999996666,5.99999984843e-05
1573193934859811003,652,1573193934805587053,,9.99999974738e-05,-1.99999994948e-05,-9.99999974738e-05,2.99999992421e-05
1573193934961025608,653,1573193934859452009,,0.0,1.99999994948e-05,-3.99999989895e-05,9.99999974738e-06
1573193935013561484,654,1573193934960757970,,0.0,1.99999994948e-05,1.99999994948e-05,9.99999974738e-06
1573193935067573382,655,1573193935013573884,,0.0,4.99999987369e-05,0.0,-0.0
1573193935118842854,656,1573193935066930055,,0.000300000014249,7.9999997979e-05,-0.000310000003083,0.0
1573193935172240722,657,1573193935118961095,,0.00460000010207,0.00212999992073,-0.00405000010505,-0.000260000000708
1573193935224181130,658,1573193935172485113,,0.00810000021011,0.00740000000224,-0.00331000005826,-9.99999974738e-05
1573193935278953324,659,1573193935224215030,,0.0103000001982,0.0103099998087,-9.99999974738e-06,7.00000018696e-05
1573193935329782524,660,1573193935278196096,,0.0110999997705,0.0110600003973,0.000569999974687,-5.99999984843e-05
1573193935383363583,661,1573193935329531908,,0.0110999997705,0.0110499998555,0.000660000019707,-4.99999987369e-05
1573193935435001579,662,1573193935383516073,,0.0109999999404,0.0110200000927,0.000739999988582,-7.00000018696e-05
1573193935486384544,663,1573193935434950113,,0.0109999999404,0.0109900003299,0.000809999997728,-3.99999989895e-05
1573193935587512648,664,1573193935486188888,,0.0120999999344,0.0120299998671,0.000869999988936,-3.99999989895e-05
1573193935638594378,665,1573193935587337017,,0.0109999999404,0.0109900003299,0.000809999997728,-2.99999992421e-05
1573193935689580784,666,1573193935638434886,,0.0109999999404,0.0109700001776,0.00112999998964,-2.99999992421e-05
1573193935743453626,667,1573193935689457893,,0.0102000003681,0.00892999954522,0.00487999990582,0.000230000005104
1573193935794215872,668,1573193935742825984,,0.0054999999702,0.00362000009045,0.00418000016361,3.99999989895e-05
1573193935845246348,669,1573193935794224023,,0.00109999999404,0.000630000024103,0.000839999993332,-9.00000013644e-05
1573193935900812595,670,1573193935845042943,,0.000300000014249,-0.000130000000354,0.000269999989541,3.99999989895e-05
1573193935952838045,671,1573193935901156902,,0.000199999994948,-0.000150000007125,0.000159999995958,3.99999989895e-05
1573193936005012527,672,1573193935952755928,,0.000199999994948,-0.000169999999343,0.000110000000859,3.99999989895e-05
1573193936056584529,673,1573193936005053997,,0.0010000000475,0.000609999988228,0.000829999975394,-9.00000013644e-05
1573193936112239936,674,1573193936056381940,,0.00889999978244,0.00313000008464,0.0083799995482,0.000140000003739
1573193936162602254,675,1573193936111295938,,0.0214000009,0.00506999995559,0.0208299998194,0.000140000003739
1573193936213773248,676,1573193936162400960,,0.024299999699,0.00620999978855,0.0232299994677,-0.00340000004508
1573193936267104247,677,1573193936213588953,,0.0273000001907,0.00447000004351,0.026590000838,-0.00402999995276
1573193936318313188,678,1573193936267116069,,0.0351999998093,0.00285999989137,0.0347900018096,-0.0042699999176
1573193936370473020,679,1573193936318201065,,0.0430999994278,0.000809999997728,0.0428300015628,-0.00437000021338
1573193936421651192,680,1573193936370079040,,0.0511999987066,-0.00138000003062,0.0510200001299,-0.00439999997616
1573193936522789841,681,1573193936421446084,,0.0601000003517,-0.00356000009924,0.0598299987614,-0.0044900001958
1573193936575102548,682,1573193936522568941,,0.069399997592,-0.00714999996126,0.0689399987459,-0.00407999986783
1573193936626531750,683,1573193936574840068,,0.076700001955,-0.0100699998438,0.0759600028396,-0.00392000004649
1573193936679817270,684,1573193936626398086,,0.077500000596,-0.0147200003266,0.0759600028396,-0.00408999994397
1573193936731840436,685,1573193936680043935,,0.0751999989152,-0.0184000004083,0.0727899968624,-0.00401999987662
1573193936786274720,686,1573193936731605052,,0.0789000019431,-0.0203600004315,0.0762000009418,-0.000390000001062
1573193936836419056,687,1573193936785204887,,0.076700001955,-0.0184700004756,0.0743699967861,0.00334999989718
1573193936891209532,688,1573193936836312055,,0.0706999972463,-0.0117100002244,0.0695800036192,0.00390999997035
1573193936941749032,689,1573193936890578031,,0.0652000010014,-0.00374999991618,0.0649100020528,0.00416000001132
1573193936996006432,690,1573193936941756963,,0.0586999990046,0.000950000016019,0.0585700012743,0.0040600001812
1573193937047550554,691,1573193936995301961,,0.0511999987066,0.00307000009343,0.0509000010788,0.00407999986783
1573193937148415195,692,1573193937047343969,,0.0410999991,0.00767999980599,0.0401500016451,0.00442000012845
1573193937200023278,693,1573193937148286104,,0.0306000001729,0.00949000008404,0.0287900008261,0.00394000019878
1573193937251085688,694,1573193937199795961,,0.0215000007302,0.0124599998817,0.017009999603,0.0039800000377
1573193937305450799,695,1573193937251007080,,0.0175999999046,0.0150600001216,0.0080899996683,0.00395999988541
1573193937356174397,696,1573193937304806947,,0.0165999997407,0.0160799995065,0.00225999997929,0.0035500000231
1573193937409462980,697,1573193937356008052,,0.01600000076,0.0159499999136,0.000639999983832,0.000390000001062
1573193937515756263,698,1573193937409269094,,0.0108000002801,0.0105999996886,-0.00185000000056,7.00000018696e-05
1573193937566934700,699,1573193937515746116,,0.00620000017807,0.00424000015482,-0.00449999980628,-0.000130000000354
1573193937619029832,700,1573193937566694974,,0.00579999992624,0.00179000000935,-0.00555999996141,-9.99999974738e-06
1573193937672721186,701,1573193937618463039,,0.00600000005215,0.00167000002693,-0.00571999978274,-0.0
1573193937724163882,702,1573193937672342061,,0.00590000022203,0.00159999995958,-0.00572999985889,1.99999994948e-05
1573193937828404828,703,1573193937724276065,,0.00620000017807,0.0014600000577,-0.00602000020444,7.00000018696e-05
1573193937879603389,704,1573193937827822923,,0.00179999996908,0.000560000014957,-0.00167000002693,-9.99999974738e-06
1573193937930838799,705,1573193937879702091,,0.000300000014249,0.000180000002729,-0.000250000011874,-4.99999987369e-05
1573193937983702536,706,1573193937930809974,,9.99999974738e-05,4.99999987369e-05,-0.000110000000859,-1.99999994948e-05
1573193938084680326,707,1573193937983326911,,9.99999974738e-05,4.99999987369e-05,-4.99999987369e-05,-2.99999992421e-05
1573193938136059093,708,1573193938084470033,,0.0,2.99999992421e-05,-1.99999994948e-05,-1.99999994948e-05
1573193938190347110,709,1573193938135759115,,0.0,1.99999994948e-05,-2.99999992421e-05,-1.99999994948e-05
1573193938240750865,710,1573193938189604997,,0.0,1.99999994948e-05,-9.99999974738e-06,-1.99999994948e-05
1573193938294094600,711,1573193938240782976,,0.0,9.99999974738e-06,9.99999974738e-06,-9.99999974738e-06
1573193938345831540,712,1573193938294190883,,0.0,-9.99999974738e-06,-1.99999994948e-05,0.0
1573193938399013945,713,1573193938345586061,,0.0,-9.99999974738e-06,0.0,-0.0
1573193938450762738,714,1573193938399354934,,0.0,0.0,2.99999992421e-05,-9.99999974738e-06
1573193938503635300,715,1573193938450570106,,0.0,0.0,9.99999974738e-06,-0.0
1573193938554965244,716,1573193938503849029,,9.99999974738e-05,0.000119999996969,1.99999994948e-05,-2.99999992421e-05
1573193938608867939,717,1573193938554795980,,0.00300000002608,0.00225999997929,-0.00200000009499,-7.00000018696e-05
1573193938660394976,718,1573193938608959913,,0.00889999978244,0.00803999975324,-0.0038999998942,-0.000110000000859
1573193938711736401,719,1573193938660486936,,0.0137999998406,0.0135700004175,0.00268999999389,7.00000018696e-05
1573193938762954687,720,1573193938711556911,,0.0226000007242,0.0187400002033,0.0125799998641,9.99999974738e-06
1573193938814391821,721,1573193938762967109,,0.0324999988079,0.0238700006157,0.02208000049,-4.99999987369e-05
1573193938869553971,722,1573193938814187049,,0.0412999987602,0.029470000416,0.0289999991655,1.99999994948e-05
1573193938920379935,723,1573193938868942975,,0.0447000004351,0.0322600007057,0.0309399999678,3.99999989895e-05
1573193938974035561,724,1573193938920089960,,0.0452999994159,0.0327799990773,0.0313000008464,-2.99999992421e-05
1573193939025954146,725,1573193938974158048,,0.0460000000894,0.0337099991739,0.0313500016928,-0.000190000006114
1573193939080340453,726,1573193939025945901,,0.0467000007629,0.0358400009573,0.0299100000411,0.000130000000354
1573193939131660043,727,1573193939079761981,,0.0447000004351,0.0348699986935,0.0279500000179,0.000130000000354
1573193939185279503,728,1573193939131267070,,0.0416000001132,0.0296299997717,0.0292399991304,0.000119999996969
1573193939289741590,729,1573193939185561895,,0.0328000001609,0.0239499993622,0.0223600007594,-3.99999989895e-05
1573193939340587554,730,1573193939289067029,,0.0205000005662,0.0171600002795,0.0113000003621,9.99999974738e-06
1573193939393776094,731,1573193939340409994,,0.0127999996766,0.0125000001863,0.00267999991775,7.00000018696e-05
1573193939445951568,732,1573193939394119024,,0.00829999987036,0.00755000021309,-0.00346000003628,-1.99999994948e-05
1573193939497841110,733,1573193939445723056,,0.00730000017211,0.00487999990582,-0.0054199998267,-2.99999992421e-05
1573193939548824772,734,1573193939497507095,,0.00719999987632,0.00449999980628,-0.00566999986768,2.99999992421e-05
1573193939604391697,735,1573193939548619031,,0.0100999996066,0.00292999995872,-0.00968000013381,0.000269999989541
1573193939655008003,736,1573193939603472948,,0.0168999992311,-0.00089000002481,-0.0168600007892,2.99999992421e-05
1573193939708320420,737,1573193939654814004,,0.0170000009239,-0.00361000001431,-0.0166299995035,-2.99999992421e-05
1573193939760809944,738,1573193939708465099,,0.016799999401,-0.00407999986783,-0.0163199994713,2.99999992421e-05
1573193939862402639,739,1573193939760828971,,0.016799999401,-0.00412999978289,-0.016249999404,1.99999994948e-05
1573193939916581025,740,1573193939862051010,,0.016799999401,-0.00412000017241,-0.016249999404,9.99999974738e-06
1573193939967630166,741,1573193939916048049,,0.0165999997407,-0.00407999986783,-0.0161099992692,-0.0
1573193940018599954,742,1573193939967353105,,0.0166999995708,-0.00412000017241,-0.0161799993366,1.99999994948e-05
1573193940071748595,743,1573193940018615007,,0.0166999995708,-0.00411000009626,-0.0161700006574,9.99999974738e-06
1573193940123254841,744,1573193940071455001,,0.0165999997407,-0.00404000002891,-0.0160700008273,9.99999974738e-06
1573193940174817775,745,1573193940123035907,,0.0126999998465,-0.00344999996014,-0.0122699998319,-9.00000013644e-05
1573193940228379365,746,1573193940174623966,,0.00400000018999,-0.00159999995958,-0.00362999993376,-0.000110000000859
1573193940280975125,747,1573193940228187084,,0.000399999989895,-0.000300000014249,-0.000250000011874,-0.0
1573193940332981609,748,1573193940281014919,,9.99999974738e-05,4.99999987369e-05,9.99999974738e-06,-2.99999992421e-05
1573193940385037024,749,1573193940333067893,,9.99999974738e-05,7.00000018696e-05,5.99999984843e-05,-1.99999994948e-05
1573193940436565141,750,1573193940384716033,,9.99999974738e-05,5.99999984843e-05,3.99999989895e-05,-9.99999974738e-06
1573193940488107789,751,1573193940436371088,,9.99999974738e-05,3.99999989895e-05,2.99999992421e-05,-0.0
1573193940539718942,752,1573193940488078117,,9.99999974738e-05,7.9999997979e-05,5.99999984843e-05,-1.99999994948e-05
1573193940590996935,753,1573193940539506912,,9.99999974738e-05,3.99999989895e-05,4.99999987369e-05,0.0
1573193940642326208,754,1573193940591063976,,9.99999974738e-05,7.9999997979e-05,1.99999994948e-05,-2.99999992421e-05
1573193940696250079,755,1573193940642091989,,9.99999974738e-05,5.99999984843e-05,1.99999994948e-05,-9.99999974738e-06
1573193940796898813,756,1573193940695894002,,9.99999974738e-05,4.99999987369e-05,3.99999989895e-05,-9.99999974738e-06
1573193940851673621,757,1573193940796781063,,9.99999974738e-05,4.99999987369e-05,2.99999992421e-05,-9.99999974738e-06
1573193940903613671,758,1573193940852200031,,9.99999974738e-05,-0.000119999996969,-9.99999974738e-06,1.99999994948e-05
1573193940957272600,759,1573193940903398036,,0.00359999993816,-0.00261999992654,-0.00249000010081,2.99999992421e-05
1573193941008703700,760,1573193940957319021,,0.0111999996006,-0.0079600000754,-0.00786000024527,-5.99999984843e-05
1573193941059954157,761,1573193941008544921,,0.0154999997467,-0.012140000239,-0.00956999976188,-0.000220000001718
1573193941114646410,762,1573193941059737920,,0.0141000002623,-0.0141099998727,-0.000980000011623,-0.000110000000859
1573193941165845015,763,1573193941113928079,,0.0187999997288,-0.0163499992341,0.00934000033885,0.000150000007125
1573193941216583793,764,1573193941165576934,,0.0241999998689,-0.0200800001621,0.0135599998757,-1.99999994948e-05
1573193941267975116,765,1573193941216459989,,0.0265999995172,-0.0228000003844,0.0137799996883,-9.00000013644e-05
1573193941321623267,766,1573193941267762899,,0.0272000003606,-0.0235500000417,0.0136799998581,2.99999992421e-05
1573193941423433232,767,1573193941321655035,,0.0297999996692,-0.025830000639,0.0148200001568,7.00000018696e-05
1573193941474806652,768,1573193941423146963,,0.0302000008523,-0.0300200004131,0.00292000011541,-0.000180000002729
1573193941528725188,769,1573193941474612951,,0.0287999995053,-0.0285599995404,0.0019499999471,-0.00328999990597
1573193941579927696,770,1573193941528348922,,0.0255999993533,-0.024299999699,0.00712000019848,-0.00371999992058
1573193941633118857,771,1573193941579711914,,0.022199999541,-0.0200800001621,0.00886000040919,-0.00359000009485
1573193941736368614,772,1573193941633153915,,0.0184000004083,-0.0180399995297,0.000300000014249,-0.00368999992497
1573193941788659451,773,1573193941735892057,,0.0175000000745,-0.0144400000572,-0.00920999981463,-0.00365999992937
1573193941839622472,774,1573193941788285017,,0.0186000000685,-0.0122199999169,-0.0136200003326,-0.00325999991037
1573193941890663211,775,1573193941839425086,,0.0238000005484,-0.0141500001773,-0.0188699997962,-0.0035500000231
1573193941991945573,776,1573193941890484094,,0.0322000011802,-0.0197899993509,-0.0251199994236,-0.00370000000112
1573193942042754685,777,1573193941991735935,,0.035300001502,-0.0205799993128,-0.0286299996078,-0.000230000005104
1573193942096077584,778,1573193942042572021,,0.0275999996811,-0.0130799999461,-0.0243200007826,0.000150000007125
1573193942147744155,779,1573193942096262931,,0.0259000007063,-0.00767999980599,-0.0245999991894,0.00298999994993
1573193942199586120,780,1573193942147531986,,0.0281000006944,-0.0031500000041,-0.0276599992067,0.00359999993816
1573193942252531805,781,1573193942199657917,,0.0286999996752,-0.000709999992978,-0.0285000000149,0.00347000011243
1573193942303351992,782,1573193942252161026,,0.0293000005186,0.000569999974687,-0.0290399994701,0.00359000009485
1573193942354686902,783,1573193942303280115,,0.0318999998271,0.00116999994498,-0.0316700004041,0.00380999990739
1573193942408281012,784,1573193942354522943,,0.0313999988139,0.00246999994852,-0.0311399996281,0.00359000009485
1573193942459760659,785,1573193942408194065,,0.0267999991775,0.00730000017211,-0.0254299994558,0.00395999988541
1573193942513686171,786,1573193942459793090,,0.0234999991953,0.0141000002623,-0.0184099990875,0.00400000018999
1573193942564441654,787,1573193942512902975,,0.0226000007242,0.0183700006455,-0.0132200000808,0.000220000001718
1573193942615312404,788,1573193942564362049,,0.0172000005841,0.0144999995828,-0.00932999979705,-3.99999989895e-05
1573193942670949969,789,1573193942615293025,,0.0105999996886,0.00930000003427,-0.00516000017524,-1.99999994948e-05
1573193942721703117,790,1573193942670150041,,0.00520000001416,0.0049899998121,-0.00135999999475,-0.000150000007125
1573193942772588514,791,1573193942721524953,,0.00209999992512,0.0020600000862,-0.000380000012228,3.99999989895e-05
1573193942827243844,792,1573193942772444009,,0.000600000028498,0.000539999979082,0.000209999998333,-9.99999974738e-05
1573193942878136928,793,1573193942826492071,,0.000199999994948,-0.000140000003739,0.000130000000354,2.99999992421e-05
1573193942929222892,794,1573193942878151893,,0.000199999994948,-9.99999974738e-05,0.000119999996969,1.99999994948e-05
1573193942982269744,795,1573193942929089069,,9.99999974738e-05,-7.9999997979e-05,9.99999974738e-05,9.99999974738e-06
1573193943033314564,796,1573193942982297897,,9.99999974738e-05,-7.00000018696e-05,9.99999974738e-05,9.99999974738e-06
1573193943084354374,797,1573193943033288955,,9.99999974738e-05,-3.99999989895e-05,7.00000018696e-05,-9.99999974738e-06
1573193943138001628,798,1573193943084311008,,9.99999974738e-05,-7.9999997979e-05,3.99999989895e-05,1.99999994948e-05
1573193943188968681,799,1573193943137758970,,9.99999974738e-05,-7.00000018696e-05,1.99999994948e-05,9.99999974738e-06
1573193943290296416,800,1573193943188791036,,9.99999974738e-05,-7.9999997979e-05,4.99999987369e-05,9.99999974738e-06
1573193943343123704,801,1573193943290297031,,9.99999974738e-05,-4.99999987369e-05,2.99999992421e-05,-9.99999974738e-06
1573193943394675753,802,1573193943343183040,,0.00179999996908,0.00175000005402,0.000419999996666,-0.000190000006114
1573193943446787464,803,1573193943394479990,,0.00710000004619,0.00692000007257,0.00162999995518,1.99999994948e-05
1573193943549190051,804,1573193943446717023,,0.0162000004202,0.0147599996999,0.00659999996424,4.99999987369e-05
1573193943600425860,805,1573193943548933982,,0.0340999998152,0.0275100003928,0.0201699994504,0.000119999996969
1573193943651672879,806,1573193943600137948,,0.0421000011265,0.0309699997306,0.0284400004894,5.99999984843e-05
1573193943703064244,807,1573193943651434898,,0.0432000011206,0.0313199982047,0.0298200007528,-0.0
1573193943755912462,808,1573193943702811956,,0.0432000011206,0.031230000779,0.029810000211,9.99999974738e-06
1573193943806717511,809,1573193943755553960,,0.042500000447,0.0304199997336,0.0297400001436,0.000190000006114
1573193943861639741,810,1573193943806756019,,0.0405000001192,0.0283300001174,0.0289900004864,-0.000920000020415
1573193943912092866,811,1573193943860964059,,0.0436999984086,0.03047000058,0.0310900006443,-0.00372999999672
1573193943963400497,812,1573193943912123918,,0.0419999994338,0.0284599997103,0.0306599996984,-0.00359999993816
1573193944014782270,813,1573193943963046073,,0.0377999991179,0.0233399998397,0.0294599998742,-0.00383000005968
1573193944069047126,814,1573193944014631032,,0.0293000005186,0.0155400000513,0.0245200004429,-0.00387999997474
1573193944172156486,815,1573193944068281888,,0.0108000002801,0.000339999998687,0.00987999979407,-0.00433999998495
1573193944223566038,816,1573193944171854019,,0.00510000018403,-0.00329999998212,7.9999997979e-05,-0.00389000005089
1573193944276427762,817,1573193944223402023,,0.0054999999702,-0.00371000007726,-0.00141000002623,-0.00380999990739
1573193944327983798,818,1573193944276618003,,0.00540000014007,-0.00359000009485,-0.00142999994569,-0.00381999998353
1573193944380006588,819,1573193944327800989,,0.00520000001416,-0.00307999993674,-0.00150999997277,-0.0039800000377
1573193944431096795,820,1573193944379739999,,0.00680000009015,-0.00422000000253,-0.00436000013724,-0.00307000009343
1573193944485037728,821,1573193944430869102,,0.0152000002563,-0.0102899996564,-0.0111199999228,-0.000790000020061
1573193944535689222,822,1573193944484435081,,0.0247000008821,-0.0166400000453,-0.0181900002062,-0.00104000000283
1573193944587410318,823,1573193944535511016,,0.0351000018418,-0.0237700007856,-0.0258499998599,-0.00133999995887
1573193944638361618,824,1573193944587152957,,0.0450000017881,-0.0305300001055,-0.0330599993467,-0.00153000000864
1573193944692292951,825,1573193944638179063,,0.0555000007153,-0.037579998374,-0.0407399982214,-0.00173999997787
1573193944744121249,826,1573193944692464113,,0.0720999985933,-0.0489200018346,-0.052990000695,-0.00203999993391
1573193944797025484,827,1573193944743828058,,0.0833000019193,-0.0564699992537,-0.0612399987876,-0.00215999991633
1573193944902223822,828,1573193944797154903,,0.0947000011802,-0.0641999989748,-0.0696500018239,-0.00219999998808
1573193944953078630,829,1573193944901721000,,0.106600001454,-0.0720100030303,-0.0785999968648,-0.00197999994271
1573193945005311196,830,1573193944952892065,,0.11289999634,-0.0761400014162,-0.0833799988031,-0.00161000003573
1573193945056234339,831,1573193945004925966,,0.114500001073,-0.077270001173,-0.0845300033689,-0.000969999993686
1573193945107434863,832,1573193945056207895,,0.115500003099,-0.0778200030327,-0.0853900015354,-0.000460000010207
1573193945158800197,833,1573193945107425928,,0.115199998021,-0.0774099975824,-0.0852899998426,7.9999997979e-05
1573193945260836726,834,1573193945158607006,,0.11630000174,-0.0779900029302,-0.0863199979067,0.000639999983832
1573193945312153424,835,1573193945260679006,,0.11590000242,-0.0769900009036,-0.0866599977016,0.00135999999475
1573193945363543130,836,1573193945311867952,,0.109200000763,-0.0729700028896,-0.0811600014567,0.00456999987364
1573193945415762958,837,1573193945363343954,,0.0976999998093,-0.0653600022197,-0.0724399983883,0.00534000014886
1573193945468835782,838,1573193945415463924,,0.0879999995232,-0.0588600002229,-0.0651599988341,0.00541000021622
1573193945521151944,839,1573193945469386100,,0.0744000002742,-0.049770001322,-0.0549699999392,0.0058499998413
1573193945572512317,840,1573193945521286964,,0.0630000010133,-0.0421600006521,-0.0464100018144,0.00575000001118
1573193945627342109,841,1573193945572555065,,0.0516999997199,-0.0346300005913,-0.0380299985409,0.00553999980912
1573193945678517712,842,1573193945626508951,,0.0410999991,-0.0275100003928,-0.0300500001758,0.00531999999657
1573193945729550116,843,1573193945678272962,,0.0308999996632,-0.0207000002265,-0.0223600007594,0.00508000003174
1573193945780645665,844,1573193945729429006,,0.019999999553,-0.0134100001305,-0.014130000025,0.00472000008449
1573193945881615479,845,1573193945780414104,,0.00480000022799,-0.000690000015311,0.00168999994639,0.0044900001958
1573193945983061877,846,1573193945881525993,,0.00340000004508,0.00167999998666,0.00279999990016,0.000750000006519
1573193946034082229,847,1573193945982781887,,0.00079999997979,0.000280000007479,0.000780000002123,9.99999974738e-06
1573193946085309704,848,1573193946034073114,,0.000500000023749,0.000180000002729,0.000490000005811,-1.99999994948e-05
1573193946138996420,849,1573193946085062026,,0.000300000014249,0.000159999995958,0.000300000014249,-3.99999989895e-05
1573193946190848723,850,1573193946138350963,,0.000300000014249,0.000130000000354,0.000220000001718,-2.99999992421e-05
1573193946246688446,851,1573193946190562009,,0.000199999994948,7.9999997979e-05,0.000140000003739,-1.99999994948e-05
1573193946298305521,852,1573193946246742010,,9.99999974738e-05,7.00000018696e-05,9.99999974738e-05,-1.99999994948e-05
1573193946349424619,853,1573193946298249959,,9.99999974738e-05,3.99999989895e-05,7.9999997979e-05,-1.99999994948e-05
1573193946400826221,854,1573193946349183082,,9.99999974738e-05,2.99999992421e-05,4.99999987369e-05,-9.99999974738e-06
1573193946454802035,855,1573193946400839090,,0.0,1.99999994948e-05,4.99999987369e-05,-9.99999974738e-06
1573193946506180656,856,1573193946454632043,,0.0,0.0,3.99999989895e-05,-9.99999974738e-06
1573193946557927534,857,1573193946506210088,,0.000199999994948,0.000150000007125,7.9999997979e-05,-5.99999984843e-05
1573193946609827022,858,1573193946557957887,,0.00510000018403,0.000820000015665,0.0049899998121,9.00000013644e-05
1573193946661216237,859,1573193946609738111,,0.00980000011623,-0.00221000006422,0.00951000023633,0.000339999998687
1573193946713402456,860,1573193946660881042,,0.00620000017807,-0.00602000020444,0.00164000003133,-0.000119999996969
1573193946765735574,861,1573193946713417053,,0.00789999961853,-0.00612000003457,-0.00492999982089,-5.99999984843e-05
1573193946817044532,862,1573193946765362024,,0.00769999995828,-0.00533000007272,-0.00551000004634,-0.000209999998333
1573193946917927534,863,1573193946816785097,,0.00789999961853,-0.00555999996141,-0.00565999979153,-0.000110000000859
1573193947019179842,864,1573193946917910099,,0.00730000017211,-0.00514000002295,-0.00518999993801,-2.99999992421e-05
1573193947070472932,865,1573193947019021987,,0.00680000009015,-0.00474999984726,-0.00480000022799,-0.0
1573193947126101912,866,1573193947070276975,,0.00680000009015,-0.00475999992341,-0.00481999991462,0.0
1573193947176526778,867,1573193947125073909,,0.00689999992028,-0.00486999982968,-0.00485000014305,3.99999989895e-05
1573193947230280818,868,1573193947176549911,,0.0104999998584,-0.00545000005513,-0.00903000030667,-7.00000018696e-05
1573193947281634274,869,1573193947230113983,,0.0131000000983,-0.00285999989137,-0.0128199998289,-0.000280000007479
1573193947337076335,870,1573193947281627893,,0.00620000017807,0.000330000009853,-0.00619000010192,9.99999974738e-05
1573193947388011166,871,1573193947336209058,,0.00079999997979,0.000429999985499,-0.00065000000177,3.99999989895e-05
1573193947438995684,872,1573193947388058900,,0.000399999989895,-0.000280000007479,-0.000209999998333,0.000169999999343
1573193947491328976,873,1573193947439028024,,0.000199999994948,-9.00000013644e-05,-9.99999974738e-05,9.00000013644e-05
1573193947542707739,874,1573193947490986108,,9.99999974738e-05,-2.99999992421e-05,-7.9999997979e-05,2.99999992421e-05
1573193947594536355,875,1573193947542453050,,9.99999974738e-05,-1.99999994948e-05,-4.99999987369e-05,9.99999974738e-06
1573193947645748253,876,1573193947594423055,,9.99999974738e-05,0.0,-7.9999997979e-05,0.0
1573193947697387845,877,1573193947645850896,,0.0,-9.99999974738e-06,-3.99999989895e-05,0.0
1573193947748825585,878,1573193947697211980,,0.0,9.99999974738e-06,-3.99999989895e-05,-0.0
1573193947800144449,879,1573193947748653888,,0.000500000023749,0.000440000003437,7.00000018696e-05,-0.000130000000354
1573193947851579867,880,1573193947799947977,,0.00209999992512,0.00188999995589,0.000750000006519,0.000269999989541
1573193947953032825,881,1573193947851507902,,0.0054999999702,0.00344999996014,-0.00433999998495,0.000119999996969
1573193948006733220,882,1573193947952672004,,0.020300000906,0.00365999992937,-0.0199200008065,5.99999984843e-05
1573193948058590785,883,1573193948006934881,,0.0289999991655,0.00295000011101,-0.0288399998099,0.000230000005104
1573193948111128395,884,1573193948058403015,,0.0351999998093,0.000150000007125,-0.035229999572,-0.000130000000354
1573193948162548546,885,1573193948111022949,,0.0328000001609,-0.00178000004962,-0.0327400006354,-0.000330000009853
1573193948219001785,886,1573193948162305116,,0.0297999996692,-0.00173999997787,-0.0297400001436,-0.000230000005104
1573193948269218446,887,1573193948217497110,,0.0292000006884,-0.00181000004523,-0.0291600003839,-0.000119999996969
1573193948323054323,888,1573193948269016027,,0.0291000008583,-0.00185999996029,-0.0290099997073,-7.00000018696e-05
1573193948374909628,889,1573193948322618961,,0.0289999991655,-0.00230999989435,-0.028920000419,9.99999974738e-05
1573193948425999185,890,1573193948374836921,,0.0296999998391,-0.00362000009045,-0.0294599998742,-0.000250000011874
1573193948526989888,891,1573193948425750970,,0.025399999693,-0.00503000011668,-0.0248900000006,-0.000110000000859
1573193948580498400,892,1573193948527015924,,0.01070000045,-0.00553000019863,-0.00915999989957,-5.99999984843e-05
1573193948632746921,893,1573193948580141067,,0.00490000005811,-0.0048600002192,-0.000209999998333,-0.000220000001718
1573193948687315837,894,1573193948632828950,,0.00639999983832,-0.00209000008181,0.00608999980614,0.000140000003739
1573193948738159679,895,1573193948686645984,,0.00370000000112,-0.000180000002729,0.00368999992497,0.000330000009853
1573193948839724210,896,1573193948737947940,,0.00079999997979,-0.000230000005104,0.000690000015311,0.000230000005104
1573193948893250054,897,1573193948839699983,,0.000300000014249,3.99999989895e-05,0.000330000009853,7.00000018696e-05
1573193948945180712,898,1573193948893018960,,0.00529999984428,0.0023499999661,0.00479000015184,-5.99999984843e-05
1573193948998292761,899,1573193948944773912,,0.00920000020415,0.00531999999657,0.00755000021309,0.000260000000708
1573193949049735017,900,1573193948998275041,,0.00620000017807,0.00575000001118,0.00242000003345,0.000209999998333
1573193949150596744,901,1573193949049582004,,0.00490000005811,0.00486999982968,-0.00034999998752,0.000209999998333
1573193949202649913,902,1573193949150614976,,0.00510000018403,0.0050499998033,-0.000709999992978,3.99999989895e-05
1573193949253406142,903,1573193949202300071,,0.00510000018403,0.00505999987945,-0.000790000020061,2.99999992421e-05
1573193949307683968,904,1573193949253458023,,0.00520000001416,0.00511999987066,-0.000829999975394,0.0
1573193949410780847,905,1573193949307071924,,0.00520000001416,0.00514000002295,-0.000869999988936,-9.99999974738e-06
1573193949512104681,906,1573193949410944938,,0.00480000022799,0.00473999977112,-0.00079999997979,-9.99999974738e-06
1573193949565905901,907,1573193949511934041,,0.0046999999322,0.00459000002593,-0.000850000011269,4.99999987369e-05
1573193949616492933,908,1573193949565306901,,0.00570000009611,0.00249000010081,-0.00510999979451,0.000110000000859
1573193949669889446,909,1573193949616504907,,0.00769999995828,-0.000199999994948,-0.00771000003442,-0.000230000005104
1573193949721366427,910,1573193949669964075,,0.00310000008903,-0.000600000028498,-0.00298999994993,-0.000190000006114
1573193949772140430,911,1573193949721137046,,0.000500000023749,0.000230000005104,-0.00044999999227,-0.000190000006114
1573193949824086113,912,1573193949771960973,,0.000199999994948,7.9999997979e-05,-0.000140000003739,-4.99999987369e-05
1573193949878251157,913,1573193949823970079,,9.99999974738e-05,7.9999997979e-05,-9.00000013644e-05,-2.99999992421e-05
1573193949929950335,914,1573193949877563953,,0.0,2.99999992421e-05,-2.99999992421e-05,-9.99999974738e-06
1573193949982097819,915,1573193949929697990,,0.0,9.99999974738e-06,-9.99999974738e-06,0.0
1573193950033368028,916,1573193949981998920,,0.0,2.99999992421e-05,-9.99999974738e-06,-9.99999974738e-06
1573193950084987566,917,1573193950033492088,,0.0,9.99999974738e-06,-9.99999974738e-06,-0.0
1573193950136205127,918,1573193950084733963,,0.0,0.0,-9.99999974738e-06,9.99999974738e-06
1573193950187707651,919,1573193950136264085,,0.0,9.99999974738e-06,-1.99999994948e-05,0.0
1573193950241217578,920,1573193950187697887,,0.0,1.99999994948e-05,-2.99999992421e-05,-0.0
1573193950293321212,921,1573193950241282939,,0.0,9.99999974738e-06,-0.0,0.0
1573193950394988882,922,1573193950293010950,,0.0,-0.0,-9.99999974738e-06,9.99999974738e-06
1573193950450517282,923,1573193950395245075,,0.0,-9.99999974738e-06,-0.0,9.99999974738e-06
1573193950502542998,924,1573193950450628042,,0.0,-0.0,-2.99999992421e-05,9.99999974738e-06
1573193950556737215,925,1573193950502597093,,0.0,9.99999974738e-06,-1.99999994948e-05,0.0
1573193950607691156,926,1573193950556199073,,0.0,-1.99999994948e-05,-0.0,1.99999994948e-05
1573193950709265363,927,1573193950607610940,,0.0,9.99999974738e-06,0.0,-9.99999974738e-06
1573193950762848845,928,1573193950709064006,,0.0,9.99999974738e-06,-0.0,-9.99999974738e-06
1573193950814794303,929,1573193950763156890,,0.0,-0.0,0.0,0.0
1573193950866139393,930,1573193950814825057,,0.0,0.0,-9.99999974738e-06,-0.0
1573193950967290237,931,1573193950865947961,,0.0,-0.0,2.99999992421e-05,-9.99999974738e-06
1573193951018585189,932,1573193950967375993,,0.0,9.99999974738e-06,9.99999974738e-06,-0.0
1573193951072137268,933,1573193951018327951,,0.0,9.99999974738e-06,9.99999974738e-06,-9.99999974738e-06
1573193951122958600,934,1573193951071554899,,0.0,0.0,0.0,-0.0
1573193951177787799,935,1573193951122766017,,0.0,-0.0,9.99999974738e-06,0.0
1573193951231089538,936,1573193951176963090,,0.0,-0.0,0.0,-9.99999974738e-06
1573193951334528801,937,1573193951230601072,,0.0,0.0,-9.99999974738e-06,-0.0
1573193951386757397,938,1573193951334650039,,0.0,-9.99999974738e-06,1.99999994948e-05,9.99999974738e-06
1573193951440263831,939,1573193951386833906,,0.0,-9.99999974738e-06,9.99999974738e-06,9.99999974738e-06
1573193951492318130,940,1573193951440363883,,0.0,-9.99999974738e-06,9.99999974738e-06,9.99999974738e-06
1573193951546270473,941,1573193951492108106,,0.0,-9.99999974738e-06,-9.99999974738e-06,9.99999974738e-06
1573193951647116010,942,1573193951546041965,,0.0,-9.99999974738e-06,1.99999994948e-05,0.0
1573193951702757468,943,1573193951646967887,,0.0,-0.0,-0.0,0.0
1573193952053366522,944,1573193951701742887,,0.0,0.0,1.99999994948e-05,-0.0
1573193952107192521,945,1573193952053066968,,0.0,-1.99999994948e-05,9.99999974738e-06,9.99999974738e-06
1573193952159941983,946,1573193952107882022,,0.0,-1.99999994948e-05,9.99999974738e-06,9.99999974738e-06
1573193952212565356,947,1573193952159771919,,0.0,-2.99999992421e-05,1.99999994948e-05,9.99999974738e-06
1573193952266952575,948,1573193952212335109,,0.0,-2.99999992421e-05,1.99999994948e-05,9.99999974738e-06
1573193952319016328,949,1573193952266339063,,0.0,-2.99999992421e-05,1.99999994948e-05,9.99999974738e-06
1573193952370732156,950,1573193952318737030,,0.0,-2.99999992421e-05,1.99999994948e-05,9.99999974738e-06
1573193952421674674,951,1573193952370395898,,0.0,-1.99999994948e-05,2.99999992421e-05,0.0
1573193952474526813,952,1573193952421694993,,0.0,-1.99999994948e-05,-0.0,9.99999974738e-06
1573193952526674359,953,1573193952474575042,,0.0,-2.99999992421e-05,2.99999992421e-05,9.99999974738e-06
1573193952578273831,954,1573193952526782989,,0.0,-2.99999992421e-05,9.99999974738e-06,9.99999974738e-06
1573193952629575518,955,1573193952578064918,,0.0,-9.99999974738e-06,9.99999974738e-06,0.0
1573193952732846272,956,1573193952629378080,,0.0,-1.99999994948e-05,3.99999989895e-05,9.99999974738e-06
1573193952785205400,957,1573193952732939958,,0.0,9.99999974738e-06,-0.0,-0.0
1573193952839280284,958,1573193952784845113,,0.0,0.0,-1.99999994948e-05,-0.0
1573193952890626676,959,1573193952838802099,,0.0,-0.0,-9.99999974738e-06,0.0
1573193952944645053,960,1573193952890471935,,0.0,-0.0,-0.0,0.0
1573193953046668403,961,1573193952944518089,,0.0,0.0,-1.99999994948e-05,0.0
1573193953098073781,962,1573193953046355009,,0.0,-9.99999974738e-06,9.99999974738e-06,9.99999974738e-06
1573193953148790234,963,1573193953097672939,,0.0,9.99999974738e-06,9.99999974738e-06,-9.99999974738e-06
1573193953201569340,964,1573193953148715972,,0.0,9.99999974738e-06,0.0,-9.99999974738e-06
1573193953253179546,965,1573193953201678991,,0.0,0.0,9.99999974738e-06,0.0
1573193953304118325,966,1573193953252635955,,0.0,9.99999974738e-06,-9.99999974738e-06,-9.99999974738e-06
1573193953356214576,967,1573193953303894996,,0.0,-1.99999994948e-05,2.99999992421e-05,9.99999974738e-06
1573193953407092196,968,1573193953355854988,,0.0,0.0,9.99999974738e-06,0.0
1573193953459433843,969,1573193953407089948,,0.0,0.0,-9.99999974738e-06,0.0
1573193953512882967,970,1573193953459126949,,0.0,9.99999974738e-06,9.99999974738e-06,-9.99999974738e-06
1573193953564911291,971,1573193953512904882,,0.0,0.0,9.99999974738e-06,-0.0
1573193953616556510,972,1573193953564856052,,0.0,9.99999974738e-06,-1.99999994948e-05,-9.99999974738e-06
1573193953667924103,973,1573193953616261005,,0.0,-1.99999994948e-05,-9.99999974738e-06,9.99999974738e-06
1573193953719329758,974,1573193953667519092,,0.0,-9.99999974738e-06,-9.99999974738e-06,0.0
1573193953770578806,975,1573193953719111919,,0.0,-9.99999974738e-06,-0.0,0.0
1573193953824914529,976,1573193953770641088,,0.0,9.99999974738e-06,9.99999974738e-06,-9.99999974738e-06
1573193953876741142,977,1573193953824206113,,0.0,9.99999974738e-06,-2.99999992421e-05,-0.0
1573193953981529897,978,1573193953876853942,,0.0,-9.99999974738e-06,-1.99999994948e-05,0.0
1573193954032727885,979,1573193953981523036,,0.0,-9.99999974738e-06,9.99999974738e-06,0.0
1573193954086664611,980,1573193954032747983,,0.0,0.0,0.0,-0.0
1573193954138645877,981,1573193954086750030,,0.0,0.0,-1.99999994948e-05,-0.0
1573193954192479580,982,1573193954138314008,,0.0,-9.99999974738e-06,9.99999974738e-06,0.0
1573193954245922577,983,1573193954191663026,,0.0,1.99999994948e-05,-9.99999974738e-06,-9.99999974738e-06
1573193954296889598,984,1573193954245388031,,0.0,9.99999974738e-06,-0.0,-0.0
1573193954348761558,985,1573193954296708106,,0.0,9.99999974738e-06,0.0,-9.99999974738e-06
1573193954399809398,986,1573193954348402976,,0.0,-1.99999994948e-05,-9.99999974738e-06,9.99999974738e-06
1573193954450867147,987,1573193954399617910,,0.0,0.0,0.0,-0.0
1573193954506110778,988,1573193954450654983,,0.0,-0.0,1.99999994948e-05,0.0
1573193954557101546,989,1573193954505527973,,0.0,9.99999974738e-06,0.0,-0.0
1573193954608673766,990,1573193954557048082,,0.0,-0.0,9.99999974738e-06,-0.0
1573193954659931227,991,1573193954608505010,,0.0,-9.99999974738e-06,0.0,0.0
1573193954710844090,992,1573193954659753084,,0.0,9.99999974738e-06,-9.99999974738e-06,-9.99999974738e-06
1573193954762643137,993,1573193954710623025,,0.0,0.0,1.99999994948e-05,-0.0
1573193954814296357,994,1573193954762634992,,0.0,-0.0,1.99999994948e-05,0.0
1573193954865854999,995,1573193954813971042,,0.0,0.0,-9.99999974738e-06,-0.0
1573193954916805198,996,1573193954865545988,,0.0,1.99999994948e-05,9.99999974738e-06,-9.99999974738e-06
1573193954968320295,997,1573193954916841983,,0.0,-1.99999994948e-05,9.99999974738e-06,9.99999974738e-06
1573193955019548830,998,1573193954968074083,,0.0,0.0,-9.99999974738e-06,-0.0
1573193955075400145,999,1573193955019140958,,0.0,0.0,-1.99999994948e-05,0.0
1573193955125942590,1000,1573193955074358940,,0.0,-9.99999974738e-06,-0.0,0.0
1573193955226734097,1001,1573193955125628948,,0.0,0.0,9.99999974738e-06,-0.0
