%time,field.header.seq,field.header.stamp,field.header.frame_id,field.value
1573202962996359718,440,1573202962940083980,,80.0
1573202963049422568,441,1573202962995162010,,80.0
1573202963103491635,442,1573202963048912048,,80.0
1573202963157310488,443,1573202963102499961,,80.0
1573202963262050110,444,1573202963156780004,,80.0
1573202963315661501,445,1573202963261559009,,80.0
1573202963369394009,446,1573202963314995050,,80.0
1573202963423356199,447,1573202963368499040,,80.0
1573202963475995904,448,1573202963422734975,,80.0
1573202963529625381,449,1573202963475195884,,80.0
1573202963583678745,450,1573202963528750896,,80.0
1573202963636473600,451,1573202963582787990,,80.0
1573202963688947358,452,1573202963635901927,,80.0
1573202963791803905,453,1573202963688139915,,80.0
1573202963845149757,454,1573202963790680885,,80.0
1573202963897721146,455,1573202963843800067,,80.0
1573202963951907535,456,1573202963897342920,,80.0
1573202964054931147,457,1573202963950788021,,80.0
1573202964408668592,458,1573202964054461956,,80.0
1573202964461061632,459,1573202964407969951,,79.9499969482
1573202964514585215,460,1573202964460397958,,78.3499984741
1573202964568064061,461,1573202964514111995,,74.9000015259
1573202964622511149,462,1573202964567488908,,73.1999969482
1573202964674181022,463,1573202964621058940,,73.6500015259
1573202964726880898,464,1573202964673322916,,73.5999984741
1573202964780319181,465,1573202964725600957,,72.9499969482
1573202964833188219,466,1573202964779083967,,71.5
1573202964887001819,467,1573202964832798957,,69.3499984741
1573202964940321699,468,1573202964886334896,,66.25
1573202964995793999,469,1573202964939560890,,53.7999992371
1573202965048855186,470,1573202964994168043,,47.3499984741
1573202965101553212,471,1573202965047633886,,38.9000015259
1573202965155276774,472,1573202965100564002,,31.2500019073
1573202965209063790,473,1573202965154408931,,27.2999973297
1573202965262502589,474,1573202965208323001,,24.6000003815
1573202965366062408,475,1573202965261338949,,22.4999980927
1573202965419837332,476,1573202965365550041,,19.6499996185
1573202965473535027,477,1573202965419080972,,17.75
1573202965526824557,478,1573202965472209930,,15.999997139
1573202965579703148,479,1573202965525619983,,14.9000005722
1573202965685174608,480,1573202965578998088,,13.8999986649
1573202965739016720,481,1573202965684536933,,12.8500032425
1573202965792807243,482,1573202965738250017,,10.749997139
1573202965846805119,483,1573202965791980981,,10.0
1573202965950056739,484,1573202965846055030,,10.0
1573202966004123420,485,1573202965949368000,,15.4999961853
1573202966057728421,486,1573202966002620935,,16.7999954224
1573202966110391672,487,1573202966055830955,,17.2499961853
1573202966214827003,488,1573202966110034942,,17.0499992371
1573202966268610133,489,1573202966214339017,,20.3999977112
1573202966322027124,490,1573202966267374038,,25.4999980927
1573202966425645002,491,1573202966321449041,,33.0999984741
1573202966479334460,492,1573202966424432039,,44.8999977112
1573202966532715260,493,1573202966478049993,,49.7999992371
1573202966586266688,494,1573202966531610965,,51.7999992371
1573202966639227949,495,1573202966584794044,,49.0999984741
1573202966692343697,496,1573202966637922048,,49.0499992371
1573202966744856440,497,1573202966691843986,,53.8999977112
1573202966798140594,498,1573202966744144916,,58.0999984741
1573202966852328840,499,1573202966797375917,,56.7999992371
1573202966955295540,500,1573202966851017951,,53.5999984741
1573202967009617559,501,1573202966954227924,,51.2499961853
1573202967062470974,502,1573202967008310079,,51.5
1573202967165904893,503,1573202967061902046,,50.2999954224
1573202967219484949,504,1573202967165218114,,48.25
1573202967273266362,505,1573202967218327999,,43.7499961853
1573202967326174850,506,1573202967271928071,,39.7999992371
1573202967380266668,507,1573202967325423955,,41.0999984741
1573202967433152872,508,1573202967378573894,,44.1999969482
1573202967485944111,509,1573202967431621074,,47.2499961853
1573202967539950904,510,1573202967485515117,,50.3999977112
1573202967593872245,511,1573202967539294004,,54.7499961853
1573202967646095796,512,1573202967592546939,,57.4999961853
1573202967700251472,513,1573202967645626068,,59.7999992371
1573202967753631388,514,1573202967699074983,,61.75
1573202967807761058,515,1573202967752845048,,62.7999992371
1573202967861117407,516,1573202967806288957,,63.9999961853
1573202967913965823,517,1573202967859623908,,64.9000015259
1573202968017688299,518,1573202967913331031,,65.7999954224
1573202968070413820,519,1573202968016354084,,66.25
1573202968124462264,520,1573202968069766044,,66.25
1573202968177619224,521,1573202968122996091,,65.7999954224
1573202968232105224,522,1573202968176408052,,65.1500015259
1573202968284520121,523,1573202968230763912,,63.8499984741
1573202968338296321,524,1573202968283824920,,62.1499977112
1573202968391381602,525,1573202968337358951,,59.7999992371
1573202968443574782,526,1573202968390650987,,56.7000007629
1573202968548245493,527,1573202968443319082,,52.5499992371
1573202968601369206,528,1573202968546669960,,47.2499961853
1573202968653847912,529,1573202968599741935,,42.0499992371
1573202968707429167,530,1573202968653280019,,38.75
1573202968811003238,531,1573202968706727981,,35.7999954224
1573202968863978928,532,1573202968810103893,,31.75
1573202968918342940,533,1573202968863518953,,28.7000007629
1573202968972172141,534,1573202968917313098,,26.5
1573202969026028713,535,1573202968970851898,,24.8499984741
1573202969129411603,536,1573202969024350881,,23.9499969482
1573202969183702762,537,1573202969129046916,,26.5
1573202969236799589,538,1573202969182296991,,27.6999969482
1573202969290058579,539,1573202969235492944,,29.2999992371
1573202969393397740,540,1573202969289510965,,32.0499954224
1573202969447503129,541,1573202969393069982,,39.0499954224
1573202969501675683,542,1573202969446849107,,45.6499977112
1573202969604081659,543,1573202969500060081,,51.1499977112
1573202969657913827,544,1573202969603255987,,57.8999977112
1573202969711322605,545,1573202969656461000,,62.75
1573202969764940509,546,1573202969710104942,,66.9000015259
1573202969817881566,547,1573202969763396978,,66.2999954224
1573202969872853144,548,1573202969816982984,,62.0999984741
1573202969925200947,549,1573202969871577978,,56.3999977112
1573202969979677014,550,1573202969924683094,,50.9499969482
1573202970032759832,551,1573202969978189945,,44.0
1573202970137270130,552,1573202970031172990,,40.5
1573202970191303851,553,1573202970136352062,,38.6999969482
1573202970244769910,554,1573202970190551996,,37.1999969482
1573202970297889839,555,1573202970243752956,,39.5499954224
1573202970350608410,556,1573202970297058105,,47.0999984741
1573202970403900596,557,1573202970349533081,,55.1999969482
1573202970457892430,558,1573202970403093099,,63.3999977112
1573202970510561944,559,1573202970456481933,,70.9499969482
1573202970563244441,560,1573202970509947061,,77.9000015259
1573202970617471544,561,1573202970562688112,,77.6999969482
1573202970719587410,562,1573202970615868091,,71.0499954224
1573202970772177754,563,1573202970718219995,,58.9499969482
1573202970825519660,564,1573202970771543979,,57.0
1573202970879784558,565,1573202970824786901,,55.5499992371
1573202970933354124,566,1573202970878659009,,58.2999992371
1573202970987309609,567,1573202970932452917,,61.5999984741
1573202971040152149,568,1573202970985790967,,64.6999969482
1573202971093955492,569,1573202971039414882,,66.8499984741
1573202971146953604,570,1573202971092766046,,68.3499984741
1573202971201259309,571,1573202971146573066,,68.4499969482
1573202971254349787,572,1573202971199672937,,66.75
1573202971306993831,573,1573202971252731084,,60.9999961853
1573202971360825427,574,1573202971306082963,,55.4499969482
1573202971413951035,575,1573202971359543085,,50.7000007629
1573202971516028362,576,1573202971412584066,,46.2999992371
1573202971568700679,577,1573202971515273094,,38.9499969482
1573202971620925511,578,1573202971567676067,,34.2999992371
1573202971673959471,579,1573202971619929075,,30.2999973297
1573202971728277103,580,1573202971673316955,,26.2999973297
1573202971832425818,581,1573202971727770090,,22.9999961853
1573202971886837768,582,1573202971832679033,,24.25
1573202971938511058,583,1573202971886483907,,30.5999984741
1573202971992457743,584,1573202971938011884,,38.1999969482
1573202972045840293,585,1573202971991096973,,45.8999977112
1573202972148780847,586,1573202972044534921,,54.9999961853
1573202972201911840,587,1573202972147728919,,73.3499984741
1573202972254777755,588,1573202972200583934,,79.6500015259
1573202972308852112,589,1573202972254318952,,71.9499969482
1573202972411943440,590,1573202972307461977,,63.0499992371
1573202972465477580,591,1573202972411261081,,52.5
1573202972518424273,592,1573202972464803934,,38.8999977112
1573202972570888894,593,1573202972517391920,,35.7000007629
1573202972624807021,594,1573202972570127964,,33.25
1573202972677961427,595,1573202972623358011,,30.7499980927
1573202972729206710,596,1573202972676281929,,29.5999965668
1573202972782812074,597,1573202972728914976,,27.6000003815
1573202972837759797,598,1573202972782547950,,27.1999969482
1573202972890576474,599,1573202972835772991,,26.8999996185
1573202972944476519,600,1573202972890183925,,27.3999958038
1573202972998027535,601,1573202972943231105,,31.1999969482
1573202973051546235,602,1573202972996509075,,38.6499977112
1573202973104344397,603,1573202973050005912,,46.4499969482
1573202973208344011,604,1573202973103593111,,52.3999977112
1573202973261489901,605,1573202973206681013,,57.7999992371
1573202973314444334,606,1573202973260045051,,58.5499992371
1573202973367875049,607,1573202973313340902,,57.3499984741
1573202973471828223,608,1573202973367208957,,54.2999992371
1573202973524979131,609,1573202973470455884,,48.9999961853
1573202973578098320,610,1573202973524143934,,45.1499977112
1573202973631305539,611,1573202973577091932,,44.3499984741
1573202973685516183,612,1573202973630685091,,44.6999969482
1573202973738184772,613,1573202973684016942,,45.3999977112
1573202973792129626,614,1573202973737315893,,46.0499992371
1573202973845518733,615,1573202973790642023,,46.0
1573202973897738661,616,1573202973843652963,,46.3499984741
1573202973952067297,617,1573202973897262096,,46.9999961853
1573202974005727689,618,1573202973950825929,,48.0
1573202974058861338,619,1573202974004122972,,51.6999969482
1573202974112023281,620,1573202974057305097,,52.6999969482
1573202974215971789,621,1573202974110925912,,52.5499992371
1573202974267879882,622,1573202974214554071,,51.7999992371
1573202974320849487,623,1573202974266721010,,52.2499961853
1573202974374414865,624,1573202974319998979,,54.0999984741
1573202974428301227,625,1573202974373491048,,56.8499984741
1573202974481708197,626,1573202974426728010,,58.6499977112
1573202974535230573,627,1573202974480077028,,59.5999984741
1573202974588823445,628,1573202974533778905,,60.3499984741
1573202974642321883,629,1573202974588186025,,61.0499992371
1573202974746821397,630,1573202974641757011,,63.0499992371
1573202974798669030,631,1573202974744837999,,65.4499969482
1573202974852392828,632,1573202974798325061,,67.4499969482
1573202974906352099,633,1573202974851891040,,66.4499969482
1573202974960433063,634,1573202974905538082,,63.9499969482
1573202975014305657,635,1573202974959167003,,62.5
1573202975067186216,636,1573202975012377977,,63.4499969482
1573202975120758811,637,1573202975065993070,,68.5999984741
1573202975174090130,638,1573202975119914054,,74.2999954224
1573202975228199715,639,1573202975173517942,,78.4499969482
1573202975280971937,640,1573202975226624011,,76.6999969482
1573202975334609244,641,1573202975280334949,,68.0
1573202975388297496,642,1573202975333491086,,58.1999969482
1573202975441747721,643,1573202975387056112,,49.2999992371
1573202975495343850,644,1573202975440776109,,44.25
1573202975547232688,645,1573202975494009971,,43.4999961853
1573202975601270838,646,1573202975546684980,,44.7999954224
1573202975654042334,647,1573202975599826097,,49.5999984741
1573202975757365130,648,1573202975652939081,,52.8999977112
1573202975809842284,649,1573202975756279945,,52.9499969482
1573202975863152850,650,1573202975808887958,,54.8999977112
1573202975915748645,651,1573202975861752986,,59.4500007629
1573202975970388477,652,1573202975915218114,,65.75
1573202976026548423,653,1573202975969629049,,72.4499969482
1573202976081040558,654,1573202976025856018,,78.0499954224
1573202976133731194,655,1573202976079226970,,80.0
1573202976187319693,656,1573202976132551908,,79.75
1573202976239672832,657,1573202976186216115,,78.6999969482
1573202976294441330,658,1573202976238708019,,75.4000015259
1573202976348780258,659,1573202976292568922,,63.2999992371
1573202976401210881,660,1573202976347245931,,56.0
1573202976455659225,661,1573202976400767087,,50.8499984741
1573202976510094504,662,1573202976454092025,,47.8499984741
1573202976561112696,663,1573202976508752107,,47.3999977112
1573202976614673058,664,1573202976560473918,,48.0499992371
1573202976668335569,665,1573202976614072084,,48.25
1573202976772161185,666,1573202976667349100,,45.3500022888
1573202976825600277,667,1573202976771589040,,43.1500015259
1573202976878016540,668,1573202976825038909,,45.9000015259
1573202976930889389,669,1573202976877626895,,49.3000030518
1573202976983784176,670,1573202976929877042,,52.75
1573202977037429399,671,1573202976983133077,,55.25
1573202977142198045,672,1573202977036406993,,58.0499992371
1573202977196199878,673,1573202977141974925,,63.5999984741
1573202977249491786,674,1573202977195116996,,59.75
1573202977303361448,675,1573202977248414993,,54.75
1573202977357355383,676,1573202977302685976,,51.5999984741
1573202977410051448,677,1573202977356035947,,51.9000015259
1573202977463320566,678,1573202977409353971,,54.5499992371
1573202977517363840,679,1573202977462760925,,58.0999984741
1573202977569640745,680,1573202977516495943,,62.75
1573202977673624976,681,1573202977569127082,,67.0999984741
1573202977727004537,682,1573202977672013998,,71.3499984741
1573202977780180513,683,1573202977725581884,,70.0999984741
1573202977832585868,684,1573202977778795003,,73.8499984741
1573202977886105693,685,1573202977831857919,,66.8000030518
1573202977940130271,686,1573202977884944915,,59.9500007629
1573202977993798935,687,1573202977939526081,,60.6500015259
1573202978047462937,688,1573202977992774963,,61.7999992371
1573202978101304938,689,1573202978046873092,,62.2000007629
1573202978154036276,690,1573202978100130081,,62.1499977112
1573202978207831546,691,1573202978153420925,,61.5
1573202978261170404,692,1573202978206648111,,56.2000007629
1573202978316906438,693,1573202978260735988,,56.2999992371
1573202978369872855,694,1573202978315383911,,59.3499984741
1573202978422926576,695,1573202978368441104,,65.1500015259
1573202978475757333,696,1573202978421602010,,66.25
1573202978530049136,697,1573202978474831104,,65.4000015259
1573202978583765117,698,1573202978528774023,,65.5500030518
1573202978636992741,699,1573202978582546949,,66.9499969482
1573202978691008214,700,1573202978636149883,,66.3000030518
1573202978743575486,701,1573202978689518928,,63.8499984741
1573202978797418066,702,1573202978743021011,,61.25
1573202978851325564,703,1573202978795985937,,59.0
1573202978904895990,704,1573202978850162982,,57.1500015259
1573202978958278413,705,1573202978904131889,,55.3499984741
1573202979063405374,706,1573202978957274913,,53.2000007629
1573202979117035370,707,1573202979063036918,,57.0499992371
1573202979170885193,708,1573202979116883039,,58.5499992371
1573202979224549439,709,1573202979169661998,,64.75
1573202979277386361,710,1573202979222965955,,72.6999969482
1573202979331358469,711,1573202979276798009,,77.4000015259
1573202979385969621,712,1573202979331331968,,70.3000030518
1573202979438569192,713,1573202979384387016,,60.2000007629
1573202979493012504,714,1573202979438149929,,50.6500015259
1573202979545922724,715,1573202979491162061,,41.0
1573202979599181948,716,1573202979544359922,,31.0500011444
1573202979702032603,717,1573202979597702980,,19.8000011444
1573202979756282619,718,1573202979701400995,,15.8000011444
1573202979810007621,719,1573202979756000041,,16.0999984741
1573202979863665813,720,1573202979809472084,,16.9499969482
1573202979917016838,721,1573202979862771034,,17.7999973297
1573202979970659082,722,1573202979915781974,,18.3999996185
1573202980025348198,723,1573202979969233989,,19.8999996185
1573202980077908144,724,1573202980023848056,,23.1999988556
1573202980131883264,725,1573202980077200889,,29.2500019073
1573202980187485588,726,1573202980131382942,,35.3499984741
1573202980240429000,727,1573202980185966968,,41.75
1573202980292891506,728,1573202980239711999,,52.2000007629
1573202980347122946,729,1573202980292520999,,58.7000007629
1573202980399794555,730,1573202980345561981,,60.4500007629
1573202980454204075,731,1573202980399142980,,64.5500030518
1573202980507227465,732,1573202980452568054,,71.3000030518
1573202980611045402,733,1573202980505964040,,73.3499984741
1573202980664602632,734,1573202980610541105,,68.0999984741
1573202980717869643,735,1573202980663868904,,66.3000030518
1573202980823045727,736,1573202980717341899,,65.5500030518
1573202980877369480,737,1573202980822367906,,64.3000030518
1573202980929026949,738,1573202980875602006,,65.5
1573202980982242620,739,1573202980928122043,,64.75
1573202981036956046,740,1573202980981880903,,65.0500030518
1573202981088856024,741,1573202981035305976,,67.3000030518
1573202981142417722,742,1573202981087735891,,67.0500030518
1573202981196393564,743,1573202981141505002,,70.4499969482
1573202981250072578,744,1573202981195755004,,78.0
1573202981304809383,745,1573202981249644041,,80.0
1573202981359250502,746,1573202981304985046,,80.0
1573202981413714260,747,1573202981358782052,,76.0999984741
1573202981466376442,748,1573202981412132978,,77.0999984741
1573202981570345028,749,1573202981465753078,,76.0
1573202981623434546,750,1573202981568965911,,79.4000015259
1573202981676155829,751,1573202981621970891,,79.75
1573202981729624925,752,1573202981675734043,,79.8499984741
1573202981782946481,753,1573202981729110002,,79.9000015259
1573202981837423930,754,1573202981782407999,,79.9000015259
1573202981890631329,755,1573202981836313009,,79.9499969482
1573202981944063023,756,1573202981889945983,,79.9499969482
1573202981997813061,757,1573202981943051099,,79.9499969482
1573202982099831888,758,1573202981996340990,,80.0
1573202982153203282,759,1573202982098870038,,80.0
1573202982206501668,760,1573202982151890039,,80.0
1573202982260097458,761,1573202982206170082,,80.0
1573202982313664724,762,1573202982259538888,,80.0
1573202982366522988,763,1573202982313415050,,80.0
1573202982419939802,764,1573202982365622997,,80.0
1573202982473183315,765,1573202982419271945,,80.0
1573202982527094854,766,1573202982472747087,,80.0
1573202982581069522,767,1573202982526350021,,80.0
1573202982634204586,768,1573202982579654932,,80.0
1573202982687922510,769,1573202982632713079,,80.0
1573202982741493307,770,1573202982687221050,,80.0
1573202982794681408,771,1573202982741163969,,80.0
1573202982896885184,772,1573202982793483018,,80.0
1573202982950336980,773,1573202982895900964,,80.0
1573202983003094203,774,1573202982948970079,,80.0
1573202983057486403,775,1573202983002666950,,80.0
1573202983111832920,776,1573202983055943012,,80.0
1573202983163952772,777,1573202983110896110,,80.0
1573202983217273085,778,1573202983163343906,,80.0
1573202983270195960,779,1573202983216057062,,80.0
1573202983374363350,780,1573202983269731998,,80.0
1573202983428103477,781,1573202983373409032,,80.0
1573202983481102984,782,1573202983427273988,,80.0
1573202983534353703,783,1573202983480426073,,80.0
1573202983588410147,784,1573202983533663988,,80.0
1573202983641043216,785,1573202983586704015,,80.0
1573202983692897148,786,1573202983639931917,,80.0
1573202983744938703,787,1573202983691870927,,80.0
1573202983798517770,788,1573202983744240045,,80.0
1573202983850432822,789,1573202983797260999,,80.0
1573202983953849625,790,1573202983849675893,,80.0
1573202984006911953,791,1573202983952527046,,80.0
1573202984059810966,792,1573202984005516052,,80.0
1573202984163253309,793,1573202984058547019,,80.0
1573202984216697788,794,1573202984161688089,,80.0
1573202984269663008,795,1573202984215326070,,80.0
1573202984322881332,796,1573202984268589973,,80.0
1573202984376241896,797,1573202984321949005,,80.0
1573202984429616850,798,1573202984375252008,,80.0
1573202984482189778,799,1573202984428715944,,80.0
1573202984535475098,800,1573202984481638908,,80.0
1573202984589353911,801,1573202984534892082,,80.0
1573202984643193403,802,1573202984588340997,,80.0
1573202984747282580,803,1573202984642090082,,80.0
1573202984800378120,804,1573202984745837926,,80.0
1573202984853696995,805,1573202984799437046,,80.0
1573202984907719007,806,1573202984853368997,,80.0
1573202984961788961,807,1573202984906440019,,80.0
1573202985015526571,808,1573202984961205005,,80.0
1573202985069203368,809,1573202985014553070,,80.0
1573202985121976237,810,1573202985067812919,,80.0
1573202985175001461,811,1573202985121159076,,80.0
1573202985228841716,812,1573202985174745082,,80.0
1573202985282472413,813,1573202985228035926,,80.0
1573202985336700752,814,1573202985281749010,,80.0
1573202985439458745,815,1573202985335124969,,80.0
1573202985492572177,816,1573202985438755989,,80.0
1573202985546530606,817,1573202985492074012,,80.0
1573202985599636218,818,1573202985545651912,,80.0
1573202985653816656,819,1573202985599425077,,80.0
1573202985706435205,820,1573202985652477025,,80.0
1573202985760502065,821,1573202985706526994,,80.0
1573202985813693576,822,1573202985759862899,,80.0
1573202985867461116,823,1573202985812983989,,80.0
1573202985972089082,824,1573202985866777896,,80.0
1573202986025968816,825,1573202985971718072,,80.0
1573202986079498205,826,1573202986025317907,,80.0
1573202986130308145,827,1573202986078650951,,80.0
1573202986234426395,828,1573202986130106925,,80.0
1573202986287766308,829,1573202986233632087,,80.0
1573202986341919479,830,1573202986286968946,,80.0
1573202986394901158,831,1573202986340410947,,80.0
1573202986448292192,832,1573202986393954038,,80.0
1573202986501585824,833,1573202986447133064,,80.0
1573202986555774412,834,1573202986501005887,,80.0
1573202986609096226,835,1573202986554095983,,80.0
1573202986660756384,836,1573202986607671976,,80.0
1573202986714560628,837,1573202986660073995,,80.0
1573202986768081022,838,1573202986713562011,,80.0
1573202986820526214,839,1573202986766650915,,80.0
1573202986873884779,840,1573202986819621086,,80.0
1573202986928248372,841,1573202986873414039,,80.0
1573202987031174517,842,1573202986926574945,,80.0
1573202987084021217,843,1573202987029697895,,80.0
1573202987137102939,844,1573202987083146095,,80.0
1573202987190705796,845,1573202987136557102,,80.0
1573202987294998463,846,1573202987190249919,,80.0
1573202987348683883,847,1573202987293279886,,80.0
1573202987401075695,848,1573202987346822977,,80.0
1573202987455201170,849,1573202987399876117,,80.0
1573202987558003833,850,1573202987453497886,,80.0
1573202987611403662,851,1573202987556555032,,80.0
1573202987665585528,852,1573202987610698938,,80.0
1573202987717974383,853,1573202987663674116,,80.0
1573202987772146459,854,1573202987717358112,,80.0
1573202987827158527,855,1573202987771541118,,80.0
1573202987879714546,856,1573202987825786113,,80.0
1573202987933500932,857,1573202987879206895,,80.0
1573202988037023589,858,1573202987932769060,,80.0
1573202988090251852,859,1573202988035722017,,80.0
1573202988143527665,860,1573202988089416980,,80.0
1573202988197944029,861,1573202988143107891,,80.0
1573202988250871494,862,1573202988196290969,,80.0
1573202988354142330,863,1573202988249598979,,80.0
1573202988406933439,864,1573202988352683067,,80.0
1573202988459094810,865,1573202988406253099,,80.0
1573202988512505617,866,1573202988458854913,,80.0
1573202988567769130,867,1573202988512074947,,80.0
1573202988622004407,868,1573202988567174911,,80.0
1573202988675312086,869,1573202988620759963,,80.0
1573202988728764228,870,1573202988674503087,,80.0
1573202988832793486,871,1573202988728069067,,80.0
1573202988886881399,872,1573202988832940101,,80.0
1573202988940227089,873,1573202988885941982,,80.0
1573202988994832765,874,1573202988939822912,,80.0
1573202989047239896,875,1573202988993213891,,80.0
1573202989101408030,876,1573202989047058105,,80.0
1573202989153722697,877,1573202989099903106,,80.0
1573202989207230787,878,1573202989153392076,,80.0
1573202989260998195,879,1573202989206918954,,80.0
1573202989364433857,880,1573202989260417938,,80.0
1573202989617952437,881,1573202989363842964,,80.0
1573202989671773907,882,1573202989617712974,,80.0
1573202989725565357,883,1573202989671442985,,80.0
1573202989778913867,884,1573202989724495887,,80.0
1573202989832302256,885,1573202989778275966,,80.0
1573202989884945331,886,1573202989831617116,,80.0
1573202989938721704,887,1573202989884063959,,80.0
1573202989991385889,888,1573202989937263965,,80.0
1573202990045009075,889,1573202989990916013,,80.0
1573202990148568912,890,1573202990044400930,,80.0
1573202990201741999,891,1573202990147743940,,80.0
1573202990256121129,892,1573202990201569080,,80.0
1573202990308546589,893,1573202990254672050,,80.0
1573202990362674565,894,1573202990307848930,,80.0
1573202990418039098,895,1573202990361430883,,80.0
1573202990471940026,896,1573202990417490959,,80.0
1573202990525346386,897,1573202990471548080,,80.0
1573202990579204454,898,1573202990524887084,,80.0
1573202990683014339,899,1573202990578722953,,80.0
1573202990737369781,900,1573202990682074069,,80.0
1573202990790433997,901,1573202990735915899,,80.0
1573202990843555336,902,1573202990789015054,,80.0
1573202990897653721,903,1573202990842314004,,80.0
1573202990950346184,904,1573202990896048069,,80.0
1573202991004388960,905,1573202990949471950,,80.0
1573202991057077065,906,1573202991002931118,,80.0
1573202991110986567,907,1573202991056544065,,80.0
1573202991214271951,908,1573202991110090017,,80.0
1573202991268201143,909,1573202991213349103,,80.0
1573202991322719006,910,1573202991266669034,,80.0
1573202991375144592,911,1573202991322071075,,80.0
1573202991478403664,912,1573202991374561071,,80.0
1573202991530716076,913,1573202991478141069,,80.0
1573202991583982147,914,1573202991529894113,,80.0
1573202991638522237,915,1573202991583246946,,80.0
1573202991691467087,916,1573202991636836051,,80.0
1573202991745658363,917,1573202991691091060,,80.0
1573202991798901283,918,1573202991744436979,,80.0
1573202991852502277,919,1573202991798341989,,80.0
1573202991906063208,920,1573202991851454973,,80.0
1573202991961170662,921,1573202991905493021,,80.0
1573202992014912595,922,1573202991960695028,,80.0
1573202992067573768,923,1573202992014322996,,80.0
1573202992120716465,924,1573202992066668033,,80.0
1573202992226806080,925,1573202992120250940,,80.0
1573202992279688637,926,1573202992225528955,,80.0
1573202992333487880,927,1573202992278717994,,80.0
1573202992385417877,928,1573202992331960916,,80.0
1573202992438355509,929,1573202992384304046,,80.0
1573202992490877225,930,1573202992437661886,,80.0
1573202992544148226,931,1573202992489970922,,80.0
1573202992597700871,932,1573202992543479919,,80.0
1573202992650868288,933,1573202992596729993,,80.0
1573202992705485095,934,1573202992650190114,,80.0
1573202992759683513,935,1573202992704885959,,80.0
1573202992813011077,936,1573202992758121967,,80.0
1573202992866000944,937,1573202992811587095,,80.0
1573202992968384890,938,1573202992865474939,,80.0
1573202993022797777,939,1573202992967801094,,80.0
1573202993075956351,940,1573202993021115064,,80.0
1573202993129239275,941,1573202993075278997,,80.0
1573202993183049120,942,1573202993128247022,,80.0
1573202993286815952,943,1573202993181833982,,80.0
1573202993339515829,944,1573202993285331964,,80.0
1573202993393356884,945,1573202993339009046,,80.0
1573202993497083601,946,1573202993392177104,,80.0
1573202993549520186,947,1573202993495249986,,80.0
1573202993603165208,948,1573202993548892021,,80.0
1573202993656547390,949,1573202993602298974,,80.0
1573202993710072956,950,1573202993655910968,,80.0
1573202993763695490,951,1573202993709165096,,80.0
1573202993815930528,952,1573202993763170003,,80.0
1573202993870146105,953,1573202993815507888,,80.0
1573202993922760447,954,1573202993869508028,,80.0
1573202994027387337,955,1573202993922214984,,80.0
1573202994082038979,956,1573202994026704072,,80.0
1573202994135635566,957,1573202994080761909,,80.0
1573202994188035835,958,1573202994134100914,,80.0
