%time,field.header.seq,field.header.stamp,field.header.frame_id,field.speed,field.vx,field.vy,field.vz
1573202962996118341,440,1573202962940083980,,0.0,-9.99999974738e-06,-9.99999974738e-06,9.99999974738e-06
1573202963048709100,441,1573202962995162010,,0.0,-0.0,1.99999994948e-05,9.99999974738e-06
1573202963102630827,442,1573202963048912048,,0.0,9.99999974738e-06,0.0,-9.99999974738e-06
1573202963156725412,443,1573202963102499961,,0.0,-2.99999992421e-05,1.99999994948e-05,1.99999994948e-05
1573202963261756216,444,1573202963156780004,,0.0,0.0,-1.99999994948e-05,-0.0
1573202963315698519,445,1573202963261559009,,0.0,-9.99999974738e-06,-1.99999994948e-05,0.0
1573202963368509068,446,1573202963314995050,,0.0,-0.0,-0.0,0.0
1573202963422311471,447,1573202963368499040,,0.0,-9.99999974738e-06,-9.99999974738e-06,9.99999974738e-06
1573202963475852345,448,1573202963422734975,,0.0,-1.99999994948e-05,-9.99999974738e-06,1.99999994948e-05
1573202963528401624,449,1573202963475195884,,0.0,9.99999974738e-06,0.0,-9.99999974738e-06
1573202963583284542,450,1573202963528750896,,0.0,9.99999974738e-06,0.0,-9.99999974738e-06
1573202963636287277,451,1573202963582787990,,0.0,9.99999974738e-06,-9.99999974738e-06,-9.99999974738e-06
1573202963688533477,452,1573202963635901927,,0.0,9.99999974738e-06,-0.0,-0.0
1573202963791147975,453,1573202963688139915,,0.0,2.99999992421e-05,-2.99999992421e-05,-1.99999994948e-05
1573202963844227396,454,1573202963790680885,,0.0,-9.99999974738e-06,9.99999974738e-06,9.99999974738e-06
1573202963897684501,455,1573202963843800067,,0.0,9.99999974738e-06,9.99999974738e-06,-0.0
1573202963951279315,456,1573202963897342920,,0.0,0.0,9.99999974738e-06,0.0
1573202964054897927,457,1573202963950788021,,0.0,9.99999974738e-06,1.99999994948e-05,-9.99999974738e-06
1573202964407647541,458,1573202964054461956,,0.0,1.99999994948e-05,-9.99999974738e-06,-9.99999974738e-06
1573202964461001939,459,1573202964407969951,,9.99999974738e-05,-3.99999989895e-05,-4.99999987369e-05,1.99999994948e-05
1573202964514015813,460,1573202964460397958,,0.00329999998212,-0.000739999988582,-0.00323999999091,5.99999984843e-05
1573202964567384023,461,1573202964514111995,,0.0102000003681,-0.00187000003643,-0.0100499996915,-7.00000018696e-05
1573202964621738222,462,1573202964567488908,,0.0136000001803,-0.00243999995291,-0.0133400000632,-0.000119999996969
1573202964674005167,463,1573202964621058940,,0.0126999998465,0.000119999996969,-0.0127400001511,-0.000130000000354
1573202964725905950,464,1573202964673322916,,0.0127999996766,0.00471000000834,-0.0119399996474,-2.99999992421e-05
1573202964779050365,465,1573202964725600957,,0.0141000002623,0.00992999970913,-0.00994000025094,1.99999994948e-05
1573202964832352774,466,1573202964779083967,,0.0170000009239,0.0151500003412,-0.00775999994949,1.99999994948e-05
1573202964887034677,467,1573202964832798957,,0.0212999992073,0.0206899996847,-0.00506999995559,-0.0
1573202964940298185,468,1573202964886334896,,0.027499999851,0.0274199992418,-0.00236000004224,-4.99999987369e-05
1573202964995144785,469,1573202964939560890,,0.0524000003934,0.0524000003934,0.00221000006422,-7.00000018696e-05
1573202965048284591,470,1573202964994168043,,0.0653000026941,0.0636200010777,0.0149299995974,-0.000159999995958
1573202965100965005,471,1573202965047633886,,0.0821999981999,0.0749500021338,0.0337699986994,9.00000013644e-05
1573202965155008871,472,1573202965100564002,,0.0974999964237,0.0854699984193,0.0468299984932,0.000169999999343
1573202965208789274,473,1573202965154408931,,0.105400003493,0.0906699970365,0.0536499992013,0.000150000007125
1573202965262057138,474,1573202965208323001,,0.110799998045,0.093180000782,0.0600400008261,-9.99999974738e-06
1573202965366259898,475,1573202965261338949,,0.115000002086,0.0943799987435,0.0657799988985,-0.000110000000859
1573202965419844482,476,1573202965365550041,,0.120700001717,0.0961399972439,0.0729300007224,-7.9999997979e-05
1573202965472541578,477,1573202965419080972,,0.124499998987,0.0974000021815,0.0774800032377,-3.99999989895e-05
1573202965526451458,478,1573202965472209930,,0.12800000608,0.0988700017333,0.0813300013542,3.99999989895e-05
1573202965579521559,479,1573202965525619983,,0.130199998617,0.0994099974632,0.0841400027275,3.99999989895e-05
1573202965684523610,480,1573202965578998088,,0.13220000267,0.0966600030661,0.0901099964976,0.000199999994948
1573202965737831048,481,1573202965684536933,,0.134299993515,0.0873700007796,0.101960003376,-3.99999989895e-05
1573202965792840011,482,1573202965738250017,,0.138500005007,0.0854699984193,0.109020002186,-9.99999974738e-06
1573202965846778336,483,1573202965791980981,,0.14319999516,0.0854599997401,0.11495000124,3.99999989895e-05
1573202965949605229,484,1573202965846055030,,0.145899996161,0.0844400003552,0.1190200001,9.99999974738e-05
1573202966003513935,485,1573202965949368000,,0.134900003672,0.0745199993253,0.112439997494,3.99999989895e-05
1573202966056243451,486,1573202966002620935,,0.132300004363,0.0649100020528,0.115340001881,1.99999994948e-05
1573202966109665188,487,1573202966055830955,,0.131400004029,0.0572299994528,0.118309997022,9.99999974738e-06
1573202966214762777,488,1573202966110034942,,0.131799995899,0.0497400015593,0.122060000896,2.99999992421e-05
1573202966267707114,489,1573202966214339017,,0.125100001693,0.039620000869,0.118670001626,-2.99999992421e-05
1573202966320980188,490,1573202966267374038,,0.114900000393,0.0342399999499,0.109719999135,-9.00000013644e-05
1573202966424837014,491,1573202966321449041,,0.0996999964118,0.0274100005627,0.0958599969745,0.000280000007479
1573202966478072358,492,1573202966424432039,,0.076099999249,0.0083799995482,0.0756200030446,4.99999987369e-05
1573202966532189033,493,1573202966478049993,,0.0662999972701,-0.00364000000991,0.0661699995399,-2.99999992421e-05
1573202966585538580,494,1573202966531610965,,0.0623000003397,-0.0132600003853,0.0608999989927,-0.000119999996969
1573202966638418790,495,1573202966584794044,,0.0676999986172,-0.0190399996936,0.0649499967694,-1.99999994948e-05
1573202966691879155,496,1573202966637922048,,0.0678000003099,-0.0216899998486,0.0642300024629,0.000169999999343
1573202966744814698,497,1573202966691843986,,0.0581000000238,-0.0288999993354,0.0503600016236,1.99999994948e-05
1573202966798413754,498,1573202966744144916,,0.049699999392,-0.0376299992204,0.0324800014496,-9.99999974738e-06
1573202966851085913,499,1573202966797375917,,0.0522999987006,-0.0505799986422,0.0133999995887,4.99999987369e-05
1573202966954721734,500,1573202966851017951,,0.0586999990046,-0.0584999993443,0.0043299999088,-9.99999974738e-05
1573202967009136663,501,1573202966954227924,,0.0634000003338,-0.0627700015903,-0.00899999961257,-0.000260000000708
1573202967061908588,502,1573202967008310079,,0.0628999993205,-0.0612399987876,-0.0144199999049,-1.99999994948e-05
1573202967165182459,503,1573202967061902046,,0.0653000026941,-0.0614599995315,-0.0220100004226,1.99999994948e-05
1573202967218618380,504,1573202967165218114,,0.069399997592,-0.0610300004482,-0.0329799987376,3.99999989895e-05
1573202967272708008,505,1573202967218327999,,0.0784000009298,-0.0639500021935,-0.0453599989414,2.99999992421e-05
1573202967325731321,506,1573202967271928071,,0.0863000005484,-0.0651699975133,-0.0566399991512,-0.000150000007125
1573202967379475891,507,1573202967325423955,,0.0837000012398,-0.0617900006473,-0.056510001421,9.99999974738e-06
1573202967432313847,508,1573202967378573894,,0.077500000596,-0.0568500012159,-0.0527199991047,1.99999994948e-05
1573202967485725168,509,1573202967431621074,,0.0714000016451,-0.0519400015473,-0.0490400008857,-0.0
1573202967539053555,510,1573202967485515117,,0.0650999993086,-0.0469599999487,-0.0450499989092,2.99999992421e-05
1573202967593556495,511,1573202967539294004,,0.056400001049,-0.0400700010359,-0.0396399982274,3.99999989895e-05
1573202967645385459,512,1573202967592546939,,0.0509000010788,-0.0357300005853,-0.0363099984825,-1.99999994948e-05
1573202967699437519,513,1573202967645626068,,0.0463000014424,-0.032049998641,-0.0333800017834,2.99999992421e-05
1573202967752687911,514,1573202967699074983,,0.0423999987543,-0.0287599992007,-0.0311699993908,9.99999974738e-06
1573202967806786784,515,1573202967752845048,,0.040300000459,-0.0268900003284,-0.0299699995667,-9.99999974738e-06
1573202967860430382,516,1573202967806288957,,0.0379000008106,-0.0250899996608,-0.0283799991012,0.0
1573202967913240935,517,1573202967859623908,,0.0361000001431,-0.0237099993974,-0.0272199995816,-9.99999974738e-06
1573202968016847140,518,1573202967913331031,,0.0342999994755,-0.0223600007594,-0.026060000062,-9.99999974738e-06
1573202968070444151,519,1573202968016354084,,0.0333999991417,-0.0215399991721,-0.0255399998277,-0.0
1573202968123750134,520,1573202968069766044,,0.0333999991417,-0.0213600005955,-0.0256699994206,9.99999974738e-06
1573202968177409051,521,1573202968122996091,,0.0342999994755,-0.021759999916,-0.0264899991453,-0.0
1573202968231345434,522,1573202968176408052,,0.0355999991298,-0.0224500000477,-0.0276800002903,-1.99999994948e-05
1573202968284493265,523,1573202968230763912,,0.0381999984384,-0.0240100007504,-0.0296899992973,2.99999992421e-05
1573202968337932930,524,1573202968283824920,,0.0416000001132,-0.0259399991482,-0.0325100012124,9.99999974738e-06
1573202968391395788,525,1573202968337358951,,0.0463000014424,-0.0285599995404,-0.0364699997008,3.99999989895e-05
1573202968443368954,526,1573202968390650987,,0.0524999983609,-0.0319399982691,-0.041700001806,4.99999987369e-05
1573202968546786649,527,1573202968443319082,,0.0608000010252,-0.0361699983478,-0.0489099994302,-1.99999994948e-05
1573202968600466451,528,1573202968546669960,,0.0714000016451,-0.0413599982858,-0.0582000017166,9.99999974738e-06
1573202968653250287,529,1573202968599741935,,0.0817999988794,-0.0464899986982,-0.0672599971294,0.0
1573202968707237574,530,1573202968653280019,,0.0883999988437,-0.049469999969,-0.073250003159,0.0
1573202968810490637,531,1573202968706727981,,0.0943000018597,-0.0519400015473,-0.0786800011992,9.99999974738e-06
1573202968863948570,532,1573202968810103893,,0.102399997413,-0.0549400001764,-0.0864500030875,1.99999994948e-05
1573202968917337580,533,1573202968863518953,,0.108499996364,-0.0569900013506,-0.0922899991274,-3.99999989895e-05
1573202968971719732,534,1573202968917313098,,0.11289999634,-0.0581500008702,-0.096770003438,-9.99999974738e-06
1573202969025471025,535,1573202968970851898,,0.116200000048,-0.0581399984658,-0.100610002875,-7.9999997979e-05
1573202969129776401,536,1573202969024350881,,0.118000000715,-0.0564699992537,-0.103579998016,-7.00000018696e-05
1573202969182959778,537,1573202969129046916,,0.11289999634,-0.0488100014627,-0.101779997349,1.99999994948e-05
1573202969235874208,538,1573202969182296991,,0.110500000417,-0.0432300008833,-0.101640000939,-0.0
1573202969289358636,539,1573202969235492944,,0.107299998403,-0.0381000004709,-0.100259996951,-4.99999987369e-05
1573202969392810525,540,1573202969289510965,,0.101800002158,-0.0321599990129,-0.0966200008988,-0.000130000000354
1573202969447708947,541,1573202969393069982,,0.0878000035882,-0.0212699994445,-0.0851600021124,-9.99999974738e-06
1573202969501007270,542,1573202969446849107,,0.0746000036597,-0.00992999970913,-0.0739699974656,9.99999974738e-06
1573202969604043554,543,1573202969500060081,,0.0636000037193,-0.000859999970999,-0.063639998436,-3.99999989895e-05
1573202969656561582,544,1573202969603255987,,0.0500999987125,0.00748000014573,-0.0494600012898,-0.00265999999829
1573202969710160313,545,1573202969656461000,,0.0403999984264,0.0139800002798,-0.0377699993551,-0.00331000005826
1573202969764211146,546,1573202969710104942,,0.0320999994874,0.0225099995732,-0.0227099992335,-0.00325999991037
1573202969817771829,547,1573202969763396978,,0.0333000011742,0.0330399982631,-0.00258000008762,-0.00350000010803
1573202969872380718,548,1573202969816982984,,0.041700001806,0.0400400012732,0.0111199999228,-0.00343999988399
1573202969925362849,549,1573202969871577978,,0.0531000010669,0.0468799993396,0.0246300008148,-0.00343999988399
1573202969978095257,550,1573202969924683094,,0.0640000030398,0.0527499988675,0.0360100008547,-0.00331000005826
1573202970032190040,551,1573202969978189945,,0.0778999999166,0.059889998287,0.0496199987829,-0.00377999991179
1573202970137240860,552,1573202970031172990,,0.0848999992013,0.0637300014496,0.0559299997985,-0.00380999990739
1573202970191593553,553,1573202970136352062,,0.0885000005364,0.0649999976158,0.0599000006914,-0.00325999991037
1573202970244814504,554,1573202970190551996,,0.0914999991655,0.0651300027966,0.0642599985003,0.00285000004806
1573202970297927922,555,1573202970243752956,,0.0868000015616,0.0623300001025,0.0603500008583,0.00396999996156
1573202970349879837,556,1573202970297058105,,0.0716999992728,0.0523100011051,0.0489200018346,0.00396999996156
1573202970402949709,557,1573202970349533081,,0.0555000007153,0.040229998529,0.0379999987781,0.00381999998353
1573202970456482684,558,1573202970403093099,,0.0390999987721,0.0275599993765,0.0275100003928,0.00371000007726
1573202970509964318,559,1573202970456481933,,0.0240000002086,0.0152899995446,0.0181699991226,0.00374999991618
1573202970563202778,560,1573202970509947061,,0.0100999996066,0.00292000011541,0.00896000023931,0.00371999992058
1573202970615779794,561,1573202970562688112,,0.0104999998584,-0.00975999981165,-0.000230000005104,0.00377999991179
1573202970718672211,562,1573202970615868091,,0.0238000005484,-0.021740000695,-0.00899999961257,0.00380000006407
1573202970772045533,563,1573202970718219995,,0.0480000004172,-0.0419499985874,-0.0230100005865,0.00365000008605
1573202970825300230,564,1573202970771543979,,0.0518999993801,-0.0452600009739,-0.0252999998629,0.000260000000708
1573202970878776408,565,1573202970824786901,,0.0548000000417,-0.0485600009561,-0.0253500007093,-0.000169999999343
1573202970933317584,566,1573202970878659009,,0.0493000000715,-0.046289999038,-0.0170600004494,-0.000199999994948
1573202970985786437,567,1573202970932452917,,0.0427000001073,-0.0416899994016,-0.00906999967992,-0.000130000000354
1573202971040054007,568,1573202970985790967,,0.0364999994636,-0.0364999994636,-0.00138999999035,-4.99999987369e-05
1573202971093215999,569,1573202971039414882,,0.0322000011802,-0.031660001725,0.00610999995843,0.0
1573202971146218075,570,1573202971092766046,,0.0292000006884,-0.0263599995524,0.0126299997792,1.99999994948e-05
1573202971200497422,571,1573202971146573066,,0.0289999991655,-0.0209299996495,0.0200200006366,2.99999992421e-05
1573202971253164821,572,1573202971199672937,,0.0324000008404,-0.0153000000864,0.0285199992359,-0.000110000000859
1573202971306521914,573,1573202971252731084,,0.0439000017941,-0.00396999996156,0.0437499992549,-9.99999974738e-06
1573202971360473771,574,1573202971306082963,,0.054999999702,0.00590000022203,0.0546399988234,9.99999974738e-06
1573202971413035954,575,1573202971359543085,,0.0644999966025,0.0155999995768,0.0625900030136,0.000140000003739
1573202971515998537,576,1573202971412584066,,0.0732999965549,0.023429999128,0.0694999992847,9.99999974738e-05
1573202971568107598,577,1573202971515273094,,0.0879999995232,0.0339299999177,0.081200003624,3.99999989895e-05
1573202971619923896,578,1573202971567676067,,0.0973000004888,0.0414500012994,0.088079996407,-0.0
1573202971673323505,579,1573202971619929075,,0.1053000018,0.0487800016999,0.0932900011539,-9.99999974738e-06
1573202971727809728,580,1573202971673316955,,0.113300003111,0.0559899993241,0.0985300019383,-1.99999994948e-05
1573202971833413694,581,1573202971727770090,,0.119900003076,0.0631100013852,0.101999998093,-5.99999984843e-05
1573202971886288215,582,1573202971832679033,,0.117399998009,0.0604499988258,0.100630000234,0.000300000014249
1573202971938274800,583,1573202971886483907,,0.104699999094,0.0531199984252,0.0902400016785,1.99999994948e-05
1573202971991813131,584,1573202971938011884,,0.089500002563,0.0441999994218,0.0777999982238,9.99999974738e-06
1573202972044527886,585,1573202971991096973,,0.0741000026464,0.0341200008988,0.0658200010657,-1.99999994948e-05
1573202972147679999,586,1573202972044534921,,0.0559000000358,0.0241000000387,0.0504399985075,-5.99999984843e-05
1573202972200993787,587,1573202972147728919,,0.019200000912,0.00463999994099,0.0186700001359,9.99999974738e-06
1573202972254191835,588,1573202972200583934,,0.00659999996424,-0.00622999994084,0.00221999990754,3.99999989895e-05
1573202972307566756,589,1573202972254318952,,0.0219999998808,-0.0171900000423,-0.0137700000778,2.99999992421e-05
1573202972411860984,590,1573202972307461977,,0.0397999994457,-0.0277999993414,-0.0285199992359,4.99999987369e-05
1573202972466015210,591,1573202972411261081,,0.0608999989927,-0.040989998728,-0.0450300015509,5.99999984843e-05
1573202972517705108,592,1573202972464803934,,0.0881000012159,-0.0527999997139,-0.070569999516,-0.000260000000708
1573202972570101203,593,1573202972517391920,,0.0944999977946,-0.0533699989319,-0.0779300034046,7.9999997979e-05
1573202972624017613,594,1573202972570127964,,0.0993999987841,-0.0546000003815,-0.0830599963665,-1.99999994948e-05
1573202972677181235,595,1573202972623358011,,0.104400001466,-0.0545199997723,-0.0889699980617,-0.000110000000859
1573202972728846039,596,1573202972676281929,,0.106700003147,-0.0517399981618,-0.093269996345,9.00000013644e-05
1573202972782155652,597,1573202972728914976,,0.110699996352,-0.0479700006545,-0.0997800007463,3.99999989895e-05
1573202972835964735,598,1573202972782547950,,0.111500002444,-0.0436999984086,-0.102600000799,-9.99999974738e-06
1573202972891724919,599,1573202972835772991,,0.112099997699,-0.0392399989069,-0.105039998889,-9.99999974738e-06
1573202972943663453,600,1573202972890183925,,0.111100003123,-0.0328000001609,-0.106169998646,-0.000390000001062
1573202972997187529,601,1573202972943231105,,0.103500001132,-0.01909000054,-0.10176999867,-0.000130000000354
1573202973050762506,602,1573202972996509075,,0.0886000022292,-0.00586999999359,-0.0883599966764,0.0
1573202973104314553,603,1573202973050005912,,0.0729999989271,0.00774999987334,-0.0725999996066,-9.00000013644e-05
1573202973207413885,604,1573202973103593111,,0.0610999986529,0.0222699996084,-0.0568500012159,3.99999989895e-05
1573202973260833073,605,1573202973206681013,,0.0502999983728,0.0370600000024,-0.0339599996805,0.000150000007125
1573202973314437278,606,1573202973260045051,,0.0487999990582,0.0446299985051,-0.0197199992836,-5.99999984843e-05
1573202973366905632,607,1573202973313340902,,0.0511999987066,0.0508700013161,-0.00553999980912,-4.99999987369e-05
1573202973470823425,608,1573202973367208957,,0.0573000013828,0.0565799996257,0.00911999959499,-9.99999974738e-06
1573202973524219328,609,1573202973470455884,,0.0679000020027,0.0602400004864,0.0312599986792,1.99999994948e-05
1573202973577947047,610,1573202973524143934,,0.0755999982357,0.0608800016344,0.0448900014162,0.000300000014249
1573202973631273698,611,1573202973577091932,,0.0772000029683,0.0584699995816,0.0504399985075,3.99999989895e-05
1573202973684870912,612,1573202973630685091,,0.0764999985695,0.0545700006187,0.053559999913,9.99999974738e-06
1573202973737183000,613,1573202973684016942,,0.0750999972224,0.0500500015914,0.0559500008821,-4.99999987369e-05
1573202973791406368,614,1573202973737315893,,0.0737999975681,0.0455100014806,0.0580600015819,-2.99999992421e-05
1573202973844195698,615,1573202973790642023,,0.0738999992609,0.0395100004971,0.0625,9.99999974738e-06
1573202973897954860,616,1573202973843652963,,0.0732000023127,0.0357600003481,0.0638799965382,1.99999994948e-05
1573202973950751371,617,1573202973897262096,,0.0719000026584,0.0320000015199,0.0643699988723,2.99999992421e-05
1573202974004804349,618,1573202973950825929,,0.0698999986053,0.0290399994701,0.063529998064,9.99999974738e-06
1573202974057680073,619,1573202974004122972,,0.0625,0.0254699997604,0.0571100004017,-7.9999997979e-05
1573202974111772374,620,1573202974057305097,,0.0604999996722,0.0262299999595,0.0544699989259,-1.99999994948e-05
1573202974215167033,621,1573202974110925912,,0.0608000010252,0.029030000791,0.0533800013363,-9.99999974738e-06
1573202974267199538,622,1573202974214554071,,0.0623000003397,0.0345299988985,0.0518699996173,2.99999992421e-05
1573202974320820548,623,1573202974266721010,,0.061400000006,0.037950001657,0.0482399985194,2.99999992421e-05
1573202974373186141,624,1573202974319998979,,0.0577000007033,0.0402900017798,0.0412600003183,0.0
1573202974427526200,625,1573202974373491048,,0.0522000007331,0.0415499992669,0.0315300002694,4.99999987369e-05
1573202974480730617,626,1573202974426728010,,0.048599999398,0.0417700000107,0.0248700007796,-4.99999987369e-05
1573202974534138563,627,1573202974480077028,,0.0467000007629,0.0420899987221,0.0202500000596,-1.99999994948e-05
1573202974587811428,628,1573202974533778905,,0.0452000014484,0.0421800017357,0.016249999404,9.99999974738e-06
1573202974641580356,629,1573202974588186025,,0.0438000001013,0.041859999299,0.012869999744,9.00000013644e-05
1573202974745653754,630,1573202974641757011,,0.0397999994457,0.0388099998236,0.00894999969751,-0.000820000015665
1573202974797986818,631,1573202974744837999,,0.035000000149,0.0338199995458,0.0080899996683,-0.00359999993816
1573202974852563174,632,1573202974798325061,,0.0309999994934,0.029489999637,0.00889999978244,-0.00387999997474
1573202974905235745,633,1573202974851891040,,0.0329999998212,0.0277399998158,0.0173799991608,-0.00380000006407
1573202974960043416,634,1573202974905538082,,0.0379999987781,0.0264899991453,0.026949999854,-0.00372999999672
1573202975013165589,635,1573202974959167003,,0.0408999994397,0.0234399996698,0.0335199981928,-0.000880000006873
1573202975066349190,636,1573202975012377977,,0.0390000008047,0.0194799993187,0.0337999984622,0.000380000012228
1573202975119701076,637,1573202975065993070,,0.0286999996752,0.0119599997997,0.026079999283,0.000169999999343
1573202975173344572,638,1573202975119914054,,0.0173000004143,0.00335999997333,0.0169500000775,2.99999992421e-05
1573202975227102356,639,1573202975173517942,,0.00899999961257,-0.00570000009611,0.00689999992028,-7.9999997979e-05
1573202975280257143,640,1573202975226624011,,0.0125000001863,-0.0122499996796,-0.00224000005983,0.000820000015665
1573202975333952388,641,1573202975280334949,,0.0298999994993,-0.0236300006509,-0.0177699998021,0.00433999998495
1573202975387584829,642,1573202975333491086,,0.0494999997318,-0.0339899994433,-0.0357099995017,0.00424000015482
1573202975440554190,643,1573202975387056112,,0.0672999992967,-0.0430300012231,-0.0515800006688,0.00393000012264
1573202975494677430,644,1573202975440776109,,0.0773999989033,-0.0480899997056,-0.0605299994349,0.00406999979168
1573202975546519745,645,1573202975494009971,,0.0789000019431,-0.0484099984169,-0.0623200014234,0.000920000020415
1573202975599762860,646,1573202975546684980,,0.0763000026345,-0.0469800010324,-0.0601500011981,-0.000280000007479
1573202975653422928,647,1573202975599826097,,0.0666999965906,-0.0439000017941,-0.0501599982381,-0.000140000003739
1573202975756587681,648,1573202975652939081,,0.0601000003517,-0.0423900000751,-0.042610000819,-9.99999974738e-06
1573202975809380420,649,1573202975756279945,,0.0599999986589,-0.0403999984264,-0.0443699993193,-4.99999987369e-05
1573202975862595257,650,1573202975808887958,,0.056099999696,-0.0354099981487,-0.0434900000691,-3.99999989895e-05
1573202975915713695,651,1573202975861752986,,0.0469999983907,-0.0271000005305,-0.0383800007403,-0.000199999994948
1573202975969669880,652,1573202975915218114,,0.0344000011683,-0.0163499992341,-0.0302399992943,-7.9999997979e-05
1573202976026778816,653,1573202975969629049,,0.0209999997169,-0.00655000004917,-0.0199500005692,0.000180000002729
1573202976079635305,654,1573202976025856018,,0.00980000011623,-0.00089000002481,-0.00978999957442,9.99999974738e-05
1573202976132948212,655,1573202976079226970,,0.00179999996908,0.000390000001062,-0.00176000001375,0.0
1573202976187367121,656,1573202976132551908,,0.00230000005104,0.000679999997374,5.99999984843e-05,-0.00221000006422
1573202976239041035,657,1573202976186216115,,0.00439999997616,0.00242000003345,0.000730000028852,-0.0035800000187
1573202976293115067,658,1573202976238708019,,0.0109999999404,0.00569000001997,0.00860000029206,-0.00377999991179
1573202976348076505,659,1573202976292568922,,0.0351999998093,0.012640000321,0.0325700007379,-0.00402999995276
1573202976401177456,660,1573202976347245931,,0.0498000010848,0.0114200003445,0.0483499988914,-0.00400999980047
1573202976454578662,661,1573202976400767087,,0.0601000003517,0.00726999994367,0.059549998492,-0.00389000005089
1573202976509476399,662,1573202976454092025,,0.0661000013351,0.000410000007832,0.0660300031304,-0.00400000018999
1573202976560877170,663,1573202976508752107,,0.0670000016689,-0.00743999984115,0.0664599984884,-0.00406999979168
1573202976613792312,664,1573202976560473918,,0.0657000020146,-0.014290000312,0.0639699995518,-0.00419999985024
1573202976667887408,665,1573202976614072084,,0.0653000026941,-0.0177200008184,0.062729999423,-0.00412999978289
1573202976772019587,666,1573202976667349100,,0.0710999965668,-0.0198800005019,0.0681999996305,-0.00176999997348
1573202976825825841,667,1573202976771589040,,0.0754999965429,-0.0202500000596,0.0727299973369,-0.000369999994291
1573202976877632160,668,1573202976825038909,,0.070000000298,-0.0201600007713,0.0670199990273,0.00209999992512
1573202976930116774,669,1573202976877626895,,0.0631999969482,-0.0177400000393,0.0605800002813,0.00365999992937
1573202976983077426,670,1573202976929877042,,0.0562999993563,-0.0129000004381,0.0547100007534,0.0035800000187
1573202977036540207,671,1573202976983133077,,0.0513000003994,-0.00516999978572,0.0509000010788,0.00384999997914
1573202977141878248,672,1573202977036406993,,0.0456999987364,0.00450999988243,0.0452600009739,0.0038999998942
1573202977195519509,673,1573202977141974925,,0.0346000008285,0.0161199998111,0.0304600000381,0.00344999996014
1573202977248924022,674,1573202977195116996,,0.0423000007868,0.0247300006449,0.0341399982572,0.00350000010803
1573202977303339175,675,1573202977248414993,,0.0522999987006,0.0340799987316,0.0395700000226,0.00338999996893
1573202977355993170,676,1573202977302685976,,0.0586000010371,0.0436300002038,0.0388900004327,0.00356999994256
1573202977410060272,677,1573202977356035947,,0.0579999983311,0.0525900013745,0.0240499991924,0.00411000009626
1573202977463207198,678,1573202977409353971,,0.0527000017464,0.051210001111,0.0122800003737,0.00199000001885
1573202977517220987,679,1573202977462760925,,0.0456000007689,0.045380000025,0.00459000002593,0.000119999996969
1573202977569216974,680,1573202977516495943,,0.0362999998033,0.0362900011241,-0.001719999942,0.000119999996969
1573202977672592615,681,1573202977569127082,,0.0275999996811,0.0273000001907,-0.00384999997914,-0.000220000001718
1573202977726516720,682,1573202977672013998,,0.0190999992192,0.0161899998784,0.010219999589,-2.99999992421e-05
1573202977779702410,683,1573202977725581884,,0.0216000005603,0.00322999991477,0.0213300008327,2.99999992421e-05
1573202977832540885,684,1573202977778795003,,0.0141000002623,-0.0110600003973,0.0086799999699,-5.99999984843e-05
1573202977884943661,685,1573202977831857919,,0.0282000005245,-0.0247900001705,-0.0135000003502,-9.00000013644e-05
1573202977940147997,686,1573202977884944915,,0.0419000014663,-0.0355499982834,-0.0221100002527,-0.000110000000859
1573202977993094280,687,1573202977939526081,,0.0405000001192,-0.0369499996305,-0.016230000183,-0.00346000003628
1573202978047484111,688,1573202977992774963,,0.0381999984384,-0.0374299995601,-0.00652999989688,-0.0038999998942
1573202978100546428,689,1573202978046873092,,0.0373999997973,-0.0370200015604,-0.00406999979168,-0.00375999999233
1573202978153335662,690,1573202978100130081,,0.0375000014901,-0.0369799993932,-0.00463999994099,-0.00370000000112
1573202978206995243,691,1573202978153420925,,0.0388000011444,-0.0373700000346,-0.0097000002861,-0.00377000006847
1573202978261387942,692,1573202978206648111,,0.0494000017643,-0.0398400016129,-0.0290699992329,-0.00184000004083
1573202978316090027,693,1573202978260735988,,0.0491999983788,-0.0351600013673,-0.0344399996102,-0.000230000005104
1573202978369252809,694,1573202978315383911,,0.0430999994278,-0.0248600002378,-0.0352700017393,7.9999997979e-05
1573202978422537801,695,1573202978368441104,,0.0315000005066,-0.0152300000191,-0.0275800004601,0.000220000001718
1573202978475329337,696,1573202978421602010,,0.0293000005186,-0.00915999989957,-0.0278399996459,0.0
1573202978529818954,697,1573202978474831104,,0.0309999994934,-0.00665999995545,-0.0301099997014,0.0035800000187
1573202978583193964,698,1573202978528774023,,0.030700000003,0.000410000007832,-0.0304400008172,0.00387999997474
1573202978636963180,699,1573202978582546949,,0.0278999991715,0.0101800002158,-0.0256500001997,0.0040600001812
1573202978690136641,700,1573202978636149883,,0.0292000006884,0.0222800001502,-0.0183799993247,0.00406999979168
1573202978742929329,701,1573202978689518928,,0.0340999998152,0.031890001148,-0.0114500001073,0.00425999984145
1573202978796453914,702,1573202978743021011,,0.0392999984324,0.0386999994516,-0.00658999988809,0.00175000005402
1573202978850522863,703,1573202978795985937,,0.0438000001013,0.0438200011849,-0.000869999988936,0.000199999994948
1573202978904900351,704,1573202978850162982,,0.047499999404,0.0469599999487,0.00702999997884,-9.00000013644e-05
1573202978957642523,705,1573202978904131889,,0.0511000007391,0.048900000751,0.0149400001392,-0.0
1573202979063922956,706,1573202978957274913,,0.0553999990225,0.0491099990904,0.0255800001323,0.000169999999343
1573202979116552094,707,1573202979063036918,,0.0476999990642,0.0383500009775,0.0283199995756,-0.00156999996398
1573202979170326510,708,1573202979116883039,,0.0447000004351,0.0335399992764,0.0293600000441,-0.00350000010803
1573202979223133393,709,1573202979169661998,,0.0322999991477,0.0226199999452,0.0227700006217,-0.00380000006407
1573202979276530128,710,1573202979222965955,,0.0164000000805,0.00863000005484,0.0134899998084,-0.00371000007726
1573202979331649171,711,1573202979276798009,,0.00700000021607,-0.00528000015765,0.00258999993093,-0.00370000000112
1573202979385465095,712,1573202979331331968,,0.0211999993771,-0.0185300000012,-0.00963999982923,-0.00374999991618
1573202979438018491,713,1573202979384387016,,0.041400000453,-0.03348999843,-0.0241199992597,-0.00371000007726
1573202979491597518,714,1573202979438149929,,0.0604999996722,-0.0471899993718,-0.037610001862,-0.00368999992497
1573202979545493347,715,1573202979491162061,,0.0798000022769,-0.0608199983835,-0.0514499992132,-0.00375999999233
1573202979598191683,716,1573202979544359922,,0.0996999964118,-0.0729399994016,-0.0678000003099,-0.00390999997035
1573202979701995930,717,1573202979597702980,,0.122199997306,-0.0857499986887,-0.0870100036263,-0.00240000011399
1573202979755935099,718,1573202979701400995,,0.130199998617,-0.090729996562,-0.0933199971914,-0.000169999999343
1573202979810090951,719,1573202979756000041,,0.129600003362,-0.0901399999857,-0.0930500030518,0.000150000007125
1573202979862992392,720,1573202979809472084,,0.127900004387,-0.0883100032806,-0.0925199985504,9.99999974738e-06
1573202979916757238,721,1573202979862771034,,0.126200005412,-0.0865999981761,-0.0917299985886,0.0
1573202979969969979,722,1573202979915781974,,0.125,-0.0853900015354,-0.0913200005889,2.99999992421e-05
1573202980023528730,723,1573202979969233989,,0.122000001371,-0.0827099978924,-0.089730001986,-7.9999997979e-05
1573202980077604223,724,1573202980023848056,,0.115400001407,-0.0777999982238,-0.0852100029588,-0.000110000000859
1573202980131483038,725,1573202980077200889,,0.103299997747,-0.0691099986434,-0.0767600014806,0.000880000006873
1573202980186807459,726,1573202980131382942,,0.091099999845,-0.0609299987555,-0.0675799995661,0.00325000006706
1573202980240711915,727,1573202980185966968,,0.0782999992371,-0.0521499998868,-0.0583299994469,0.00367000000551
1573202980292434623,728,1573202980239711999,,0.0573999993503,-0.0400700010359,-0.0408000014722,0.0044100000523
1573202980346204541,729,1573202980292520999,,0.0443999990821,-0.0346600003541,-0.0273800007999,0.00447000004351
1573202980399503391,730,1573202980345561981,,0.0408999994397,-0.0311200004071,-0.0262800008059,0.00389000005089
1573202980453553151,731,1573202980399142980,,0.0326999984682,-0.021989999339,-0.0238300003111,0.00381999998353
1573202980506443920,732,1573202980452568054,,0.019200000912,-0.0117100002244,-0.0146899996325,0.00386000005528
1573202980610490594,733,1573202980505964040,,0.0151000004262,-0.00401999987662,-0.0139300003648,0.00410000002012
1573202980664428384,734,1573202980610541105,,0.0255999993533,0.000319999991916,-0.0253500007093,0.0038699998986
1573202980718057392,735,1573202980663868904,,0.0292000006884,0.000180000002729,-0.0291000008583,0.00289999996312
1573202980822209574,736,1573202980717341899,,0.030700000003,0.000660000019707,-0.0307100005448,0.00054999999702
1573202980876464667,737,1573202980822367906,,0.0331999994814,-0.0044900001958,-0.0329100005329,-0.000280000007479
1573202980928240925,738,1573202980875602006,,0.0307999998331,-0.00433999998495,-0.0304899998009,-0.000609999988228
1573202980981969629,739,1573202980928122043,,0.0322999991477,0.000140000003739,-0.0322499983013,-9.99999974738e-06
1573202981036077829,740,1573202980981880903,,0.0317000001669,0.00414999993518,-0.0313999988139,0.000209999998333
1573202981087802939,741,1573202981035305976,,0.0272000003606,0.00233999988995,-0.0270499996841,0.000399999989895
1573202981141985483,742,1573202981087735891,,0.0276999995112,0.000119999996969,-0.0276699997485,0.000289999996312
1573202981195482822,743,1573202981141505002,,0.0208999998868,-9.99999974738e-06,-0.0209299996495,0.000159999995958
1573202981249509881,744,1573202981195755004,,0.00579999992624,-0.000230000005104,-0.00583000015467,1.99999994948e-05
1573202981304517511,745,1573202981249644041,,0.00159999995958,-0.000180000002729,-0.00161999999546,-9.99999974738e-06
1573202981358772330,746,1573202981304985046,,0.0,-9.99999974738e-06,0.0,-2.99999992421e-05
1573202981412137302,747,1573202981358782052,,0.0077999997884,0.00565000018105,0.00530999992043,0.000440000003437
1573202981465890527,748,1573202981412132978,,0.00579999992624,0.00347999995574,-0.00461000017822,0.00034999998752
1573202981569634143,749,1573202981465753078,,0.00800000037998,-9.99999974738e-06,-0.00800999999046,-0.000410000007832
1573202981622610807,750,1573202981568965911,,0.001200000057,-0.000390000001062,-0.00113999994937,-3.99999989895e-05
1573202981675485284,751,1573202981621970891,,0.000500000023749,0.000369999994291,-0.000180000002729,-0.000209999998333
1573202981729662401,752,1573202981675734043,,0.000300000014249,0.000209999998333,-0.000110000000859,-9.00000013644e-05
1573202981782986899,753,1573202981729110002,,0.000199999994948,0.000220000001718,-4.99999987369e-05,-9.00000013644e-05
1573202981836890322,754,1573202981782407999,,0.000199999994948,0.000140000003739,-2.99999992421e-05,-4.99999987369e-05
1573202981889905407,755,1573202981836313009,,9.99999974738e-05,0.000110000000859,-0.0,-3.99999989895e-05
1573202981943686731,756,1573202981889945983,,9.99999974738e-05,7.9999997979e-05,1.99999994948e-05,-1.99999994948e-05
1573202981997107691,757,1573202981943051099,,9.99999974738e-05,5.99999984843e-05,-0.0,-1.99999994948e-05
1573202982098742886,758,1573202981996340990,,0.0,2.99999992421e-05,9.99999974738e-06,0.0
1573202982152519769,759,1573202982098870038,,0.0,3.99999989895e-05,9.99999974738e-06,-9.99999974738e-06
1573202982206114096,760,1573202982151890039,,0.0,3.99999989895e-05,0.0,-9.99999974738e-06
1573202982260342863,761,1573202982206170082,,0.0,9.99999974738e-06,-1.99999994948e-05,-0.0
1573202982313099286,762,1573202982259538888,,0.0,2.99999992421e-05,9.99999974738e-06,-1.99999994948e-05
1573202982365916162,763,1573202982313415050,,0.0,1.99999994948e-05,-0.0,-9.99999974738e-06
1573202982419968018,764,1573202982365622997,,0.0,9.99999974738e-06,1.99999994948e-05,0.0
1573202982472579731,765,1573202982419271945,,0.0,-0.0,-1.99999994948e-05,9.99999974738e-06
1573202982527000250,766,1573202982472747087,,0.0,2.99999992421e-05,0.0,-9.99999974738e-06
1573202982580496998,767,1573202982526350021,,0.0,9.99999974738e-06,-0.0,-0.0
1573202982633125648,768,1573202982579654932,,0.0,2.99999992421e-05,-9.99999974738e-06,-9.99999974738e-06
1573202982686741807,769,1573202982632713079,,0.0,9.99999974738e-06,0.0,0.0
1573202982740988578,770,1573202982687221050,,0.0,-9.99999974738e-06,1.99999994948e-05,9.99999974738e-06
1573202982793970080,771,1573202982741163969,,0.0,9.99999974738e-06,9.99999974738e-06,-9.99999974738e-06
1573202982895884404,772,1573202982793483018,,0.0,-0.0,9.99999974738e-06,9.99999974738e-06
1573202982949886850,773,1573202982895900964,,0.0,2.99999992421e-05,-0.0,-1.99999994948e-05
1573202983002606601,774,1573202982948970079,,0.0,1.99999994948e-05,-1.99999994948e-05,-9.99999974738e-06
1573202983056585644,775,1573202983002666950,,0.0,9.99999974738e-06,9.99999974738e-06,-0.0
1573202983109072562,776,1573202983055943012,,0.0,9.99999974738e-06,0.0,-0.0
1573202983163802802,777,1573202983110896110,,0.0,-0.0,9.99999974738e-06,9.99999974738e-06
1573202983216547443,778,1573202983163343906,,0.0,-9.99999974738e-06,0.0,9.99999974738e-06
1573202983269414946,779,1573202983216057062,,0.0,9.99999974738e-06,-9.99999974738e-06,-9.99999974738e-06
1573202983373667533,780,1573202983269731998,,0.0,0.0,-0.0,-0.0
1573202983426997862,781,1573202983373409032,,0.0,-9.99999974738e-06,-9.99999974738e-06,9.99999974738e-06
1573202983481061798,782,1573202983427273988,,0.0,-9.99999974738e-06,-0.0,9.99999974738e-06
1573202983534397754,783,1573202983480426073,,0.0,-2.99999992421e-05,0.0,1.99999994948e-05
1573202983587269541,784,1573202983533663988,,0.0,-9.99999974738e-06,9.99999974738e-06,0.0
1573202983640545277,785,1573202983586704015,,0.0,1.99999994948e-05,-0.0,-9.99999974738e-06
1573202983692465695,786,1573202983639931917,,0.0,-9.99999974738e-06,-9.99999974738e-06,0.0
1573202983744949490,787,1573202983691870927,,0.0,-0.0,-9.99999974738e-06,0.0
1573202983797655356,788,1573202983744240045,,0.0,0.0,-0.0,0.0
1573202983850304081,789,1573202983797260999,,0.0,-1.99999994948e-05,9.99999974738e-06,1.99999994948e-05
1573202983953604853,790,1573202983849675893,,0.0,-1.99999994948e-05,-9.99999974738e-06,1.99999994948e-05
1573202984006112347,791,1573202983952527046,,0.0,1.99999994948e-05,9.99999974738e-06,-1.99999994948e-05
1573202984059043938,792,1573202984005516052,,0.0,1.99999994948e-05,-9.99999974738e-06,-9.99999974738e-06
1573202984161723842,793,1573202984058547019,,0.0,9.99999974738e-06,1.99999994948e-05,-0.0
1573202984215670756,794,1573202984161688089,,0.0,9.99999974738e-06,0.0,-9.99999974738e-06
1573202984269638140,795,1573202984215326070,,0.0,-1.99999994948e-05,9.99999974738e-06,9.99999974738e-06
1573202984322407318,796,1573202984268589973,,0.0,-0.0,-0.0,9.99999974738e-06
1573202984375711969,797,1573202984321949005,,0.0,-9.99999974738e-06,0.0,9.99999974738e-06
1573202984429938725,798,1573202984375252008,,0.0,-9.99999974738e-06,-9.99999974738e-06,0.0
1573202984482211290,799,1573202984428715944,,0.0,9.99999974738e-06,-0.0,-9.99999974738e-06
1573202984535420032,800,1573202984481638908,,0.0,1.99999994948e-05,1.99999994948e-05,-9.99999974738e-06
1573202984589308356,801,1573202984534892082,,0.0,-9.99999974738e-06,9.99999974738e-06,0.0
1573202984642904674,802,1573202984588340997,,0.0,1.99999994948e-05,9.99999974738e-06,-1.99999994948e-05
1573202984746282118,803,1573202984642090082,,0.0,0.0,-9.99999974738e-06,-0.0
1573202984799727894,804,1573202984745837926,,0.0,-9.99999974738e-06,0.0,9.99999974738e-06
1573202984853321187,805,1573202984799437046,,0.0,-9.99999974738e-06,-0.0,0.0
1573202984907131012,806,1573202984853368997,,0.0,0.0,-0.0,-9.99999974738e-06
1573202984960962441,807,1573202984906440019,,0.0,1.99999994948e-05,0.0,-9.99999974738e-06
1573202985015005874,808,1573202984961205005,,0.0,-0.0,3.99999989895e-05,0.0
1573202985068472059,809,1573202985014553070,,0.0,0.0,-1.99999994948e-05,0.0
1573202985121278112,810,1573202985067812919,,0.0,9.99999974738e-06,-9.99999974738e-06,-9.99999974738e-06
1573202985174971409,811,1573202985121159076,,0.0,-1.99999994948e-05,-0.0,9.99999974738e-06
1573202985228214247,812,1573202985174745082,,0.0,-2.99999992421e-05,-1.99999994948e-05,1.99999994948e-05
1573202985281740786,813,1573202985228035926,,0.0,-0.0,-9.99999974738e-06,-0.0
1573202985335244316,814,1573202985281749010,,0.0,-0.0,0.0,9.99999974738e-06
1573202985438717900,815,1573202985335124969,,0.0,9.99999974738e-06,-1.99999994948e-05,-0.0
1573202985492985511,816,1573202985438755989,,0.0,9.99999974738e-06,0.0,-0.0
1573202985545782660,817,1573202985492074012,,0.0,-1.99999994948e-05,-9.99999974738e-06,1.99999994948e-05
1573202985599209805,818,1573202985545651912,,0.0,-0.0,-1.99999994948e-05,0.0
1573202985652899567,819,1573202985599425077,,0.0,-0.0,0.0,0.0
1573202985706013668,820,1573202985652477025,,0.0,-1.99999994948e-05,-9.99999974738e-06,9.99999974738e-06
1573202985760053785,821,1573202985706526994,,0.0,9.99999974738e-06,-9.99999974738e-06,-0.0
1573202985812956175,822,1573202985759862899,,0.0,-9.99999974738e-06,9.99999974738e-06,9.99999974738e-06
1573202985866925458,823,1573202985812983989,,0.0,-1.99999994948e-05,9.99999974738e-06,9.99999974738e-06
1573202985972098842,824,1573202985866777896,,0.0,-0.0,-0.0,0.0
1573202986025910390,825,1573202985971718072,,0.0,0.0,1.99999994948e-05,-0.0
1573202986079101797,826,1573202986025317907,,0.0,-1.99999994948e-05,2.99999992421e-05,9.99999974738e-06
1573202986130104441,827,1573202986078650951,,0.0,1.99999994948e-05,-9.99999974738e-06,-9.99999974738e-06
1573202986233617279,828,1573202986130106925,,0.0,-0.0,-9.99999974738e-06,-0.0
1573202986286800648,829,1573202986233632087,,0.0,-0.0,1.99999994948e-05,0.0
1573202986340394164,830,1573202986286968946,,0.0,0.0,1.99999994948e-05,0.0
1573202986393792725,831,1573202986340410947,,0.0,-9.99999974738e-06,0.0,0.0
1573202986448123718,832,1573202986393954038,,0.0,-9.99999974738e-06,9.99999974738e-06,0.0
1573202986501060458,833,1573202986447133064,,0.0,1.99999994948e-05,-0.0,-1.99999994948e-05
1573202986554434079,834,1573202986501005887,,0.0,-0.0,0.0,-0.0
1573202986607762819,835,1573202986554095983,,0.0,-0.0,-9.99999974738e-06,-0.0
1573202986660706906,836,1573202986607671976,,0.0,1.99999994948e-05,-2.99999992421e-05,-1.99999994948e-05
1573202986713515581,837,1573202986660073995,,0.0,9.99999974738e-06,9.99999974738e-06,-9.99999974738e-06
1573202986767519508,838,1573202986713562011,,0.0,-9.99999974738e-06,1.99999994948e-05,9.99999974738e-06
1573202986820208440,839,1573202986766650915,,0.0,-0.0,-2.99999992421e-05,-0.0
1573202986873924265,840,1573202986819621086,,0.0,0.0,-2.99999992421e-05,-9.99999974738e-06
1573202986927712230,841,1573202986873414039,,0.0,2.99999992421e-05,-9.99999974738e-06,-2.99999992421e-05
1573202987030390393,842,1573202986926574945,,0.0,9.99999974738e-06,-9.99999974738e-06,0.0
1573202987083170164,843,1573202987029697895,,0.0,-1.99999994948e-05,-0.0,9.99999974738e-06
1573202987137070326,844,1573202987083146095,,0.0,0.0,-9.99999974738e-06,-0.0
1573202987190056419,845,1573202987136557102,,0.0,-9.99999974738e-06,-9.99999974738e-06,0.0
1573202987293805680,846,1573202987190249919,,0.0,-9.99999974738e-06,9.99999974738e-06,9.99999974738e-06
1573202987347283356,847,1573202987293279886,,0.0,-0.0,-9.99999974738e-06,0.0
1573202987400567742,848,1573202987346822977,,0.0,9.99999974738e-06,-9.99999974738e-06,-9.99999974738e-06
1573202987454734410,849,1573202987399876117,,0.0,9.99999974738e-06,0.0,-9.99999974738e-06
1573202987556891662,850,1573202987453497886,,0.0,0.0,1.99999994948e-05,0.0
1573202987610504255,851,1573202987556555032,,0.0,-0.0,-0.0,0.0
1573202987664408951,852,1573202987610698938,,0.0,0.0,0.0,-9.99999974738e-06
1573202987717139733,853,1573202987663674116,,0.0,-0.0,0.0,-0.0
1573202987771417303,854,1573202987717358112,,0.0,-9.99999974738e-06,9.99999974738e-06,9.99999974738e-06
1573202987826710429,855,1573202987771541118,,0.0,1.99999994948e-05,1.99999994948e-05,-1.99999994948e-05
1573202987879145586,856,1573202987825786113,,0.0,-9.99999974738e-06,-0.0,9.99999974738e-06
1573202987932578588,857,1573202987879206895,,0.0,-0.0,-0.0,0.0
1573202988036128527,858,1573202987932769060,,0.0,0.0,-0.0,-0.0
1573202988089347082,859,1573202988035722017,,0.0,-0.0,1.99999994948e-05,0.0
1573202988143014427,860,1573202988089416980,,0.0,0.0,-9.99999974738e-06,-0.0
1573202988197047105,861,1573202988143107891,,0.0,-2.99999992421e-05,1.99999994948e-05,1.99999994948e-05
1573202988250003898,862,1573202988196290969,,0.0,9.99999974738e-06,9.99999974738e-06,-9.99999974738e-06
1573202988353407712,863,1573202988249598979,,0.0,0.0,9.99999974738e-06,-0.0
1573202988406903630,864,1573202988352683067,,0.0,0.0,-9.99999974738e-06,-0.0
1573202988458743994,865,1573202988406253099,,0.0,-9.99999974738e-06,9.99999974738e-06,9.99999974738e-06
1573202988511987158,866,1573202988458854913,,0.0,-0.0,9.99999974738e-06,-0.0
1573202988567665760,867,1573202988512074947,,0.0,0.0,0.0,0.0
1573202988621129762,868,1573202988567174911,,0.0,-0.0,9.99999974738e-06,-0.0
1573202988675200465,869,1573202988620759963,,0.0,-9.99999974738e-06,-0.0,9.99999974738e-06
1573202988728797972,870,1573202988674503087,,0.0,2.99999992421e-05,-1.99999994948e-05,-2.99999992421e-05
1573202988832308386,871,1573202988728069067,,0.0,9.99999974738e-06,-1.99999994948e-05,-1.99999994948e-05
1573202988886438387,872,1573202988832940101,,0.0,-2.99999992421e-05,9.99999974738e-06,1.99999994948e-05
1573202988940346984,873,1573202988885941982,,0.0,9.99999974738e-06,-9.99999974738e-06,-0.0
1573202988993540889,874,1573202988939822912,,0.0,9.99999974738e-06,-0.0,-9.99999974738e-06
1573202989046954099,875,1573202988993213891,,0.0,-9.99999974738e-06,-9.99999974738e-06,9.99999974738e-06
1573202989100691888,876,1573202989047058105,,0.0,9.99999974738e-06,-1.99999994948e-05,-9.99999974738e-06
1573202989153963406,877,1573202989099903106,,0.0,-9.99999974738e-06,0.0,9.99999974738e-06
1573202989206789193,878,1573202989153392076,,0.0,0.0,-1.99999994948e-05,0.0
1573202989260297887,879,1573202989206918954,,0.0,9.99999974738e-06,-0.0,-0.0
1573202989364754679,880,1573202989260417938,,0.0,-2.99999992421e-05,1.99999994948e-05,2.99999992421e-05
1573202989617706640,881,1573202989363842964,,0.0,-9.99999974738e-06,9.99999974738e-06,0.0
1573202989671399880,882,1573202989617712974,,0.0,-9.99999974738e-06,0.0,-0.0
1573202989725201043,883,1573202989671442985,,0.0,-3.99999989895e-05,1.99999994948e-05,1.99999994948e-05
1573202989778870086,884,1573202989724495887,,0.0,-3.99999989895e-05,1.99999994948e-05,9.99999974738e-06
1573202989832484406,885,1573202989778275966,,0.0,-1.99999994948e-05,1.99999994948e-05,-0.0
1573202989884454172,886,1573202989831617116,,0.0,-2.99999992421e-05,1.99999994948e-05,9.99999974738e-06
1573202989938208225,887,1573202989884063959,,0.0,-2.99999992421e-05,9.99999974738e-06,9.99999974738e-06
1573202989990555613,888,1573202989937263965,,0.0,-2.99999992421e-05,1.99999994948e-05,9.99999974738e-06
1573202990045207260,889,1573202989990916013,,0.0,-3.99999989895e-05,9.99999974738e-06,9.99999974738e-06
1573202990148398716,890,1573202990044400930,,0.0,-3.99999989895e-05,9.99999974738e-06,1.99999994948e-05
1573202990201434889,891,1573202990147743940,,0.0,-3.99999989895e-05,1.99999994948e-05,1.99999994948e-05
1573202990255319517,892,1573202990201569080,,0.0,-2.99999992421e-05,2.99999992421e-05,1.99999994948e-05
1573202990308001824,893,1573202990254672050,,0.0,9.99999974738e-06,0.0,-9.99999974738e-06
1573202990362274534,894,1573202990307848930,,0.0,0.0,9.99999974738e-06,0.0
1573202990418225320,895,1573202990361430883,,0.0,-9.99999974738e-06,-0.0,9.99999974738e-06
1573202990471308451,896,1573202990417490959,,0.0,-0.0,9.99999974738e-06,0.0
1573202990525303121,897,1573202990471548080,,0.0,-9.99999974738e-06,-9.99999974738e-06,9.99999974738e-06
1573202990579534893,898,1573202990524887084,,0.0,0.0,-9.99999974738e-06,-0.0
1573202990682569978,899,1573202990578722953,,0.0,0.0,9.99999974738e-06,-0.0
1573202990736408431,900,1573202990682074069,,0.0,1.99999994948e-05,1.99999994948e-05,-1.99999994948e-05
1573202990789496640,901,1573202990735915899,,0.0,1.99999994948e-05,-9.99999974738e-06,-1.99999994948e-05
1573202990843042504,902,1573202990789015054,,0.0,1.99999994948e-05,-1.99999994948e-05,-1.99999994948e-05
1573202990896824380,903,1573202990842314004,,0.0,-9.99999974738e-06,-9.99999974738e-06,0.0
1573202990950310370,904,1573202990896048069,,0.0,-9.99999974738e-06,-1.99999994948e-05,9.99999974738e-06
1573202991003381591,905,1573202990949471950,,0.0,-0.0,-9.99999974738e-06,-0.0
1573202991056490237,906,1573202991002931118,,0.0,-0.0,-0.0,-0.0
1573202991110925282,907,1573202991056544065,,0.0,2.99999992421e-05,0.0,-1.99999994948e-05
1573202991214240799,908,1573202991110090017,,0.0,-9.99999974738e-06,-0.0,9.99999974738e-06
1573202991267549692,909,1573202991213349103,,0.0,-9.99999974738e-06,-0.0,9.99999974738e-06
1573202991321872745,910,1573202991266669034,,0.0,-1.99999994948e-05,-2.99999992421e-05,9.99999974738e-06
1573202991374623949,911,1573202991322071075,,0.0,-0.0,9.99999974738e-06,-0.0
1573202991478415175,912,1573202991374561071,,0.0,-9.99999974738e-06,9.99999974738e-06,9.99999974738e-06
1573202991530240661,913,1573202991478141069,,0.0,1.99999994948e-05,-9.99999974738e-06,-9.99999974738e-06
1573202991583947412,914,1573202991529894113,,0.0,9.99999974738e-06,2.99999992421e-05,-0.0
1573202991637266335,915,1573202991583246946,,0.0,-0.0,0.0,9.99999974738e-06
1573202991691028676,916,1573202991636836051,,0.0,9.99999974738e-06,-0.0,-9.99999974738e-06
1573202991745191917,917,1573202991691091060,,0.0,-9.99999974738e-06,9.99999974738e-06,9.99999974738e-06
1573202991798375146,918,1573202991744436979,,0.0,9.99999974738e-06,9.99999974738e-06,-9.99999974738e-06
1573202991851804915,919,1573202991798341989,,0.0,0.0,9.99999974738e-06,-0.0
1573202991905482937,920,1573202991851454973,,0.0,9.99999974738e-06,0.0,-9.99999974738e-06
1573202991960423544,921,1573202991905493021,,0.0,-1.99999994948e-05,-9.99999974738e-06,9.99999974738e-06
1573202992014781022,922,1573202991960695028,,0.0,9.99999974738e-06,-2.99999992421e-05,-0.0
1573202992067056576,923,1573202992014322996,,0.0,-9.99999974738e-06,1.99999994948e-05,0.0
1573202992120241262,924,1573202992066668033,,0.0,-9.99999974738e-06,-0.0,9.99999974738e-06
1573202992226308879,925,1573202992120250940,,0.0,1.99999994948e-05,-0.0,-1.99999994948e-05
1573202992279729742,926,1573202992225528955,,0.0,-9.99999974738e-06,9.99999974738e-06,9.99999974738e-06
1573202992332830437,927,1573202992278717994,,0.0,9.99999974738e-06,9.99999974738e-06,-9.99999974738e-06
1573202992384947318,928,1573202992331960916,,0.0,-2.99999992421e-05,1.99999994948e-05,1.99999994948e-05
1573202992438478242,929,1573202992384304046,,0.0,-0.0,0.0,0.0
1573202992490476533,930,1573202992437661886,,0.0,-9.99999974738e-06,9.99999974738e-06,9.99999974738e-06
1573202992544323488,931,1573202992489970922,,0.0,9.99999974738e-06,9.99999974738e-06,-9.99999974738e-06
1573202992596960421,932,1573202992543479919,,0.0,9.99999974738e-06,9.99999974738e-06,-9.99999974738e-06
1573202992650124782,933,1573202992596729993,,0.0,-0.0,-0.0,-0.0
1573202992704570075,934,1573202992650190114,,0.0,-0.0,-0.0,0.0
1573202992758778909,935,1573202992704885959,,0.0,-9.99999974738e-06,-0.0,9.99999974738e-06
1573202992811725286,936,1573202992758121967,,0.0,9.99999974738e-06,-0.0,-0.0
1573202992866259593,937,1573202992811587095,,0.0,-1.99999994948e-05,-0.0,9.99999974738e-06
1573202992968308574,938,1573202992865474939,,0.0,2.99999992421e-05,-2.99999992421e-05,-2.99999992421e-05
1573202993021499376,939,1573202992967801094,,0.0,-9.99999974738e-06,9.99999974738e-06,9.99999974738e-06
1573202993075040887,940,1573202993021115064,,0.0,1.99999994948e-05,0.0,-1.99999994948e-05
1573202993128335811,941,1573202993075278997,,0.0,0.0,-0.0,0.0
1573202993181860775,942,1573202993128247022,,0.0,-9.99999974738e-06,-9.99999974738e-06,0.0
1573202993286051507,943,1573202993181833982,,0.0,-9.99999974738e-06,9.99999974738e-06,9.99999974738e-06
1573202993338985211,944,1573202993285331964,,0.0,9.99999974738e-06,-9.99999974738e-06,-1.99999994948e-05
1573202993393074078,945,1573202993339009046,,0.0,-0.0,9.99999974738e-06,0.0
1573202993496419653,946,1573202993392177104,,0.0,9.99999974738e-06,-1.99999994948e-05,-9.99999974738e-06
1573202993548856243,947,1573202993495249986,,0.0,-0.0,-0.0,9.99999974738e-06
1573202993602044377,948,1573202993548892021,,0.0,-9.99999974738e-06,-0.0,9.99999974738e-06
1573202993656547381,949,1573202993602298974,,0.0,0.0,-9.99999974738e-06,-0.0
1573202993709764177,950,1573202993655910968,,0.0,-1.99999994948e-05,0.0,9.99999974738e-06
1573202993763285860,951,1573202993709165096,,0.0,9.99999974738e-06,-0.0,-9.99999974738e-06
1573202993815960935,952,1573202993763170003,,0.0,1.99999994948e-05,-0.0,-1.99999994948e-05
1573202993870178798,953,1573202993815507888,,0.0,1.99999994948e-05,0.0,-9.99999974738e-06
1573202993922174116,954,1573202993869508028,,0.0,-0.0,-0.0,9.99999974738e-06
1573202994026516943,955,1573202993922214984,,0.0,1.99999994948e-05,9.99999974738e-06,-9.99999974738e-06
1573202994080700813,956,1573202994026704072,,0.0,-1.99999994948e-05,9.99999974738e-06,9.99999974738e-06
1573202994134745591,957,1573202994080761909,,0.0,0.0,-9.99999974738e-06,-0.0
1573202994188277320,958,1573202994134100914,,0.0,9.99999974738e-06,9.99999974738e-06,-9.99999974738e-06
1573202994241502480,959,1573202994187540054,,0.0,9.99999974738e-06,-0.0,-9.99999974738e-06
