%time,field.header.seq,field.header.stamp,field.header.frame_id,field.value
1573201975713817077,5312,1573201975659178018,,50.0
1573201975766467073,5313,1573201975712395906,,50.0
1573201975820297506,5314,1573201975765367031,,50.0
1573201975874214906,5315,1573201975819165945,,50.0
1573201975927433311,5316,1573201975872807025,,50.0
1573201976030968668,5317,1573201975926295042,,50.0
1573201976084181520,5318,1573201976030206918,,50.0
1573201976138491933,5319,1573201976083498001,,50.0
1573201976191095936,5320,1573201976136951923,,50.0
1573201976294637868,5321,1573201976190068960,,50.0
1573201976346998641,5322,1573201976294214010,,50.0
1573201976400265532,5323,1573201976346483945,,50.0
1573201976453463804,5324,1573201976399219989,,50.0
1573201976506495051,5325,1573201976452162027,,50.0
1573201976559721456,5326,1573201976505408048,,50.0
1573201976613846380,5327,1573201976559218883,,50.0
1573201976666646076,5328,1573201976612490892,,50.0
1573201976720032211,5329,1573201976666112899,,50.0
1573201976823841457,5330,1573201976719468116,,50.0
1573201976876305926,5331,1573201976823044061,,50.0
1573201976927902727,5332,1573201976875339984,,50.0
1573201976980983156,5333,1573201976927297115,,50.0
1573201977084106796,5334,1573201976980283975,,50.0
1573201977137857763,5335,1573201977083467960,,50.0
1573201977191783832,5336,1573201977137057065,,50.0
1573201977245207625,5337,1573201977190673112,,50.0
1573201977299925738,5338,1573201977243992090,,50.0
1573201977353857263,5339,1573201977299385070,,50.0
1573201977407265736,5340,1573201977352852106,,50.0
1573201977461655704,5341,1573201977406275033,,50.0
1573201977564823799,5342,1573201977460124969,,50.0
1573201977617890172,5343,1573201977563509941,,50.0
1573201977671345257,5344,1573201977617213010,,50.0
1573201977725041202,5345,1573201977670747995,,50.0
1573201977777354501,5346,1573201977724195003,,50.0
1573201977831635813,5347,1573201977776937007,,50.0
1573201977885201460,5348,1573201977831255912,,50.0
1573201977939452920,5349,1573201977884845018,,50.0
1573201977993034209,5350,1573201977938643932,,50.0
1573201978047105777,5351,1573201977992249011,,50.0
1573201978099743797,5352,1573201978045595884,,50.0
1573201978154423560,5353,1573201978099410057,,50.0
1573201978207448817,5354,1573201978152686119,,50.0
1573201978311251205,5355,1573201978206790924,,50.0
1573201978365279851,5356,1573201978310242891,,50.0
1573201979268466574,5357,1573201978363877058,,50.0
1573201979321486602,5358,1573201979267044067,,50.0
1573201979373660178,5359,1573201979319961071,,50.0
1573201979427975738,5360,1573201979373413085,,50.0
1573201979480762079,5361,1573201979427644968,,50.0
1573201979532998797,5362,1573201979480070114,,50.0
1573201979586925596,5363,1573201979532179117,,50.0
1573201979640172487,5364,1573201979585453987,,50.0
1573201979693010741,5365,1573201979639600038,,50.0
1573201979746624975,5366,1573201979691931962,,50.0
1573201979799665536,5367,1573201979745224952,,50.0
1573201979902839593,5368,1573201979798568010,,50.0
1573201979956677464,5369,1573201979901940107,,50.0
1573201980009653668,5370,1573201979955084085,,50.0
1573201980062604064,5371,1573201980008287906,,50.0
1573201980116962223,5372,1573201980062221050,,50.0
1573201980169447340,5373,1573201980115231990,,50.0
1573201980222980403,5374,1573201980168687105,,50.0
1573201980276370966,5375,1573201980221903085,,50.0
1573201980379858536,5376,1573201980275732994,,50.0
1573201980433421777,5377,1573201980378887891,,50.0
1573201980487086497,5378,1573201980432765960,,50.0
1573201980540916926,5379,1573201980485742092,,50.0
1573201980592959095,5380,1573201980538827896,,50.0
1573201980645834729,5381,1573201980592171907,,50.0
1573201980697834689,5382,1573201980644552946,,50.0
1573201980750753389,5383,1573201980696700096,,50.0
1573201980802906470,5384,1573201980749828100,,50.0
1573201980854865669,5385,1573201980801979064,,50.0
1573201980957381830,5386,1573201980854051113,,50.0
1573201981010550591,5387,1573201980956492900,,50.0
1573201981064021668,5388,1573201981009612083,,50.0
1573201981117189475,5389,1573201981063170909,,50.0
1573201981170838157,5390,1573201981116693019,,50.0
1573201981226648398,5391,1573201981170326948,,50.0
1573201981279063556,5392,1573201981225909948,,50.0
1573201981332532025,5393,1573201981278572082,,50.0
1573201981386043498,5394,1573201981331933975,,50.0
1573201981739512648,5395,1573201981385329008,,50.0
1573201981793278631,5396,1573201981738826036,,50.0
1573201981845952105,5397,1573201981791775941,,50.0
1573201981899930873,5398,1573201981845835924,,50.0
1573201981953962584,5399,1573201981899456977,,50.0
1573201982006268056,5400,1573201981953299045,,50.0
1573201982060526116,5401,1573201982005719900,,50.0
1573201982114113914,5402,1573201982059542894,,50.0
1573201982167389067,5403,1573201982112714052,,50.0
1573201982220133068,5404,1573201982165771961,,50.0
1573201982273818675,5405,1573201982219392061,,50.0
1573201982327079592,5406,1573201982272972106,,50.0
1573201982379520322,5407,1573201982326714992,,50.0
1573201982433590728,5408,1573201982378787040,,50.0
1573201982485279596,5409,1573201982432219982,,50.0
1573201982589281795,5410,1573201982484807014,,50.0
1573201982642350270,5411,1573201982588351011,,50.0
1573201982695782965,5412,1573201982641411066,,50.0
1573201982749605919,5413,1573201982694667100,,50.0
1573201982802970645,5414,1573201982748253107,,50.0
1573201982858018945,5415,1573201982801547050,,50.0
1573201982911060199,5416,1573201982856518983,,50.0
1573201982963892867,5417,1573201982909632921,,50.0
1573201983016679931,5418,1573201982962646961,,50.0
1573201983070932099,5419,1573201983016056060,,50.0
1573201983173529475,5420,1573201983069499969,,50.0
1573201983225909993,5421,1573201983172842025,,50.0
1573201983279931411,5422,1573201983225399017,,50.0
1573201983332818908,5423,1573201983278582096,,50.0
1573201983436532251,5424,1573201983331614971,,50.0
1573201983490437895,5425,1573201983435780048,,50.0
1573201983544721527,5426,1573201983489105939,,50.0
1573201983596899053,5427,1573201983544156074,,50.0
1573201983650524550,5428,1573201983596127033,,50.0
1573201983705943714,5429,1573201983650665998,,50.0
1573201983758591346,5430,1573201983704143047,,50.0
1573201983810336010,5431,1573201983757139921,,50.0
1573201983914313798,5432,1573201983809510946,,50.0
1573201983967836943,5433,1573201983912940979,,50.0
1573201984021634412,5434,1573201983967145919,,50.0
1573201984076350010,5435,1573201984020211935,,50.0
1573201984129569979,5436,1573201984074723958,,50.0
1573201984182130127,5437,1573201984128060102,,50.0
1573201984235808727,5438,1573201984181612014,,50.0
1573201984288594663,5439,1573201984235085964,,50.0
1573201984343892881,5440,1573201984287539958,,50.0
1573201984447618788,5441,1573201984342205047,,50.0
1573201984500946991,5442,1573201984446930885,,50.0
1573201984554688803,5443,1573201984500447034,,50.0
1573201984608279824,5444,1573201984553909063,,50.0
1573201984662296736,5445,1573201984607716083,,50.0
1573201984715354307,5446,1573201984660820007,,50.0
1573201984768679659,5447,1573201984713942050,,50.0
1573201984821371684,5448,1573201984767051935,,50.0
1573201984875020356,5449,1573201984820714950,,50.0
1573201984930676000,5450,1573201984874536991,,50.0
1573201984983319077,5451,1573201984930011987,,50.0
1573201985037209572,5452,1573201984982899904,,50.0
1573201985140566234,5453,1573201985036302089,,50.0
1573201985245039831,5454,1573201985139888048,,50.0
1573201985297875616,5455,1573201985243006944,,50.0
1573201985350798296,5456,1573201985295964002,,50.0
1573201985404038306,5457,1573201985349546909,,50.0
1573201985455959197,5458,1573201985402913093,,50.0
1573201985509741020,5459,1573201985455590963,,50.0
1573201985562676759,5460,1573201985508521080,,50.0
1573201985617092182,5461,1573201985562242031,,50.0
1573201985669360997,5462,1573201985615247964,,50.0
1573201985722981981,5463,1573201985668737888,,50.0
1573201985776175124,5464,1573201985722313880,,50.0
1573201985878867853,5465,1573201985775566101,,50.0
1573201985931703262,5466,1573201985877810001,,50.0
1573201985983699398,5467,1573201985930934906,,50.0
1573201986037766458,5468,1573201985983014106,,50.0
1573201986140175800,5469,1573201986036089897,,50.0
1573201986193092253,5470,1573201986139007091,,50.0
1573201986247083270,5471,1573201986191983938,,50.0
1573201986300108903,5472,1573201986245600938,,50.0
1573201986353226684,5473,1573201986298656940,,50.0
1573201986405005047,5474,1573201986351824045,,50.0
1573201986457576782,5475,1573201986404299020,,50.0
1573201986511478646,5476,1573201986457262039,,50.0
1573201986563368102,5477,1573201986510113000,,50.0
1573201986618140885,5478,1573201986562464952,,50.0
1573201986721591749,5479,1573201986616961002,,50.0
1573201986774403258,5480,1573201986720227956,,50.0
1573201986827812636,5481,1573201986773614883,,50.0
1573201986931383559,5482,1573201986826760053,,50.0
1573201986984729471,5483,1573201986930401086,,50.0
1573201987038197811,5484,1573201986983979940,,50.0
1573201987091517528,5485,1573201987037554025,,50.0
1573201987145039381,5486,1573201987090743064,,50.0
1573201987198176062,5487,1573201987144011974,,50.0
1573201987251335196,5488,1573201987197081089,,50.0
1573201987305472397,5489,1573201987250663995,,50.0
1573201987357765390,5490,1573201987303630113,,50.0
1573201987411348160,5491,1573201987356848955,,50.0
1573201987464813952,5492,1573201987410243988,,50.0
1573201987518279852,5493,1573201987463526964,,50.0
1573201987571142459,5494,1573201987517044067,,50.0
1573201987624459053,5495,1573201987570521116,,50.0
1573201987678620483,5496,1573201987623785972,,50.0
1573201987732960476,5497,1573201987677166938,,50.0
1573201987786420490,5498,1573201987731745958,,50.0
1573201987839789660,5499,1573201987784991979,,50.0
1573201987893222969,5500,1573201987838417053,,50.0
1573201987945386474,5501,1573201987891382932,,50.0
1573201987999965132,5502,1573201987945220947,,50.0
1573201988052981775,5503,1573201987998387098,,50.0
1573201988105491042,5504,1573201988051548004,,50.0
1573201988159970522,5505,1573201988105161905,,50.0
1573201988216079591,5506,1573201988159389019,,50.0
1573201988269302699,5507,1573201988214163064,,50.0
1573201988321199804,5508,1573201988267704010,,50.0
1573201988374365069,5509,1573201988320238113,,50.0
1573201988428230805,5510,1573201988374181032,,50.0
1573201988481722233,5511,1573201988427635908,,50.0
1573201988535638072,5512,1573201988481179952,,50.0
1573201988589075241,5513,1573201988534580945,,50.0
1573201988641561846,5514,1573201988588397026,,50.0
1573201988695606532,5515,1573201988641114950,,50.0
1573201988748968115,5516,1573201988695075988,,50.0
1573201988802918771,5517,1573201988748450994,,50.0
1573201988856019556,5518,1573201988801512002,,50.0
1573201988909493239,5519,1573201988855204105,,50.0
1573201989012879448,5520,1573201988908885955,,50.0
1573201989066607884,5521,1573201989012093067,,50.0
1573201989119267137,5522,1573201989065169095,,50.0
1573201989172803744,5523,1573201989118822097,,50.0
1573201989226127127,5524,1573201989172034978,,50.0
1573201989280001724,5525,1573201989225692987,,50.0
1573201989333504379,5526,1573201989278836011,,50.0
1573201989387230246,5527,1573201989332864046,,50.0
1573201989440492737,5528,1573201989385896921,,50.0
1573201989493513910,5529,1573201989438941001,,50.0
1573201989599213084,5530,1573201989493022918,,50.0
1573201989653756778,5531,1573201989597474098,,50.0
1573201989705211440,5532,1573201989651806116,,50.0
1573201989758260683,5533,1573201989704646110,,50.0
1573201989811211406,5534,1573201989757265090,,50.0
1573201989865783215,5535,1573201989810873985,,50.0
1573201989920305134,5536,1573201989865144014,,50.0
1573201989972819039,5537,1573201989918685913,,50.0
1573201990025177258,5538,1573201989972284078,,50.0
1573201990078165171,5539,1573201990024605035,,50.0
1573201990182232020,5540,1573201990077615022,,50.0
1573201990234967066,5541,1573201990181457042,,50.0
1573201990288703115,5542,1573201990234040975,,50.0
1573201990340496803,5543,1573201990287369966,,50.0
1573201990446056833,5544,1573201990339934110,,50.0
1573201990499993156,5545,1573201990445693016,,50.0
1573201990553500269,5546,1573201990499234914,,50.0
1573201990607055505,5547,1573201990552720069,,50.0
1573201990660763908,5548,1573201990605868101,,50.0
1573201990714620789,5549,1573201990659977912,,50.0
1573201990767894339,5550,1573201990713294029,,50.0
1573201990821691010,5551,1573201990767213106,,50.0
1573201990875102411,5552,1573201990820462942,,50.0
1573201990979993650,5553,1573201990874191045,,50.0
1573201991033553141,5554,1573201990979542016,,50.0
1573201991086584123,5555,1573201991032265901,,50.0
1573201991139972584,5556,1573201991085695028,,50.0
1573201991245916202,5557,1573201991139190912,,50.0
1573201991298820989,5558,1573201991244514942,,50.0
1573201991352167365,5559,1573201991298252105,,50.0
1573201991407067855,5560,1573201991351965904,,50.0
1573201991459025440,5561,1573201991405320882,,50.0
1573201991562077643,5562,1573201991458003044,,50.0
1573201991614729076,5563,1573201991561587095,,50.0
1573201991667983876,5564,1573201991613769054,,50.0
1573201991721972886,5565,1573201991667198896,,50.0
1573201991825940421,5566,1573201991720309972,,50.0
1573201991879958289,5567,1573201991825236082,,50.0
1573201991932714156,5568,1573201991878562927,,50.0
1573201991985570583,5569,1573201991931361913,,50.0
1573201992039933704,5570,1573201991984919071,,50.0
1573201992091602876,5571,1573201992038566112,,50.0
1573201992145591489,5572,1573201992091269969,,50.0
1573201992198590190,5573,1573201992144313097,,50.0
1573201992251638447,5574,1573201992197526931,,50.0
1573201992356553996,5575,1573201992251143932,,50.0
1573201992409842793,5576,1573201992355768918,,50.0
1573201992463600609,5577,1573201992408780097,,50.0
1573201992516821629,5578,1573201992461988925,,50.0
1573201992569140652,5579,1573201992515047073,,50.0
1573201992624024425,5580,1573201992568361043,,50.0
1573201992675045032,5581,1573201992623364925,,50.0
1573201992728440766,5582,1573201992674571990,,50.0
1573201992782433802,5583,1573201992727977037,,50.0
1573201992885529628,5584,1573201992781651020,,50.0
1573201992940331546,5585,1573201992885117053,,50.0
1573201992993359814,5586,1573201992938827037,,50.0
1573201993046879895,5587,1573201992992739915,,50.0
1573201993150691155,5588,1573201993045968055,,50.0
1573201993203734679,5589,1573201993149133920,,50.0
1573201993257010582,5590,1573201993202440023,,50.0
1573201993309621378,5591,1573201993255695104,,50.0
1573201993363744146,5592,1573201993309295892,,50.0
1573201993467986675,5593,1573201993363070964,,50.0
1573201993520311255,5594,1573201993466478109,,50.0
1573201993574136907,5595,1573201993519684076,,50.0
1573201993627605461,5596,1573201993572890043,,50.0
1573201993680248878,5597,1573201993626207113,,50.0
1573201993785157508,5598,1573201993679811954,,50.0
1573201993839761864,5599,1573201993784332036,,50.0
1573201993892302174,5600,1573201993838599920,,50.0
1573201993995228638,5601,1573201993891187906,,50.0
1573201994050019157,5602,1573201993994581937,,50.0
1573201994103337118,5603,1573201994049277067,,50.0
1573201994156975650,5604,1573201994102890014,,50.0
1573201994211180694,5605,1573201994156441926,,50.0
1573201994262979569,5606,1573201994209430932,,50.0
1573201994316489253,5607,1573201994262305021,,50.0
1573201994369065322,5608,1573201994315016984,,50.0
1573201994422556249,5609,1573201994367748022,,50.0
1573201994525855389,5610,1573201994421324968,,50.0
1573201994579271748,5611,1573201994524334907,,50.0
1573201994633465808,5612,1573201994577987909,,50.0
1573201994685258831,5613,1573201994631295919,,50.0
1573201994788317515,5614,1573201994684076070,,50.0
1573201994841539756,5615,1573201994787331104,,50.0
1573201994895375880,5616,1573201994841047048,,50.0
1573201994948355923,5617,1573201994894740104,,50.0
1573201995003324044,5618,1573201994947511911,,50.0
1573201995058017576,5619,1573201995002243995,,50.0
1573201995112250513,5620,1573201995057732105,,50.0
1573201995166744013,5621,1573201995111747026,,50.0
1573201995220500686,5622,1573201995165833950,,50.0
1573201995323835455,5623,1573201995219420909,,50.0
1573201995377458690,5624,1573201995323225021,,50.0
1573201995431511146,5625,1573201995377168893,,50.0
1573201995535076365,5626,1573201995430258035,,50.0
1573201995587856199,5627,1573201995533665895,,50.0
1573201995643126702,5628,1573201995587344884,,50.0
1573201995696673948,5629,1573201995642308950,,50.0
1573201995750386038,5630,1573201995695868968,,50.0
1573201995804226227,5631,1573201995749779939,,50.0
1573201995857349268,5632,1573201995803445100,,50.0
1573201995912178658,5633,1573201995857192993,,50.0
1573201995965686446,5634,1573201995911036014,,50.0
1573201996018460719,5635,1573201995964262008,,50.0
1573201996071342725,5636,1573201996017469882,,50.0
1573201996176576914,5637,1573201996070369005,,50.0
1573201996229545806,5638,1573201996175232887,,50.0
1573201996283294666,5639,1573201996228178024,,50.0
1573201996336372558,5640,1573201996281968116,,50.0
1573201996389609851,5641,1573201996335191965,,50.0
1573201996493145209,5642,1573201996389072895,,50.0
1573201996546473890,5643,1573201996492460012,,50.0
1573201996599899322,5644,1573201996545861959,,50.0
1573201996653523921,5645,1573201996599280118,,50.0
1573201996757527543,5646,1573201996652865886,,50.0
1573201996809937330,5647,1573201996755804061,,50.0
1573201996862660196,5648,1573201996809268951,,50.0
1573201996966193451,5649,1573201996861563920,,50.0
1573201997018744414,5650,1573201996964576005,,50.0
1573201997073041260,5651,1573201997018507003,,50.0
1573201997126072201,5652,1573201997071746110,,50.0
1573201997179810619,5653,1573201997125039100,,50.0
1573201997232732711,5654,1573201997178545951,,50.0
1573201997285985025,5655,1573201997231929063,,50.0
1573201997339589505,5656,1573201997285438060,,50.0
1573201997393876751,5657,1573201997339278936,,50.0
1573201997447704265,5658,1573201997392723083,,50.0
1573201997550148291,5659,1573201997446038007,,50.0
1573201997604259277,5660,1573201997549603939,,50.0
1573201997657870767,5661,1573201997602880001,,50.0
1573201997710476225,5662,1573201997656045913,,50.0
1573201997813925604,5663,1573201997709897041,,50.0
1573201997868010528,5664,1573201997813426017,,50.0
1573201997921854467,5665,1573201997867047071,,50.0
1573201997974366931,5666,1573201997920497894,,50.0
1573201998028104220,5667,1573201997973846912,,50.0
1573201998081771073,5668,1573201998027823925,,50.0
1573201998135986107,5669,1573201998081218004,,50.0
1573201998190046576,5670,1573201998134963989,,50.0
1573201998244681600,5671,1573201998189632892,,50.0
1573201998297465674,5672,1573201998243109941,,50.0
1573201998351213831,5673,1573201998296406984,,50.0
1573201998404472099,5674,1573201998349453926,,50.0
1573201998457204822,5675,1573201998403175115,,50.0
1573201998512415573,5676,1573201998456763029,,50.0
1573201998617162628,5677,1573201998510847091,,50.0
1573201998670907221,5678,1573201998615492105,,50.0
1573201998723345539,5679,1573201998669608116,,50.0
1573201998777995062,5680,1573201998722070932,,50.0
1573201998831539077,5681,1573201998777216911,,50.0
1573201998883843288,5682,1573201998830382108,,50.0
1573201998938443806,5683,1573201998882673978,,50.0
1573201998993030529,5684,1573201998937330961,,50.0
1573201999046213834,5685,1573201998992077112,,50.0
1573201999150628175,5686,1573201999045535087,,50.0
1573201999204411390,5687,1573201999149933099,,50.0
1573201999258916403,5688,1573201999203003883,,50.0
1573201999362284288,5689,1573201999257667064,,50.0
1573201999415567508,5690,1573201999361660003,,50.0
1573201999469844104,5691,1573201999415226936,,50.0
1573201999523118699,5692,1573201999468730926,,50.0
1573201999576442153,5693,1573201999521883964,,50.0
1573201999628980107,5694,1573201999574981927,,50.0
1573201999733473006,5695,1573201999628334999,,50.0
1573201999787372514,5696,1573201999733040094,,50.0
1573201999839986605,5697,1573201999786043882,,50.0
1573201999893852326,5698,1573201999839508056,,50.0
1573201999947311021,5699,1573201999892560958,,50.0
1573202000050933541,5700,1573201999946186065,,50.0
1573202000104011983,5701,1573202000049834966,,50.0
1573202000157032731,5702,1573202000103362083,,50.0
1573202000210364968,5703,1573202000155831098,,50.0
1573202000263767692,5704,1573202000208950996,,50.0
1573202000316900099,5705,1573202000262583017,,50.0
1573202000370371452,5706,1573202000316098928,,50.0
1573202000473964853,5707,1573202000369311094,,50.0
1573202000527819251,5708,1573202000473335027,,50.0
1573202000581095377,5709,1573202000527513027,,50.0
1573202000684166317,5710,1573202000580144882,,50.0
1573202000736501781,5711,1573202000683367967,,50.0
1573202000790212865,5712,1573202000735608100,,50.0
1573202000843164918,5713,1573202000788835048,,50.0
1573202000896993047,5714,1573202000842314958,,50.0
1573202000949604641,5715,1573202000895391941,,50.0
1573202001003607134,5716,1573202000948761940,,50.0
1573202001056145889,5717,1573202001001852035,,50.0
1573202001109841814,5718,1573202001055788040,,50.0
1573202001163508923,5719,1573202001109250068,,50.0
1573202001266768836,5720,1573202001162632942,,50.0
1573202001320532442,5721,1573202001265949010,,50.0
1573202001375135732,5722,1573202001320144891,,50.0
1573202001478202693,5723,1573202001373353958,,50.0
1573202001530912640,5724,1573202001476603031,,50.0
1573202001584133747,5725,1573202001530076026,,50.0
1573202001637808867,5726,1573202001583482980,,50.0
1573202001690979707,5727,1573202001636815071,,50.0
1573202001743023729,5728,1573202001690625905,,50.0
1573202002047161916,5729,1573202001742530107,,50.0
1573202002100769252,5730,1573202002045622110,,50.0
1573202002155082603,5731,1573202002100373983,,50.0
1573202002207508069,5732,1573202002153453111,,50.0
1573202002260328162,5733,1573202002207072019,,50.0
1573202002313704504,5734,1573202002259448051,,50.0
1573202002367752972,5735,1573202002312907934,,50.0
1573202002419600649,5736,1573202002366180896,,50.0
1573202002523067759,5737,1573202002418667078,,50.0
1573202002575896508,5738,1573202002521667003,,50.0
1573202002629395171,5739,1573202002574990987,,50.0
1573202002684177339,5740,1573202002628446102,,50.0
1573202002738964072,5741,1573202002683496952,,50.0
1573202002793931258,5742,1573202002738320112,,50.0
1573202002847989438,5743,1573202002793366909,,50.0
1573202002901501834,5744,1573202002846438884,,50.0
1573202002954489274,5745,1573202002899689912,,50.0
1573202003056783205,5746,1573202002953232049,,50.0
1573202003110241142,5747,1573202003056411027,,50.0
1573202003163051097,5748,1573202003109090089,,50.0
1573202003217484111,5749,1573202003162740945,,50.0
1573202003321527465,5750,1573202003216008901,,50.0
1573202003375614700,5751,1573202003321259975,,50.0
1573202003429146611,5752,1573202003374614000,,50.0
1573202003482727573,5753,1573202003428467035,,50.0
1573202003585620849,5754,1573202003482053041,,50.0
1573202003640325609,5755,1573202003585690975,,50.0
1573202003693864956,5756,1573202003639780998,,50.0
1573202003747705855,5757,1573202003693607091,,50.0
1573202003801214383,5758,1573202003746957063,,50.0
1573202003855290448,5759,1573202003800606966,,50.0
1573202003908145569,5760,1573202003854001998,,50.0
1573202003962291774,5761,1573202003907783031,,50.0
1573202004016077160,5762,1573202003961702108,,50.0
1573202004069415973,5763,1573202004014735937,,50.0
1573202004122165389,5764,1573202004067956924,,50.0
1573202004175706237,5765,1573202004121517896,,50.0
1573202004229502692,5766,1573202004175257921,,50.0
1573202004332307063,5767,1573202004228250026,,50.0
1573202004385622242,5768,1573202004331608057,,50.0
1573202004440021384,5769,1573202004385143995,,50.0
1573202004493036277,5770,1573202004438735008,,50.0
1573202004545020526,5771,1573202004491796970,,50.0
1573202004597741978,5772,1573202004544362068,,50.0
1573202004650762426,5773,1573202004596800088,,50.0
1573202004704599697,5774,1573202004650006055,,50.0
1573202004757582418,5775,1573202004703325986,,50.0
1573202004811103638,5776,1573202004756891012,,50.0
1573202004865751931,5777,1573202004810947895,,50.0
1573202004918640109,5778,1573202004865289926,,50.0
1573202004973019729,5779,1573202004917557954,,50.0
1573202005025397054,5780,1573202004971225023,,50.0
