%time,field.header.seq,field.header.stamp,field.header.frame_id,field.major_axis,field.minor_axis,field.orientation,field.x,field.y
1582530305760974950,1397,1582530305670282865,,169.801605225,154.763000488,-0.170749634504,388.346313477,252.363998413
1582530305786506267,1398,1582530305702346501,,165.393753052,156.592407227,-0.356306046247,388.703186035,253.460083008
1582530305823205118,1399,1582530305739340302,,163.034225464,156.831039429,-0.510949552059,388.806884766,253.777145386
1582530305834334990,1400,1582530305772553909,,165.346298218,156.823699951,-0.245331734419,389.281768799,252.077804565
1582530305861679369,1401,1582530305796874994,,165.688110352,158.827926636,-0.164434745908,388.924499512,252.502822876
1582530305889277837,1402,1582530305828483236,,167.003204346,156.546401978,-0.189288303256,389.133056641,252.67074585
1582530305900673108,1403,1582530305858649364,,168.461303711,157.166381836,-0.152589008212,388.661956787,252.191467285
1582530305942254567,1404,1582530305895968567,,165.707336426,153.520904541,-0.325822323561,390.331390381,252.739624023
1582530305965324874,1405,1582530305928437947,,165.987701416,156.556228638,-0.282112509012,389.800445557,252.418411255
1582530305994714418,1406,1582530305960543983,,166.655548096,154.210403442,-0.338210016489,390.761993408,251.628814697
1582530306022726882,1407,1582530305997760591,,163.770812988,156.154907227,-0.310878664255,389.613769531,253.337814331
1582530306055458220,1408,1582530306034145293,,163.746612549,155.848495483,-0.334992498159,389.55871582,253.138839722
1582530306101921602,1409,1582530306076245615,,162.5390625,157.549209595,0.0496329329908,388.177062988,252.812286377
1582530306134830220,1410,1582530306100008351,,163.783599854,155.247467041,-0.278926581144,390.448608398,252.538925171
1582530306166070076,1411,1582530306138066680,,159.407028198,155.075561523,-0.339146226645,389.016387939,254.402206421
1582530306206106651,1412,1582530306163691700,,165.829833984,155.324447632,-0.400956749916,390.582672119,252.538238525
1582530306227260249,1413,1582530306203157668,,162.890014648,153.493652344,-0.109590277076,390.199645996,252.965774536
1582530306247506109,1414,1582530306223985589,,165.17288208,154.974716187,-0.243973523378,390.244354248,253.059448242
1582530306280759360,1415,1582530306257460649,,164.659317017,153.731460571,-0.148580282927,389.926879883,253.02331543
1582530306316474291,1416,1582530306296928095,,166.440673828,154.472991943,-0.426006317139,390.829406738,253.068572998
1582530306349271902,1417,1582530306331446891,,164.904418945,155.054229736,-0.316716432571,390.570678711,252.817886353
1582530306377586208,1418,1582530306357674834,,162.214508057,153.486480713,-0.168077424169,389.857513428,253.504898071
1582530306417065041,1419,1582530306398938056,,167.176528931,154.76020813,-0.217893049121,390.098175049,252.117630005
1582530306455216897,1420,1582530306427694602,,165.68838501,156.20072937,-0.466980963945,390.293548584,253.718109131
1582530306475833726,1421,1582530306459838067,,170.63923645,156.839263916,-0.294098198414,389.58984375,252.499710083
1582530306526771301,1422,1582530306498412706,,162.952087402,155.790023804,-0.143729478121,389.7315979,253.491577148
1582530306563194255,1423,1582530306527999084,,167.058883667,155.457824707,-0.239333629608,389.535583496,253.085021973
1582530306598868652,1424,1582530306558900846,,166.371932983,155.260665894,-0.321143805981,390.286346436,253.067352295
1582530306632896878,1425,1582530306596416541,,167.004821777,155.333770752,-0.489577561617,390.881835938,253.086837769
1582530306664449322,1426,1582530306625130353,,162.962783813,153.813064575,-0.142763271928,390.314727783,254.373962402
1582530306699556509,1427,1582530306657448683,,164.148330688,153.301223755,-0.259319573641,390.659759521,253.607086182
1582530306729802036,1428,1582530306688557465,,166.174057007,152.501998901,-0.341375440359,391.012268066,253.024673462
1582530306785288320,1429,1582530306732876087,,163.684677124,152.181304932,-0.282864719629,391.303833008,253.716217041
1582530306822353036,1430,1582530306761824350,,163.716079712,151.689178467,-0.126571387053,390.685028076,253.830856323
1582530306870995397,1431,1582530306792416749,,162.323806763,152.56690979,-0.247294351459,390.984863281,254.668273926
1582530306895821285,1432,1582530306826595021,,163.502761841,150.65447998,-0.272912353277,392.082702637,254.277603149
1582530306927451655,1433,1582530306868506295,,164.462020874,149.938446045,-0.232739105821,392.413635254,253.504211426
1582530306962221435,1434,1582530306903215545,,165.147109985,151.633972168,-0.309534549713,392.494903564,253.874359131
1582530307011168484,1435,1582530306931294403,,163.635620117,151.413421631,-0.238673701882,392.759124756,253.357055664
1582530307046043754,1436,1582530306959029889,,164.487960815,150.607269287,-0.265046447515,393.175964355,253.106063843
1582530307101075893,1437,1582530306994328919,,163.982910156,151.252868652,-0.368070840836,394.454864502,253.273925781
1582530307162119866,1438,1582530307025804362,,166.190704346,150.219512939,-0.402114540339,394.685638428,253.712417603
1582530307210808705,1439,1582530307059481635,,165.434265137,149.61000061,-0.370751172304,394.533569336,254.295318604
1582530307226722683,1440,1582530307092462400,,165.974105835,150.347259521,-0.42596155405,394.736694336,253.75201416
1582530307266175088,1441,1582530307137352353,,162.895202637,148.646881104,-0.298982977867,395.093933105,254.879653931
1582530307294436756,1442,1582530307158591030,,161.055633545,148.991348267,-0.242475494742,394.820037842,254.786346436
1582530307324925728,1443,1582530307200394840,,158.186126709,148.337509155,-0.0112083125859,393.623291016,255.913146973
1582530307353649243,1444,1582530307238008052,,159.517410278,149.86907959,-0.202078804374,394.084350586,255.000228882
1582530307397363135,1445,1582530307266172014,,157.640319824,149.704971313,-0.113812454045,394.007080078,255.307830811
1582530307422598672,1446,1582530307291277025,,159.536529541,149.564605713,-0.244431853294,394.71673584,254.877975464
1582530307441749651,1447,1582530307327668187,,159.841217041,148.734527588,-0.23510119319,395.045410156,254.51184082
1582530307477539019,1448,1582530307364226727,,158.290267944,146.771942139,-0.127096295357,394.402130127,254.553634644
1582530307496498136,1449,1582530307392393647,,158.662994385,145.109558105,-0.130582779646,395.108551025,255.018890381
1582530307513890540,1450,1582530307432784536,,112.503341675,100.104316711,0.672535002232,400.236907959,272.4168396
1582530307536135066,1451,1582530307456154507,,102.338119507,87.2407836914,-0.556105315685,425.06048584,269.725219727
1582530307559315271,1452,1582530307493382646,,116.892982483,87.7570037842,-0.85633713007,425.631835938,264.647766113
1582530307580142391,1453,1582530307527039734,,90.8464584351,66.4771575928,-0.961457788944,438.588256836,263.452453613
1582530307602361120,1454,1582530307562377631,,64.9283370972,47.3841247559,-1.147356987,452.114654541,256.813354492
1582530307641749508,1455,1582530307591395747,,50.6951675415,41.9141654968,-1.34072756767,457.814910889,250.557907104
1582530307672215893,1456,1582530307625891427,,29.1458339691,16.7639579773,-1.4912083149,471.398712158,237.911590576
1582530307689996543,1457,1582530307660128763,,145.049621582,129.564147949,-0.442602723837,387.293121338,256.709991455
1582530307731020324,1458,1582530307690083004,,239.609329224,239.590805054,-1.57079637051,359.998352051,219.995040894
1582530307753166280,1459,1582530307722315214,,242.619003296,221.381652832,0.780952811241,365.907958984,214.66758728
1582530307795449477,1460,1582530307756211870,,165.1121521,155.233596802,-0.219506129622,383.027801514,254.314956665
1582530307829305316,1461,1582530307804875953,,169.36100769,155.960418701,-0.210793733597,379.726898193,257.150115967
1582530307898720365,1462,1582530307856003249,,191.745742798,164.882522583,-0.293607771397,369.605102539,257.362487793
1582530307956184390,1463,1582530307896303526,,199.031570435,164.120681763,-0.264488905668,369.110046387,257.061553955
1582530307978598244,1464,1582530307926012959,,207.774673462,158.926086426,-0.208902612329,367.449676514,258.467254639
1582530307994780844,1465,1582530307969716415,,201.065841675,150.494476318,-0.460962682962,373.255249023,259.585327148
1582530308044445243,1466,1582530307993710472,,194.424224854,151.888198853,-0.544042170048,376.177185059,257.339202881
1582530308071482365,1467,1582530308033586175,,193.517562866,157.927139282,-0.469895124435,368.454925537,259.333343506
1582530308094766953,1468,1582530308059261149,,190.828201294,155.074035645,-0.318254143,363.254821777,260.317626953
1582530308125836123,1469,1582530308093618140,,190.408325195,156.873138428,-0.276032656431,361.755157471,259.422088623
1582530308186568213,1470,1582530308125324491,,191.246276855,147.221984863,-0.20277056098,361.396850586,263.456085205
1582530308219631253,1471,1582530308157342532,,191.32383728,158.711883545,-0.0935041159391,361.784729004,260.721313477
1582530308239516573,1472,1582530308197351530,,193.200210571,161.407775879,0.00885700806975,360.12600708,259.506225586
1582530308264692795,1473,1582530308227005885,,194.144500732,160.461730957,-0.0128924958408,358.934234619,259.940307617
1582530308294392447,1474,1582530308256182201,,194.250823975,163.186355591,0.0198035314679,359.468414307,258.828308105
1582530308327261295,1475,1582530308293236888,,191.463088989,161.146270752,0.0195189733058,357.86517334,259.321563721
1582530308362535610,1476,1582530308329711267,,196.421432495,158.206451416,0.0660836771131,353.735626221,259.695648193
1582530308393549090,1477,1582530308360547651,,182.065628052,143.572143555,-0.0926120951772,361.061126709,264.455230713
1582530308433554306,1478,1582530308401476031,,179.336517334,132.896408081,-0.0839059501886,367.471862793,263.328613281
1582530308460067144,1479,1582530308434241612,,181.683135986,139.93069458,0.200703009963,360.036468506,255.603607178
1582530308491257964,1480,1582530308464694404,,183.443969727,146.771682739,0.266875118017,357.296508789,256.750213623
1582530308521261926,1481,1582530308494337958,,184.013763428,152.039657593,0.193313136697,354.613891602,256.901733398
1582530308550429405,1482,1582530308523089792,,185.112686157,151.572891235,0.124719694257,353.444213867,256.617492676
1582530308580522315,1483,1582530308554552815,,184.949401855,154.533508301,0.139211684465,353.073455811,256.716827393
1582530308616017736,1484,1582530308597423221,,187.035247803,155.264465332,0.102764196694,353.596038818,256.198669434
1582530308654087345,1485,1582530308625278238,,197.864120483,159.389099121,-0.107257083058,358.684509277,253.974746704
1582530308681597324,1486,1582530308658106780,,201.93699646,153.743103027,-0.125295743346,359.865509033,254.665756226
1582530308713334466,1487,1582530308692763224,,199.168807983,155.319732666,-0.108537532389,359.825164795,255.005493164
1582530308744723801,1488,1582530308724732097,,200.727432251,159.523544312,-0.119088038802,361.144805908,254.943511963
1582530308782485163,1489,1582530308760385023,,200.288574219,160.48651123,-0.0928479135036,362.238922119,254.815093994
1582530308815268474,1490,1582530308791672978,,200.230072021,151.27671814,-0.117366440594,361.308288574,257.419555664
1582530308839168359,1491,1582530308822328032,,202.504104614,157.818222046,-0.139720350504,362.43157959,254.846191406
1582530308878598626,1492,1582530308860150284,,200.804977417,157.59703064,-0.211110383272,362.854309082,256.20111084
1582530308909523775,1493,1582530308891725046,,203.011886597,155.596176147,-0.182724937797,363.233581543,256.868377686
1582530308949328897,1494,1582530308932768030,,200.668380737,160.76512146,-0.180055394769,362.561279297,255.376052856
1582530308998885870,1495,1582530308966480579,,201.958740234,159.377975464,-0.16604436934,362.748809814,256.979675293
1582530309063210040,1496,1582530309029009430,,206.20765686,156.173019409,-0.192640691996,360.456512451,257.489593506
1582530309096154293,1497,1582530309067689548,,203.163970947,159.435348511,-0.172942623496,362.24105835,257.086700439
1582530309144659294,1498,1582530309106448717,,203.023361206,156.595397949,-0.216432571411,362.971038818,257.385925293
1582530309156410513,1499,1582530309137659695,,201.542770386,160.509674072,-0.206174075603,363.312713623,256.434570312
1582530309185215885,1500,1582530309160827186,,201.676757812,157.932342529,-0.2021343261,364.17175293,257.456573486
1582530309214670162,1501,1582530309191425218,,201.947235107,159.120132446,-0.188699871302,365.18572998,257.263092041
1582530309268070060,1502,1582530309223398398,,203.478134155,160.840530396,-0.167481541634,364.827636719,257.816680908
1582530309338720720,1503,1582530309268888630,,201.964767456,163.256362915,-0.197689250112,365.732543945,256.85925293
1582530309399797871,1504,1582530309299158598,,203.686447144,161.692901611,-0.210708513856,364.899078369,256.558258057
1582530309435039194,1505,1582530309335328313,,202.363388062,161.180450439,-0.193381175399,365.222747803,257.133972168
1582530309464253371,1506,1582530309372718398,,204.202484131,162.022827148,-0.202877208591,365.446472168,256.381256104
1582530309499987918,1507,1582530309408347869,,202.108398438,160.043411255,-0.195632621646,365.520965576,257.026885986
1582530309532790500,1508,1582530309427334945,,201.265335083,162.997467041,-0.138542562723,364.646972656,255.516418457
1582530309548819701,1509,1582530309469584854,,201.482009888,156.300262451,-0.205098956823,366.656219482,257.119476318
1582530309581886049,1510,1582530309502579283,,199.606689453,159.367660522,-0.258048206568,367.086975098,256.364868164
1582530309608610262,1511,1582530309522785915,,200.583053589,161.810684204,-0.183738678694,365.754455566,255.957107544
1582530309633180405,1512,1582530309559894486,,191.258453369,156.021514893,-0.159779548645,371.378051758,255.34375
1582530309652894153,1513,1582530309593100907,,199.007843018,160.326904297,-0.0746980756521,367.251251221,254.690719604
1582530309680775820,1514,1582530309629401470,,198.696640015,157.521026611,-0.103336378932,368.492523193,255.82673645
1582530309697711249,1515,1582530309671295233,,196.385528564,158.75227356,-0.187688946724,368.664978027,255.826889038
1582530309740104602,1516,1582530309706326688,,196.679153442,158.089385986,-0.120314694941,368.312866211,255.250442505
1582530309771453842,1517,1582530309740163997,,198.770278931,156.539672852,-0.0771212801337,368.75378418,255.032852173
1582530309799762965,1518,1582530309782163476,,197.826202393,157.854202271,-0.0145834702998,368.668640137,254.040313721
1582530309849570939,1519,1582530309802855710,,196.767684937,155.525787354,-0.0381492488086,368.247070312,255.25567627
1582530309918696555,1520,1582530309839436030,,197.10585022,159.30317688,-0.123832195997,368.787872314,256.470001221
1582530309934777375,1521,1582530309881381562,,196.41192627,160.987930298,-0.189273655415,370.246459961,256.274261475
1582530309951580017,1522,1582530309911298208,,196.781463623,161.196487427,-0.178238451481,368.900177002,255.662017822
1582530309996305932,1523,1582530309940888754,,193.687194824,159.990783691,-0.143487796187,370.424224854,254.996231079
1582530310043301386,1524,1582530309970841065,,194.582168579,158.287216187,-0.119678728282,369.374389648,254.5884552
1582530310078056882,1525,1582530310002900521,,198.972610474,158.272674561,-0.118320785463,369.738800049,253.495193481
1582530310114163442,1526,1582530310034054483,,194.26348877,160.591522217,-0.146005541086,369.13394165,255.002563477
1582530310132055371,1527,1582530310062343812,,193.94682312,160.02230835,-0.0508274957538,370.492095947,254.370376587
1582530310190359704,1528,1582530310092035962,,197.896362305,160.898361206,-0.095380179584,370.950012207,253.586334229
1582530310203212814,1529,1582530310127536743,,199.817977905,151.465682983,-0.227551132441,375.75604248,250.796554565
1582530310226040087,1530,1582530310161190244,,209.000518799,156.939025879,-0.40380486846,374.644622803,254.715270996
1582530310243408621,1531,1582530310197044862,,231.18296814,167.373687744,-0.100560300052,365.422973633,252.090835571
1582530310263385467,1532,1582530310234757599,,231.277069092,199.390640259,0.317928314209,359.93270874,238.633987427
1582530310287894769,1533,1582530310264259349,,208.234207153,181.309249878,-0.221448630095,366.39352417,248.813934326
1582530310312157309,1534,1582530310291883184,,205.806060791,179.874649048,-0.166116669774,365.485626221,249.290008545
1582530310358965268,1535,1582530310330441861,,197.488143921,170.667251587,-0.122933909297,365.008422852,247.326858521
1582530310404475582,1536,1582530310361260092,,186.458084106,162.925613403,0.161123245955,369.034606934,244.995391846
1582530310435506201,1537,1582530310394270108,,178.167236328,161.985900879,0.380876898766,371.262512207,244.341400146
1582530310480884924,1538,1582530310431017070,,161.81729126,155.09274292,-0.374302625656,373.020111084,253.663482666
1582530310519189872,1539,1582530310463177369,,175.747665405,152.201095581,-0.262213647366,368.557952881,254.995223999
1582530310543488135,1540,1582530310510486881,,188.89465332,138.555725098,-0.294929772615,373.108856201,258.172454834
1582530310583282834,1541,1582530310560558838,,193.196258545,158.608062744,-0.0580296143889,368.016845703,254.254638672
1582530310603565010,1542,1582530310576912523,,199.563766479,165.281356812,-0.0442940965295,363.850341797,253.223419189
1582530310624221869,1543,1582530310597304195,,205.185501099,165.713226318,-0.0237392839044,364.550262451,251.777923584
1582530310663023999,1544,1582530310627365130,,204.304824829,157.515304565,0.0329319834709,366.039276123,251.107971191
1582530310699414640,1545,1582530310659788172,,201.867126465,157.529571533,-0.0508517287672,364.056365967,252.411361694
1582530310713981897,1546,1582530310690394446,,202.329681396,160.629592896,-0.0497904606164,364.257446289,253.255279541
1582530310762726022,1547,1582530310727164483,,202.923690796,161.231369019,-0.0418365299702,364.35925293,252.516433716
1582530310814553121,1548,1582530310760337738,,198.736953735,161.766860962,-0.0406329147518,362.353363037,253.58430481
1582530310850044121,1549,1582530310791899317,,197.85458374,156.754333496,-0.0377776063979,363.645751953,254.586456299
1582530310885076851,1550,1582530310828883214,,189.979492188,153.442871094,0.0315363556147,364.834960938,254.074874878
1582530310910730044,1551,1582530310868471826,,201.208755493,153.941360474,-0.110419049859,366.79196167,255.361251831
1582530310950102562,1552,1582530310902543095,,200.692993164,156.940292358,-0.148711055517,365.320953369,254.772262573
1582530310966073287,1553,1582530310937131325,,199.029724121,160.947128296,-0.142719596624,365.171722412,255.999740601
1582530310995554357,1554,1582530310961374514,,200.082824707,157.916320801,-0.115644171834,364.560394287,255.57585144
1582530311039907450,1555,1582530310995542391,,199.222244263,160.837615967,-0.079248085618,364.605560303,254.629592896
1582530311058752307,1556,1582530311033268880,,199.599151611,153.937103271,-0.159973025322,365.975494385,257.754302979
1582530311078944285,1557,1582530311061294574,,198.398132324,159.030548096,-0.161999955773,364.731048584,256.11315918
1582530311131281526,1558,1582530311092146133,,197.837860107,157.638549805,-0.0243053399026,366.361114502,255.753463745
1582530311167243920,1559,1582530311128621750,,191.407958984,148.689758301,-0.113764382899,370.026794434,255.709747314
1582530311182323476,1560,1582530311161575435,,200.952102661,156.135162354,-0.149636626244,364.061767578,256.058654785
1582530311216456160,1561,1582530311190820035,,199.295333862,152.585998535,-0.223078355193,365.807281494,257.040527344
1582530311258323601,1562,1582530311228119406,,200.119338989,157.878463745,-0.194506630301,366.164733887,256.760925293
1582530311289623348,1563,1582530311265003373,,198.377182007,155.017120361,-0.173068985343,365.039764404,256.835144043
1582530311323787548,1564,1582530311300429698,,201.867340088,158.182693481,-0.161840692163,364.271209717,257.092468262
1582530311365596178,1565,1582530311334326646,,202.6118927,156.615859985,-0.134051680565,365.069519043,255.944610596
1582530311409564486,1566,1582530311365659639,,200.992233276,158.572769165,-0.120342127979,365.81036377,256.373077393
1582530311444863387,1567,1582530311400751639,,201.825912476,154.511611938,-0.162203684449,364.719726562,257.303833008
1582530311488606637,1568,1582530311432434252,,199.880783081,155.794677734,-0.123140305281,364.438903809,256.531524658
1582530311507637435,1569,1582530311464771268,,201.18800354,158.115432739,-0.122713536024,364.367431641,258.320922852
1582530311525742947,1570,1582530311494297980,,200.13961792,157.303009033,-0.141855806112,363.850616455,257.837463379
1582530311547350294,1571,1582530311528101615,,199.169464111,157.288528442,-0.135810166597,363.542755127,256.627532959
1582530311579463282,1572,1582530311558944359,,197.88583374,155.608322144,-0.139700636268,362.542022705,257.107940674
1582530311607780909,1573,1582530311590953612,,199.713760376,159.084289551,-0.159770622849,361.875091553,256.675933838
1582530311646095741,1574,1582530311626956939,,196.970993042,158.44569397,-0.165814802051,361.446136475,257.699035645
1582530311689900480,1575,1582530311660749650,,195.922897339,158.2684021,-0.166982457042,361.442718506,258.362762451
1582530311742875524,1576,1582530311700543145,,195.131530762,157.413986206,-0.157673791051,360.905670166,258.932525635
1582530311803752027,1577,1582530311740114187,,193.483825684,156.70123291,-0.174282580614,360.365264893,258.892913818
1582530311843540405,1578,1582530311779285848,,193.376159668,154.571304321,-0.166000023484,359.652008057,258.702545166
1582530311885071196,1579,1582530311802181536,,193.374313354,154.873092651,-0.149700284004,359.744354248,259.086303711
1582530311915023444,1580,1582530311855899594,,197.636779785,148.074691772,-0.126286298037,361.925018311,259.144042969
1582530311946964525,1581,1582530311882933223,,151.059432983,120.059005737,-0.118562869728,365.111480713,261.984893799
1582530311982571208,1582,1582530311909407779,,95.9854812622,88.4815139771,-0.0613974481821,321.646057129,270.714141846
1582530312013592126,1583,1582530311949797641,,135.624359131,120.170959473,-0.116856582463,328.239227295,257.96383667
1582530312043220421,1584,1582530311970737928,,113.320014954,99.2674102783,-0.251869797707,315.323425293,251.043945312
1582530312080039816,1585,1582530312005751961,,100.755447388,87.5336608887,-0.243511855602,311.477935791,244.06137085
1582530312116585348,1586,1582530312056524685,,77.2451629639,66.2609176636,-0.592001140118,302.25100708,229.082946777
1582530312136075559,1587,1582530312080916206,,58.2782783508,41.8967018127,-0.598917007446,294.820281982,212.89781189
1582530312174146188,1588,1582530312099379584,,44.5813903809,31.160194397,-0.731869995594,292.042480469,207.444595337
1582530312200491569,1589,1582530312131785934,,239.609329224,239.590805054,-1.57079637051,359.998352051,219.995040894
1582530312216750007,1590,1582530312169176460,,237.940551758,221.45652771,0.971715331078,363.343383789,214.905395508
1582530312229304510,1591,1582530312205861776,,167.655578613,158.051742554,0.131072402,381.472137451,252.362625122
1582530312252716174,1592,1582530312235159792,,178.699249268,162.853012085,-0.244682312012,381.966644287,252.978897095
1582530312298590202,1593,1582530312273824346,,185.98526001,167.662322998,-0.427224040031,383.230621338,249.82611084
1582530312341369555,1594,1582530312304796041,,186.292266846,164.454574585,-0.519839584827,385.510284424,250.215957642
1582530312364548417,1595,1582530312342853589,,189.459259033,155.785369873,-0.644533932209,389.285308838,251.857330322
1582530312411976178,1596,1582530312377369832,,179.76675415,152.453399658,-0.510866940022,388.013824463,255.839126587
1582530312439740651,1597,1582530312396517596,,176.303375244,154.579666138,-0.473304778337,387.443084717,255.578643799
1582530312459392686,1598,1582530312432631664,,167.119216919,149.250549316,-0.230485409498,388.128753662,258.76272583
1582530312478291899,1599,1582530312458859945,,177.977844238,150.152130127,-0.578519463539,392.177062988,254.049575806
1582530312524612894,1600,1582530312494251106,,172.245544434,144.038757324,-0.450451850891,393.374938965,257.188110352
1582530312572388624,1601,1582530312535982904,,159.421813965,138.84664917,0.116637535393,388.972229004,262.427429199
1582530312612430789,1602,1582530312567394947,,177.844467163,146.513961792,-0.544162213802,394.139862061,253.415893555
1582530312676837370,1603,1582530312605203226,,184.791900635,147.882446289,-0.554246902466,392.273345947,254.099441528
1582530312728356927,1604,1582530312630620064,,165.607269287,141.831207275,-0.24873071909,390.938568115,259.194030762
1582530312783809411,1605,1582530312660117375,,161.200454712,137.74546814,-0.192895948887,392.800018311,260.956695557
1582530312840695002,1606,1582530312697251147,,156.881576538,138.090530396,-0.0970927253366,391.676330566,261.433898926
1582530312879849837,1607,1582530312729226170,,143.838912964,127.595726013,0.0547443404794,395.357666016,264.310852051
1582530312937032072,1608,1582530312767611262,,170.230743408,138.684036255,-0.425449579954,394.900512695,257.343536377
1582530312954680260,1609,1582530312810001225,,173.684951782,142.584335327,-0.535209000111,395.562072754,255.187316895
1582530312982663664,1610,1582530312837273451,,174.58152771,143.698516846,-0.517331063747,394.810302734,255.451675415
1582530313001603597,1611,1582530312867746789,,172.734222412,146.719848633,-0.12671892345,391.721221924,254.845748901
1582530313039999173,1612,1582530312904491174,,180.553512573,143.191574097,0.312882810831,390.229187012,251.962081909
1582530313064194022,1613,1582530312936953672,,184.928390503,153.442077637,0.306609332561,382.760375977,251.529510498
1582530313091116008,1614,1582530312968536391,,184.99949646,163.024963379,0.238833218813,382.131256104,249.969955444
1582530313117269912,1615,1582530313008309555,,185.35559082,166.093292236,0.23579095304,382.329956055,249.076660156
1582530313154974512,1616,1582530313038174039,,180.047271729,168.191452026,0.366942197084,383.505065918,247.660964966
1582530313192250918,1617,1582530313064910609,,179.953979492,168.422897339,0.341833502054,383.425384521,247.663864136
1582530313236619431,1618,1582530313110632616,,181.302947998,168.769348145,0.191651061177,384.118377686,246.984054565
1582530313281370131,1619,1582530313137480735,,181.415313721,169.956512451,0.229787662625,384.595184326,246.983978271
1582530313312335270,1620,1582530313174480216,,175.879714966,158.772216797,0.552009105682,386.433776855,246.072570801
1582530313337440801,1621,1582530313203356565,,176.515686035,163.543289185,0.100243650377,387.931488037,246.657241821
1582530313372800952,1622,1582530313236259301,,169.437866211,163.497131348,0.517129838467,386.233001709,247.810379028
1582530313404447109,1623,1582530313269570672,,163.319793701,148.440078735,0.955182671547,387.963592529,248.821960449
1582530313435422028,1624,1582530313301177213,,160.258987427,144.596099854,1.0031670332,389.884429932,251.593536377
1582530313470304202,1625,1582530313335220921,,154.53352356,146.843902588,0.75170147419,386.661682129,254.098922729
1582530313490188693,1626,1582530313365208963,,152.589645386,136.176528931,0.394539326429,384.391387939,260.896789551
1582530313515635867,1627,1582530313398865918,,159.839050293,138.221160889,0.344045251608,387.329742432,259.030029297
1582530313566186690,1628,1582530313432394751,,159.293991089,132.382568359,0.491462141275,383.104675293,257.71081543
1582530313603294121,1629,1582530313463843252,,167.485473633,154.886459351,-0.22211548686,388.386138916,254.574111938
1582530313618814753,1630,1582530313496615918,,161.494445801,142.609268188,0.438446730375,385.706054688,256.270690918
1582530313640147086,1631,1582530313528842111,,156.702926636,147.032653809,0.40188100934,384.243713379,256.759918213
1582530313675138460,1632,1582530313566135035,,169.794952393,153.747009277,-0.320770174265,389.596466064,252.215866089
1582530313721369933,1633,1582530313595391891,,165.798156738,151.536270142,-0.0399360992014,388.257568359,254.27520752
1582530313745046725,1634,1582530313628383256,,165.83631897,153.821578979,-0.268683135509,388.903594971,253.588058472
1582530313759159364,1635,1582530313679598857,,168.772262573,156.090881348,-0.165319859982,387.582611084,253.261398315
1582530313791787903,1636,1582530313708136615,,163.241256714,153.954528809,-0.23024918139,389.199066162,254.387680054
1582530313820154112,1637,1582530313740104554,,166.905441284,152.71031189,0.0815543830395,386.962799072,253.84703064
1582530313835553119,1638,1582530313773714334,,160.726867676,153.30506897,0.056671936065,386.858154297,254.307449341
1582530313864581000,1639,1582530313808222411,,162.468963623,155.008331299,-0.0265326742083,386.467987061,254.260757446
1582530313883889482,1640,1582530313836106760,,166.165283203,153.978179932,-0.158223599195,388.717590332,253.73197937
1582530313906997581,1641,1582530313867520711,,167.657272339,155.680023193,-0.263352274895,388.626861572,253.821594238
1582530313926161698,1642,1582530313906155231,,162.885971069,150.960372925,0.11220869422,386.695800781,254.402282715
1582530313952754347,1643,1582530313931662492,,171.180343628,153.162567139,-0.25610396266,389.591552734,252.11088562
1582530314001401226,1644,1582530313970200044,,166.16986084,153.897033691,-0.0512433461845,387.194915771,253.398910522
1582530314021809370,1645,1582530314000143003,,163.880081177,154.83215332,-0.170422077179,387.968780518,253.452102661
1582530314058588729,1646,1582530314037996855,,168.315200806,156.670639038,-0.457561641932,389.05480957,252.880340576
1582530314094613888,1647,1582530314074012799,,169.469573975,154.614364624,-0.240422859788,386.670654297,253.421936035
1582530314124046906,1648,1582530314097293777,,169.520401001,156.333068848,-0.381757348776,387.397216797,253.514785767
1582530314151379008,1649,1582530314127761584,,177.931182861,152.706573486,-0.408565253019,388.678955078,252.014801025
1582530314186693829,1650,1582530314168638798,,174.289550781,156.506271362,-0.44529825449,388.117950439,251.514251709
1582530314218437531,1651,1582530314197425048,,164.164611816,152.508529663,-0.0816346779466,386.482391357,254.36138916
1582530314251202197,1652,1582530314233694266,,169.429351807,154.690795898,-0.430728495121,389.209259033,252.262176514
1582530314301411025,1653,1582530314272025606,,166.071746826,156.327682495,-0.295374125242,387.655334473,254.574447632
1582530314327421435,1654,1582530314302442548,,168.559967041,153.784927368,-0.226609170437,389.32131958,252.397521973
1582530314365732524,1655,1582530314342089939,,166.82913208,154.248550415,0.00287275179289,388.523529053,252.184967041
1582530314399510539,1656,1582530314369531157,,165.831680298,153.217681885,-0.269207775593,389.20223999,252.24055481
1582530314422008485,1657,1582530314404911231,,168.559448242,154.658996582,-0.315963953733,388.782043457,252.497894287
1582530314458309172,1658,1582530314440655287,,163.92477417,158.253204346,-0.40913850069,387.567260742,252.377929688
1582530314487252940,1659,1582530314470176760,,169.688217163,156.358917236,-0.30150231719,387.844024658,251.797958374
1582530314525856158,1660,1582530314502310647,,164.897399902,158.555358887,-0.62745475769,388.135528564,252.766647339
1582530314557335077,1661,1582530314537665565,,168.503494263,157.823699951,-0.755307972431,388.797271729,253.723052979
1582530314585048509,1662,1582530314564514873,,166.495162964,157.777496338,-0.892752110958,388.137054443,254.528137207
1582530314614025309,1663,1582530314595264042,,166.574493408,158.747238159,-0.721969008446,388.211761475,254.047592163
1582530314670534750,1664,1582530314633544087,,165.981826782,154.123809814,-0.253817617893,388.987213135,251.854156494
1582530314698224916,1665,1582530314665741428,,167.231842041,158.084869385,-0.154213801026,388.175537109,252.773666382
1582530314719028183,1666,1582530314696199756,,166.743881226,155.195755005,-0.274102389812,389.427581787,252.291534424
1582530314786671553,1667,1582530314750759216,,166.909439087,156.887863159,-0.365195691586,389.088195801,251.86340332
1582530314816865782,1668,1582530314772362536,,164.565643311,155.746459961,-0.398902118206,388.793823242,253.583892822
1582530314852239879,1669,1582530314800688953,,162.52911377,157.266815186,-0.409190297127,387.825164795,254.076278687
1582530314882095901,1670,1582530314833230118,,166.526092529,155.464767456,-0.4468511343,389.953125,252.170516968
1582530314907021316,1671,1582530314867435581,,173.661727905,154.671234131,-0.59120452404,391.946289062,250.957687378
1582530314931246102,1672,1582530314896712521,,158.547958374,155.758529663,0.0477315708995,388.511962891,252.848907471
1582530314953793865,1673,1582530314935060709,,162.162628174,157.801528931,-0.00965928565711,387.3125,252.563903809
1582530314986654441,1674,1582530314964138398,,162.497253418,156.653564453,0.0352972708642,387.86932373,252.598617554
1582530315040371411,1675,1582530315008936820,,163.418121338,158.767593384,-0.433397650719,387.633056641,252.766738892
1582530315070199888,1676,1582530315041344192,,163.526611328,159.197509766,-0.463650405407,387.645599365,253.315689087
1582530315118950475,1677,1582530315085786471,,166.242492676,153.537506104,-0.26815623045,390.404541016,251.580383301
1582530315137933590,1678,1582530315116372974,,164.396331787,157.024353027,-0.505563437939,388.535003662,253.172637939
1582530315172431710,1679,1582530315138785231,,167.081542969,158.370956421,-0.17627170682,387.784851074,252.576660156
1582530315210130290,1680,1582530315166565364,,166.011688232,158.735214233,-0.29389539361,388.764648438,252.346847534
1582530315234589665,1681,1582530315197055264,,163.768814087,157.806808472,0.0714198574424,387.313232422,253.937728882
1582530315260267793,1682,1582530315232826384,,168.053878784,158.116226196,-0.328716903925,389.121368408,252.206115723
1582530315294530048,1683,1582530315266442046,,167.543136597,156.649642944,-0.00353547954001,388.431610107,252.982421875
1582530315328236572,1684,1582530315297621620,,159.666717529,155.012908936,-0.227831304073,388.414245605,253.000991821
1582530315380273774,1685,1582530315337957017,,165.233306885,155.842666626,0.0853425934911,387.850860596,252.424667358
1582530315415191354,1686,1582530315373779643,,163.356201172,154.752746582,-0.2207711339,389.081878662,252.98588562
1582530315452768178,1687,1582530315406661210,,163.991546631,156.671585083,-0.0574324019253,388.484954834,252.485748291
1582530315478718370,1688,1582530315433067522,,163.519805908,155.966949463,-0.330531835556,389.390625,253.21395874
1582530315512359984,1689,1582530315467256543,,170.961746216,155.903244019,-0.467658758163,390.531341553,252.113922119
1582530315537614369,1690,1582530315497338421,,164.370819092,151.355743408,-0.172230616212,389.84942627,253.820205688
1582530315558784302,1691,1582530315531276972,,164.581298828,154.259872437,-0.1890386343,389.814880371,254.443832397
1582530315596295475,1692,1582530315563743194,,165.254470825,154.190567017,-0.116387061775,388.356201172,254.404067993
1582530315623452080,1693,1582530315595453326,,164.078201294,153.854019165,-0.270108312368,390.145202637,254.326599121
1582530315671336907,1694,1582530315644727722,,163.68270874,154.86781311,-0.234714105725,390.21383667,254.090576172
1582530315714111268,1695,1582530315677461929,,167.575164795,153.707397461,-0.435295283794,391.442321777,253.913543701
1582530315755410429,1696,1582530315708491685,,166.48147583,155.888031006,-0.156536877155,389.955718994,253.354568481
1582530315790220736,1697,1582530315747106684,,165.198684692,152.991592407,-0.312412232161,391.043640137,253.701675415
1582530315815959978,1698,1582530315783245184,,163.691482544,153.159179688,-0.156478956342,390.61618042,253.854492188
1582530315859187183,1699,1582530315814046802,,162.628189087,152.15045166,-0.174263820052,390.980651855,254.202880859
1582530315892669198,1700,1582530315848077643,,164.165893555,154.584671021,-0.117268569767,390.422576904,253.779922485
1582530315911364865,1701,1582530315880575566,,166.568435669,152.326858521,-0.249611034989,391.499603271,253.720855713
1582530315939752568,1702,1582530315909629984,,161.442581177,152.756912231,-0.0232243631035,390.921203613,254.683959961
1582530316006495031,1703,1582530315955510844,,161.326782227,152.743438721,-0.219531163573,391.654174805,254.634643555
1582530316021305701,1704,1582530315997622886,,163.828216553,152.242523193,-0.150872334838,391.716430664,253.337005615
1582530316050973720,1705,1582530316009499688,,163.282836914,152.169723511,-0.376972973347,392.340423584,254.560302734
1582530316094449632,1706,1582530316031361428,,162.490066528,152.329040527,-0.452519536018,392.22857666,255.075500488
1582530316133050039,1707,1582530316073657635,,162.107269287,152.241165161,-0.368142336607,391.958404541,254.866973877
1582530316164576410,1708,1582530316126173440,,158.729888916,151.379379272,-0.213524132967,392.042297363,255.160217285
1582530316181423021,1709,1582530316147850008,,160.219650269,150.900482178,-0.298628389835,392.915710449,254.543258667
1582530316214050539,1710,1582530316178784816,,160.285766602,150.382537842,-0.216070786119,393.148345947,254.506408691
1582530316243245871,1711,1582530316206335238,,159.223907471,149.222732544,-0.0875448957086,393.320373535,254.92616272
1582530316269456361,1712,1582530316243246254,,159.135787964,149.099960327,-0.0947080031037,393.563140869,255.586807251
1582530316301901025,1713,1582530316271357621,,160.276306152,145.708389282,-0.0279631912708,393.568115234,254.327850342
1582530316339350750,1714,1582530316307185794,,147.481552124,139.128585815,0.398898124695,394.387145996,258.564849854
1582530316360891542,1715,1582530316342821532,,74.1983032227,68.5563201904,-1.46437144279,420.524291992,285.433746338
1582530316382856491,1716,1582530316364661943,,122.726493835,91.7937850952,-0.868618965149,422.89465332,264.091278076
1582530316430566824,1717,1582530316409222108,,99.8212738037,73.8956451416,-0.917493522167,433.936187744,264.059570312
1582530316493722397,1718,1582530316473107102,,64.6730422974,42.4849472046,-1.15355658531,454.666931152,255.476989746
1582530316530369576,1719,1582530316514168416,,38.4677009583,24.4684371948,-1.40432870388,467.450531006,241.421554565
1582530316563130224,1720,1582530316538069321,,24.4865779877,12.2994260788,-1.5488152504,474.18145752,233.047119141
1582530316600215249,1721,1582530316570376574,,241.429290771,234.092636108,0.642899990082,361.199523926,218.397583008
1582530316627411992,1722,1582530316603998573,,242.837524414,227.262969971,0.72572684288,363.35458374,216.421951294
1582530316663657504,1723,1582530316640417100,,181.033920288,166.342773438,-0.440020263195,387.327728271,245.006912231
1582530316699528150,1724,1582530316672421927,,173.25730896,153.927368164,-0.389866799116,382.014312744,256.879119873
1582530316737595946,1725,1582530316711641323,,183.06652832,160.316390991,-0.368362724781,376.246490479,257.449981689
1582530316761608508,1726,1582530316739142843,,187.821472168,162.009414673,-0.332762777805,372.957702637,257.977264404
1582530316797744355,1727,1582530316767350790,,195.420349121,164.01348877,-0.269770234823,368.174285889,257.980041504
1582530316828525284,1728,1582530316808107836,,189.286682129,161.17048645,0.131718352437,358.836029053,259.892791748
1582530316857256048,1729,1582530316836803963,,186.36114502,159.155654907,0.199806720018,355.84866333,259.753723145
1582530316888064421,1730,1582530316867122371,,183.602416992,142.209899902,0.100226603448,355.226043701,259.645263672
1582530316935032132,1731,1582530316900237658,,188.473556519,137.305053711,-0.0392045266926,352.281036377,261.566162109
1582530316965944302,1732,1582530316932743270,,198.406967163,143.653137207,-0.118837967515,358.07220459,259.018615723
1582530317033142009,1733,1582530317001162715,,184.23046875,130.453994751,-0.180245399475,366.202819824,260.639648438
1582530317071749140,1734,1582530317035173511,,187.309051514,130.270889282,-0.199267297983,361.160308838,262.235046387
1582530317113475915,1735,1582530317065723053,,180.236618042,133.676452637,-0.225904509425,358.946777344,265.600708008
1582530317128196686,1736,1582530317106614861,,185.454696655,142.419189453,-0.106530040503,358.011047363,261.951934814
1582530317163334941,1737,1582530317133357329,,196.023712158,143.553100586,-0.0429360158741,359.427307129,258.328613281
1582530317194679957,1738,1582530317165938765,,201.605209351,141.279510498,-0.266581237316,363.736877441,257.236572266
1582530317247457510,1739,1582530317210944634,,188.790679932,141.913879395,-0.272910505533,368.147064209,258.123565674
1582530317268432702,1740,1582530317239641217,,179.070526123,139.501098633,-0.331503361464,365.612792969,258.360961914
1582530317293722002,1741,1582530317262861710,,169.443847656,133.909286499,-0.192121505737,364.212493896,262.746002197
1582530317322376048,1742,1582530317298911112,,166.595428467,133.223144531,-0.452934980392,364.615905762,263.949707031
1582530317368753291,1743,1582530317340997714,,181.741241455,147.719299316,-0.061549115926,356.104766846,258.448852539
1582530317389433198,1744,1582530317363374403,,197.649230957,153.704437256,-0.100219681859,359.875427246,254.890655518
1582530317440798104,1745,1582530317414133452,,201.209335327,156.172134399,-0.118695095181,361.950958252,254.868148804
1582530317478807260,1746,1582530317447388245,,199.516952515,156.990097046,-0.172305330634,361.097106934,253.89666748
1582530317526010201,1747,1582530317499368092,,202.787063599,159.277420044,-0.103811614215,361.518432617,253.958740234
1582530317551381193,1748,1582530317533327519,,203.419494629,155.280960083,-0.119832664728,362.006835938,254.644607544
1582530317585169451,1749,1582530317562990605,,203.112304688,156.746612549,-0.142830386758,362.364562988,254.3384552
1582530317612388182,1750,1582530317587550084,,203.342468262,156.522460938,-0.164169892669,365.016235352,255.396560669
1582530317627865979,1751,1582530317606983658,,203.768051147,156.141433716,-0.178774014115,364.865966797,254.997589111
1582530317663705312,1752,1582530317634372245,,202.951568604,159.468215942,-0.133333027363,364.117706299,253.464111328
1582530317692445932,1753,1582530317667814834,,205.179611206,154.283874512,-0.183988749981,364.488372803,254.787338257
1582530317729582481,1754,1582530317699737183,,202.213790894,153.818710327,-0.262483298779,367.185333252,256.481292725
1582530317758848498,1755,1582530317735547990,,203.207000732,152.817092896,-0.290392935276,366.835998535,255.863021851
1582530317816419768,1756,1582530317772362090,,203.135955811,159.260543823,-0.167192727327,366.208953857,254.465454102
1582530317842876259,1757,1582530317814170549,,196.670150757,156.835632324,-0.331609904766,369.653076172,256.081604004
1582530317876908499,1758,1582530317839610479,,198.532028198,157.715011597,-0.282397478819,368.287597656,255.749099731
1582530317907925301,1759,1582530317873812259,,200.021453857,157.631332397,-0.224153473973,366.54675293,254.908401489
1582530317929619061,1760,1582530317902308602,,197.731002808,156.12840271,-0.287908881903,368.520874023,256.191223145
1582530317968688846,1761,1582530317934151037,,202.72795105,159.537338257,-0.165925458074,366.790527344,254.76260376
1582530317997698801,1762,1582530317970527143,,205.927871704,154.883666992,-0.275885909796,368.894714355,252.95880127
1582530318023955659,1763,1582530318004410197,,209.304229736,157.424942017,-0.320418506861,373.298126221,252.835342407
1582530318055639908,1764,1582530318031818524,,211.821060181,162.507278442,-0.356368243694,373.023132324,254.237838745
1582530318107757728,1765,1582530318073831487,,218.398117065,166.964797974,-0.406543403864,372.074493408,252.245941162
1582530318144363724,1766,1582530318100943427,,213.971115112,171.48664856,-0.42517593503,370.648040771,251.347427368
1582530318163367407,1767,1582530318137547959,,209.692810059,176.965148926,-0.359892934561,369.19418335,249.834457397
1582530318202327611,1768,1582530318176716226,,198.047515869,171.642990112,-0.436269462109,369.781158447,249.701553345
1582530318247496695,1769,1582530318217030832,,197.377044678,171.744903564,-0.232479974627,365.693939209,247.375946045
1582530318283820814,1770,1582530318245420243,,193.5574646,171.006195068,-0.224192485213,367.325653076,246.007568359
1582530318327479289,1771,1582530318278029540,,197.222961426,169.341400146,-0.0924846604466,366.374053955,244.807617188
1582530318367212001,1772,1582530318305989559,,189.141433716,168.042739868,-0.461105704308,368.225463867,249.664260864
1582530318402784206,1773,1582530318341196481,,174.712020874,161.262664795,0.084818482399,369.41519165,249.860366821
1582530318415170632,1774,1582530318374464187,,184.328948975,122.688056946,-0.293169289827,372.562408447,263.809143066
1582530318468070219,1775,1582530318399594263,,191.129394531,142.091598511,-0.149485230446,364.202392578,259.016540527
1582530318476870418,1776,1582530318431166833,,204.502578735,158.578048706,-0.0648260042071,362.597991943,252.176315308
1582530318503536877,1777,1582530318473428030,,206.167221069,149.402648926,-0.0496983155608,362.387237549,254.058166504
1582530318534673596,1778,1582530318505040308,,205.18258667,158.282653809,-0.10051368922,363.071044922,252.398635864
1582530318556537283,1779,1582530318539498068,,205.193054199,159.410263062,-0.0711278393865,365.70501709,252.246643066
1582530318606361366,1780,1582530318587181579,,196.857772827,157.381713867,-0.223790094256,368.128662109,255.218994141
1582530318626457817,1781,1582530318608277651,,222.00289917,180.73147583,0.462523311377,353.91104126,243.209487915
1582530318660806310,1782,1582530318641276328,,199.874725342,148.088851929,-0.322138905525,369.368530273,257.428375244
1582530318698614263,1783,1582530318673604649,,194.920852661,165.385253906,0.0372308604419,364.134979248,251.252944946
1582530318752137000,1784,1582530318706341462,,188.204437256,150.761947632,-0.0980635806918,367.112030029,254.608474731
1582530318774904724,1785,1582530318736460508,,196.131225586,159.737823486,-0.0344178937376,365.681732178,251.923690796
1582530318804428500,1786,1582530318770127272,,203.595825195,153.688980103,-0.201593309641,365.178894043,255.37121582
1582530318835603005,1787,1582530318800589664,,203.956985474,153.283599854,-0.219073101878,365.668487549,255.649780273
1582530318856780811,1788,1582530318832562072,,200.006332397,151.547439575,-0.289932608604,369.535583496,258.348297119
1582530318890015977,1789,1582530318868551879,,199.134185791,161.176010132,-0.141869649291,365.292663574,253.91633606
1582530318924058966,1790,1582530318901484992,,201.066436768,158.967025757,-0.151504039764,365.135742188,253.860824585
1582530318966820421,1791,1582530318938568335,,191.57711792,154.0418396,-0.273434728384,372.871887207,255.029067993
1582530319002307211,1792,1582530318974330997,,191.242401123,153.414337158,-0.256819814444,369.428314209,254.862045288
1582530319045332970,1793,1582530319015396236,,195.887405396,159.981704712,-0.230302318931,367.787994385,254.775024414
1582530319075664195,1794,1582530319042388054,,192.367004395,158.082809448,-0.380426973104,371.25592041,256.184875488
1582530319103704249,1795,1582530319074005458,,221.186203003,184.963256836,0.582596838474,352.601898193,240.217132568
1582530319132225353,1796,1582530319107966624,,196.890106201,149.666229248,-0.328541129827,369.945129395,256.775939941
1582530319166297408,1797,1582530319145738456,,202.743804932,159.598434448,-0.12033560127,365.079376221,253.434234619
1582530319210940270,1798,1582530319173371743,,202.790557861,156.407226562,-0.208958283067,365.46484375,255.019638062
1582530319236817587,1799,1582530319208301326,,196.782165527,151.575561523,-0.414926767349,370.035583496,256.119598389
1582530319269352228,1800,1582530319242336659,,193.3409729,154.891418457,-0.304089993238,370.945281982,255.227416992
1582530319302387179,1801,1582530319276642435,,197.072463989,155.287139893,-0.365088224411,370.267608643,256.508728027
1582530319347762183,1802,1582530319306279168,,199.301986694,160.074752808,-0.126947835088,366.117675781,253.267608643
1582530319366545844,1803,1582530319339972964,,195.626586914,153.451858521,-0.374770820141,371.294372559,255.999694824
1582530319398583372,1804,1582530319371834768,,198.592468262,162.985870361,-0.134022921324,366.71673584,252.917434692
1582530319420889494,1805,1582530319402237772,,193.474212646,149.991088867,-0.331879526377,372.087921143,254.408874512
1582530319455541153,1806,1582530319435991505,,193.632980347,152.687194824,-0.143690988421,370.632843018,253.422424316
1582530319485090421,1807,1582530319469608420,,194.682632446,152.462524414,-0.302668005228,371.555480957,256.3934021
1582530319531081965,1808,1582530319501859075,,193.089019775,155.585205078,-0.250407576561,370.176055908,256.669891357
1582530319576215445,1809,1582530319544004517,,199.538848877,160.192672729,-0.161026299,367.18939209,255.539840698
1582530319607979668,1810,1582530319571570997,,203.086044312,163.166564941,-0.0718705952168,365.12322998,253.393798828
1582530319634851911,1811,1582530319602041688,,186.090911865,157.198471069,-0.186261624098,372.383117676,255.69128418
1582530319704585708,1812,1582530319636974305,,186.114654541,153.933395386,-0.295105934143,373.857971191,255.979248047
1582530319747359643,1813,1582530319668143879,,196.987640381,156.718719482,-0.216130971909,368.617126465,255.776382446
1582530319771334923,1814,1582530319699910696,,197.421478271,152.175048828,-0.156153380871,370.536804199,252.264221191
1582530319806081731,1815,1582530319736227654,,196.179168701,151.144470215,-0.0983108580112,371.673980713,252.278778076
1582530319821908263,1816,1582530319782838633,,192.772262573,153.803222656,-0.3041895926,372.028778076,255.944732666
1582530319838593511,1817,1582530319802598848,,200.590209961,160.871002197,-0.0981115177274,365.223052979,253.72984314
1582530319857280564,1818,1582530319838792000,,187.628204346,158.866577148,-0.182115212083,370.735687256,255.509033203
1582530319893315066,1819,1582530319870980667,,199.358032227,153.96812439,-0.111820273101,367.542358398,252.884353638
1582530319923760268,1820,1582530319902838708,,193.771820068,153.695617676,-0.134420394897,369.515625,253.031509399
1582530319970187643,1821,1582530319938758991,,195.962921143,153.177566528,0.0180319976062,368.478790283,251.437683105
1582530319997651096,1822,1582530319975041184,,199.083435059,155.106445312,-0.183741077781,367.088195801,254.28944397
1582530320023864912,1823,1582530320002073574,,189.003540039,148.719818115,-0.284778475761,372.644622803,256.682250977
1582530320059590293,1824,1582530320038935155,,198.111083984,154.147949219,-0.042918972671,366.713928223,253.941345215
1582530320090625635,1825,1582530320070196476,,200.053665161,154.862869263,-0.0718351751566,365.50112915,252.088928223
1582530320124338877,1826,1582530320101384327,,201.016174316,153.880386353,-0.190755307674,365.668884277,255.496795654
1582530320162178393,1827,1582530320139037620,,196.29296875,152.716903687,-0.234754189849,368.351806641,255.770828247
1582530320220556432,1828,1582530320168154723,,195.39630127,152.975860596,-0.1884868294,367.410430908,255.322509766
1582530320287353272,1829,1582530320198765137,,195.667816162,152.555480957,-0.107789181173,368.49130249,253.949401855
1582530320344963218,1830,1582530320236357053,,190.941543579,151.614593506,-0.215424969792,368.528106689,255.250259399
1582530320378754116,1831,1582530320284809798,,200.277389526,156.708694458,-0.0969979166985,364.489959717,253.841186523
1582530320408545922,1832,1582530320304090229,,199.768417358,146.212997437,-0.32075470686,369.581054688,257.84387207
1582530320437070759,1833,1582530320342513850,,202.98815918,147.944717407,-0.192372515798,365.327636719,255.760894775
1582530320479594143,1834,1582530320368363841,,197.700317383,148.920028687,-0.320399850607,368.553833008,256.87902832
1582530320508735041,1835,1582530320408930825,,190.280319214,146.817230225,-0.319456279278,369.417785645,257.13470459
1582530320531911750,1836,1582530320448369921,,198.933288574,149.854782104,-0.23174893856,364.324035645,255.658218384
1582530320550930054,1837,1582530320491302936,,198.112304688,148.243850708,-0.23492449522,365.026123047,255.203933716
1582530320593935755,1838,1582530320525612534,,200.085708618,146.172912598,-0.192529097199,363.629272461,255.284835815
1582530320606801804,1839,1582530320546942386,,198.862136841,147.650787354,-0.237959295511,363.522979736,255.649765015
1582530320630990732,1840,1582530320575598451,,199.893371582,148.333084106,-0.204292550683,361.793457031,255.441879272
1582530320662252280,1841,1582530320616309347,,193.223968506,145.333007812,-0.422045648098,366.606414795,258.926635742
1582530320702596735,1842,1582530320640827473,,188.735397339,139.446685791,-0.436324983835,364.941314697,260.72454834
1582530320725612143,1843,1582530320673294721,,185.808258057,135.96987915,-0.263198077679,361.076080322,260.981750488
1582530320758836404,1844,1582530320709630582,,193.111358643,146.615402222,-0.313818782568,360.686798096,257.984893799
1582530320777747791,1845,1582530320747272903,,196.586456299,147.960678101,-0.249369755387,360.861724854,256.622619629
1582530320809203196,1846,1582530320774368722,,88.1527786255,44.0780410767,0.384373903275,311.266448975,291.375183105
1582530320831378537,1847,1582530320809898306,,133.964981079,118.710273743,0.123317271471,326.105743408,261.663238525
1582530320863165672,1848,1582530320842194069,,129.859558105,119.530357361,0.150940909982,324.97277832,257.851318359
1582530320893953925,1849,1582530320875407663,,105.435935974,99.4874191284,-0.0823354870081,312.29296875,249.392883301
1582530320943871109,1850,1582530320907357177,,81.7763824463,77.4362106323,-0.835819482803,303.560974121,236.329330444
1582530320970496582,1851,1582530320940030763,,72.5414352417,67.1417007446,-1.10631835461,299.249572754,228.606643677
1582530320998779489,1852,1582530320976061129,,56.8114356995,38.9028129578,-0.743247687817,292.93548584,211.188522339
1582530321027597643,1853,1582530321007514462,,242.899642944,227.645874023,0.612074434757,357.538970947,223.704559326
1582530321055564132,1854,1582530321038248781,,239.609329224,239.590805054,-1.57079637051,359.998352051,219.995040894
1582530321100227676,1855,1582530321070705624,,171.211685181,163.042419434,0.405931919813,378.911376953,250.073669434
1582530321119796315,1856,1582530321102603596,,177.427810669,160.892822266,-0.234986409545,381.585388184,254.238525391
1582530321152560678,1857,1582530321133657871,,185.693893433,165.493438721,-0.3635635674,381.10635376,252.182952881
1582530321196652685,1858,1582530321166786734,,192.30090332,166.036331177,-0.586456418037,384.049560547,249.663085938
1582530321224590856,1859,1582530321205778650,,184.946670532,160.658599854,-0.705536603928,387.642913818,250.977661133
1582530321263430574,1860,1582530321236015521,,187.92149353,157.416900635,-0.699758946896,389.905609131,250.623321533
1582530321311433727,1861,1582530321267963735,,187.386825562,153.871490479,-0.596924841404,389.444915771,253.330703735
1582530321333579653,1862,1582530321306671547,,180.419067383,152.445404053,-0.445839673281,387.498779297,256.031280518
1582530321384315758,1863,1582530321336017601,,175.463546753,155.8644104,-0.348078221083,386.573059082,255.744018555
1582530321401913593,1864,1582530321369851620,,174.251342773,158.351135254,-0.232748955488,385.48236084,256.118804932
1582530321438291204,1865,1582530321403596433,,190.092391968,153.547332764,-0.559096872807,389.653503418,253.103851318
1582530321471316150,1866,1582530321434972663,,181.203521729,151.287445068,-0.603114068508,392.252624512,254.108001709
1582530321490951065,1867,1582530321469399330,,155.204406738,147.71736145,0.0583764910698,390.300170898,259.323760986
1582530321535793247,1868,1582530321503196918,,150.344802856,135.192306519,0.172331288457,392.027282715,263.36920166
1582530321562320523,1869,1582530321537378376,,162.534088135,144.490722656,-0.336648315191,392.376403809,258.558135986
1582530321604975274,1870,1582530321570379408,,185.607070923,150.249328613,-0.605101585388,392.22064209,253.139129639
1582530321627313708,1871,1582530321608360855,,172.393707275,144.073852539,-0.568973839283,396.098907471,255.160919189
1582530321661295143,1872,1582530321644445699,,165.018722534,138.679916382,-0.331147968769,396.287384033,256.883148193
1582530321707051359,1873,1582530321675652365,,172.494033813,147.965530396,-0.434310853481,392.41293335,255.523681641
1582530321736786770,1874,1582530321714055978,,154.29460144,137.377044678,0.00893104355782,395.059570312,260.395782471
1582530321771912218,1875,1582530321744116054,,145.614685059,131.975784302,0.223768249154,395.13494873,262.677520752
1582530321811535673,1876,1582530321775307343,,138.468551636,125.841674805,0.110658340156,396.443359375,262.427642822
1582530321835348275,1877,1582530321810923736,,140.164764404,124.757759094,-0.132129535079,397.67791748,260.885955811
1582530321863407004,1878,1582530321840334211,,146.335952759,127.599098206,-0.0444861091673,396.551086426,261.40222168
1582530321909197385,1879,1582530321878550191,,148.180786133,130.181518555,-0.119265675545,397.810821533,258.691772461
1582530321942725703,1880,1582530321913565668,,164.584487915,135.942169189,0.0319482125342,395.437652588,254.356079102
1582530321987397082,1881,1582530321945660242,,188.216644287,136.883895874,0.206262752414,390.103790283,249.735534668
1582530322010463740,1882,1582530321987861708,,190.196014404,150.224411011,0.271561324596,384.940856934,246.323760986
1582530322058736431,1883,1582530322016219911,,195.924301147,162.172851562,0.16743466258,381.037902832,247.516586304
1582530322091156162,1884,1582530322053710313,,199.594558716,169.019897461,0.0822231024504,379.018463135,246.309799194
1582530322116728381,1885,1582530322071821737,,194.127441406,168.484344482,0.14839053154,380.820343018,245.872589111
1582530322136107112,1886,1582530322111129118,,187.325302124,171.242019653,0.171692401171,383.817138672,245.146621704
1582530322161872253,1887,1582530322145998953,,189.279891968,173.587219238,0.161203935742,382.811889648,245.397750854
1582530322191628298,1888,1582530322172199992,,185.086837769,169.307800293,0.122499547899,383.694702148,245.557678223
1582530322230549626,1889,1582530322205075415,,180.296737671,168.268783569,0.13866533339,385.423156738,245.883239746
1582530322296672590,1890,1582530322246376798,,171.259109497,163.592132568,0.837045669556,387.001312256,245.786972046
1582530322313517978,1891,1582530322274890613,,164.570022583,152.958892822,1.4344522953,386.47543335,250.181671143
1582530322341883292,1892,1582530322321288146,,163.77897644,148.00831604,-0.378298848867,391.14630127,251.246932983
1582530322380724049,1893,1582530322342834574,,165.640136719,137.263885498,-0.0375543013215,389.864898682,255.422317505
1582530322422724573,1894,1582530322384026305,,159.145965576,133.971389771,0.176514312625,388.8203125,255.527679443
1582530322459818037,1895,1582530322426091230,,154.876998901,136.175018311,0.258299201727,382.699920654,259.33203125
1582530322482296283,1896,1582530322457701871,,163.595031738,139.998947144,-0.0136431083083,387.879974365,255.044616699
1582530322514372330,1897,1582530322480007919,,172.676574707,141.637008667,-0.159583002329,389.639343262,251.67918396
1582530322562316303,1898,1582530322525256065,,167.980178833,142.102630615,0.0147627005354,387.713134766,252.978042603
1582530322581606019,1899,1582530322548010434,,172.076766968,148.226425171,-0.0854431316257,388.293304443,252.189239502
1582530322611102374,1900,1582530322592278619,,163.872009277,157.463745117,-0.463142752647,385.848571777,253.080673218
1582530322645100528,1901,1582530322610998479,,170.734863281,156.141876221,-0.0671946182847,387.283691406,251.621185303
1582530322668847376,1902,1582530322640389521,,165.162887573,153.830810547,-0.201439112425,386.608306885,251.907470703
1582530322714745227,1903,1582530322685221203,,166.828704834,155.80015564,-0.252171397209,386.714324951,252.436752319
1582530322757781848,1904,1582530322718949491,,163.427871704,157.550918579,-0.674181520939,384.805236816,252.449157715
1582530322778802358,1905,1582530322742260508,,159.839355469,154.400482178,0.403307527304,384.701904297,253.302520752
1582530322824859520,1906,1582530322789646209,,164.027389526,156.079498291,-0.0965699478984,384.475708008,252.224029541
1582530322862687658,1907,1582530322815283290,,161.277236938,154.783218384,-1.27747035027,384.66796875,252.948181152
1582530322881517062,1908,1582530322842711292,,162.714508057,155.348510742,-0.972240149975,386.084106445,251.632598877
1582530322911096711,1909,1582530322876077182,,166.518249512,158.596084595,-0.52355837822,387.972930908,250.496887207
1582530322942645444,1910,1582530322903830950,,160.444458008,155.158432007,-0.459179908037,386.063873291,252.369415283
1582530322981186801,1911,1582530322944948705,,164.135955811,158.021530151,-0.723027408123,384.95425415,253.227813721
1582530323022117523,1912,1582530322974145035,,163.332702637,155.172119141,-0.947045445442,385.774108887,253.302780151
1582530323043025622,1913,1582530323011825664,,167.045272827,151.281494141,-0.0356661193073,388.473846436,253.024154663
1582530323067206879,1914,1582530323043930096,,160.986694336,147.440078735,0.198467284441,384.885223389,255.371643066
1582530323103908374,1915,1582530323082184341,,163.26322937,154.619003296,0.096312686801,385.007049561,254.364974976
1582530323136632982,1916,1582530323112161193,,165.632125854,145.857650757,0.423031032085,387.62399292,251.885635376
1582530323174181248,1917,1582530323153292237,,161.1459198,147.271881104,0.425537198782,384.808654785,253.495162964
1582530323205565574,1918,1582530323184647575,,158.027526855,148.195632935,0.646830320358,385.991912842,252.656265259
1582530323235209690,1919,1582530323213198374,,158.855377197,155.562927246,0.264724344015,385.793762207,253.590209961
1582530323310814794,1920,1582530323243798908,,159.972930908,150.616867065,1.05651652813,384.489349365,252.715194702
1582530323328062523,1921,1582530323283579365,,158.204177856,155.939682007,0.665533304214,385.398590088,252.940643311
1582530323347469386,1922,1582530323307078589,,159.117218018,155.084609985,1.00666296482,385.095489502,253.331848145
1582530323380447590,1923,1582530323342008207,,160.493881226,156.290740967,0.649376690388,384.658172607,252.459869385
1582530323419795184,1924,1582530323373259852,,160.312896729,157.513977051,0.488501906395,385.57144165,252.683654785
1582530323445857171,1925,1582530323405364206,,160.18270874,153.667526245,0.457724690437,384.142272949,253.011322021
1582530323460919702,1926,1582530323440596477,,158.729385376,157.731933594,-0.291171252728,384.945800781,253.596710205
1582530323489155719,1927,1582530323470491856,,158.950866699,156.879989624,1.51782226562,385.659179688,252.966949463
1582530323527441328,1928,1582530323504877238,,160.168640137,158.182678223,-1.03666055202,386.256469727,252.227478027
1582530323574484032,1929,1582530323547814223,,162.824356079,157.728057861,-0.0351204350591,386.544891357,251.906936646
1582530323610166805,1930,1582530323585158374,,160.545440674,156.881195068,-0.616611599922,386.732666016,252.25378418
1582530323657136768,1931,1582530323618467099,,160.390625,154.140213013,-0.134576186538,387.694335938,252.921646118
1582530323711783857,1932,1582530323655287342,,167.060714722,156.581924438,-0.318567186594,387.510559082,251.937774658
1582530323752870787,1933,1582530323690078198,,158.360870361,155.455459595,0.396793812513,385.311401367,253.795349121
1582530323803564030,1934,1582530323723259413,,163.494827271,156.306625366,-0.33016499877,387.563018799,252.434509277
1582530323820851277,1935,1582530323753513542,,164.86781311,161.487548828,0.200061589479,386.468048096,251.538925171
1582530323841393165,1936,1582530323772825135,,168.60824585,160.793289185,-0.147014081478,386.280639648,251.573944092
1582530323884095306,1937,1582530323804797004,,173.824188232,153.950317383,-0.397138446569,389.814483643,251.999816895
1582530323899292026,1938,1582530323839479834,,158.325286865,137.140136719,0.633829534054,386.763031006,255.242919922
1582530323917085604,1939,1582530323875554320,,156.305709839,152.987258911,0.482214987278,385.756591797,254.562133789
1582530323938219361,1940,1582530323905030518,,164.619644165,155.7628479,-0.51709741354,389.556884766,251.708770752
1582530323960122420,1941,1582530323939536690,,160.037628174,144.339080811,0.685805797577,385.023834229,254.108108521
1582530323992360538,1942,1582530323970789382,,159.164291382,155.179611206,0.0929267480969,385.917510986,252.640197754
1582530324025223853,1943,1582530324002488772,,157.52243042,156.860534668,-0.253548920155,385.034240723,252.959884644
1582530324072007704,1944,1582530324041742291,,163.060760498,160.474838257,-0.0349214971066,386.43182373,251.942276001
1582530324097317912,1945,1582530324071724120,,157.762802124,156.43081665,-0.757360517979,386.727233887,253.181900024
1582530324122857965,1946,1582530324102473990,,158.400054932,154.542938232,-1.1931835413,386.693725586,253.067474365
1582530324200989345,1947,1582530324139966235,,157.977661133,156.200363159,-0.0900811553001,388.676544189,251.669967651
1582530324234704681,1948,1582530324187580732,,155.732391357,152.059494019,-1.52074563503,386.030395508,254.043930054
1582530324264408684,1949,1582530324217871643,,159.648101807,156.542755127,-0.0469621829689,387.945037842,253.329483032
1582530324288102704,1950,1582530324246395815,,160.644958496,155.814315796,-0.0378520414233,388.715881348,252.368408203
1582530324329260219,1951,1582530324284758070,,162.293945312,155.220153809,-0.291135847569,389.901519775,252.084075928
1582530324362020112,1952,1582530324305542175,,154.812072754,154.039642334,-1.16850984097,387.338470459,252.907699585
1582530324404740781,1953,1582530324341850279,,162.81427002,154.182067871,-0.039231557399,388.529571533,252.724212646
1582530324426916944,1954,1582530324382194390,,156.981491089,155.061523438,1.36377048492,386.646148682,254.07585144
1582530324456860181,1955,1582530324405025023,,163.0625,156.289505005,-0.126834243536,386.889678955,254.09197998
1582530324485083588,1956,1582530324441598172,,164.204498291,156.199295044,-0.200826853514,388.23739624,253.576446533
1582530324510932317,1957,1582530324473440360,,168.831008911,157.624938965,-0.838354587555,389.138153076,253.922119141
1582530324542671392,1958,1582530324506354771,,162.287445068,147.587402344,-1.36319959164,384.46383667,259.042053223
1582530324573942750,1959,1582530324541514943,,161.429977417,158.00428772,0.222147583961,389.643463135,252.410064697
1582530324612300207,1960,1582530324573473221,,156.871383667,149.254486084,0.78945684433,387.63079834,255.114486694
1582530324629404722,1961,1582530324609337577,,158.667449951,152.278625488,0.505869030952,389.785461426,252.515426636
1582530324671574988,1962,1582530324646452730,,155.185546875,150.39112854,0.486449956894,389.464294434,253.879653931
1582530324699917758,1963,1582530324674905756,,157.732894897,149.503189087,0.882110595703,388.811401367,252.953460693
1582530324748903475,1964,1582530324713428262,,155.783569336,152.160476685,0.0311399437487,389.732818604,253.79675293
1582530324784885933,1965,1582530324758687032,,158.375473022,153.252166748,-0.103911489248,390.473114014,254.357650757
1582530324808787896,1966,1582530324782282565,,161.688980103,153.414581299,-0.189381241798,391.359100342,253.478271484
1582530324852229793,1967,1582530324810090740,,155.507904053,151.678268433,0.321648478508,391.396820068,254.730270386
1582530324880887864,1968,1582530324838586003,,158.732620239,150.831985474,-0.176348403096,392.893737793,253.493637085
1582530324913152061,1969,1582530324879072884,,157.047088623,150.146270752,0.16844573617,391.588500977,255.600814819
1582530324940963814,1970,1582530324910218367,,156.608001709,149.819839478,0.304896384478,391.372955322,255.77897644
1582530324978019208,1971,1582530324938068249,,155.714706421,149.697021484,0.494638621807,391.935302734,255.098846436
1582530325002683895,1972,1582530324972474605,,155.29019165,152.942749023,0.0715769827366,391.470367432,255.421401978
1582530325060271729,1973,1582530325010400178,,154.676147461,150.651260376,0.490535229445,391.652648926,255.945999146
1582530325087858141,1974,1582530325040507191,,153.881362915,148.479766846,0.489388078451,391.288818359,255.758834839
1582530325119636425,1975,1582530325081481336,,154.413375854,145.587478638,0.394056081772,390.999420166,256.104736328
1582530325174929546,1976,1582530325116787784,,154.102844238,144.405487061,0.617195427418,391.434417725,255.055038452
1582530325190444975,1977,1582530325140732216,,153.681594849,143.521484375,0.468916475773,390.6769104,256.666778564
1582530325214840557,1978,1582530325171660048,,153.726730347,145.185852051,0.481341600418,390.562072754,256.527496338
1582530325236607944,1979,1582530325207168387,,132.292694092,124.857666016,0.95615285635,392.606903076,266.044494629
1582530325269815060,1980,1582530325247995150,,111.671928406,93.9926452637,-1.09864127636,422.882568359,268.090515137
1582530325302956352,1981,1582530325270436856,,120.983085632,93.9613723755,-0.840197384357,421.388946533,266.565734863
1582530325338887647,1982,1582530325310012136,,106.053688049,74.6605911255,-0.847332119942,429.893127441,269.729095459
1582530325354985198,1983,1582530325339826460,,83.0290756226,54.9643859863,-0.848223268986,439.121795654,272.848052979
1582530325397979663,1984,1582530325378804576,,70.1410293579,47.2271156311,-0.866507589817,443.57019043,274.275512695
1582530325432675437,1985,1582530325414135434,,48.7144050598,24.4765472412,-0.977441132069,453.865661621,275.938201904
1582530325473090237,1986,1582530325447283062,,0.0,0.0,0.0,0.0,0.0
1582530325508549692,1987,1582530325479880937,,0.0,0.0,0.0,0.0,0.0
1582530325532720146,1988,1582530325515271061,,0.0,0.0,0.0,0.0,0.0
1582530325572963490,1989,1582530325551207241,,0.0,0.0,0.0,0.0,0.0
1582530325618382563,1990,1582530325577473940,,0.0,0.0,0.0,0.0,0.0
1582530325646122240,1991,1582530325615640993,,0.0,0.0,0.0,0.0,0.0
1582530325678379636,1992,1582530325653336930,,0.0,0.0,0.0,0.0,0.0
1582530325701159614,1993,1582530325672127049,,0.0,0.0,0.0,0.0,0.0
1582530325752028640,1994,1582530325712473790,,0.0,0.0,0.0,0.0,0.0
1582530325787131861,1995,1582530325746553675,,0.0,0.0,0.0,0.0,0.0
1582530325824451006,1996,1582530325772723817,,0.0,0.0,0.0,0.0,0.0
1582530325839926272,1997,1582530325815059466,,0.0,0.0,0.0,0.0,0.0
1582530325880042771,1998,1582530325845461595,,0.0,0.0,0.0,0.0,0.0
1582530325890924764,1999,1582530325873111106,,0.0,0.0,0.0,0.0,0.0
1582530325945008350,2000,1582530325918129203,,0.0,0.0,0.0,0.0,0.0
1582530325971396006,2001,1582530325949783596,,0.0,0.0,0.0,0.0,0.0
1582530326013456526,2002,1582530325981613222,,0.0,0.0,0.0,0.0,0.0
1582530326030483353,2003,1582530326010937320,,0.0,0.0,0.0,0.0,0.0
1582530326061692073,2004,1582530326042532153,,0.0,0.0,0.0,0.0,0.0
1582530326103093189,2005,1582530326075138791,,0.0,0.0,0.0,0.0,0.0
1582530326151818592,2006,1582530326108163699,,0.0,0.0,0.0,0.0,0.0
1582530326168968506,2007,1582530326140131152,,0.0,0.0,0.0,0.0,0.0
1582530326189089407,2008,1582530326172968995,,0.0,0.0,0.0,0.0,0.0
1582530326230298552,2009,1582530326208705949,,0.0,0.0,0.0,0.0,0.0
1582530326271832960,2010,1582530326240119962,,0.0,0.0,0.0,0.0,0.0
1582530326290323730,2011,1582530326272542348,,0.0,0.0,0.0,0.0,0.0
1582530326335641897,2012,1582530326308150613,,0.0,0.0,0.0,0.0,0.0
1582530326365086672,2013,1582530326341514289,,0.0,0.0,0.0,0.0,0.0
1582530326407982175,2014,1582530326380389217,,0.0,0.0,0.0,0.0,0.0
1582530326439684040,2015,1582530326412484468,,0.0,0.0,0.0,0.0,0.0
1582530326471775159,2016,1582530326441119657,,0.0,0.0,0.0,0.0,0.0
1582530326498420348,2017,1582530326482398742,,0.0,0.0,0.0,0.0,0.0
1582530326529489538,2018,1582530326509719285,,0.0,0.0,0.0,0.0,0.0
1582530326583752098,2019,1582530326540290416,,0.0,0.0,0.0,0.0,0.0
1582530326608858605,2020,1582530326579378651,,0.0,0.0,0.0,0.0,0.0
1582530326645699217,2021,1582530326612674307,,0.0,0.0,0.0,0.0,0.0
1582530326681969524,2022,1582530326639695648,,0.0,0.0,0.0,0.0,0.0
1582530326698031873,2023,1582530326677783452,,0.0,0.0,0.0,0.0,0.0
1582530326743041554,2024,1582530326714066447,,0.0,0.0,0.0,0.0,0.0
1582530326776327667,2025,1582530326747708012,,0.0,0.0,0.0,0.0,0.0
1582530326816692306,2026,1582530326780350139,,0.0,0.0,0.0,0.0,0.0
1582530326849850261,2027,1582530326809179019,,0.0,0.0,0.0,0.0,0.0
1582530326876393464,2028,1582530326842997239,,0.0,0.0,0.0,0.0,0.0
1582530326914533420,2029,1582530326884640939,,0.0,0.0,0.0,0.0,0.0
1582530326962341569,2030,1582530326910790454,,0.0,0.0,0.0,0.0,0.0
1582530326984572899,2031,1582530326940662149,,0.0,0.0,0.0,0.0,0.0
1582530327002440469,2032,1582530326982876593,,0.0,0.0,0.0,0.0,0.0
1582530327034109456,2033,1582530327014429358,,0.0,0.0,0.0,0.0,0.0
1582530327069417456,2034,1582530327044080257,,0.0,0.0,0.0,0.0,0.0
1582530327108847297,2035,1582530327078854559,,0.0,0.0,0.0,0.0,0.0
1582530327146937077,2036,1582530327110114654,,0.0,0.0,0.0,0.0,0.0
1582530327185043300,2037,1582530327142940878,,0.0,0.0,0.0,0.0,0.0
1582530327199488970,2038,1582530327179245363,,0.0,0.0,0.0,0.0,0.0
1582530327231641475,2039,1582530327216549277,,0.0,0.0,0.0,0.0,0.0
1582530327278928320,2040,1582530327257700099,,0.0,0.0,0.0,0.0,0.0
1582530327311075797,2041,1582530327281172454,,0.0,0.0,0.0,0.0,0.0
1582530327337599863,2042,1582530327312190978,,0.0,0.0,0.0,0.0,0.0
1582530327367204841,2043,1582530327345119816,,0.0,0.0,0.0,0.0,0.0
1582530327404304134,2044,1582530327384532956,,0.0,0.0,0.0,0.0,0.0
1582530327452010771,2045,1582530327428593894,,0.0,0.0,0.0,0.0,0.0
1582530327530741656,2046,1582530327465561026,,0.0,0.0,0.0,0.0,0.0
1582530327547587819,2047,1582530327489524788,,0.0,0.0,0.0,0.0,0.0
1582530327569777136,2048,1582530327531276514,,0.0,0.0,0.0,0.0,0.0
1582530327599325549,2049,1582530327557884020,,0.0,0.0,0.0,0.0,0.0
1582530327627251434,2050,1582530327599850855,,0.0,0.0,0.0,0.0,0.0
1582530327654884392,2051,1582530327628496201,,0.0,0.0,0.0,0.0,0.0
1582530327684502323,2052,1582530327657873469,,0.0,0.0,0.0,0.0,0.0
1582530327703964631,2053,1582530327683679520,,0.0,0.0,0.0,0.0,0.0
1582530327732506666,2054,1582530327714894739,,0.0,0.0,0.0,0.0,0.0
1582530327763084584,2055,1582530327742125852,,0.0,0.0,0.0,0.0,0.0
1582530327797471810,2056,1582530327778852592,,0.0,0.0,0.0,0.0,0.0
1582530327843981129,2057,1582530327825831885,,0.0,0.0,0.0,0.0,0.0
1582530327877809507,2058,1582530327852393885,,0.0,0.0,0.0,0.0,0.0
1582530327898108998,2059,1582530327876818067,,0.0,0.0,0.0,0.0,0.0
1582530327938609475,2060,1582530327914135629,,0.0,0.0,0.0,0.0,0.0
1582530327982322779,2061,1582530327950559673,,0.0,0.0,0.0,0.0,0.0
1582530328010960798,2062,1582530327994463491,,0.0,0.0,0.0,0.0,0.0
1582530328034616166,2063,1582530328016524994,,0.0,0.0,0.0,0.0,0.0
1582530328065691167,2064,1582530328049952276,,0.0,0.0,0.0,0.0,0.0
1582530328109308980,2065,1582530328082029972,,0.0,0.0,0.0,0.0,0.0
1582530328180531108,2066,1582530328156433550,,0.0,0.0,0.0,0.0,0.0
1582530328213895273,2067,1582530328195177688,,0.0,0.0,0.0,0.0,0.0
1582530328237879828,2068,1582530328220745344,,0.0,0.0,0.0,0.0,0.0
1582530328262657578,2069,1582530328245598315,,0.0,0.0,0.0,0.0,0.0
1582530328292588095,2070,1582530328277060447,,0.0,0.0,0.0,0.0,0.0
1582530328340214291,2071,1582530328316886947,,0.0,0.0,0.0,0.0,0.0
1582530328383680776,2072,1582530328350585893,,0.0,0.0,0.0,0.0,0.0
1582530328408213442,2073,1582530328383954140,,0.0,0.0,0.0,0.0,0.0
1582530328429502359,2074,1582530328412991164,,0.0,0.0,0.0,0.0,0.0
