%time,field.header.seq,field.header.stamp,field.header.frame_id,field.value
1573009661008228658,3002,1573009660953839063,,80.0
1573009661114926798,3003,1573009661007734060,,80.0
1573009661168469210,3004,1573009661114105939,,80.0
1573009661222802248,3005,1573009661167851924,,80.0
1573009661277329433,3006,1573009661221802949,,80.0
1573009661332472259,3007,1573009661276639938,,80.0
1573009661386734323,3008,1573009661332083940,,80.0
1573009661439315520,3009,1573009661386003971,,80.0
1573009661494679020,3010,1573009661439172983,,80.0
1573009661595189352,3011,1573009661493935108,,80.0
1573009661649294234,3012,1573009661594836950,,80.0
1573009661704056981,3013,1573009661648888111,,80.0
1573009661758063738,3014,1573009661703382968,,80.0
1573009661811629000,3015,1573009661757208108,,80.0
1573009661866377705,3016,1573009661811207056,,80.0
1573009661919597194,3017,1573009661864905118,,80.0
1573009661972387977,3018,1573009661919066905,,80.0
1573009662076269683,3019,1573009661971812963,,80.0
1573009662128798911,3020,1573009662074963092,,80.0
1573009662182893413,3021,1573009662128249883,,80.0
1573009662236591295,3022,1573009662181910991,,80.0
1573009662289467026,3023,1573009662236267089,,80.0
1573009662343926030,3024,1573009662289105892,,80.0
1573009662396952137,3025,1573009662343751907,,80.0
1573009662452651144,3026,1573009662396657943,,80.0
1573009662505367660,3027,1573009662450740098,,80.0
1573009662560080103,3028,1573009662504735946,,80.0
1573009662611335207,3029,1573009662558703899,,80.0
1573009662664001912,3030,1573009662610836029,,80.0
1573009662718412418,3031,1573009662663959026,,80.0
1573009662772150856,3032,1573009662717833042,,80.0
1573009662875108969,3033,1573009662771941900,,80.0
1573009662926896965,3034,1573009662874680042,,80.0
1573009662980773479,3035,1573009662926306009,,80.0
1573009663034596655,3036,1573009662980180025,,80.0
1573009663089007354,3037,1573009663034032106,,80.0
1573009663142506558,3038,1573009663088217020,,80.0
1573009663196413494,3039,1573009663142168998,,80.0
1573009663251156302,3040,1573009663196075916,,80.0
1573009663354671928,3041,1573009663250433921,,80.0
1573009663408706726,3042,1573009663354238986,,80.0
1573009663462659398,3043,1573009663408289909,,80.0
1573009663516583260,3044,1573009663462304115,,80.0
1573009663570587024,3045,1573009663515888929,,80.0
1573009663624615879,3046,1573009663569349050,,80.0
1573009663678777404,3047,1573009663624202966,,80.0
1573009663730942559,3048,1573009663677720069,,80.0
1573009663785880467,3049,1573009663730693101,,80.0
1573009663890766147,3050,1573009663784631967,,80.0
1573009663945125516,3051,1573009663890549898,,80.0
1573009663999652575,3052,1573009663944569110,,80.0
1573009664053444856,3053,1573009663998687028,,80.0
1573009664107331372,3054,1573009664052736043,,80.0
1573009664162538849,3055,1573009664107579946,,80.0
1573009664213828752,3056,1573009664161314010,,80.0
1573009664265473876,3057,1573009664213462114,,80.0
1573009664316590441,3058,1573009664265134096,,80.0
1573009664420020597,3059,1573009664316284894,,80.0
1573009664473639508,3060,1573009664419337034,,80.0
1573009664528101254,3061,1573009664473143100,,80.0
1573009664581632774,3062,1573009664527321100,,80.0
1573009664685799752,3063,1573009664581386089,,80.0
1573009664740024008,3064,1573009664685061931,,80.0
1573009664793059865,3065,1573009664739034891,,80.0
1573009664847078087,3066,1573009664792584896,,80.0
1573009664902927405,3067,1573009664846860885,,80.0
1573009664956241270,3068,1573009664902215957,,80.0
1573009665010647564,3069,1573009664955883026,,80.0
1573009665064576731,3070,1573009665010128021,,80.0
1573009665169167327,3071,1573009665064028024,,80.0
1573009665224415080,3072,1573009665168751955,,80.0
1573009665278312732,3073,1573009665224092960,,80.0
1573009665333388256,3074,1573009665277879953,,80.0
1573009665387222471,3075,1573009665332995891,,80.0
1573009665440516810,3076,1573009665386511087,,80.0
1573009665494485547,3077,1573009665439930915,,80.0
1573009665550989971,3078,1573009665493931055,,80.0
1573009665654422752,3079,1573009665548985958,,80.0
1573009665708186851,3080,1573009665653528928,,80.0
1573009665761935206,3081,1573009665707221031,,80.0
1573009665816216086,3082,1573009665761079072,,80.0
1573009665921168799,3083,1573009665815380096,,80.0
1573009665972575173,3084,1573009665919471025,,80.0
1573009666023538228,3085,1573009665972295999,,80.0
1573009666077371962,3086,1573009666023161888,,80.0
1573009666131946790,3087,1573009666077080011,,80.0
1573009666184104061,3088,1573009666130690097,,80.0
1573009666238242393,3089,1573009666183640003,,80.0
1573009666292251101,3090,1573009666237497091,,80.0
1573009666345323079,3091,1573009666291609048,,80.0
1573009666448766009,3092,1573009666344145059,,80.0
1573009666502560152,3093,1573009666447932958,,80.0
1573009666554748528,3094,1573009666501883983,,80.0
1573009666656779822,3095,1573009666554434061,,80.0
1573009666711474715,3096,1573009666656426906,,80.0
1573009666764562528,3097,1573009666710227966,,80.0
1573009666818714343,3098,1573009666764290094,,80.0
1573009666871049063,3099,1573009666818075895,,80.0
1573009666925276329,3100,1573009666870923995,,80.0
1573009666979021768,3101,1573009666924575090,,80.0
1573009667031684595,3102,1573009666978487968,,80.0
1573009667084359323,3103,1573009667031075000,,80.0
1573009667137907902,3104,1573009667083784103,,80.0
1573009667242487713,3105,1573009667137557029,,80.0
1573009667296281069,3106,1573009667241720914,,80.0
1573009667349991297,3107,1573009667295727968,,80.0
1573009667403119581,3108,1573009667349229097,,80.0
1573009667458681130,3109,1573009667403496980,,80.0
1573009667513423940,3110,1573009667458909988,,80.0
1573009667567944319,3111,1573009667513307094,,80.0
1573009667621843810,3112,1573009667567275047,,80.0
1573009667677092549,3113,1573009667621145009,,80.0
1573009667981319511,3114,1573009667676269054,,80.0
1573009668034567043,3115,1573009667979918956,,80.0
1573009668088682579,3116,1573009668033586978,,80.0
1573009668144998622,3117,1573009668088186979,,80.0
1573009668199248743,3118,1573009668143273115,,80.0
1573009668253213412,3119,1573009668198540925,,80.0
1573009668307885233,3120,1573009668252382993,,80.0
1573009668363454712,3121,1573009668307303905,,80.0
1573009668470584164,3122,1573009668363372087,,80.0
1573009668521509296,3123,1573009668469960927,,80.0
1573009668575026706,3124,1573009668521107912,,80.0
1573009668629917732,3125,1573009668574995994,,80.0
1573009668683000576,3126,1573009668628530025,,80.0
1573009668736417555,3127,1573009668682277917,,79.8925018311
1573009668791835980,3128,1573009668736466884,,79.8925018311
1573009668844952598,3129,1573009668790292024,,79.8925018311
1573009668898968066,3130,1573009668844377994,,80.0
1573009669002081657,3131,1573009668898822069,,80.0
1573009669056228342,3132,1573009669001588106,,80.0
1573009669110435133,3133,1573009669055407047,,80.0
1573009669164246892,3134,1573009669108885049,,80.0
1573009669268419027,3135,1573009669162759065,,80.0
1573009669321538393,3136,1573009669266556024,,80.0
1573009669375477290,3137,1573009669320981979,,80.0
1573009669428998191,3138,1573009669374324083,,80.0
1573009669534300923,3139,1573009669428548097,,80.0
1573009669587284429,3140,1573009669532731056,,80.0
1573009669641104722,3141,1573009669586628913,,80.0
1573009669694315261,3142,1573009669640171051,,80.0
1573009669748369907,3143,1573009669693892955,,80.0
1573009669801881924,3144,1573009669747725009,,80.0
1573009669856117477,3145,1573009669801503896,,80.0
1573009669908789866,3146,1573009669854604959,,80.0
1573009669962989789,3147,1573009669908441066,,80.0
1573009670018058822,3148,1573009669963268041,,80.0
1573009670071726074,3149,1573009670017095088,,80.0
1573009670125281341,3150,1573009670070873975,,80.0
1573009670180449815,3151,1573009670124897956,,80.0
1573009670234044106,3152,1573009670179033041,,80.0
1573009670287165808,3153,1573009670233064889,,80.0
1573009670341569169,3154,1573009670287175893,,80.0
1573009670445578479,3155,1573009670340975046,,80.0
1573009670499223962,3156,1573009670444796085,,80.0
1573009670553024964,3157,1573009670498094081,,80.0
1573009670607397392,3158,1573009670552298069,,80.0
1573009670660519588,3159,1573009670605628967,,80.0
1573009670764528748,3160,1573009670659748077,,80.0
1573009670815753662,3161,1573009670763907909,,80.0
1573009670868058282,3162,1573009670815490007,,80.0
1573009670922393889,3163,1573009670867357015,,80.0
1573009670975393157,3164,1573009670921700000,,80.0
1573009671029335078,3165,1573009670974890947,,79.8936157227
1573009671085274901,3166,1573009671028691053,,79.8936157227
1573009671138703925,3167,1573009671084239006,,80.0
1573009671191400825,3168,1573009671137371063,,80.0
1573009671247098173,3169,1573009671191184043,,80.0
1573009671300786761,3170,1573009671246799945,,80.0
1573009671355051726,3171,1573009671300550937,,80.0
1573009671459121645,3172,1573009671354396104,,80.0
1573009671512840913,3173,1573009671458744049,,80.0
1573009671566877150,3174,1573009671512589931,,80.0
1573009671621902299,3175,1573009671566303014,,80.0
1573009671675119888,3176,1573009671620038986,,80.0
1573009671728955705,3177,1573009671674597024,,79.8908843994
1573009671783587870,3178,1573009671728105068,,79.8908843994
1573009671836485975,3179,1573009671782136917,,79.8908843994
1573009671890623402,3180,1573009671836282968,,79.8908843994
1573009671994830452,3181,1573009671890124082,,79.8908843994
1573009672047657522,3182,1573009671994201898,,79.6827316284
1573009672102029384,3183,1573009672047285079,,79.6827316284
1573009672155642861,3184,1573009672101233005,,79.6827316284
1573009672209552048,3185,1573009672155190944,,79.5748138428
1573009672264659887,3186,1573009672208811044,,79.5748138428
1573009672318517734,3187,1573009672264018058,,79.5748138428
1573009672372708924,3188,1573009672317923069,,79.5748138428
1573009672425486881,3189,1573009672372183084,,79.6833343506
1573009672479574416,3190,1573009672424993038,,79.6833343506
1573009672533464305,3191,1573009672478580951,,79.6833343506
1573009672587986891,3192,1573009672532721042,,79.6833343506
1573009672641672791,3193,1573009672586244106,,79.6833343506
1573009672745585945,3194,1573009672641208887,,79.6833343506
1573009672798971391,3195,1573009672744615077,,79.8901519775
1573009672852576420,3196,1573009672798149108,,79.8901519775
1573009672906525109,3197,1573009672852106094,,79.9980621338
1573009673010563181,3198,1573009672905481100,,79.9980621338
1573009673064067006,3199,1573009673009614944,,79.9980621338
1573009673117660680,3200,1573009673063252925,,79.9980621338
1573009673220881389,3201,1573009673117264032,,79.9980621338
1573009673274648176,3202,1573009673220282077,,79.9980697632
1573009673328757870,3203,1573009673274292945,,79.9980697632
1573009673382755566,3204,1573009673328265905,,79.9980697632
1573009673437331580,3205,1573009673382153034,,79.9980697632
1573009673491753669,3206,1573009673436595916,,79.9980697632
1573009673546207908,3207,1573009673491751909,,79.9980697632
1573009673600123549,3208,1573009673545509099,,79.9980697632
1573009673653873250,3209,1573009673599222898,,79.9980697632
1573009673758424410,3210,1573009673653249979,,79.9980697632
1573009673812261873,3211,1573009673757507085,,79.9980697632
1573009673865091766,3212,1573009673811810016,,79.9980697632
1573009673918882185,3213,1573009673864669084,,79.9980697632
1573009674023050131,3214,1573009673918893098,,79.9980697632
1573009674077713760,3215,1573009674022691011,,79.9980697632
1573009674131689084,3216,1573009674077124118,,79.9980697632
1573009674183803212,3217,1573009674131002902,,79.9980697632
1573009674286358063,3218,1573009674183099031,,79.9980697632
1573009674340729964,3219,1573009674285834074,,79.9980697632
1573009674393717270,3220,1573009674339168071,,79.9980697632
1573009674447646653,3221,1573009674393100023,,79.9980697632
1573009674551794961,3222,1573009674446887969,,79.9980697632
1573009674604949896,3223,1573009674551419019,,79.9980697632
1573009674658770816,3224,1573009674604264020,,79.8923797607
1573009674712549251,3225,1573009674658334970,,79.8923797607
1573009674765423112,3226,1573009674712174892,,79.8923797607
1573009674819094933,3227,1573009674764782905,,79.8923797607
1573009674872834492,3228,1573009674818480014,,79.8923797607
1573009674925666935,3229,1573009674872181892,,79.8923797607
1573009674979450399,3230,1573009674925051927,,79.7866439819
1573009675083624414,3231,1573009674978722095,,79.7866439819
1573009675137003523,3232,1573009675082920074,,79.7866439819
1573009675191704181,3233,1573009675136722087,,79.7866439819
1573009675245176521,3234,1573009675190829038,,79.7866439819
1573009675299091489,3235,1573009675244663953,,79.7866439819
1573009675353004003,3236,1573009675298523902,,79.7866439819
1573009675407052002,3237,1573009675352494001,,79.7866439819
1573009675461556443,3238,1573009675406322956,,79.7866439819
1573009675565819696,3239,1573009675461210966,,79.7866439819
1573009675619408546,3240,1573009675565206050,,79.7866439819
1573009675673703778,3241,1573009675618828058,,79.7866439819
1573009675726805670,3242,1573009675672844886,,79.7866439819
1573009675830862302,3243,1573009675726470947,,79.679397583
1573009675885043588,3244,1573009675830193996,,79.679397583
1573009675938853815,3245,1573009675883810043,,79.679397583
1573009675992746975,3246,1573009675938174009,,79.679397583
1573009676047618438,3247,1573009675992304086,,79.679397583
1573009676100530702,3248,1573009676046228885,,79.5715484619
1573009676154675160,3249,1573009676100208044,,79.4635925293
1573009676208459807,3250,1573009676153856039,,79.4635925293
1573009676262559128,3251,1573009676208148002,,79.3550033569
1573009676316531045,3252,1573009676262082099,,79.3550033569
1573009676370853326,3253,1573009676315783023,,79.3550033569
1573009676424857245,3254,1573009676370248079,,79.3550033569
1573009676480003245,3255,1573009676424191951,,79.3550109863
1573009676532713202,3256,1573009676478130102,,79.2471313477
1573009676587233715,3257,1573009676532243013,,79.2471313477
1573009676640852994,3258,1573009676586251020,,79.2471313477
1573009676693930322,3259,1573009676640388965,,79.2471313477
1573009676797580689,3260,1573009676693311929,,79.2471313477
1573009676851549453,3261,1573009676797267913,,79.2471313477
1573009676904441143,3262,1573009676850792884,,79.140083313
1573009676958523534,3263,1573009676903996944,,79.0336761475
1573009677062205851,3264,1573009676957895040,,78.9258804321
1573009677116581230,3265,1573009677061479091,,78.718711853
1573009677170243758,3266,1573009677115533113,,78.718711853
1573009677224385624,3267,1573009677170083999,,78.718711853
1573009677277977083,3268,1573009677223829984,,78.718711853
1573009677331820097,3269,1573009677277339935,,78.718711853
1573009677385967284,3270,1573009677331171035,,78.6110534668
1573009677439426368,3271,1573009677385154008,,78.6110534668
1573009677493899373,3272,1573009677439014911,,78.6110534668
1573009677545537279,3273,1573009677492957115,,78.5031661987
1573009677600425843,3274,1573009677545173883,,78.5031661987
1573009677652390106,3275,1573009677598547935,,78.5031661987
1573009677705046757,3276,1573009677651108980,,78.3980484009
1573009677758917594,3277,1573009677704807043,,78.2906494141
1573009677814129872,3278,1573009677758550882,,78.1831665039
1573009677865266691,3279,1573009677813848972,,78.1831665039
1573009677919228777,3280,1573009677865036964,,78.1831665039
1573009677972795637,3281,1573009677918591022,,78.0760574341
1573009678026859682,3282,1573009677972254037,,78.0760574341
1573009678080135573,3283,1573009678026124000,,77.9683151245
1573009678135230588,3284,1573009678079669952,,78.3966827393
1573009678186954842,3285,1573009678133618116,,80.0
1573009678240894593,3286,1573009678186619043,,80.0
1573009678344957246,3287,1573009678240591049,,80.0
1573009678398636990,3288,1573009678344165086,,80.0
1573009678452538022,3289,1573009678397871971,,80.0
1573009678506379310,3290,1573009678451834917,,80.0
1573009678560699785,3291,1573009678505693912,,80.0
1573009678615299581,3292,1573009678560111045,,78.9116592407
1573009678669638337,3293,1573009678614758968,,75.7420806885
1573009678723065281,3294,1573009678668822050,,71.0926513672
1573009678825596130,3295,1573009678722496986,,66.6913070679
1573009678879707057,3296,1573009678825387954,,60.9294128418
1573009678934119379,3297,1573009678879296064,,58.8809051514
1573009678987986710,3298,1573009678933285951,,58.5569648743
1573009679092188658,3299,1573009678987528085,,58.4484825134
1573009679146697326,3300,1573009679091589927,,58.4484825134
1573009679199580220,3301,1573009679145016908,,58.3416290283
1573009679254115344,3302,1573009679198497056,,58.2346687317
1573009679305977633,3303,1573009679253438949,,58.2346687317
1573009679359568737,3304,1573009679305422067,,58.2346687317
1573009679413573463,3305,1573009679359322071,,58.3424682617
1573009679468646955,3306,1573009679413265943,,58.3424682617
1573009679523460820,3307,1573009679468584060,,58.3424682617
1573009679628448417,3308,1573009679523025989,,58.3424720764
1573009679682733179,3309,1573009679627948999,,58.3424720764
1573009679736314291,3310,1573009679681849956,,58.3424720764
1573009679790250311,3311,1573009679735601902,,58.3424720764
1573009679844960519,3312,1573009679789362907,,58.4499931335
1573009679897580997,3313,1573009679843235015,,58.4499931335
1573009679951510282,3314,1573009679896991968,,58.4499931335
1573009680005911532,3315,1573009679950912952,,58.3421516418
1573009680109439548,3316,1573009680005294084,,58.3421516418
1573009680165403545,3317,1573009680109236001,,58.3421516418
1573009680219077815,3318,1573009680164665937,,58.3421516418
1573009680274082902,3319,1573009680218367099,,58.3421516418
1573009680327886168,3320,1573009680273648977,,58.3421554565
1573009680382011050,3321,1573009680327445983,,58.2345619202
1573009680436865153,3322,1573009680381145954,,58.1271591187
1573009680492944508,3323,1573009680436626911,,58.1271591187
1573009680548101562,3324,1573009680492163896,,58.1271629333
1573009680602630701,3325,1573009680547614097,,58.1271629333
1573009680657715865,3326,1573009680601830959,,58.1271629333
1573009680712701872,3327,1573009680657023906,,58.0167770386
1573009680766786053,3328,1573009680712208032,,58.0167770386
1573009680819421989,3329,1573009680766282081,,58.0167770386
1573009680873182479,3330,1573009680818934917,,58.0167770386
1573009680927286092,3331,1573009680872775077,,58.0167770386
1573009680981930049,3332,1573009680926758050,,58.1247444153
1573009681034955491,3333,1573009680980321884,,58.1247444153
1573009681087343019,3334,1573009681034218072,,58.1247444153
1573009681141617973,3335,1573009681086829900,,58.1247444153
1573009681195371437,3336,1573009681141036033,,58.1247444153
1573009681249449474,3337,1573009681194799900,,58.1247444153
1573009681303753195,3338,1573009681249329090,,58.1247444153
1573009681358071553,3339,1573009681303531885,,58.2331504822
1573009681410906826,3340,1573009681356951951,,58.2331504822
1573009681464417229,3341,1573009681410300970,,58.2331504822
1573009681516862228,3342,1573009681463727951,,58.1262969971
1573009681571268715,3343,1573009681516450881,,58.2317428589
1573009681623647061,3344,1573009681570523023,,58.2317428589
1573009681678076780,3345,1573009681623497009,,58.2317428589
1573009681781501367,3346,1573009681677272081,,58.2317428589
1573009681835936640,3347,1573009681780996084,,58.2317428589
1573009681889513139,3348,1573009681834491968,,58.2317428589
1573009681942586582,3349,1573009681888823032,,58.2317428589
1573009682046187486,3350,1573009681941410064,,58.2317466736
1573009682099760860,3351,1573009682045555114,,58.2317466736
1573009682153696754,3352,1573009682099160909,,58.3389587402
1573009682206339611,3353,1573009682152853965,,58.3389587402
1573009682261179480,3354,1573009682205626010,,58.3389587402
1573009682314729122,3355,1573009682260454893,,58.3389587402
1573009682368512458,3356,1573009682314304113,,58.3389587402
1573009682423560476,3357,1573009682368232011,,58.3389587402
1573009682477601707,3358,1573009682422868967,,58.4482307434
1573009682531730307,3359,1573009682476783990,,58.556060791
1573009682585444626,3360,1573009682531074047,,58.664642334
1573009682636575667,3361,1573009682584484100,,58.664642334
1573009682740338084,3362,1573009682636248111,,58.664642334
1573009682795123987,3363,1573009682739671945,,58.664642334
1573009682849633004,3364,1573009682794913053,,58.7751274109
1573009682903648962,3365,1573009682848807096,,59.098487854
1573009682957108563,3366,1573009682902451038,,59.2057762146
1573009683010881866,3367,1573009682956727027,,58.2288093567
1573009683064609621,3368,1573009683010045051,,56.3093605042
1573009683118027204,3369,1573009683063533067,,53.4210090637
1573009683173605903,3370,1573009683117660999,,49.6320533752
1573009683278644235,3371,1573009683172960042,,44.876335144
1573009683333821708,3372,1573009683278111934,,36.6744880676
1573009683388363784,3373,1573009683333539962,,32.0185317993
1573009683441622373,3374,1573009683387085914,,27.4135818481
1573009683495255945,3375,1573009683440968990,,22.5641040802
1573009683548545071,3376,1573009683494739055,,17.9398784637
1573009683601238953,3377,1573009683548010110,,14.3174476624
1573009683655424107,3378,1573009683600853919,,11.6752576828
1573009683759433129,3379,1573009683654969930,,10.0
1573009683812818491,3380,1573009683758766889,,10.0
1573009683866608718,3381,1573009683812201976,,10.0
1573009683919635501,3382,1573009683865952014,,10.0
1573009684023115386,3383,1573009683919111013,,10.0000009537
1573009684075679807,3384,1573009684022928953,,10.0000009537
1573009684129056898,3385,1573009684074911117,,10.0
1573009684182991194,3386,1573009684128905057,,10.0
1573009684237008711,3387,1573009684182818889,,10.0
1573009684291374079,3388,1573009684237086057,,10.0000009537
1573009684345299844,3389,1573009684290812015,,10.1074523926
1573009684399299252,3390,1573009684344738960,,10.1074523926
1573009684453554215,3391,1573009684398832082,,10.2156391144
1573009684505704408,3392,1573009684452635049,,10.2156391144
1573009684559186240,3393,1573009684505585908,,10.2156391144
1573009684612698006,3394,1573009684558336019,,10.2156400681
1573009684665677580,3395,1573009684612371921,,10.2156400681
1573009684771351967,3396,1573009684665067911,,10.2156400681
1573009684826207713,3397,1573009684770514011,,10.2156410217
1573009684880104691,3398,1573009684825045108,,10.1065788269
1573009684982414274,3399,1573009684879808902,,10.1065788269
1573009685036598610,3400,1573009684982001066,,10.1065797806
1573009685091353761,3401,1573009685035799026,,10.1065797806
1573009685144618212,3402,1573009685089685916,,10.1065797806
1573009685248212646,3403,1573009685143646001,,10.1065807343
1573009685302324189,3404,1573009685247390031,,10.1065807343
1573009685356704536,3405,1573009685301424980,,10.1065807343
1573009685410173816,3406,1573009685355201005,,10.1065816879
1573009685463872495,3407,1573009685409240961,,10.1065816879
1573009685519708905,3408,1573009685463319063,,10.1065816879
1573009685572683819,3409,1573009685519047975,,10.0
1573009685626241592,3410,1573009685571926116,,10.0
1573009685680750752,3411,1573009685625897884,,10.0000009537
1573009685785259454,3412,1573009685679460048,,10.0000009537
1573009685839184329,3413,1573009685784548044,,10.2101764679
1573009685893136558,3414,1573009685838395118,,10.2101774216
1573009685945530205,3415,1573009685892132043,,10.2101774216
1573009685998963876,3416,1573009685944720983,,10.2101774216
1573009686055302913,3417,1573009685998505115,,10.2101774216
1573009686108626226,3418,1573009686054656028,,10.2101783752
1573009686161939890,3419,1573009686107486009,,10.2101783752
1573009686216498284,3420,1573009686160851001,,10.2101783752
1573009686319322534,3421,1573009686214777946,,10.2101783752
1573009686374215723,3422,1573009686318492889,,10.2101793289
1573009686428065569,3423,1573009686373609066,,10.2101793289
1573009686532719756,3424,1573009686427637100,,10.2101793289
1573009686586039441,3425,1573009686531754970,,10.2101802826
1573009686640009810,3426,1573009686585572004,,10.2101802826
1573009686694421943,3427,1573009686639585018,,10.2101802826
1573009686744820140,3428,1573009686693108081,,10.2101812363
1573009686798988587,3429,1573009686744558095,,10.2101812363
1573009686853307951,3430,1573009686798489093,,10.2101812363
1573009686907059857,3431,1573009686852468013,,10.2101812363
1573009686961472067,3432,1573009686906630992,,10.2101821899
1573009687014739599,3433,1573009686959925889,,10.2101821899
1573009687068901288,3434,1573009687014231920,,10.3187942505
1573009687122724758,3435,1573009687068413972,,10.3187942505
1573009687177152121,3436,1573009687122715950,,10.3187942505
1573009687280928868,3437,1573009687176480054,,10.2112665176
1573009687335690197,3438,1573009687280462026,,10.2112674713
1573009687389344513,3439,1573009687334067106,,10.2112674713
1573009687443007314,3440,1573009687387598037,,10.2112674713
1573009687497090149,3441,1573009687442658901,,10.3213891983
1573009687551263685,3442,1573009687496802091,,10.4296760559
1573009687604644666,3443,1573009687550621032,,10.4296760559
1573009687659879527,3444,1573009687604115962,,10.857635498
1573009687712939061,3445,1573009687659729003,,12.3035745621
1573009687818056149,3446,1573009687712860107,,14.7476053238
1573009687870665568,3447,1573009687816370010,,22.4073371887
1573009687923970869,3448,1573009687870238065,,27.6864070892
1573009687978163738,3449,1573009687923661947,,33.8835792542
1573009688032256516,3450,1573009687977385997,,41.0825996399
1573009688087198948,3451,1573009688032947063,,49.5278816223
1573009688141483487,3452,1573009688086955070,,58.8172607422
1573009688194757457,3453,1573009688140463113,,68.9837875366
1573009688300347009,3454,1573009688194397926,,79.6628799438
1573009688353170678,3455,1573009688298823118,,80.0
1573009688407172114,3456,1573009688352596044,,80.0
1573009688460694393,3457,1573009688406081914,,80.0
1573009688514905966,3458,1573009688460206985,,80.0
1573009688570033645,3459,1573009688515149116,,80.0
1573009688623180123,3460,1573009688568842887,,80.0
1573009688678693980,3461,1573009688622651100,,80.0
1573009688784579380,3462,1573009688678189992,,80.0
1573009688838702925,3463,1573009688783938884,,80.0
1573009688893149305,3464,1573009688838083028,,80.0
1573009688945960567,3465,1573009688891607046,,80.0
1573009689001040422,3466,1573009688945462942,,80.0
1573009689055269719,3467,1573009689000499010,,80.0
1573009689108709603,3468,1573009689054568052,,80.0
1573009689162880954,3469,1573009689108417987,,80.0
1573009689267727620,3470,1573009689161874055,,80.0
1573009689320489322,3471,1573009689267117977,,80.0
1573009689374533750,3472,1573009689319859981,,80.0
1573009689428717076,3473,1573009689373727083,,80.0
1573009689532198381,3474,1573009689427905082,,80.0
1573009689586403682,3475,1573009689531819105,,80.0
1573009689640278698,3476,1573009689586221933,,80.0
1573009689693565904,3477,1573009689639755964,,80.0
1573009689746829051,3478,1573009689692121028,,80.0
1573009689803155253,3479,1573009689747740030,,80.0
1573009689857453477,3480,1573009689802530050,,80.0
1573009689911279865,3481,1573009689856842041,,80.0
1573009690013856243,3482,1573009689910559892,,80.0
1573009690068262279,3483,1573009690013240098,,80.0
1573009690121025832,3484,1573009690066726922,,80.0
1573009690173273967,3485,1573009690120582103,,80.0
1573009690227313853,3486,1573009690172681093,,80.0
1573009690281077133,3487,1573009690226272106,,80.0
1573009690335311775,3488,1573009690280538082,,80.0
1573009690388541767,3489,1573009690333688974,,80.0
1573009690442169270,3490,1573009690388031959,,80.0
1573009690495264770,3491,1573009690441627025,,80.0
1573009690550309991,3492,1573009690495630979,,80.0
1573009690605417781,3493,1573009690549684047,,80.0
1573009690658679663,3494,1573009690603934049,,80.0
1573009690713207080,3495,1573009690658339977,,80.0
1573009690766438726,3496,1573009690711632966,,80.0
1573009690820678513,3497,1573009690765664100,,80.0
1573009690874424283,3498,1573009690819917917,,80.0
1573009690928573369,3499,1573009690873986959,,80.0
1573009690980894018,3500,1573009690928244113,,80.0
1573009691034715139,3501,1573009690980146884,,80.0
1573009691088583406,3502,1573009691034094095,,80.0
1573009691143089763,3503,1573009691088323116,,80.0
1573009691194834556,3504,1573009691142263889,,80.0
1573009691247727116,3505,1573009691194329023,,80.0
1573009691301359296,3506,1573009691247303962,,80.0
1573009691355506472,3507,1573009691301048040,,80.0
1573009691409514021,3508,1573009691355003118,,80.0
1573009691463007958,3509,1573009691408940076,,80.0
1573009691517197336,3510,1573009691463846921,,80.0
1573009691570667464,3511,1573009691516609907,,80.0
1573009691624497256,3512,1573009691570055007,,80.0
1573009691729547689,3513,1573009691624157905,,80.0
1573009691783834007,3514,1573009691729165077,,80.0
1573009691837946213,3515,1573009691783205986,,80.0
1573009691891992300,3516,1573009691836316108,,80.0
1573009691946485719,3517,1573009691891357898,,80.0
1573009691998971306,3518,1573009691945228099,,80.0
1573009692053715042,3519,1573009691998910903,,80.0
1573009692107724396,3520,1573009692052994966,,80.0
1573009692212959991,3521,1573009692107297897,,80.0
1573009692267105455,3522,1573009692212399959,,80.0
1573009692621187180,3523,1573009692266472101,,80.0
1573009692675637292,3524,1573009692620985031,,80.0
1573009692729481885,3525,1573009692675201892,,80.0
1573009692781079698,3526,1573009692729032039,,80.0
1573009692831855036,3527,1573009692780761003,,80.0
1573009692888025675,3528,1573009692831753969,,80.0
1573009692941853432,3529,1573009692887413978,,80.0
1573009692994691430,3530,1573009692941215038,,80.0
1573009693048194978,3531,1573009692994234085,,80.0
1573009693102714047,3532,1573009693048198938,,80.0
