%time,field.header.seq,field.header.stamp,field.header.frame_id,field.speed,field.vx,field.vy,field.vz
1573009554916892691,1242,1573009554862970113,,0.0,-0.0,9.99999974738e-06,-0.0
1573009554971504143,1243,1573009554917134046,,0.0,0.0,-9.99999974738e-06,-0.0
1573009555025245675,1244,1573009554971163988,,0.0,9.99999974738e-06,-1.99999994948e-05,-9.99999974738e-06
1573009555079409388,1245,1573009555024960994,,0.0,0.0,-0.0,-0.0
1573009555183677442,1246,1573009555079077005,,0.0,-9.99999974738e-06,-1.99999994948e-05,-0.0
1573009555237310082,1247,1573009555183022022,,0.0,-0.0,9.99999974738e-06,9.99999974738e-06
1573009555292243759,1248,1573009555237524986,,0.0,-0.0,-0.0,-0.0
1573009555394297403,1249,1573009555291462898,,0.0,-1.99999994948e-05,0.0,9.99999974738e-06
1573009555448745852,1250,1573009555394609928,,0.0,-9.99999974738e-06,1.99999994948e-05,9.99999974738e-06
1573009555503314487,1251,1573009555448023080,,0.0,9.99999974738e-06,9.99999974738e-06,-0.0
1573009555559148159,1252,1573009555503331899,,0.0,0.0,-1.99999994948e-05,0.0
1573009555612730054,1253,1573009555558130025,,0.0,-0.0,-0.0,0.0
1573009555665931527,1254,1573009555612072944,,0.0,-9.99999974738e-06,1.99999994948e-05,9.99999974738e-06
1573009555720442389,1255,1573009555665793895,,0.0,-0.0,9.99999974738e-06,0.0
1573009555774271773,1256,1573009555719660043,,0.0,-0.0,2.99999992421e-05,9.99999974738e-06
1573009555877671752,1257,1573009555773513078,,0.0,9.99999974738e-06,-0.0,-9.99999974738e-06
1573009555931481069,1258,1573009555877504110,,0.0,0.0,-9.99999974738e-06,0.0
1573009555986458692,1259,1573009555931504011,,0.0,1.99999994948e-05,-9.99999974738e-06,-9.99999974738e-06
1573009556040528138,1260,1573009555985928058,,0.0,-0.0,0.0,0.0
1573009556094102602,1261,1573009556040064096,,0.0,-9.99999974738e-06,-0.0,9.99999974738e-06
1573009556147352115,1262,1573009556094252109,,0.0,9.99999974738e-06,0.0,-0.0
1573009556200923983,1263,1573009556147090911,,0.0,-0.0,9.99999974738e-06,0.0
1573009556254813273,1264,1573009556200949907,,0.0,9.99999974738e-06,-9.99999974738e-06,-9.99999974738e-06
1573009556310012922,1265,1573009556254832029,,0.0,-0.0,-9.99999974738e-06,0.0
1573009556363959089,1266,1573009556309345960,,0.0,-0.0,-1.99999994948e-05,-0.0
1573009556418476027,1267,1573009556364144086,,0.0,0.0,9.99999974738e-06,-0.0
1573009556471421928,1268,1573009556417404890,,0.0,-0.0,-0.0,-0.0
1573009556525931030,1269,1573009556471700906,,0.0,-0.0,-0.0,0.0
1573009556630787235,1270,1573009556525240898,,0.0,0.0,-2.99999992421e-05,-0.0
1573009556684759606,1271,1573009556630654096,,0.0,-0.0,-9.99999974738e-06,-9.99999974738e-06
1573009556738818129,1272,1573009556684694051,,0.0,0.0,-0.0,-0.0
1573009556792300194,1273,1573009556738415002,,0.0,9.99999974738e-06,-9.99999974738e-06,-9.99999974738e-06
1573009556846133782,1274,1573009556792068958,,0.0,0.0,0.0,-0.0
1573009556898644325,1275,1573009556846107959,,0.0,0.0,9.99999974738e-06,-9.99999974738e-06
1573009556949804041,1276,1573009556898459911,,0.0,9.99999974738e-06,9.99999974738e-06,-0.0
1573009557004217980,1277,1573009556949646949,,0.0,-9.99999974738e-06,0.0,9.99999974738e-06
1573009557058277931,1278,1573009557003451108,,0.0,0.0,9.99999974738e-06,-0.0
1573009557161068146,1279,1573009557057336091,,0.0,0.0,1.99999994948e-05,-0.0
1573009557214642163,1280,1573009557161232948,,0.0,0.0,1.99999994948e-05,0.0
1573009557269239528,1281,1573009557214044094,,0.0,0.0,9.99999974738e-06,0.0
1573009557323242586,1282,1573009557268613100,,0.0,-0.0,-1.99999994948e-05,0.0
1573009557377141860,1283,1573009557322464942,,0.0,-1.99999994948e-05,-9.99999974738e-06,9.99999974738e-06
1573009557430307737,1284,1573009557376363039,,0.0,-9.99999974738e-06,-0.0,0.0
1573009557485139370,1285,1573009557430483102,,0.0,-9.99999974738e-06,-1.99999994948e-05,9.99999974738e-06
1573009557538709919,1286,1573009557484371900,,0.0,0.0,0.0,0.0
1573009557593547567,1287,1573009557539009094,,0.0,-0.0,-1.99999994948e-05,-0.0
1573009557648917941,1288,1573009557592948913,,0.0,0.0,-1.99999994948e-05,-0.0
1573009557701135705,1289,1573009557647454977,,0.0,0.0,-2.99999992421e-05,-9.99999974738e-06
1573009557756256275,1290,1573009557701390981,,0.0,-0.0,-1.99999994948e-05,-0.0
1573009557808475970,1291,1573009557755553007,,0.0,-0.0,-1.99999994948e-05,-0.0
1573009557912846622,1292,1573009557808358907,,0.0,9.99999974738e-06,1.99999994948e-05,-0.0
1573009557966144282,1293,1573009557912415981,,0.0,0.0,0.0,0.0
1573009558020887535,1294,1573009557966270923,,0.0,9.99999974738e-06,-0.0,-0.0
1573009558074297011,1295,1573009558020448923,,0.0,9.99999974738e-06,1.99999994948e-05,-0.0
1573009558127256385,1296,1573009558074281930,,0.0,9.99999974738e-06,-9.99999974738e-06,-9.99999974738e-06
1573009558179190982,1297,1573009558126851081,,0.0,0.0,-0.0,0.0
1573009558232919028,1298,1573009558178730964,,0.0,-0.0,2.99999992421e-05,0.0
1573009558288332574,1299,1573009558232419013,,0.0,-9.99999974738e-06,1.99999994948e-05,0.0
1573009558343312232,1300,1573009558287700891,,0.0,0.0,0.0,0.0
1573009558447630249,1301,1573009558342406988,,0.0,0.0,0.0,-0.0
1573009558502386389,1302,1573009558446647882,,0.0,-9.99999974738e-06,0.0,0.0
1573009558556569265,1303,1573009558501645088,,0.0,9.99999974738e-06,9.99999974738e-06,-0.0
1573009558661399897,1304,1573009558555901050,,0.0,0.0,-9.99999974738e-06,-0.0
1573009558716115579,1305,1573009558661077022,,0.0,-0.0,-1.99999994948e-05,-0.0
1573009558769866939,1306,1573009558715374946,,0.0,-9.99999974738e-06,0.0,0.0
1573009558823711555,1307,1573009558769217967,,0.0,0.0,0.0,-0.0
1573009558878002551,1308,1573009558823968887,,0.0,9.99999974738e-06,-3.99999989895e-05,-9.99999974738e-06
1573009558930881470,1309,1573009558877888917,,0.0,-0.0,-2.99999992421e-05,-0.0
1573009558983348767,1310,1573009558930532932,,0.0,0.0,2.99999992421e-05,0.0
1573009559037288739,1311,1573009558983402013,,0.0,-0.0,9.99999974738e-06,9.99999974738e-06
1573009559091625511,1312,1573009559037210941,,0.0,-9.99999974738e-06,1.99999994948e-05,0.0
1573009559195353139,1313,1573009559091007947,,0.0,-0.0,-1.99999994948e-05,-0.0
1573009559249403901,1314,1573009559194727897,,0.0,-0.0,9.99999974738e-06,0.0
1573009559301425868,1315,1573009559248752117,,0.0,1.99999994948e-05,9.99999974738e-06,-9.99999974738e-06
1573009559355683400,1316,1573009559300956010,,0.0,0.0,0.0,0.0
1573009559411303778,1317,1573009559355108022,,0.0,-9.99999974738e-06,-9.99999974738e-06,0.0
1573009559465724092,1318,1573009559411422014,,9.99999974738e-05,-0.0,4.99999987369e-05,0.0
1573009559519082242,1319,1573009559465116977,,0.0,-0.0,2.99999992421e-05,0.0
1573009559573098513,1320,1573009559519198894,,0.0,-0.0,-9.99999974738e-06,0.0
1573009559677352220,1321,1573009559573466062,,0.0,0.0,9.99999974738e-06,0.0
1573009559730535185,1322,1573009559677249908,,0.0,9.99999974738e-06,-9.99999974738e-06,-0.0
1573009559783678940,1323,1573009559730571985,,0.0,0.0,1.99999994948e-05,0.0
1573009559837642572,1324,1573009559783418893,,0.0,9.99999974738e-06,-9.99999974738e-06,-0.0
1573009559892413833,1325,1573009559837016105,,0.0,-9.99999974738e-06,9.99999974738e-06,9.99999974738e-06
1573009559946259162,1326,1573009559892422914,,0.0,-0.0,-0.0,0.0
1573009559999858924,1327,1573009559945725917,,0.0,0.0,-9.99999974738e-06,-0.0
1573009560053842591,1328,1573009559999505996,,0.0,-0.0,-1.99999994948e-05,-0.0
1573009560158985948,1329,1573009560053584098,,0.0,-0.0,0.0,-0.0
1573009560212468788,1330,1573009560158557891,,0.0,9.99999974738e-06,-9.99999974738e-06,-9.99999974738e-06
1573009560266877207,1331,1573009560212014913,,0.0,-9.99999974738e-06,-9.99999974738e-06,0.0
1573009560320440065,1332,1573009560266279935,,0.0,0.0,-0.0,-0.0
1573009560373868645,1333,1573009560320008039,,0.0,-9.99999974738e-06,-9.99999974738e-06,0.0
1573009560427050789,1334,1573009560374007940,,0.0,-0.0,9.99999974738e-06,-0.0
1573009560481370850,1335,1573009560426666975,,0.0,9.99999974738e-06,-9.99999974738e-06,-9.99999974738e-06
1573009560534443490,1336,1573009560480631113,,0.0,9.99999974738e-06,-0.0,-9.99999974738e-06
1573009560638275946,1337,1573009560533984899,,0.0,0.0,9.99999974738e-06,0.0
1573009560691911004,1338,1573009560638848066,,0.0,0.0,0.0,0.0
1573009560744999956,1339,1573009560691603899,,0.0,0.0,9.99999974738e-06,0.0
1573009560799076346,1340,1573009560744903087,,0.0,-9.99999974738e-06,-9.99999974738e-06,-0.0
1573009560853027370,1341,1573009560798789978,,0.0,1.99999994948e-05,9.99999974738e-06,-9.99999974738e-06
1573009560906490674,1342,1573009560852582931,,0.0,-0.0,-2.99999992421e-05,-9.99999974738e-06
1573009560960774983,1343,1573009560906542062,,0.0,9.99999974738e-06,9.99999974738e-06,0.0
1573009561014461853,1344,1573009560959959030,,0.0,-0.0,-1.99999994948e-05,0.0
1573009561067278875,1345,1573009561013534069,,0.0,-9.99999974738e-06,1.99999994948e-05,0.0
1573009561170667289,1346,1573009561067369937,,0.0,-1.99999994948e-05,9.99999974738e-06,9.99999974738e-06
1573009561224314841,1347,1573009561170200109,,0.0,0.0,-9.99999974738e-06,-0.0
1573009561276880195,1348,1573009561223912000,,0.0,0.0,-9.99999974738e-06,-0.0
1573009561329691802,1349,1573009561276761054,,0.0,-0.0,-9.99999974738e-06,0.0
1573009561434212611,1350,1573009561329632043,,0.0,-9.99999974738e-06,1.99999994948e-05,9.99999974738e-06
1573009561487648437,1351,1573009561433783054,,0.0,-9.99999974738e-06,-9.99999974738e-06,0.0
1573009561542095531,1352,1573009561487721920,,0.0,-0.0,1.99999994948e-05,9.99999974738e-06
1573009561595599493,1353,1573009561541371107,,0.0,0.0,9.99999974738e-06,-0.0
1573009561649702181,1354,1573009561595273017,,0.0,-9.99999974738e-06,2.99999992421e-05,9.99999974738e-06
1573009561703069555,1355,1573009561649192094,,0.0,9.99999974738e-06,-9.99999974738e-06,-9.99999974738e-06
1573009561757829375,1356,1573009561703103065,,0.0,9.99999974738e-06,-9.99999974738e-06,-9.99999974738e-06
1573009561811206307,1357,1573009561756737947,,0.0,9.99999974738e-06,9.99999974738e-06,-9.99999974738e-06
1573009561915126344,1358,1573009561810661077,,0.0,0.0,9.99999974738e-06,0.0
1573009561968128755,1359,1573009561914464950,,0.0,0.0,-0.0,-0.0
1573009562372805665,1360,1573009561968385934,,0.0,0.0,9.99999974738e-06,0.0
1573009562426813667,1361,1573009562372240066,,0.0,1.99999994948e-05,0.0,-0.0
1573009562482016085,1362,1573009562426101922,,9.99999974738e-05,0.000119999996969,-9.99999974738e-06,9.99999974738e-06
1573009562534294445,1363,1573009562481287002,,0.000600000028498,0.000119999996969,4.99999987369e-05,0.000560000014957
1573009562588267554,1364,1573009562534008979,,0.001200000057,9.00000013644e-05,1.99999994948e-05,0.00115999998525
1573009562643233778,1365,1573009562588392019,,0.00179999996908,3.99999989895e-05,2.99999992421e-05,0.00178000004962
1573009562697091251,1366,1573009562642333984,,0.00240000011399,2.99999992421e-05,1.99999994948e-05,0.00236999988556
1573009562749974113,1367,1573009562696482896,,0.00289999996312,2.99999992421e-05,9.99999974738e-06,0.00292999995872
1573009562853725539,1368,1573009562749289989,,0.00350000010803,4.99999987369e-05,-1.99999994948e-05,0.00349000003189
1573009562906730883,1369,1573009562853070974,,0.00460000010207,4.99999987369e-05,-0.0,0.00461000017822
1573009562960876635,1370,1573009562907020092,,0.00520000001416,2.99999992421e-05,-1.99999994948e-05,0.00518999993801
1573009563015143954,1371,1573009562960982084,,0.00920000020415,2.99999992421e-05,-9.99999974738e-06,0.00920000020415
1573009563068840108,1372,1573009563014780998,,0.00999999977648,-9.00000013644e-05,0.0,0.0100400000811
1573009563123150003,1373,1573009563068552017,,0.0100999996066,-9.99999974738e-05,-9.00000013644e-05,0.0100999996066
1573009563176278489,1374,1573009563122356891,,0.0100999996066,-7.9999997979e-05,-9.00000013644e-05,0.0100499996915
1573009563230095115,1375,1573009563176353931,,0.00999999977648,0.0,-5.99999984843e-05,0.00996000040323
1573009563284468673,1376,1573009563230083942,,0.00999999977648,1.99999994948e-05,-5.99999984843e-05,0.00997000001371
1573009563337834044,1377,1573009563283617019,,0.00999999977648,3.99999989895e-05,0.0,0.009990000166
1573009563392297726,1378,1573009563337717056,,0.00999999977648,-3.99999989895e-05,9.99999974738e-06,0.0100199999288
1573009563445092813,1379,1573009563391381025,,0.00989999994636,-1.99999994948e-05,9.99999974738e-06,0.00994999986142
1573009563499328151,1380,1573009563444638967,,0.00989999994636,5.99999984843e-05,1.99999994948e-05,0.00989999994636
1573009563554478246,1381,1573009563498317003,,0.00989999994636,0.000110000000859,9.99999974738e-06,0.00987999979407
1573009563608727199,1382,1573009563554620981,,0.00989999994636,3.99999989895e-05,9.99999974738e-06,0.00994000025094
1573009563662290768,1383,1573009563608360052,,0.00989999994636,9.99999974738e-06,-0.0,0.00992999970913
1573009563716797910,1384,1573009563661842107,,0.00989999994636,3.99999989895e-05,9.99999974738e-06,0.00992000009865
1573009563819692647,1385,1573009563715997934,,0.00999999977648,1.99999994948e-05,1.99999994948e-05,0.00999999977648
1573009563873984748,1386,1573009563819839000,,0.00989999994636,7.00000018696e-05,1.99999994948e-05,0.00994000025094
1573009563928792063,1387,1573009563874166965,,0.00999999977648,4.99999987369e-05,-2.99999992421e-05,0.00994999986142
1573009563981978574,1388,1573009563928112983,,0.00989999994636,9.99999974738e-05,0.0,0.00989999994636
1573009564038580237,1389,1573009563982036113,,0.00999999977648,0.000110000000859,-2.99999992421e-05,0.00996000040323
1573009564091780213,1390,1573009564037790060,,0.00999999977648,4.99999987369e-05,-9.99999974738e-06,0.0100199999288
1573009564145603833,1391,1573009564091464042,,0.00999999977648,-2.99999992421e-05,-1.99999994948e-05,0.0100299995393
1573009564198896435,1392,1573009564145006895,,0.00999999977648,-2.99999992421e-05,9.99999974738e-06,0.0100299995393
1573009564303533844,1393,1573009564198879957,,0.00999999977648,5.99999984843e-05,-9.99999974738e-06,0.0100100003183
1573009564357987816,1394,1573009564302879095,,0.00989999994636,0.000110000000859,9.99999974738e-06,0.00994000025094
1573009564411221960,1395,1573009564357902050,,0.00989999994636,9.00000013644e-05,-0.0,0.00994000025094
1573009564465613309,1396,1573009564410758972,,0.00989999994636,4.99999987369e-05,-9.99999974738e-06,0.00990999955684
1573009564569063771,1397,1573009564464749097,,0.00999999977648,3.99999989895e-05,3.99999989895e-05,0.00997000001371
1573009564623432086,1398,1573009564569211006,,0.00999999977648,2.99999992421e-05,-9.99999974738e-06,0.0100100003183
1573009564677283824,1399,1573009564622706890,,0.00999999977648,1.99999994948e-05,9.99999974738e-06,0.00994999986142
1573009564730946228,1400,1573009564676578044,,0.00989999994636,4.99999987369e-05,0.0,0.00992000009865
1573009564834502600,1401,1573009564730454921,,0.00989999994636,0.000110000000859,-1.99999994948e-05,0.00994000025094
1573009564888056143,1402,1573009564833843946,,0.00999999977648,5.99999984843e-05,-9.99999974738e-06,0.00994999986142
1573009564942100517,1403,1573009564887597084,,0.00999999977648,0.0,9.99999974738e-06,0.009990000166
1573009565045888276,1404,1573009564941469907,,0.00999999977648,-9.99999974738e-06,-1.99999994948e-05,0.009990000166
1573009565099417191,1405,1573009565045320987,,0.00989999994636,1.99999994948e-05,-1.99999994948e-05,0.00992999970913
1573009565152225087,1406,1573009565099162101,,0.00999999977648,9.99999974738e-06,-9.99999974738e-06,0.009990000166
1573009565206824014,1407,1573009565152386903,,0.00999999977648,2.99999992421e-05,-4.99999987369e-05,0.00996000040323
1573009565259988386,1408,1573009565206125020,,0.00999999977648,3.99999989895e-05,9.99999974738e-06,0.00994999986142
1573009565315217616,1409,1573009565260057926,,0.00999999977648,0.0,-9.99999974738e-06,0.0100100003183
1573009565368696397,1410,1573009565315294981,,0.00999999977648,-2.99999992421e-05,-9.99999974738e-06,0.0100299995393
1573009565423465450,1411,1573009565369007110,,0.00999999977648,-2.99999992421e-05,-9.99999974738e-06,0.00999999977648
1573009565526730476,1412,1573009565422879934,,0.00989999994636,7.00000018696e-05,-3.99999989895e-05,0.00990999955684
1573009565580634923,1413,1573009565526885986,,0.00989999994636,7.9999997979e-05,-3.99999989895e-05,0.00992999970913
1573009565634694372,1414,1573009565580588102,,0.00999999977648,9.99999974738e-06,-9.99999974738e-06,0.00999999977648
1573009565688975760,1415,1573009565634833097,,0.00999999977648,-9.99999974738e-06,9.99999974738e-06,0.0100400000811
1573009565743065480,1416,1573009565688627958,,0.00999999977648,2.99999992421e-05,2.99999992421e-05,0.0100400000811
1573009565795725369,1417,1573009565742621898,,0.00999999977648,2.99999992421e-05,1.99999994948e-05,0.009990000166
1573009565850040095,1418,1573009565795769929,,0.00999999977648,1.99999994948e-05,1.99999994948e-05,0.00999999977648
1573009565903983984,1419,1573009565849342107,,0.00989999994636,7.00000018696e-05,-9.99999974738e-06,0.00994000025094
1573009565957155856,1420,1573009565903260946,,0.00989999994636,0.000110000000859,-1.99999994948e-05,0.00987999979407
1573009566061312148,1421,1573009565957151889,,0.00989999994636,9.00000013644e-05,1.99999994948e-05,0.00990999955684
1573009566115239497,1422,1573009566060908079,,0.00999999977648,-3.99999989895e-05,1.99999994948e-05,0.0100400000811
1573009566168916164,1423,1573009566114620923,,0.00999999977648,-4.99999987369e-05,0.0,0.0100400000811
1573009566222195839,1424,1573009566168415069,,0.00999999977648,2.99999992421e-05,9.99999974738e-06,0.00999999977648
1573009566279547246,1425,1573009566222311973,,0.00999999977648,5.99999984843e-05,-3.99999989895e-05,0.00997000001371
1573009566332012756,1426,1573009566277708053,,0.00999999977648,-0.0,-2.99999992421e-05,0.00997000001371
1573009566385860187,1427,1573009566331372022,,0.00999999977648,-9.99999974738e-06,-2.99999992421e-05,0.00996000040323
1573009566439811695,1428,1573009566385658025,,0.00999999977648,-0.0,-4.99999987369e-05,0.00997000001371
1573009566493911453,1429,1573009566439929008,,0.00999999977648,-1.99999994948e-05,1.99999994948e-05,0.00999999977648
1573009566548186515,1430,1573009566493709087,,0.0100999996066,-7.00000018696e-05,1.99999994948e-05,0.0100800003856
1573009566601491923,1431,1573009566547576904,,0.0100999996066,-9.00000013644e-05,1.99999994948e-05,0.0100699998438
1573009566653165039,1432,1573009566601629972,,0.00999999977648,2.99999992421e-05,-1.99999994948e-05,0.009990000166
1573009566707433491,1433,1573009566652975082,,0.00999999977648,7.00000018696e-05,1.99999994948e-05,0.00997000001371
1573009566811256856,1434,1573009566706760883,,0.00989999994636,2.99999992421e-05,-2.99999992421e-05,0.00992000009865
1573009566865980936,1435,1573009566810497999,,0.00999999977648,-3.99999989895e-05,3.99999989895e-05,0.0100199999288
1573009566919762989,1436,1573009566865185976,,0.00999999977648,1.99999994948e-05,9.99999974738e-06,0.00994999986142
1573009566972024829,1437,1573009566918628931,,0.00999999977648,2.99999992421e-05,1.99999994948e-05,0.0100299995393
1573009567076199238,1438,1573009566971535921,,0.00999999977648,3.99999989895e-05,9.99999974738e-06,0.009990000166
1573009567129986369,1439,1573009567075417041,,0.00999999977648,9.99999974738e-06,-2.99999992421e-05,0.00999999977648
1573009567183635600,1440,1573009567129317045,,0.00989999994636,7.9999997979e-05,-2.99999992421e-05,0.00994000025094
1573009567237479025,1441,1573009567182715892,,0.00989999994636,7.00000018696e-05,-4.99999987369e-05,0.00994000025094
1573009567289495107,1442,1573009567236932992,,0.00999999977648,2.99999992421e-05,2.99999992421e-05,0.009990000166
1573009567343792932,1443,1573009567289194107,,0.00989999994636,-1.99999994948e-05,-9.99999974738e-06,0.00994999986142
1573009567398055922,1444,1573009567343730926,,0.00999999977648,-9.99999974738e-06,1.99999994948e-05,0.0100199999288
1573009567451958811,1445,1573009567397706031,,0.00999999977648,4.99999987369e-05,-9.99999974738e-06,0.00997000001371
1573009567506854594,1446,1573009567451675891,,0.00999999977648,1.99999994948e-05,-3.99999989895e-05,0.00997999962419
1573009567559789780,1447,1573009567506071090,,0.00989999994636,-9.99999974738e-06,-1.99999994948e-05,0.00994999986142
1573009567614471477,1448,1573009567560076951,,0.00999999977648,-3.99999989895e-05,-9.99999974738e-06,0.00997999962419
1573009567667114506,1449,1573009567614120006,,0.00999999977648,-9.99999974738e-06,1.99999994948e-05,0.0100100003183
1573009567720820727,1450,1573009567667110919,,0.00999999977648,-3.99999989895e-05,2.99999992421e-05,0.0100400000811
1573009567776242351,1451,1573009567720933914,,0.0100999996066,-5.99999984843e-05,4.99999987369e-05,0.0100600002334
1573009567830602469,1452,1573009567775176048,,0.00999999977648,-3.99999989895e-05,9.99999974738e-06,0.0100199999288
1573009567885135089,1453,1573009567830111026,,0.00999999977648,1.99999994948e-05,-0.0,0.0100400000811
1573009567939680833,1454,1573009567885278940,,0.00999999977648,2.99999992421e-05,9.99999974738e-06,0.00997999962419
1573009568043234441,1455,1573009567939877033,,0.00999999977648,-9.99999974738e-06,-9.99999974738e-06,0.0100199999288
1573009568097221785,1456,1573009568043236017,,0.0100999996066,-7.00000018696e-05,5.99999984843e-05,0.0100899999961
1573009568151075916,1457,1573009568097269058,,0.00999999977648,-1.99999994948e-05,1.99999994948e-05,0.0100400000811
1573009568205812614,1458,1573009568151274919,,0.00999999977648,9.99999974738e-06,1.99999994948e-05,0.0100499996915
1573009568311294513,1459,1573009568204983949,,0.00999999977648,-9.99999974738e-06,0.0,0.0100199999288
1573009568364646914,1460,1573009568310616016,,0.00999999977648,1.99999994948e-05,-2.99999992421e-05,0.00997999962419
1573009568418630175,1461,1573009568364712953,,0.00989999994636,7.00000018696e-05,-2.99999992421e-05,0.00992999970913
1573009568472466620,1462,1573009568418713092,,0.00999999977648,1.99999994948e-05,-2.99999992421e-05,0.0100100003183
1573009568528756350,1463,1573009568472619056,,0.00999999977648,-4.99999987369e-05,1.99999994948e-05,0.0100400000811
1573009568582350476,1464,1573009568527628898,,0.0100999996066,-7.00000018696e-05,9.99999974738e-06,0.0100499996915
1573009568635254690,1465,1573009568581634044,,0.00999999977648,-0.0,1.99999994948e-05,0.0100199999288
1573009568689428723,1466,1573009568635615110,,0.00989999994636,5.99999984843e-05,-3.99999989895e-05,0.00992000009865
1573009568743207720,1467,1573009568688930988,,0.00999999977648,2.99999992421e-05,-9.99999974738e-06,0.00997999962419
1573009568845727523,1468,1573009568742619991,,0.00999999977648,0.0,1.99999994948e-05,0.0100100003183
1573009568899209000,1469,1573009568845175981,,0.00999999977648,-0.0,1.99999994948e-05,0.00999999977648
1573009568953049086,1470,1573009568899120092,,0.0100999996066,-9.00000013644e-05,4.99999987369e-05,0.0100600002334
1573009569007850360,1471,1573009568953152894,,0.0100999996066,-0.000110000000859,4.99999987369e-05,0.0101199997589
1573009569110003787,1472,1573009569007142066,,0.00999999977648,-5.99999984843e-05,3.99999989895e-05,0.0100199999288
1573009569163321900,1473,1573009569110014915,,0.00999999977648,4.99999987369e-05,-9.99999974738e-06,0.00997999962419
1573009569216867074,1474,1573009569162697076,,0.00999999977648,2.99999992421e-05,-9.99999974738e-06,0.009990000166
1573009569270401376,1475,1573009569216236114,,0.00999999977648,-5.99999984843e-05,2.99999992421e-05,0.0100299995393
1573009569324789265,1476,1573009569270366907,,0.0100999996066,-5.99999984843e-05,9.99999974738e-06,0.0100800003856
1573009569377908821,1477,1573009569323882102,,0.0100999996066,-4.99999987369e-05,-9.99999974738e-06,0.0100800003856
1573009569432186727,1478,1573009569377614021,,0.00999999977648,-1.99999994948e-05,-3.99999989895e-05,0.00997000001371
1573009569487371444,1479,1573009569431595087,,0.00999999977648,-9.99999974738e-06,-2.99999992421e-05,0.0100100003183
1573009569541689360,1480,1573009569487114906,,0.00999999977648,1.99999994948e-05,-2.99999992421e-05,0.00997000001371
1573009569594760032,1481,1573009569540930986,,0.00989999994636,3.99999989895e-05,-2.99999992421e-05,0.00992999970913
1573009569649316782,1482,1573009569594963073,,0.00999999977648,3.99999989895e-05,-2.99999992421e-05,0.00997999962419
1573009569702481286,1483,1573009569648444890,,0.00999999977648,-7.00000018696e-05,-9.99999974738e-06,0.0100400000811
1573009569757675910,1484,1573009569702368974,,0.00999999977648,-3.99999989895e-05,-9.99999974738e-06,0.0100299995393
1573009569811842974,1485,1573009569757004976,,0.00999999977648,2.99999992421e-05,-1.99999994948e-05,0.00999999977648
1573009569865555481,1486,1573009569811211109,,0.00999999977648,5.99999984843e-05,1.99999994948e-05,0.00999999977648
1573009569919676660,1487,1573009569865068912,,0.00999999977648,0.0,2.99999992421e-05,0.00999999977648
1573009569973664963,1488,1573009569919183969,,0.00999999977648,-9.99999974738e-06,2.99999992421e-05,0.0100199999288
1573009570025817750,1489,1573009569973066091,,0.00999999977648,-4.99999987369e-05,2.99999992421e-05,0.0100299995393
1573009570079629401,1490,1573009570025846958,,0.0100999996066,-3.99999989895e-05,1.99999994948e-05,0.0100899999961
1573009570133699018,1491,1573009570079916954,,0.0100999996066,-3.99999989895e-05,3.99999989895e-05,0.0100800003856
1573009570189177364,1492,1573009570134056091,,0.0100999996066,-3.99999989895e-05,9.99999974738e-06,0.0100499996915
1573009570243818651,1493,1573009570189557075,,0.00999999977648,0.0,9.99999974738e-06,0.0100199999288
1573009570347898052,1494,1573009570243217945,,0.00999999977648,-0.0,1.99999994948e-05,0.0100400000811
1573009570401129871,1495,1573009570347052097,,0.00999999977648,-3.99999989895e-05,-1.99999994948e-05,0.0100199999288
1573009570455810700,1496,1573009570401240110,,0.0100999996066,-0.000140000003739,9.99999974738e-06,0.0100899999961
1573009570508620664,1497,1573009570454967975,,0.00999999977648,-9.00000013644e-05,1.99999994948e-05,0.0100400000811
1573009570562532391,1498,1573009570508780956,,0.0100999996066,-7.00000018696e-05,1.99999994948e-05,0.0101100001484
1573009570616856064,1499,1573009570562724113,,0.00999999977648,9.99999974738e-06,-3.99999989895e-05,0.00997999962419
1573009570670004619,1500,1573009570616385936,,0.00999999977648,-0.0,-1.99999994948e-05,0.00997999962419
1573009570724004790,1501,1573009570670186042,,0.00999999977648,-1.99999994948e-05,-1.99999994948e-05,0.00997999962419
1573009570828905975,1502,1573009570724360942,,0.00999999977648,-1.99999994948e-05,-1.99999994948e-05,0.0100199999288
1573009570883265058,1503,1573009570828243970,,0.0100999996066,-2.99999992421e-05,1.99999994948e-05,0.0100600002334
1573009570934208671,1504,1573009570882472991,,0.0100999996066,-5.99999984843e-05,1.99999994948e-05,0.0100499996915
1573009570985354963,1505,1573009570934148073,,0.00999999977648,-4.99999987369e-05,1.99999994948e-05,0.0100299995393
1573009571038637080,1506,1573009570985191106,,0.00999999977648,1.99999994948e-05,0.0,0.0100100003183
1573009571093816409,1507,1573009571038830995,,0.00999999977648,2.99999992421e-05,0.0,0.0100499996915
1573009571148702595,1508,1573009571093843936,,0.00999999977648,9.99999974738e-06,-2.99999992421e-05,0.009990000166
1573009571203166562,1509,1573009571148720979,,0.0100999996066,-9.99999974738e-05,4.99999987369e-05,0.0101199997589
1573009571257427011,1510,1573009571202586889,,0.0100999996066,-9.00000013644e-05,4.99999987369e-05,0.0100899999961
1573009571360185308,1511,1573009571256774902,,0.0100999996066,-7.9999997979e-05,9.99999974738e-06,0.0100999996066
1573009571414542921,1512,1573009571360564947,,0.0100999996066,-5.99999984843e-05,9.99999974738e-06,0.0100699998438
1573009571468521449,1513,1573009571414561033,,0.00999999977648,-5.99999984843e-05,-3.99999989895e-05,0.0100299995393
1573009571522717753,1514,1573009571468770980,,0.00999999977648,0.0,-3.99999989895e-05,0.0100299995393
1573009571626805005,1515,1573009571523045063,,0.0100999996066,-9.99999974738e-06,-1.99999994948e-05,0.0100600002334
1573009571681813093,1516,1573009571627082109,,0.00999999977648,-3.99999989895e-05,-2.99999992421e-05,0.00999999977648
1573009571734477359,1517,1573009571680993080,,0.00999999977648,-3.99999989895e-05,-4.99999987369e-05,0.0100499996915
1573009571788269898,1518,1573009571734074115,,0.0100999996066,-3.99999989895e-05,-0.0,0.0100800003856
1573009571840987594,1519,1573009571787936925,,0.00999999977648,3.99999989895e-05,-3.99999989895e-05,0.00996000040323
1573009571894144937,1520,1573009571841106891,,0.00999999977648,3.99999989895e-05,-3.99999989895e-05,0.00997000001371
1573009571947702578,1521,1573009571893642902,,0.00999999977648,-9.99999974738e-06,-2.99999992421e-05,0.0100100003183
1573009571999830225,1522,1573009571947608947,,0.00999999977648,-3.99999989895e-05,0.0,0.0100199999288
1573009572053906077,1523,1573009571999855041,,0.00999999977648,9.99999974738e-06,4.99999987369e-05,0.0100299995393
1573009572107715586,1524,1573009572053446054,,0.0100999996066,-2.99999992421e-05,4.99999987369e-05,0.0100499996915
1573009572161544188,1525,1573009572107034921,,0.0100999996066,-7.00000018696e-05,3.99999989895e-05,0.0100600002334
1573009572215292751,1526,1573009572160773038,,0.0100999996066,-2.99999992421e-05,1.99999994948e-05,0.0100800003856
1573009572267620572,1527,1573009572214718103,,0.00999999977648,-2.99999992421e-05,9.99999974738e-06,0.0100299995393
1573009572371345827,1528,1573009572267710924,,0.00999999977648,-2.99999992421e-05,9.99999974738e-06,0.0100100003183
1573009572426072775,1529,1573009572371613979,,0.0100999996066,-0.000110000000859,3.99999989895e-05,0.0101399999112
1573009572479829876,1530,1573009572425334930,,0.00999999977648,-0.000260000000708,2.99999992421e-05,0.00994999986142
1573009572533239450,1531,1573009572479141950,,0.00839999970049,-0.000319999991916,-0.000140000003739,0.00839999970049
1573009572587438337,1532,1573009572533302068,,0.0054999999702,-9.99999974738e-05,-0.000199999994948,0.00547999981791
1573009572641068419,1533,1573009572587507963,,0.00260000000708,-3.99999989895e-05,-0.000169999999343,0.00261000008322
1573009572695587686,1534,1573009572641246080,,0.000199999994948,-5.99999984843e-05,-0.000110000000859,-0.000180000002729
1573009572749849553,1535,1573009572694983959,,0.00289999996312,-2.99999992421e-05,-0.000110000000859,-0.00292000011541
1573009572855437053,1536,1573009572749217987,,0.00570000009611,-5.99999984843e-05,-3.99999989895e-05,-0.00570000009611
1573009572908805319,1537,1573009572854744911,,0.0093999998644,-5.99999984843e-05,9.99999974738e-06,-0.00944000016898
1573009572962531457,1538,1573009572908333063,,0.0119000002742,-9.99999974738e-06,-9.99999974738e-06,-0.0118699995801
1573009573016387419,1539,1573009572962227106,,0.0164999999106,0.0,9.99999974738e-06,-0.0164700001478
1573009573120498593,1540,1573009573016556978,,0.0190999992192,0.000180000002729,-0.0,-0.01909000054
1573009573175085110,1541,1573009573120752096,,0.020300000906,0.000319999991916,0.000130000000354,-0.020300000906
1573009573228466692,1542,1573009573174304008,,0.0201999992132,0.000130000000354,0.000190000006114,-0.0201999992132
1573009573282657774,1543,1573009573228070974,,0.019999999553,1.99999994948e-05,0.000130000000354,-0.0200399998575
1573009573387386807,1544,1573009573282866001,,0.0200999993831,7.9999997979e-05,7.00000018696e-05,-0.0200900007039
1573009573440889557,1545,1573009573386775970,,0.0200999993831,1.99999994948e-05,7.9999997979e-05,-0.0200699996203
1573009573494576749,1546,1573009573440977096,,0.019999999553,0.000119999996969,9.99999974738e-06,-0.0199599992484
1573009573600545544,1547,1573009573494630098,,0.019200000912,5.99999984843e-05,-9.99999974738e-06,-0.0191699992865
1573009573653464872,1548,1573009573599670886,,0.0177999995649,4.99999987369e-05,0.0,-0.0177999995649
1573009573707460239,1549,1573009573653585910,,0.0170000009239,5.99999984843e-05,-9.99999974738e-06,-0.0170200001448
1573009573762251101,1550,1573009573707576036,,0.0162000004202,9.99999974738e-06,-1.99999994948e-05,-0.0161799993366
1573009573815856406,1551,1573009573761475086,,0.0149999996647,-4.99999987369e-05,1.99999994948e-05,-0.0149900000542
1573009573867285401,1552,1573009573815368890,,0.0142000000924,-9.99999974738e-06,-0.0,-0.0141599997878
1573009573921509017,1553,1573009573866986036,,0.0133999995887,2.99999992421e-05,9.99999974738e-06,-0.0134100001305
1573009573975987897,1554,1573009573920586109,,0.0124000003561,-1.99999994948e-05,9.99999974738e-06,-0.0124399997294
1573009574028708672,1555,1573009573975411891,,0.0109999999404,4.99999987369e-05,-2.99999992421e-05,-0.0109599996358
1573009574131634465,1556,1573009574028248071,,0.0100999996066,-3.99999989895e-05,1.99999994948e-05,-0.0101399999112
1573009574185155004,1557,1573009574131779909,,0.00999999977648,-0.0,9.99999974738e-06,-0.009990000166
1573009574238529584,1558,1573009574184691905,,0.00999999977648,-5.99999984843e-05,1.99999994948e-05,-0.00996000040323
1573009574293461001,1559,1573009574238612890,,0.00999999977648,-0.0,-0.0,-0.009990000166
1573009574348104955,1560,1573009574292710065,,0.00999999977648,5.99999984843e-05,-9.99999974738e-06,-0.0100100003183
1573009574401673941,1561,1573009574346740007,,0.0100999996066,9.99999974738e-06,-3.99999989895e-05,-0.0100600002334
1573009574455091382,1562,1573009574400856971,,0.00999999977648,-1.99999994948e-05,0.0,-0.00999999977648
1573009574508683125,1563,1573009574454664945,,0.00989999994636,-5.99999984843e-05,9.99999974738e-06,-0.00994000025094
1573009574562968595,1564,1573009574508788108,,0.00999999977648,-1.99999994948e-05,0.0,-0.0100199999288
1573009574617394719,1565,1573009574562951087,,0.00999999977648,-1.99999994948e-05,9.99999974738e-06,-0.00996000040323
1573009574669128278,1566,1573009574616671085,,0.00999999977648,-9.99999974738e-06,1.99999994948e-05,-0.00994999986142
1573009574723113556,1567,1573009574668684959,,0.00999999977648,1.99999994948e-05,-9.99999974738e-06,-0.0100199999288
1573009574776328510,1568,1573009574722357988,,0.00999999977648,9.99999974738e-06,-2.99999992421e-05,-0.0100199999288
1573009574880268051,1569,1573009574776726007,,0.00999999977648,-9.99999974738e-06,9.99999974738e-06,-0.00999999977648
1573009574934446225,1570,1573009574880270004,,0.00999999977648,-5.99999984843e-05,1.99999994948e-05,-0.009990000166
1573009574988291726,1571,1573009574933929920,,0.00999999977648,-1.99999994948e-05,1.99999994948e-05,-0.00997000001371
1573009575041596134,1572,1573009574987503051,,0.00999999977648,9.99999974738e-06,9.99999974738e-06,-0.00999999977648
1573009575146351535,1573,1573009575041857004,,0.00999999977648,4.99999987369e-05,-0.0,-0.0100400000811
1573009575199574986,1574,1573009575145576953,,0.00999999977648,2.99999992421e-05,-1.99999994948e-05,-0.0100400000811
1573009575254223947,1575,1573009575199582099,,0.00999999977648,9.99999974738e-06,-1.99999994948e-05,-0.00999999977648
1573009575307730073,1576,1573009575253386974,,0.00999999977648,1.99999994948e-05,-2.99999992421e-05,-0.0100299995393
1573009575361531767,1577,1573009575307044029,,0.00999999977648,-0.0,-9.99999974738e-06,-0.009990000166
1573009575415162301,1578,1573009575361176013,,0.00999999977648,-0.0,-0.0,-0.00997000001371
1573009575468750292,1579,1573009575415100097,,0.00999999977648,-1.99999994948e-05,-1.99999994948e-05,-0.009990000166
1573009575522917498,1580,1573009575468797922,,0.00999999977648,9.99999974738e-06,-1.99999994948e-05,-0.00997000001371
1573009575576749156,1581,1573009575522655963,,0.00999999977648,1.99999994948e-05,0.0,-0.0100400000811
1573009575629946334,1582,1573009575576316118,,0.00999999977648,-9.99999974738e-06,-2.99999992421e-05,-0.0100100003183
1573009575684308003,1583,1573009575630319118,,0.00999999977648,-3.99999989895e-05,9.99999974738e-06,-0.00997000001371
1573009575739294233,1584,1573009575684453964,,0.00989999994636,-4.99999987369e-05,0.0,-0.00994000025094
1573009575844359213,1585,1573009575738481998,,0.00999999977648,-4.99999987369e-05,3.99999989895e-05,-0.00999999977648
1573009575896260405,1586,1573009575842145919,,0.00999999977648,-4.99999987369e-05,2.99999992421e-05,-0.00997000001371
1573009575950219498,1587,1573009575896047115,,0.00999999977648,-3.99999989895e-05,2.99999992421e-05,-0.00996000040323
1573009576004625956,1588,1573009575950392007,,0.00999999977648,9.99999974738e-06,9.99999974738e-06,-0.0100100003183
1573009576058636272,1589,1573009576004576921,,0.00999999977648,2.99999992421e-05,0.0,-0.00997999962419
1573009576112715778,1590,1573009576058166980,,0.00999999977648,1.99999994948e-05,1.99999994948e-05,-0.00997000001371
1573009576166401445,1591,1573009576112324953,,0.00999999977648,-1.99999994948e-05,-9.99999974738e-06,-0.00996000040323
1573009576220266864,1592,1573009576166363954,,0.00989999994636,-5.99999984843e-05,9.99999974738e-06,-0.00994000025094
1573009576274752922,1593,1573009576220454931,,0.00999999977648,-2.99999992421e-05,-1.99999994948e-05,-0.00999999977648
1573009576378323334,1594,1573009576273864984,,0.00999999977648,9.99999974738e-06,9.99999974738e-06,-0.00999999977648
1573009576431008621,1595,1573009576377657890,,0.00999999977648,-9.99999974738e-06,-9.99999974738e-06,-0.00999999977648
1573009576486021349,1596,1573009576431117057,,0.00989999994636,-9.99999974738e-06,-2.99999992421e-05,-0.00992000009865
1573009576537637656,1597,1573009576485025882,,0.0097000002861,-2.99999992421e-05,-1.99999994948e-05,-0.00965999998152
1573009576592883323,1598,1573009576537839889,,0.00989999994636,-7.9999997979e-05,1.99999994948e-05,-0.00994000025094
1573009576646614086,1599,1573009576592730045,,0.0109000001103,-7.00000018696e-05,2.99999992421e-05,-0.010879999958
1573009576702107244,1600,1573009576646771907,,0.0116999996826,-1.99999994948e-05,3.99999989895e-05,-0.0117399999872
1573009576755202818,1601,1573009576701466083,,0.0127999996766,-2.99999992421e-05,4.99999987369e-05,-0.0127499997616
1573009576809935882,1602,1573009576755492925,,0.0137000000104,-1.99999994948e-05,3.99999989895e-05,-0.0136599997059
1573009576863485861,1603,1573009576809123992,,0.0147000001743,9.99999974738e-06,2.99999992421e-05,-0.0146599998698
1573009576917243558,1604,1573009576862837076,,0.0154999997467,-0.0,1.99999994948e-05,-0.0154600003734
1573009576971230384,1605,1573009576916699886,,0.0170000009239,9.99999974738e-06,9.99999974738e-06,-0.0169799998403
1573009577024712239,1606,1573009576970439910,,0.0181000009179,1.99999994948e-05,2.99999992421e-05,-0.0181000009179
1573009577078542636,1607,1573009577024374961,,0.0193000007421,0.000119999996969,-3.99999989895e-05,-0.019319999963
1573009577133128945,1608,1573009577078433990,,0.0200999993831,0.000119999996969,-1.99999994948e-05,-0.0200699996203
1573009577187405246,1609,1573009577132383108,,0.019999999553,9.99999974738e-05,-3.99999989895e-05,-0.0200500003994
1573009577240890665,1610,1573009577186755895,,0.0200999993831,5.99999984843e-05,-5.99999984843e-05,-0.0201099999249
1573009577345222125,1611,1573009577240457057,,0.0200999993831,0.000119999996969,-4.99999987369e-05,-0.0200999993831
1573009577399184318,1612,1573009577344384908,,0.0200999993831,7.9999997979e-05,-2.99999992421e-05,-0.0200800001621
1573009577453079716,1613,1573009577398200035,,0.019999999553,7.00000018696e-05,-3.99999989895e-05,-0.0199900008738
1573009577507186117,1614,1573009577452414989,,0.019999999553,9.99999974738e-05,-3.99999989895e-05,-0.0200299993157
1573009577559605867,1615,1573009577506318092,,0.0194000005722,5.99999984843e-05,-4.99999987369e-05,-0.0194000005722
1573009577612785982,1616,1573009577559135913,,0.0184000004083,1.99999994948e-05,-9.99999974738e-06,-0.0184099990875
1573009577666603603,1617,1573009577612385034,,0.0175999999046,-4.99999987369e-05,2.99999992421e-05,-0.0175700001419
1573009577719379139,1618,1573009577666518926,,0.0165999997407,-1.99999994948e-05,-0.0,-0.0166100002825
1573009577772298317,1619,1573009577718820095,,0.0157999992371,-0.0,9.99999974738e-06,-0.0157500002533
1573009577827674486,1620,1573009577771634101,,0.0148999998346,-0.0,9.99999974738e-06,-0.0148700000718
1573009577882167263,1621,1573009577827678918,,0.0137999998406,-1.99999994948e-05,9.99999974738e-06,-0.0138100003824
1573009577936309474,1622,1573009577881683111,,0.0122999995947,2.99999992421e-05,-1.99999994948e-05,-0.0122999995947
1573009577989646174,1623,1573009577935532093,,0.0111999996006,-0.0,2.99999992421e-05,-0.0112399999052
1573009578093886799,1624,1573009577989583969,,0.0103000001982,-3.99999989895e-05,5.99999984843e-05,-0.0102800000459
1573009578146652763,1625,1573009578093074083,,0.00999999977648,3.99999989895e-05,5.99999984843e-05,-0.00999999977648
1573009578200826585,1626,1573009578146836996,,0.00999999977648,3.99999989895e-05,9.99999974738e-06,-0.0100499996915
1573009578254107218,1627,1573009578200386047,,0.0100999996066,4.99999987369e-05,2.99999992421e-05,-0.0100600002334
1573009578358814863,1628,1573009578254326105,,0.00999999977648,1.99999994948e-05,1.99999994948e-05,-0.00997999962419
1573009578413404144,1629,1573009578358877897,,0.00989999994636,-2.99999992421e-05,1.99999994948e-05,-0.00994999986142
1573009578466203521,1630,1573009578412763118,,0.00999999977648,-1.99999994948e-05,0.0,-0.00997000001371
1573009578519748131,1631,1573009578466275930,,0.00999999977648,0.0,0.0,-0.00994999986142
1573009578575110805,1632,1573009578519767999,,0.00999999977648,2.99999992421e-05,0.0,-0.00997999962419
1573009578628249268,1633,1573009578573512077,,0.00999999977648,9.99999974738e-06,-9.99999974738e-06,-0.00997999962419
1573009578680115550,1634,1573009578627636909,,0.00999999977648,-1.99999994948e-05,-2.99999992421e-05,-0.0100100003183
1573009578734109401,1635,1573009578680147886,,0.00999999977648,-2.99999992421e-05,-2.99999992421e-05,-0.00999999977648
1573009578788328254,1636,1573009578734148979,,0.00999999977648,-9.99999974738e-06,-2.99999992421e-05,-0.009990000166
1573009578841908814,1637,1573009578788511037,,0.00999999977648,-9.99999974738e-06,-4.99999987369e-05,-0.009990000166
1573009578895175934,1638,1573009578841361999,,0.00999999977648,-1.99999994948e-05,-1.99999994948e-05,-0.0100199999288
1573009578949849502,1639,1573009578895437002,,0.00999999977648,1.99999994948e-05,-2.99999992421e-05,-0.0100400000811
1573009579002889705,1640,1573009578949071884,,0.00999999977648,1.99999994948e-05,9.99999974738e-06,-0.0100400000811
1573009579056380547,1641,1573009579002609014,,0.00999999977648,9.99999974738e-06,0.0,-0.0100499996915
1573009579110491456,1642,1573009579056565046,,0.00999999977648,-4.99999987369e-05,-9.99999974738e-06,-0.00999999977648
1573009579164750754,1643,1573009579110135078,,0.00999999977648,0.0,0.0,-0.0100400000811
1573009579218970978,1644,1573009579164704084,,0.00999999977648,1.99999994948e-05,-0.0,-0.00997000001371
1573009579271923237,1645,1573009579218487977,,0.00999999977648,-3.99999989895e-05,3.99999989895e-05,-0.00996000040323
1573009579375514309,1646,1573009579271531105,,0.00999999977648,-2.99999992421e-05,1.99999994948e-05,-0.00996000040323
1573009579428455653,1647,1573009579374886989,,0.00999999977648,-9.99999974738e-06,9.99999974738e-06,-0.00999999977648
1573009579482167181,1648,1573009579428530931,,0.00989999994636,2.99999992421e-05,-0.0,-0.00992999970913
1573009579537230963,1649,1573009579482269048,,0.00999999977648,1.99999994948e-05,-0.0,-0.00994999986142
1573009579640883418,1650,1573009579537625074,,0.00989999994636,-4.99999987369e-05,-1.99999994948e-05,-0.00994000025094
1573009579694355627,1651,1573009579640319108,,0.00999999977648,-5.99999984843e-05,9.99999974738e-06,-0.00997000001371
1573009579748393470,1652,1573009579693686962,,0.00999999977648,-9.99999974738e-06,0.0,-0.00997999962419
1573009579801143585,1653,1573009579747760057,,0.00999999977648,-1.99999994948e-05,-0.0,-0.00997000001371
1573009579856689444,1654,1573009579801280021,,0.00999999977648,-9.99999974738e-06,9.99999974738e-06,-0.00997000001371
1573009579910469346,1655,1573009579856781005,,0.00999999977648,-0.0,-2.99999992421e-05,-0.00999999977648
1573009579964360339,1656,1573009579910489082,,0.00999999977648,-0.0,9.99999974738e-06,-0.00997999962419
1573009580018689566,1657,1573009579964482069,,0.00989999994636,-2.99999992421e-05,1.99999994948e-05,-0.00992999970913
1573009580122645356,1658,1573009580018702030,,0.00999999977648,-5.99999984843e-05,9.99999974738e-06,-0.0100199999288
1573009580177039239,1659,1573009580122241973,,0.00999999977648,-2.99999992421e-05,9.99999974738e-06,-0.00999999977648
1573009580230531959,1660,1573009580176304101,,0.00999999977648,0.0,9.99999974738e-06,-0.00999999977648
1573009580283605904,1661,1573009580230355024,,0.00989999994636,-0.0,-9.99999974738e-06,-0.00994000025094
1573009580386652112,1662,1573009580283102989,,0.00999999977648,-5.99999984843e-05,2.99999992421e-05,-0.00997000001371
1573009580441114368,1663,1573009580386893033,,0.00989999994636,-7.9999997979e-05,2.99999992421e-05,-0.00994000025094
1573009580494055842,1664,1573009580440337896,,0.00999999977648,-7.00000018696e-05,1.99999994948e-05,-0.00999999977648
1573009580546821006,1665,1573009580494148969,,0.00999999977648,-2.99999992421e-05,-0.0,-0.00996000040323
1573009580651500210,1666,1573009580547053098,,0.00980000011623,2.99999992421e-05,-9.99999974738e-06,-0.00977999996394
1573009580705837321,1667,1573009580650904893,,0.00829999987036,-3.99999989895e-05,-0.0,-0.00834000017494
1573009580758447490,1668,1573009580705117940,,0.00749999983236,-1.99999994948e-05,-0.0,-0.0075300000608
1573009580812771689,1669,1573009580758426904,,0.00650000013411,-4.99999987369e-05,0.0,-0.00650000013411
1573009580914593758,1670,1573009580811985969,,0.00559999980032,-3.99999989895e-05,0.0,-0.0056400001049
1573009580969041416,1671,1573009580914768934,,0.00449999980628,-1.99999994948e-05,9.99999974738e-06,-0.00448000011966
1573009581021639946,1672,1573009580968307971,,0.00370000000112,9.99999974738e-06,-1.99999994948e-05,-0.00368999992497
1573009581075641088,1673,1573009581021687030,,0.00240000011399,1.99999994948e-05,-1.99999994948e-05,-0.00239000003785
1573009581129360460,1674,1573009581075666904,,0.00150000001304,0.0,-9.99999974738e-06,-0.00152000004891
1573009581183484416,1675,1573009581129801988,,0.000699999975041,-1.99999994948e-05,3.99999989895e-05,-0.000660000019707
1573009581237849052,1676,1573009581183509111,,9.99999974738e-05,-5.99999984843e-05,-9.99999974738e-06,-4.99999987369e-05
1573009581292876722,1677,1573009581237241029,,0.0,1.99999994948e-05,-9.99999974738e-06,0.0
1573009581396624609,1678,1573009581292141914,,0.0,-0.0,1.99999994948e-05,1.99999994948e-05
1573009581450262746,1679,1573009581395936965,,0.0,2.99999992421e-05,0.0,-0.0
1573009581503423552,1680,1573009581449531078,,0.0,1.99999994948e-05,9.99999974738e-06,9.99999974738e-06
1573009581558154652,1681,1573009581503323078,,0.0,9.99999974738e-06,-9.99999974738e-06,9.99999974738e-06
1573009581610723623,1682,1573009581557446956,,0.0,9.99999974738e-06,-0.0,9.99999974738e-06
1573009581665553253,1683,1573009581610235929,,0.0,9.99999974738e-06,-9.99999974738e-06,9.99999974738e-06
1573009581718826496,1684,1573009581665405035,,0.0,2.99999992421e-05,-2.99999992421e-05,-9.99999974738e-06
1573009581770355065,1685,1573009581718230962,,0.0,1.99999994948e-05,-3.99999989895e-05,-9.99999974738e-06
1573009581821108923,1686,1573009581770060062,,0.0,-0.0,1.99999994948e-05,9.99999974738e-06
1573009581872512002,1687,1573009581821149110,,0.0,1.99999994948e-05,-0.0,-0.0
1573009581975541374,1688,1573009581872314929,,0.0,1.99999994948e-05,-3.99999989895e-05,-9.99999974738e-06
1573009582031328007,1689,1573009581975585937,,0.0,0.0,-0.0,0.0
1573009582086205253,1690,1573009582031269073,,0.0,9.99999974738e-06,-1.99999994948e-05,-0.0
1573009582140377787,1691,1573009582086317062,,0.0,9.99999974738e-06,9.99999974738e-06,-0.0
1573009582195783765,1692,1573009582140413045,,0.0,9.99999974738e-06,0.0,-9.99999974738e-06
1573009582248342803,1693,1573009582194058895,,0.0,0.0,0.0,0.0
1573009582301580797,1694,1573009582247718095,,0.0,-0.0,-9.99999974738e-06,0.0
1573009582354531281,1695,1573009582301608085,,0.0,1.99999994948e-05,1.99999994948e-05,-9.99999974738e-06
1573009582459214035,1696,1573009582354684114,,0.0,1.99999994948e-05,-9.99999974738e-06,-9.99999974738e-06
1573009582512399290,1697,1573009582458694934,,0.0,-9.99999974738e-06,-9.99999974738e-06,0.0
1573009582567306414,1698,1573009582512600898,,0.0,-0.0,9.99999974738e-06,0.0
1573009582621634276,1699,1573009582566653966,,0.0,-0.0,0.0,0.0
1573009582675233273,1700,1573009582621676921,,0.0,0.0,2.99999992421e-05,0.0
1573009582729823904,1701,1573009582675479888,,0.0,-0.0,0.0,0.0
1573009582781552079,1702,1573009582729257106,,0.0,0.0,-9.99999974738e-06,0.0
1573009582835709872,1703,1573009582781181097,,0.0,-0.0,-0.0,0.0
1573009582938908788,1704,1573009582835064888,,0.0,-9.99999974738e-06,9.99999974738e-06,0.0
1573009582992165737,1705,1573009582939193010,,0.0,-9.99999974738e-06,-9.99999974738e-06,9.99999974738e-06
1573009583046507446,1706,1573009582992105960,,0.0,-0.0,-0.0,0.0
1573009583100456301,1707,1573009583045649051,,0.0,9.99999974738e-06,1.99999994948e-05,-0.0
1573009583453576437,1708,1573009583099749088,,0.0,9.99999974738e-06,2.99999992421e-05,0.0
1573009583508420484,1709,1573009583453665018,,0.0,-2.99999992421e-05,-0.0,9.99999974738e-06
1573009583561670292,1710,1573009583507705926,,0.0,-2.99999992421e-05,0.0,9.99999974738e-06
1573009583616521434,1711,1573009583561943054,,0.0,-2.99999992421e-05,-0.0,9.99999974738e-06
1573009583669976853,1712,1573009583615895986,,0.0,-2.99999992421e-05,9.99999974738e-06,9.99999974738e-06
1573009583724238272,1713,1573009583669588088,,0.0,-1.99999994948e-05,1.99999994948e-05,0.0
1573009583776814766,1714,1573009583723474025,,0.0,-2.99999992421e-05,1.99999994948e-05,9.99999974738e-06
1573009583830476964,1715,1573009583776338100,,0.0,-2.99999992421e-05,9.99999974738e-06,9.99999974738e-06
1573009583884674816,1716,1573009583830111980,,0.0,-3.99999989895e-05,1.99999994948e-05,9.99999974738e-06
1573009583938466001,1717,1573009583883975028,,0.0,-2.99999992421e-05,9.99999974738e-06,9.99999974738e-06
1573009583992316045,1718,1573009583937890052,,0.0,-2.99999992421e-05,9.99999974738e-06,0.0
1573009584046210329,1719,1573009583991348981,,0.0,9.99999974738e-06,9.99999974738e-06,-9.99999974738e-06
1573009584101147309,1720,1573009584045185089,,0.0,-9.99999974738e-06,-9.99999974738e-06,9.99999974738e-06
1573009584153840294,1721,1573009584100044965,,0.0,9.99999974738e-06,9.99999974738e-06,-0.0
1573009584207797380,1722,1573009584153399944,,0.0,-0.0,-9.99999974738e-06,0.0
1573009584260833532,1723,1573009584208159923,,0.0,-9.99999974738e-06,-1.99999994948e-05,0.0
1573009584315552517,1724,1573009584261106967,,0.0,9.99999974738e-06,-1.99999994948e-05,-9.99999974738e-06
1573009584419579862,1725,1573009584314752101,,0.0,0.0,0.0,-0.0
1573009584472943955,1726,1573009584418390035,,0.0,0.0,-0.0,-0.0
1573009584527110641,1727,1573009584471991062,,0.0,9.99999974738e-06,-2.99999992421e-05,-9.99999974738e-06
1573009584581970682,1728,1573009584527452945,,0.0,-9.99999974738e-06,-2.99999992421e-05,9.99999974738e-06
1573009584635542144,1729,1573009584581331014,,0.0,0.0,1.99999994948e-05,0.0
1573009584688073269,1730,1573009584634864091,,0.0,1.99999994948e-05,-1.99999994948e-05,-9.99999974738e-06
1573009584742352186,1731,1573009584687464952,,0.0,9.99999974738e-06,9.99999974738e-06,-0.0
1573009584795151245,1732,1573009584741862058,,0.0,9.99999974738e-06,1.99999994948e-05,-0.0
1573009584899063030,1733,1573009584794823884,,0.0,0.0,0.0,0.0
1573009584952214065,1734,1573009584898379087,,0.0,-9.99999974738e-06,9.99999974738e-06,9.99999974738e-06
1573009585007097443,1735,1573009584952315092,,0.0,0.0,9.99999974738e-06,0.0
1573009585060134552,1736,1573009585006386995,,0.0,0.0,9.99999974738e-06,0.0
1573009585116013638,1737,1573009585060226917,,0.0,-9.99999974738e-06,1.99999994948e-05,0.0
1573009585170482635,1738,1573009585116054058,,0.0,-9.99999974738e-06,1.99999994948e-05,9.99999974738e-06
1573009585224351535,1739,1573009585169934034,,0.0,-1.99999994948e-05,-1.99999994948e-05,0.0
1573009585277894759,1740,1573009585223998069,,0.0,0.0,1.99999994948e-05,-0.0
1573009585383680624,1741,1573009585277995109,,0.0,-9.99999974738e-06,-2.99999992421e-05,0.0
1573009585436681022,1742,1573009585383032083,,0.0,-9.99999974738e-06,-9.99999974738e-06,0.0
1573009585489698487,1743,1573009585436742067,,0.0,-9.99999974738e-06,1.99999994948e-05,9.99999974738e-06
1573009585543321161,1744,1573009585489260911,,0.0,-9.99999974738e-06,-1.99999994948e-05,0.0
1573009585598137953,1745,1573009585543490886,,0.0,-9.99999974738e-06,-9.99999974738e-06,0.0
1573009585650593107,1746,1573009585597410917,,0.0,9.99999974738e-06,-2.99999992421e-05,-9.99999974738e-06
1573009585704869822,1747,1573009585650168895,,0.0,-9.99999974738e-06,-0.0,9.99999974738e-06
1573009585758340235,1748,1573009585704021930,,0.0,1.99999994948e-05,-0.0,-9.99999974738e-06
1573009585812776336,1749,1573009585758466958,,0.0,0.0,1.99999994948e-05,-0.0
1573009585866527458,1750,1573009585812175989,,0.0,-0.0,-1.99999994948e-05,0.0
1573009585920280049,1751,1573009585866272926,,0.0,0.0,9.99999974738e-06,-0.0
1573009585972877671,1752,1573009585920265913,,0.0,1.99999994948e-05,1.99999994948e-05,-9.99999974738e-06
1573009586026622314,1753,1573009585972906112,,0.0,9.99999974738e-06,-1.99999994948e-05,-9.99999974738e-06
1573009586131578053,1754,1573009586026951074,,0.0,0.0,1.99999994948e-05,-0.0
1573009586184914077,1755,1573009586130806922,,0.0,0.0,-9.99999974738e-06,-0.0
1573009586239984444,1756,1573009586185018062,,0.0,-1.99999994948e-05,9.99999974738e-06,9.99999974738e-06
1573009586294472549,1757,1573009586239348888,,0.0,9.99999974738e-06,-0.0,-9.99999974738e-06
1573009586349029280,1758,1573009586293678998,,0.0,0.0,-9.99999974738e-06,-0.0
1573009586403395860,1759,1573009586349033117,,0.0,9.99999974738e-06,0.0,-0.0
1573009586456154531,1760,1573009586402857065,,0.0,9.99999974738e-06,2.99999992421e-05,-0.0
1573009586512092120,1761,1573009586456192970,,0.0,-0.0,1.99999994948e-05,0.0
1573009586615301796,1762,1573009586511521100,,0.0,0.0,-9.99999974738e-06,-0.0
1573009586670111457,1763,1573009586614518880,,0.0,-0.0,9.99999974738e-06,0.0
1573009586724734051,1764,1573009586669509887,,0.0,0.0,0.0,0.0
1573009586778157783,1765,1573009586724952936,,0.0,-9.99999974738e-06,-0.0,-0.0
1573009586880293039,1766,1573009586777656078,,0.0,1.99999994948e-05,9.99999974738e-06,-9.99999974738e-06
1573009586934413820,1767,1573009586880359888,,0.0,0.0,-9.99999974738e-06,-0.0
1573009586987113376,1768,1573009586934264898,,0.0,-9.99999974738e-06,1.99999994948e-05,9.99999974738e-06
1573009587042455479,1769,1573009586987354993,,0.0,-9.99999974738e-06,9.99999974738e-06,9.99999974738e-06
1573009587095833741,1770,1573009587041559934,,0.0,-9.99999974738e-06,-2.99999992421e-05,0.0
1573009587150462255,1771,1573009587096039056,,0.0,9.99999974738e-06,-2.99999992421e-05,-0.0
1573009587204140650,1772,1573009587149532079,,0.0,-9.99999974738e-06,9.99999974738e-06,0.0
