%time,field.header.seq,field.header.stamp,field.header.frame_id,field.linear_x,field.linear_y,field.linear_z
1573009554916329202,1,1573009554862970113,,-3.81669815397e-05,3.26653716911e-05,1.76807570824e-05
1573009554970183366,2,1573009554917134046,,1.19356700452e-05,-3.95390514996e-07,-5.67376591789e-05
1573009555024581525,3,1573009554971163988,,2.35036877712e-05,-2.73743285106e-06,-2.87416833089e-06
1573009555078458736,4,1573009555024960994,,8.58672283357e-05,0.000108005820948,0.000147810016642
1573009555182577137,5,1573009555079077005,,-7.29263701942e-05,-6.75596893416e-05,-8.20526183816e-05
1573009555236330672,6,1573009555183022022,,3.3246109524e-05,-5.37455598533e-05,-5.59961481486e-05
1573009555291073234,7,1573009555237524986,,-5.74512523599e-05,8.00169364084e-05,7.42635602364e-05
1573009555394101982,8,1573009555291462898,,-3.73326838599e-05,-4.41641604993e-05,-0.00011297204037
1573009555447732106,9,1573009555394609928,,2.51879573625e-05,2.95685858873e-05,4.7675181122e-05
1573009555502998650,10,1573009555448023080,,-2.55646009464e-05,1.19781689136e-05,3.6194553104e-05
1573009555558878085,11,1573009555503331899,,-5.57400780963e-05,-0.000101131015981,-0.000157695976668
1573009555611180763,12,1573009555558130025,,-9.39263918553e-06,-3.41926388501e-05,-4.15427712142e-05
1573009555665393320,13,1573009555612072944,,6.76488753015e-06,5.86498390476e-05,4.01983124902e-05
1573009555719266870,14,1573009555665793895,,3.53068280674e-05,1.88470748981e-05,4.6298129746e-05
1573009555772952310,15,1573009555719660043,,-2.99729836115e-05,6.93846377544e-05,8.55114340084e-05
1573009555876799526,16,1573009555773513078,,0.000320335995639,9.26932625589e-06,1.64212688105e-05
1573009555930937638,17,1573009555877504110,,-1.97777917492e-05,3.92928086512e-06,2.02465671464e-05
1573009555985025079,18,1573009555931504011,,3.62642349501e-05,-6.37547855149e-05,-4.13913221564e-05
1573009556039715963,19,1573009555985928058,,1.57001522894e-05,-2.76552127616e-05,-3.58217730536e-05
1573009556093555131,20,1573009556040064096,,5.16507388966e-05,3.64828338206e-05,3.23887434206e-05
1573009556146879260,21,1573009556094252109,,1.77336896741e-05,6.76866693539e-05,8.65141773829e-05
1573009556200515256,22,1573009556147090911,,-1.00539999437e-07,-8.30369754112e-05,-5.27078227606e-05
1573009556254316715,23,1573009556200949907,,-8.92746029422e-05,-7.55822547944e-05,-0.00013821911125
1573009556309048913,24,1573009556254832029,,0.000945145438891,8.42695662868e-05,5.25870455022e-05
1573009556363212449,25,1573009556309345960,,0.000113984729978,2.76903047052e-05,8.76225967659e-05
1573009556418265075,26,1573009556364144086,,-4.80864291603e-05,-4.6869765356e-05,-0.000158079696121
1573009556470898666,27,1573009556417404890,,-2.3713140763e-05,-6.43182829663e-07,-6.17054611212e-05
1573009556524719210,28,1573009556471700906,,-3.42670432474e-06,-3.88662119803e-05,-4.84512311232e-05
1573009556630023581,29,1573009556525240898,,-1.81923896889e-05,3.48168323399e-05,8.29394848552e-05
1573009556683953245,30,1573009556630654096,,-7.42086558603e-05,1.68783899426e-05,1.52788688865e-05
1573009556737951649,31,1573009556684694051,,0.000126701808767,0.000150880339788,0.000139879266499
1573009556791846624,32,1573009556738415002,,-1.30997350425e-05,-7.23859484424e-05,-0.000130588625325
1573009556845635245,33,1573009556792068958,,-9.12140021683e-05,-5.78042418056e-05,-5.09815072292e-05
1573009556898928638,34,1573009556846107959,,5.84016561334e-05,2.25151652558e-05,1.30040925796e-05
1573009556949604075,35,1573009556898459911,,0.000105571009044,8.60016225488e-05,0.000157781585585
1573009557003036032,36,1573009556949646949,,1.38064415296e-05,2.78282823274e-05,-4.06249864682e-06
1573009557056747378,37,1573009557003451108,,-0.000130026557599,-0.000105051287392,-0.000169388280483
1573009557160736715,38,1573009557057336091,,-1.85463177331e-05,-3.91676585423e-05,-4.49605831818e-05
1573009557214331341,39,1573009557161232948,,8.60516156536e-05,5.02018046973e-05,5.62522436667e-05
1573009557268099276,40,1573009557214044094,,5.14181956532e-05,2.60290180449e-05,4.42726268375e-05
1573009557321918832,41,1573009557268613100,,-3.28582209477e-05,-5.32380508957e-05,-2.42484329647e-05
1573009557375809464,42,1573009557322464942,,3.96413861381e-06,-3.75456620532e-05,-1.20355625768e-05
1573009557429828365,43,1573009557376363039,,0.000159903080203,-2.60527995124e-05,-3.98614829464e-05
1573009557483652903,44,1573009557430483102,,4.4395445002e-05,4.14169116993e-05,6.21065555606e-05
1573009557538189419,45,1573009557484371900,,-5.10987010784e-05,4.36169029854e-05,4.03297126468e-05
1573009557592619940,46,1573009557539009094,,3.8671601942e-05,-1.14544236567e-05,5.72622629988e-05
1573009557646193447,47,1573009557592948913,,-3.50168484147e-05,-4.42168384325e-05,-5.64793772355e-05
1573009557700647793,48,1573009557647454977,,-3.34545693477e-05,-1.68515853147e-05,-4.88966252306e-05
1573009557754768344,49,1573009557701390981,,-1.04085938801e-05,-8.71621668921e-05,-2.6195006285e-05
1573009557808035721,50,1573009557755553007,,9.52368354774e-05,4.01953839173e-05,7.81015332905e-05
1573009557910986350,51,1573009557808358907,,-8.42177087179e-06,2.81704033114e-05,3.49034417013e-05
1573009557965350148,52,1573009557912415981,,-0.000155389410793,-0.000155380868819,-0.000224909192184
1573009558020949239,53,1573009557966270923,,0.00062760792207,3.33689677063e-05,-1.66635381902e-05
1573009558073846205,54,1573009558020448923,,8.26954856166e-05,2.12657596421e-05,9.26665597945e-05
1573009558126752084,55,1573009558074281930,,4.66516685265e-05,2.32771853916e-05,2.31765206991e-05
1573009558179174002,56,1573009558126851081,,-4.43650787929e-05,-1.27699640871e-05,-1.89370948647e-05
1573009558232121761,57,1573009558178730964,,-0.000139266325277,-6.19092243141e-05,-0.000103359670902
1573009558287277323,58,1573009558232419013,,-4.96665597893e-05,-1.43211855175e-05,-1.85309693279e-06
1573009558342009835,59,1573009558287700891,,9.05874258024e-05,-9.51818583417e-05,-0.000116343479021
1573009558446503323,60,1573009558342406988,,5.48031421204e-05,0.000103750164271,0.0001272586087
1573009558501160094,61,1573009558446647882,,5.09119417984e-05,6.95330381859e-05,0.000132095068693
1573009558555325728,62,1573009558501645088,,0.000523791066371,7.67572782934e-06,-4.25568832725e-05
1573009558659112943,63,1573009558555901050,,-3.12368065352e-05,-6.59371653455e-05,-8.78525024746e-05
1573009558714718966,64,1573009558661077022,,-3.59115256288e-05,-8.58766452438e-06,-6.04076558375e-05
1573009558768613121,65,1573009558715374946,,1.30833013827e-05,-1.19707592603e-05,2.85191326839e-05
1573009558823340786,66,1573009558769217967,,-1.85753815458e-05,1.45164594869e-05,3.30180955643e-05
1573009558877203873,67,1573009558823968887,,1.57742840656e-06,-0.000116738301585,-0.000195540094865
1573009558931224759,68,1573009558877888917,,-2.69673564617e-05,9.54794304562e-05,0.000136360395118
1573009558983012161,69,1573009558930532932,,9.41561520449e-05,-1.75432287506e-05,3.33613752446e-05
1573009559036403969,70,1573009558983402013,,1.40253187055e-05,7.3323797551e-05,0.000133845285745
1573009559090577228,71,1573009559037210941,,5.07240110892e-05,4.27034938184e-05,5.45461625734e-05
1573009559194131841,72,1573009559091007947,,-8.13810693217e-05,-5.9501377109e-05,-0.000107964966446
1573009559248380046,73,1573009559194727897,,-0.000103839374788,-1.40477468449e-05,-2.75374022749e-05
1573009559300698245,74,1573009559248752117,,7.32804764993e-05,-2.76660775853e-05,-4.86231219838e-05
1573009559354616439,75,1573009559300956010,,3.4821493955e-06,1.79349062819e-05,3.91863113691e-06
1573009559410163377,76,1573009559355108022,,2.98807644867e-05,2.46250747296e-05,3.1689334719e-05
1573009559464947628,77,1573009559411422014,,-3.91732601202e-06,3.54538242391e-05,3.17149169859e-05
1573009559518448280,78,1573009559465116977,,1.08906478999e-05,-3.36121320288e-06,-2.26106276386e-05
1573009559572907482,79,1573009559519198894,,0.000311012030579,-1.53557666636e-05,-4.46845988336e-05
1573009559676405030,80,1573009559573466062,,9.6501689768e-06,2.64820373559e-05,1.38052919283e-05
1573009559730167337,81,1573009559677249908,,6.55438416288e-05,-4.35216279584e-05,6.87293722876e-05
1573009559783169033,82,1573009559730571985,,2.39466098719e-05,3.18367019645e-05,7.41765688872e-05
1573009559836610450,83,1573009559783418893,,-0.000108254498628,-4.12346817029e-05,-0.000150215782924
1573009559890768153,84,1573009559837016105,,9.66780498857e-05,8.77361962921e-05,7.85213414929e-05
1573009559945553737,85,1573009559892422914,,-1.34147448989e-05,-0.000130736458232,-7.8649543866e-05
1573009559999027465,86,1573009559945725917,,-6.88123109285e-05,-8.42959416332e-05,-8.65153051564e-05
1573009560053152410,87,1573009559999505996,,-0.000127620107378,1.83029387699e-05,1.07341993498e-05
1573009560158083918,88,1573009560053584098,,-2.25306212087e-06,4.98560875712e-05,3.47137975041e-05
1573009560212426557,89,1573009560158557891,,0.000628025678452,3.2003299566e-05,2.6566478482e-05
1573009560265527842,90,1573009560212014913,,-2.03286508622e-05,-2.03154340852e-05,3.61086131306e-05
1573009560319712253,91,1573009560266279935,,-0.000372720824089,-1.14102986117e-05,2.93445773423e-05
1573009560373826187,92,1573009560320008039,,-4.69850274385e-05,1.19348542285e-05,-6.00116727583e-05
1573009560426480279,93,1573009560374007940,,-9.29771204028e-07,-2.98221129924e-05,-3.00407700706e-05
1573009560479995900,94,1573009560426666975,,1.46609827425e-05,-4.68214202556e-05,-5.27983174834e-05
1573009560533828021,95,1573009560480631113,,5.87787326367e-06,9.96887501969e-06,3.76011921617e-05
1573009560637276263,96,1573009560533984899,,0.000387296517147,1.48341650856e-05,-8.09712946648e-05
1573009560691311818,97,1573009560638848066,,-5.53599675186e-05,-3.10474251819e-06,2.19854136958e-05
1573009560744971963,98,1573009560691603899,,6.57185000819e-06,-1.23311783682e-05,-2.00428985409e-05
1573009560798213206,99,1573009560744903087,,-4.75649449072e-06,8.71789779922e-06,2.93614157272e-05
1573009560852359002,100,1573009560798789978,,-1.48683020598e-05,5.36378356628e-05,3.68272121705e-05
1573009560906022945,101,1573009560852582931,,7.86516975495e-05,-1.27488719954e-05,1.06625993794e-05
1573009560960727344,102,1573009560906542062,,7.60322291171e-05,9.3686816399e-05,6.65393599775e-05
1573009561013104826,103,1573009560959959030,,-7.49365717638e-05,-6.6626991611e-05,-0.000121587698231
1573009561067036199,104,1573009561013534069,,1.6212276023e-05,6.34831667412e-05,0.000121722805488
1573009561170179838,105,1573009561067369937,,-8.90239971341e-05,-0.000111339853902,-0.000176802728674
1573009561223488422,106,1573009561170200109,,5.54706602998e-05,-3.05797475448e-05,-2.37237363763e-05
1573009561277421548,107,1573009561223912000,,-5.04103854837e-06,-4.6384135203e-05,-4.13187299273e-05
1573009561329254386,108,1573009561276761054,,1.66901245393e-05,5.65134105273e-05,0.000123117890325
1573009561432213073,109,1573009561329632043,,-7.23769107935e-06,-2.44590228249e-05,-1.33402431857e-06
1573009561487184374,110,1573009561433783054,,-9.42019760259e-05,1.68000315171e-05,4.9335295671e-07
1573009561540888348,111,1573009561487721920,,-2.00916074391e-05,-5.84572853768e-06,6.62021784592e-06
1573009561594948605,112,1573009561541371107,,-8.31387442304e-05,-3.69041517843e-05,-9.41203325056e-05
1573009561649083360,113,1573009561595273017,,-3.69151239283e-05,5.87475478824e-05,7.83028808655e-05
1573009561702669132,114,1573009561649192094,,-8.30077915452e-05,-3.08024136757e-05,-0.000121068471344
1573009561756487735,115,1573009561703103065,,2.96968869407e-06,4.43040107712e-06,-3.85704443033e-05
1573009561810086614,116,1573009561756737947,,-2.03940471692e-05,-4.44768447778e-05,-1.18625448522e-05
1573009561913794743,117,1573009561810661077,,-9.70215842244e-06,3.18663587677e-05,4.31253465649e-05
1573009561967694985,118,1573009561914464950,,-1.54668432515e-05,-2.6722176699e-05,-6.88982618158e-05
1573009562371864794,119,1573009561968385934,,6.09427552263e-05,8.96675846889e-05,8.35167011246e-05
1573009562425474877,120,1573009562372240066,,-0.000355220603524,-1.91297749552e-06,-0.0003593157453
1573009562480785237,121,1573009562426101922,,-0.000163597229403,0.000765107630286,-0.00203756731935
1573009562533487844,122,1573009562481287002,,0.000711229105946,0.000285169138806,-0.00906062684953
1573009562587276804,123,1573009562534008979,,0.000203478120966,-0.000333063828293,-0.0106203705072
1573009562641702731,124,1573009562588392019,,3.7851248635e-05,-0.000209950027056,-0.0104640210047
1573009562695792727,125,1573009562642333984,,-0.000255676102825,-0.00021637622558,-0.0101959556341
1573009562748977167,126,1573009562696482896,,-0.000199082278414,-0.000186160366866,-0.0101074501872
1573009562852507568,127,1573009562749289989,,-0.000253210600931,-0.000106094223156,-0.0103234667331
1573009562906058930,128,1573009562853070974,,-2.77579511021e-05,-1.05641756818e-05,-0.010238927789
1573009562960388521,129,1573009562907020092,,-5.01313161294e-06,-9.66248553596e-05,-0.00998680200428
1573009563014194533,130,1573009562960982084,,-0.000125533930259,-0.000112504916615,-0.0100753353909
1573009563067831532,131,1573009563014780998,,-0.00037038922892,-1.54317567649e-05,-0.0102424360812
1573009563121843643,132,1573009563068552017,,-8.5161831521e-05,-3.75379277102e-05,-0.0103044323623
1573009563175852141,133,1573009563122356891,,6.63989630993e-05,-5.69014409848e-05,-0.0100988382474
1573009563229522008,134,1573009563176353931,,5.55319820705e-05,-2.34767358052e-05,-0.0098175201565
1573009563283390623,135,1573009563230083942,,-1.94809254026e-05,-1.79654271051e-05,-0.0100677376613
1573009563336828625,136,1573009563283617019,,-0.000121094482893,6.87306237523e-05,-0.00987174641341
1573009563391353936,137,1573009563337717056,,-3.655812543e-05,-6.28340421827e-05,-0.0100910747424
1573009563444199719,138,1573009563391381025,,6.96890856489e-05,-0.000112599118438,-0.0101326294243
1573009563497866252,139,1573009563444638967,,-0.000257578765741,2.40656336246e-05,-0.00957836396992
1573009563552856373,140,1573009563498317003,,-0.000367679895135,7.55915534683e-05,-0.00995344109833
1573009563607903712,141,1573009563554620981,,-6.88287327648e-05,-0.000146929145558,-0.00997264776379
1573009563661639135,142,1573009563608360052,,0.000235573083046,1.80887600436e-05,-0.00969505868852
1573009563715299724,143,1573009563661842107,,0.000210198675632,-7.58282767492e-05,-0.0099225807935
1573009563819440418,144,1573009563715997934,,-8.45473041409e-05,9.36588767217e-05,-0.0100558679551
1573009563873641730,145,1573009563819839000,,-0.00013611553004,-2.31179365073e-05,-0.00991359446198
1573009563927465731,146,1573009563874166965,,-1.64587054314e-05,3.27536617988e-05,-0.00981127936393
1573009563981409538,147,1573009563928112983,,-4.17765586462e-05,3.59543228114e-05,-0.00988421961665
1573009564036951638,148,1573009563982036113,,-0.000176147208549,-9.87881940091e-05,-0.0104338303208
1573009564091027645,149,1573009564037790060,,0.000178236703505,-7.45765210013e-05,-0.0099055794999
1573009564144890140,150,1573009564091464042,,0.000180509494385,4.30901127402e-05,-0.00978200789541
1573009564198251062,151,1573009564145006895,,0.000189186641364,0.000114138369099,-0.00980641227216
1573009564302238004,152,1573009564198879957,,-0.000281555316178,-6.28588459222e-05,-0.0100134359673
1573009564357109640,153,1573009564302879095,,-0.000180998453288,-6.12131179878e-06,-0.0101376650855
1573009564411067327,154,1573009564357902050,,6.92134635756e-05,-9.34766358114e-05,-0.00988441705704
1573009564463929998,155,1573009564410758972,,1.80943243322e-05,-2.49974527833e-05,-0.00984743982553
1573009564568693811,156,1573009564464749097,,4.16801449319e-05,0.000105376246211,-0.00994189735502
1573009564622515592,157,1573009564569211006,,6.6565873567e-05,-3.26559020323e-05,-0.00977651029825
1573009564675981963,158,1573009564622706890,,-0.00012773036724,-8.55980251799e-05,-0.0102547127753
1573009564729961437,159,1573009564676578044,,-0.000273978832411,-4.19412426709e-05,-0.0100257964805
1573009564833385658,160,1573009564730454921,,-0.000127866471303,-7.6627395174e-05,-0.010029441677
1573009564886977093,161,1573009564833843946,,0.000284233363345,2.20139700104e-05,-0.0100171696395
1573009564940889680,162,1573009564887597084,,-0.000130327025545,-2.32306119869e-05,-0.00991395581514
1573009565044570824,163,1573009564941469907,,-0.000232397898799,-6.85204431647e-05,-0.0101548647508
1573009565098608002,164,1573009565045320987,,-1.31622564368e-05,-1.62610576808e-05,-0.0100964838639
1573009565152243072,165,1573009565099162101,,-1.07020541691e-05,-3.62324790331e-05,-0.0100989397615
1573009565205557654,166,1573009565152386903,,-2.04684984055e-05,1.45010426422e-05,-0.0100872861221
1573009565259192844,167,1573009565206125020,,-1.75356653926e-05,0.000120653086924,-0.00986508931965
1573009565314790861,168,1573009565260057926,,0.000317359168548,-4.66190394945e-05,-0.0098328795284
1573009565368729085,169,1573009565315294981,,2.77891967926e-06,-2.06291388167e-05,-0.0100602079183
1573009565422353589,170,1573009565369007110,,-0.000162606767844,-2.54490205407e-05,-0.0102898804471
1573009565526400798,171,1573009565422879934,,-0.000268432922894,4.81889001094e-05,-0.0100263981149
1573009565580168349,172,1573009565526885986,,0.000278060731944,-4.01199486078e-06,-0.00974676012993
1573009565634512306,173,1573009565580588102,,0.000197115470655,-3.12211668643e-05,-0.0099583202973
1573009565687856843,174,1573009565634833097,,-2.48670603469e-05,4.7666082537e-05,-0.01015880052
1573009565742221639,175,1573009565688627958,,-0.000178519447218,0.000198700945475,-0.00996870640665
1573009565794991724,176,1573009565742621898,,-2.44883358391e-05,6.23417145107e-05,-0.00997982546687
1573009565848977489,177,1573009565795769929,,2.96845537378e-05,-4.36937916675e-05,-0.00989352352917
1573009565902904017,178,1573009565849342107,,-0.000136240385473,-2.50833199971e-05,-0.00990008283406
1573009565956268501,179,1573009565903260946,,-0.000108330947114,-4.42392120021e-05,-0.00989550538361
1573009566060706769,180,1573009565957151889,,0.000173157313839,-9.63847105595e-06,-0.0101758139208
1573009566114177947,181,1573009566060908079,,0.000119334108604,-0.00010288599151,-0.00986957456917
1573009566167989025,182,1573009566114620923,,-2.76544669759e-05,-2.50905286521e-05,-0.0101688802242
1573009566221406118,183,1573009566168415069,,-0.000174929649802,0.000106836887426,-0.0101933814585
1573009566277693322,184,1573009566222311973,,-0.000180920440471,3.06193142023e-05,-0.00992433261126
1573009566330841239,185,1573009566277708053,,-2.75810707535e-05,1.03065740404e-05,-0.00954418443143
1573009566385007929,186,1573009566331372022,,-1.14274689622e-05,-3.12409138132e-05,-0.00988116022199
1573009566439332921,187,1573009566385658025,,0.000157716305694,1.59485134645e-05,-0.00996393803507
1573009566493280351,188,1573009566439929008,,-1.70646690094e-05,0.000106397674244,-0.00993099156767
1573009566547053009,189,1573009566493709087,,0.000163229124155,4.10145621572e-05,-0.0100064594299
1573009566600574972,190,1573009566547576904,,8.70108706295e-05,5.35442632099e-05,-0.00982486922294
1573009566652908188,191,1573009566601629972,,-0.000123580073705,5.67579081689e-05,-0.00999676901847
1573009566706221091,192,1573009566652975082,,-0.000206962125958,1.05665594674e-05,-0.0101446388289
1573009566810298864,193,1573009566706760883,,7.68008540035e-05,8.28236898087e-06,-0.00986242294312
1573009566864995211,194,1573009566810497999,,0.000147033802932,3.08463568217e-05,-0.0100177386776
1573009566919371679,195,1573009566865185976,,-0.000152408145368,2.48781020673e-06,-0.0100027462468
1573009566971271968,196,1573009566918628931,,-0.00011326996173,-1.37918468681e-05,-0.0101348748431
1573009567074904271,197,1573009566971535921,,0.000117201714602,-4.89447229484e-05,-0.00990854762495
1573009567128806393,198,1573009567075417041,,-9.76644369075e-05,-6.72149908496e-05,-0.0100192856044
1573009567183669664,199,1573009567129317045,,-0.000246673851507,0.000104397477116,-0.00978331454098
1573009567236087732,200,1573009567182715892,,9.91790948319e-05,5.14448693139e-05,-0.0100149372593
1573009567289061753,201,1573009567236932992,,0.000289148039883,2.84432881017e-05,-0.0100248400122
1573009567342634440,202,1573009567289194107,,7.81164344517e-05,-1.64518241945e-05,-0.00994718261063
1573009567397591184,203,1573009567343730926,,-2.24099203479e-05,6.50411629977e-06,-0.00950911641121
1573009567450976756,204,1573009567397706031,,-7.44927383494e-05,-1.16263381642e-05,-0.0101488465443
1573009567505355111,205,1573009567451675891,,-0.000150219362695,-8.60930376803e-05,-0.0103568937629
1573009567559828161,206,1573009567506071090,,0.000209825098864,3.2406700484e-05,-0.00986004248261
1573009567613662967,207,1573009567560076951,,9.74487847998e-05,4.88945188408e-05,-0.00971181783825
1573009567666655349,208,1573009567614120006,,-0.000165887890034,2.79736505036e-05,-0.0103494143113
1573009567720395608,209,1573009567667110919,,-0.000165272445884,1.81222312676e-05,-0.0102435322478
1573009567775896287,210,1573009567720933914,,0.000245970819378,1.62875821843e-05,-0.00981613900512
1573009567830007194,211,1573009567775176048,,-0.00017686180945,4.1080079427e-06,-0.0101474029943
1573009567884762670,212,1573009567830111026,,-0.000202442795853,5.26241383341e-05,-0.00991984456778
1573009567939347190,213,1573009567885278940,,-0.000149386236444,-2.91560081678e-05,-0.00995083060116
1573009568042979958,214,1573009567939877033,,0.000230598714552,2.21066620725e-05,-0.00967346597463
1573009568096625892,215,1573009568043236017,,0.000122233046568,4.86045973958e-05,-0.0102195870131
1573009568150222873,216,1573009568097269058,,-0.000165888734045,-2.74890026049e-05,-0.0100384186953
1573009568204515150,217,1573009568151274919,,-1.11889130494e-05,2.55725008174e-05,-0.0100414734334
1573009568308895803,218,1573009568204983949,,-0.000166071564308,-7.55260844016e-05,-0.0100045865402
1573009568364128487,219,1573009568310616016,,6.01880856266e-05,4.42845885118e-05,-0.0102129876614
1573009568418060396,220,1573009568364712953,,-4.57671267213e-05,4.70554732601e-05,-0.00991592090577
1573009568471987120,221,1573009568418713092,,0.000137280207127,3.86509309465e-05,-0.00996050424874
1573009568527460255,222,1573009568472619056,,0.000331346469466,2.5737523174e-05,-0.00960164610296
1573009568581017809,223,1573009568527628898,,-0.000211316873902,3.11647090712e-05,-0.0100318286568
1573009568634990407,224,1573009568581634044,,-0.000404902471928,4.95807689731e-05,-0.0104713831097
1573009568688729806,225,1573009568635615110,,-7.48892125557e-05,-2.30035202549e-05,-0.00981810782105
1573009568742214517,226,1573009568688930988,,3.79246994271e-05,-8.39239291963e-05,-0.0097862817347
1573009568844957491,227,1573009568742619991,,0.000263660942437,8.20709028631e-05,-0.0100781237707
1573009568898149855,228,1573009568845175981,,-8.53598612593e-05,6.98303556419e-05,-0.0099724503234
1573009568954104599,229,1573009568899120092,,6.67645144858e-05,-4.00334211008e-05,-0.00991180259734
1573009569006942533,230,1573009568953152894,,0.000103794249299,-2.91104006465e-05,-0.0100664580241
1573009569109545654,231,1573009569007142066,,-0.000136642906,-1.19885798995e-05,-0.00998266227543
1573009569162473910,232,1573009569110014915,,-0.00013060963829,-6.02569816692e-05,-0.0098410313949
1573009569215951210,233,1573009569162697076,,0.000301403866615,3.2538879168e-05,-0.0100279385224
1573009569269808090,234,1573009569216236114,,0.000346709537553,2.39710807364e-05,-0.00977055449039
1573009569323682971,235,1573009569270366907,,0.000124826969113,-4.62214156869e-05,-0.0101068103686
1573009569377124641,236,1573009569323882102,,-6.75491246511e-05,-3.74982519133e-05,-0.0103830555454
1573009569431392699,237,1573009569377614021,,-0.000115139926493,-2.39044243244e-06,-0.00987550895661
1573009569486461150,238,1573009569431595087,,8.73665430845e-06,-1.45541498568e-05,-0.00984942074865
1573009569540915013,239,1573009569487114906,,0.00015767372679,6.73636313877e-05,-0.00970974192023
1573009569594472798,240,1573009569540930986,,-3.84252380172e-05,-1.05562157842e-05,-0.0102117117494
1573009569648260495,241,1573009569594963073,,8.2346428826e-05,4.37252419943e-05,-0.0102543588728
1573009569701825813,242,1573009569648444890,,0.000229093624512,1.97488407139e-06,-0.00975711643696
1573009569756375159,243,1573009569702368974,,0.000130419852212,-2.50918583333e-05,-0.00993332825601
1573009569812017167,244,1573009569757004976,,-4.47151178378e-05,0.000140043513966,-0.0101680550724
1573009569864592364,245,1573009569811211109,,-0.00010080751963,-2.22522176045e-05,-0.00997677631676
1573009569918760860,246,1573009569865068912,,9.69152097241e-05,-4.14747446484e-05,-0.0100569091737
1573009569972513981,247,1573009569919183969,,0.000211411272176,-7.90358099039e-05,-0.00965393707156
1573009570025535395,248,1573009569973066091,,0.000150210325955,2.70531654678e-05,-0.0097833648324
1573009570078913911,249,1573009570025846958,,-0.000216099026147,-1.96142332243e-06,-0.0100950272754
1573009570133206888,250,1573009570079916954,,-1.36602866405e-05,5.03481642227e-05,-0.00999793130904
1573009570188705476,251,1573009570134056091,,7.86372220318e-06,3.23504355038e-05,-0.00995216425508
1573009570243001357,252,1573009570189557075,,1.36098324219e-05,-7.7141172369e-05,-0.0100608505309
1573009570346616505,253,1573009570243217945,,-9.14708652999e-05,-2.46825693466e-05,-0.0101636610925
1573009570400505702,254,1573009570347052097,,0.000212287326576,1.89323254745e-05,-0.00987818650901
1573009570454613898,255,1573009570401240110,,0.000497916305903,0.00012343886192,-0.00987309403718
1573009570508630700,256,1573009570454967975,,0.000240602646954,7.71955747041e-05,-0.00965029094368
1573009570561816481,257,1573009570508780956,,-0.000143923374708,-9.5707946457e-05,-0.0102482642978
1573009570616003821,258,1573009570562724113,,-8.74529505381e-05,-7.47093290556e-05,-0.00994852371514
1573009570669892190,259,1573009570616385936,,-4.58018221252e-05,6.68689026497e-05,-0.0100743314251
1573009570723556067,260,1573009570670186042,,0.000108639294922,1.60381150636e-05,-0.00998347532004
1573009570827711333,261,1573009570724360942,,0.000196569788386,9.22605249798e-05,-0.0100747589022
1573009570881941667,262,1573009570828243970,,0.000126936822198,2.24963769142e-05,-0.0101891960949
1573009570934000637,263,1573009570882472991,,0.000243838323513,2.81148300019e-06,-0.0100358212367
1573009570985229599,264,1573009570934148073,,-4.64339500468e-05,-4.94114356115e-05,-0.00979914143682
1573009571038441996,265,1573009570985191106,,-0.000171802268596,-1.94324002223e-05,-0.0100803347304
1573009571092127963,266,1573009571038830995,,-7.59717586334e-05,7.26109064999e-05,-0.0101723950356
1573009571148213719,267,1573009571093843936,,8.14872255432e-05,-1.84501568583e-05,-0.00984924193472
1573009571202215797,268,1573009571148720979,,0.000196733570192,3.99987657147e-05,-0.00992666836828
1573009571256258024,269,1573009571202586889,,0.000102255646198,6.39328864054e-05,-0.00995974149555
1573009571360181927,270,1573009571256774902,,-8.53293531691e-05,-3.80203600798e-05,-0.0100151002407
1573009571413963211,271,1573009571360564947,,0.000113309732114,-5.4728527175e-05,-0.00995982903987
1573009571468108358,272,1573009571414561033,,-8.39329586597e-05,-5.70491720282e-05,-0.0101261008531
1573009571522420497,273,1573009571468770980,,-3.98650736315e-05,-1.25950100482e-06,-0.0102306399494
1573009571626427215,274,1573009571523045063,,0.000143931931234,-1.83072006621e-05,-0.0100632142276
1573009571680629396,275,1573009571627082109,,7.21526230336e-05,-1.02847320704e-06,-0.0097923213616
1573009571733598816,276,1573009571680993080,,-1.91581657418e-05,-7.25880963728e-05,-0.0100796371698
1573009571787137715,277,1573009571734074115,,4.34743269579e-05,-1.89297643374e-05,-0.0103019941598
1573009571840476157,278,1573009571787936925,,0.00010172452312,4.55166591564e-05,-0.0095412125811
1573009571893407623,279,1573009571841106891,,9.38075900194e-05,3.84758022847e-05,-0.0100326063111
1573009571947028197,280,1573009571893642902,,0.000179783499334,-4.75904125778e-05,-0.01007979922
1573009571999610644,281,1573009571947608947,,0.000121577846585,-5.50818258489e-05,-0.0100199347362
1573009572053018124,282,1573009571999855041,,-8.98181388038e-05,0.00021251803264,-0.0100302435458
1573009572106821569,283,1573009572053446054,,5.59089639864e-05,-3.74051182916e-06,-0.0100131761283
1573009572160284987,284,1573009572107034921,,6.56749471091e-05,-0.000108156244096,-0.00998071674258
1573009572214056298,285,1573009572160773038,,-7.93958097347e-05,-0.00013608187146,-0.0102005265653
1573009572267425566,286,1573009572214718103,,-9.68349922914e-05,-4.54318724223e-05,-0.0102386316285
1573009572370820478,287,1573009572267710924,,0.000149849671288,0.000141698648804,-0.00969308055937
1573009572424726813,288,1573009572371613979,,0.000508660101332,2.09749487112e-06,-0.00928819738328
1573009572478967906,289,1573009572425334930,,0.00111823284533,-0.000163314049132,-0.00599349988624
1573009572532904238,290,1573009572479141950,,-0.000712550536264,-0.00111854600254,0.00262494618073
1573009572585893393,291,1573009572533302068,,-0.00213257805444,-0.000913603347726,0.0139984982088
1573009572640598672,292,1573009572587507963,,0.000179389244295,0.000433845183579,0.0212361719459
1573009572694682626,293,1573009572641246080,,0.000248776690569,0.00024944692268,0.0205456577241
1573009572748454970,294,1573009572694983959,,0.000438003218733,0.000323161802953,0.0209581200033
1573009572853183258,295,1573009572749217987,,0.000206153214094,0.00018644456577,0.0200131647289
1573009572907711740,296,1573009572854744911,,-3.97633193643e-05,0.00014107824245,0.0208909902722
1573009572961697211,297,1573009572908333063,,9.08596757654e-06,9.39122473937e-05,0.0198698993772
1573009573015509115,298,1573009572962227106,,0.000311386305839,7.92684586486e-05,0.0198337454349
1573009573120466902,299,1573009573016556978,,-7.23065822967e-05,0.000128055675304,0.0199712272733
1573009573175116724,300,1573009573120752096,,-9.58665186772e-05,-0.000155566071044,0.0200417712331
1573009573227481342,301,1573009573174304008,,4.05488717661e-05,-4.51213163615e-05,0.0196180734783
1573009573282129033,302,1573009573228070974,,0.000110739521915,-2.77632643702e-05,0.0198121946305
1573009573386097502,303,1573009573282866001,,-0.000202353927307,3.68286282537e-06,0.0202009491622
1573009573439788112,304,1573009573386775970,,-4.89837184432e-05,-6.56238189549e-05,0.0204762686044
1573009573494582110,305,1573009573440977096,,-0.000270495744189,9.27477667574e-05,0.0171716213226
1573009573598053615,306,1573009573494630098,,0.000290573167149,0.000143693032442,0.0113442046568
1573009573653242390,307,1573009573599670886,,5.5017271734e-06,-7.77325039962e-05,0.0099416570738
1573009573706960167,308,1573009573653585910,,0.000244342605583,1.62790256582e-05,0.0100831780583
1573009573760783277,309,1573009573707576036,,0.000216459942749,4.48637110821e-05,0.0102667296305
1573009573814956351,310,1573009573761475086,,-4.75419910799e-05,6.02471300226e-05,0.00974278710783
1573009573866972517,311,1573009573815368890,,-8.45034737722e-05,1.61119278346e-05,0.0102003356442
1573009573920565365,312,1573009573866986036,,3.39179241564e-05,-1.72510044649e-06,0.00993419997394
1573009573974741306,313,1573009573920586109,,0.000154301073053,-1.5386925952e-05,0.00980432704091
1573009574028700473,314,1573009573975411891,,-3.83490332752e-05,-9.40890022321e-05,0.0101626776159
1573009574131662892,315,1573009574028248071,,8.85423730779e-07,2.49884506047e-05,0.00982631184161
1573009574184451874,316,1573009574131779909,,4.22388111474e-05,3.9662951167e-05,0.0100850332528
1573009574238041596,317,1573009574184691905,,-6.73464273859e-06,6.80032899254e-05,0.0102098230273
1573009574292237219,318,1573009574238612890,,-5.66189264646e-05,-1.84626642294e-05,0.00975127611309
1573009574347376270,319,1573009574292710065,,-0.000155942936544,-9.74288923317e-05,0.00980365555733
1573009574400611214,320,1573009574346740007,,0.000117051560665,-6.10917413724e-05,0.0102495541796
1573009574454179472,321,1573009574400856971,,0.000234316743445,4.28308376286e-05,0.01003368292
1573009574508164969,322,1573009574454664945,,-1.66158697539e-05,3.51206035702e-05,0.00982117652893
1573009574562252198,323,1573009574508788108,,2.37052603325e-07,1.10598591618e-06,0.0100030181929
1573009574616285200,324,1573009574562951087,,8.33015405988e-07,7.27525839466e-05,0.00996088143438
1573009574669055959,325,1573009574616671085,,2.87927491627e-06,-1.34359606818e-05,0.0100551694632
1573009574721978799,326,1573009574668684959,,-5.13279228471e-05,-9.0760178864e-05,0.0101747298613
1573009574776200172,327,1573009574722357988,,-9.24180312722e-06,-4.38679016952e-05,0.0100884698331
1573009574881110177,328,1573009574776726007,,5.58172578167e-05,3.49546062353e-05,0.0101140392944
1573009574933254551,329,1573009574880270004,,0.000138128511026,-1.62197193276e-05,0.00987471919507
1573009574988352314,330,1573009574933929920,,0.000149299157783,4.23784626946e-07,0.00992918200791
1573009575041067740,331,1573009574987503051,,-2.59536773228e-05,-2.15574691538e-05,0.00957656558603
1573009575145143009,332,1573009575041857004,,-0.000209130099392,-0.000107961888716,0.00978019367903
1573009575198675946,333,1573009575145576953,,1.59119535965e-05,-2.53529306065e-05,0.00998465251178
1573009575252859725,334,1573009575199582099,,-0.000129603882669,-9.7991367511e-05,0.0097821271047
1573009575306778866,335,1573009575253386974,,-4.98326371599e-05,6.30741487839e-06,0.01003316883
1573009575359785933,336,1573009575307044029,,0.000137890208862,3.84023660445e-05,0.0102431466803
1573009575415743490,337,1573009575361176013,,0.000222843809752,9.98643590719e-05,0.0100823417306
1573009575469793602,338,1573009575415100097,,-2.87359525828e-05,-5.05823409185e-05,0.00997761450708
1573009575521959547,339,1573009575468797922,,-0.000108057749458,-2.55746817857e-05,0.00989842321724
1573009575575912227,340,1573009575522655963,,-4.26656770287e-05,6.32778028375e-05,0.0102515723556
1573009575630148488,341,1573009575576316118,,4.1259550926e-05,5.12664564667e-06,0.00962794944644
1573009575684163412,342,1573009575630319118,,5.31409350515e-05,3.4627460991e-05,0.0100629832596
1573009575738018445,343,1573009575684453964,,2.87964012387e-05,8.07329051895e-05,0.0102212382481
1573009575841826048,344,1573009575738481998,,7.18888404663e-05,7.50877079554e-05,0.00975734367967
1573009575895537483,345,1573009575842145919,,-6.70900135447e-06,4.8773731578e-06,0.0103843528777
1573009575949659597,346,1573009575896047115,,-5.59990257898e-05,-1.77826659638e-05,0.00993107259274
1573009576003786272,347,1573009575950392007,,-0.000169393082615,-6.18897392997e-05,0.00954985711724
1573009576058029925,348,1573009576004576921,,-0.000154474430019,-7.61046685511e-05,0.00982038769871
1573009576111855439,349,1573009576058166980,,4.58247413917e-05,-4.26303522545e-05,0.0101302145049
1573009576165926495,350,1573009576112324953,,0.000246394891292,-2.9271321182e-05,0.010048802942
1573009576219935993,351,1573009576166363954,,0.000331709365128,-1.8424118025e-05,0.0102269342169
1573009576273563373,352,1573009576220454931,,3.05348794427e-06,-4.40978146798e-05,0.0100589152426
1573009576377140519,353,1573009576273864984,,-1.04707996798e-05,7.04197664163e-05,0.010014731437
1573009576431050516,354,1573009576377657890,,4.03533977078e-06,-7.72447674535e-05,0.0095099452883
1573009576484403291,355,1573009576431117057,,-0.000404800375691,-7.23687435311e-06,0.00910809915513
1573009576537483685,356,1573009576485025882,,0.00124265567865,3.3033091313e-05,0.00848198402673
1573009576591858429,357,1573009576537839889,,0.000165422869031,0.000103145925095,0.0117065478116
1573009576646248356,358,1573009576592730045,,-0.000646037166007,0.000171976076672,0.0193650461733
1573009576700986815,359,1573009576646771907,,-9.26033317228e-05,-1.36386843224e-05,0.020127505064
1573009576754833343,360,1573009576701466083,,5.11287544214e-05,3.4374097595e-06,0.0204706862569
1573009576808497809,361,1573009576755492925,,7.43157852412e-06,-4.87111719849e-05,0.0199568327516
1573009576862412132,362,1573009576809123992,,-0.00029628543416,-0.0001388147939,0.0195225179195
1573009576916243981,363,1573009576862837076,,-6.92769608577e-05,-4.92631152156e-05,0.0196071192622
1573009576969950394,364,1573009576916699886,,0.000129983905936,-1.37125853144e-05,0.020112670958
1573009577024256262,365,1573009576970439910,,-4.8473143579e-06,3.69342706108e-05,0.0203531924635
1573009577077814099,366,1573009577024374961,,-0.00014558264229,-1.09711754703e-05,0.0197782162577
1573009577131894621,367,1573009577078433990,,5.33560159965e-06,5.31236255483e-05,0.0207936596125
1573009577185831353,368,1573009577132383108,,0.000190964987269,6.11553841736e-05,0.0196183882654
1573009577240034213,369,1573009577186755895,,-0.000115824528621,-6.74950497341e-05,0.0193506609648
1573009577343903312,370,1573009577240457057,,0.000106424908154,3.74234768969e-05,0.0203543324023
1573009577397963539,371,1573009577344384908,,-1.56772239279e-05,6.00289531576e-05,0.0198703035712
1573009577451959250,372,1573009577398200035,,-0.000233799393754,-8.96835990716e-05,0.0195712503046
1573009577505881512,373,1573009577452414989,,-0.000688297848683,-6.86734565534e-05,0.0186204668134
1573009577559512035,374,1573009577506318092,,4.96877873957e-05,-0.000114801441669,0.0155941434205
1573009577612820721,375,1573009577559135913,,0.000471091712825,-8.66840400704e-06,0.0108635146171
1573009577665805556,376,1573009577612385034,,-7.7446042269e-05,5.11415419169e-05,0.0101010613143
1573009577718598520,377,1573009577666518926,,-0.000159639326739,-1.92503084691e-05,0.0100531689823
1573009577772284445,378,1573009577718820095,,-0.000174629618414,3.52915776602e-05,0.0101305777207
1573009577827076291,379,1573009577771634101,,-3.08817152472e-06,3.40442147717e-06,0.00982083473355
1573009577881273852,380,1573009577827678918,,0.000214624786167,3.75978197553e-05,0.0101873939857
1573009577935258113,381,1573009577881683111,,0.000215350504732,0.000139578856761,0.0100901117548
1573009577988958138,382,1573009577935532093,,-2.36575688177e-05,3.03645879285e-06,0.00945459213108
1573009578092729327,383,1573009577989583969,,2.41272118728e-05,0.000147075508721,0.0100887520239
1573009578146508661,384,1573009578093074083,,-0.00016182604304,-1.73374755832e-05,0.00979694258422
1573009578200175825,385,1573009578146836996,,-3.00608244288e-05,-7.44126009522e-05,0.0100372172892
1573009578253814127,386,1573009578200386047,,0.00017652400129,4.86037279188e-05,0.0101521117613
1573009578358290391,387,1573009578254326105,,0.000176677916897,-3.45184162143e-05,0.00989988725632
1573009578412204276,388,1573009578358877897,,-4.30634572695e-05,1.3266347878e-06,0.0101107247174
1573009578465640660,389,1573009578412763118,,-0.000165193428984,-8.39274434838e-05,0.00949073955417
1573009578519226188,390,1573009578466275930,,-9.79169490165e-05,-4.9582336942e-05,0.0100131258368
1573009578572966909,391,1573009578519767999,,-0.000208600744372,-3.63112267223e-05,0.0101667130366
1573009578626566205,392,1573009578573512077,,1.30433791128e-05,-3.58763791155e-05,0.010015161708
1573009578679872128,393,1573009578627636909,,-1.8626678866e-05,-8.33587473608e-05,0.00985311064869
1573009578733592286,394,1573009578680147886,,1.03038864836e-05,-4.9454622058e-05,0.0101139219478
1573009578788145506,395,1573009578734148979,,6.35650430922e-05,8.48153940751e-05,0.0101272733882
1573009578841075880,396,1573009578788511037,,7.49212922528e-05,3.58076831617e-05,0.0101254265755
1573009578894691082,397,1573009578841361999,,-6.19520869805e-05,-1.71478677657e-05,0.0100670158863
1573009578948629949,398,1573009578895437002,,-0.000124613870867,-1.51402002757e-06,0.00997164286673
1573009579002354614,399,1573009578949071884,,2.51301134995e-05,4.53764550912e-05,0.010106632486
1573009579056413044,400,1573009579002609014,,1.56446185429e-05,7.49986211304e-05,0.01003974583
1573009579110042474,401,1573009579056565046,,2.95259246741e-06,-5.68669565837e-05,0.00987272430211
1573009579163955474,402,1573009579110135078,,-0.00038937033969,9.70769997366e-06,0.010015678592
1573009579218029651,403,1573009579164704084,,4.24115569331e-05,4.28636230936e-05,0.00995647255331
1573009579271419867,404,1573009579218487977,,0.000259093503701,9.43911218201e-05,0.0102743720636
1573009579374380956,405,1573009579271531105,,-2.30024179473e-05,-8.76448466443e-05,0.00986495241523
1573009579428148039,406,1573009579374886989,,-7.11054453859e-05,-2.82569581032e-05,0.00995264202356
1573009579481800742,407,1573009579428530931,,-0.000118601608847,9.3279122666e-05,0.00952761340886
1573009579536721031,408,1573009579482269048,,8.82680615177e-05,7.30925166863e-05,0.00983534194529
1573009579640329078,409,1573009579537625074,,0.000218431872781,-1.51388267113e-05,0.0103758331388
1573009579693452173,410,1573009579640319108,,-0.000112054905912,5.4670431382e-07,0.00978023186326
1573009579747319332,411,1573009579693686962,,-0.000164994984516,-6.23295272817e-05,0.00991675164551
1573009579800962549,412,1573009579747760057,,-0.000166308309417,-5.20549729117e-05,0.00984973087907
1573009579854411679,413,1573009579801280021,,-2.63132933469e-05,6.20350256213e-05,0.0096534518525
1573009579910137877,414,1573009579856781005,,0.000137276510941,1.81269351742e-05,0.0103745404631
1573009579963708168,415,1573009579910489082,,7.59791437304e-05,0.000119272757729,0.0099579449743
1573009580017970156,416,1573009579964482069,,8.76148988027e-05,3.67365209968e-05,0.00980942789465
1573009580122203143,417,1573009580018702030,,3.80236306228e-05,-4.94972264278e-05,0.00993021018803
1573009580176260509,418,1573009580122241973,,-0.00016875404981,4.30622749263e-05,0.0101624364033
1573009580229596121,419,1573009580176304101,,-8.11222998891e-05,2.96330454148e-05,0.0101298140362
1573009580282811207,420,1573009580230355024,,0.00013688695617,-0.000140451447805,0.00987652782351
1573009580386332982,421,1573009580283102989,,0.000150727035361,6.38731626168e-06,0.0102032963187
1573009580440289240,422,1573009580386893033,,-1.22333021864e-05,-4.61153795186e-05,0.00975355599076
1573009580493549695,423,1573009580440337896,,-6.28433044767e-05,3.40310180036e-05,0.00995291676372
1573009580546563713,424,1573009580494148969,,-5.9227575548e-05,1.07252424186e-06,0.00991730112582
1573009580650308158,425,1573009580547053098,,0.000101414640085,-7.65324966778e-06,0.00409980677068
1573009580704374300,426,1573009580650904893,,1.12842883482e-07,-2.43876238528e-05,5.21258298249e-05
1573009580759299946,427,1573009580705117940,,3.02389962599e-05,8.58821586007e-05,0.000154638240929
1573009580811713903,428,1573009580758426904,,4.69765873277e-05,0.000132713641506,0.000121674660477
1573009580914410648,429,1573009580811985969,,3.51025955752e-05,4.90842248837e-05,6.52244052617e-05
1573009580967863626,430,1573009580914768934,,-8.51028817124e-05,-6.70173103572e-05,-0.00016101768415
1573009581022940564,431,1573009580968307971,,-3.41734521498e-05,-3.33075035996e-06,-1.91211347556e-05
1573009581075681178,432,1573009581021687030,,-2.76076552836e-05,-2.75051434073e-06,1.37338220156e-05
1573009581129587297,433,1573009581075666904,,-9.3522885436e-06,2.73606074188e-05,-5.17001317348e-05
1573009581183060152,434,1573009581129801988,,1.88772207821e-06,1.64539372349e-07,-3.31610317517e-05
1573009581236614835,435,1573009581183509111,,-0.000120660282846,-0.000117169875011,-0.000182065807167
1573009581291648284,436,1573009581237241029,,-2.09926838579e-05,-9.71111367107e-05,-0.000107981279143
1573009581395455552,437,1573009581292141914,,-8.24766029837e-05,1.69011291291e-05,-7.91970815044e-05
1573009581449089248,438,1573009581395936965,,5.10966274305e-05,0.00010608262528,0.000173453867319
1573009581502711136,439,1573009581449531078,,-7.62151757954e-05,-1.82532276085e-05,-6.47388733341e-05
1573009581556601244,440,1573009581503323078,,-4.57067289972e-05,-9.5047558716e-05,-0.000144343386637
1573009581609954677,441,1573009581557446956,,3.65575760952e-05,1.23147747217e-05,-2.12394061236e-05
1573009581663622343,442,1573009581610235929,,4.08598643844e-05,4.27983395639e-05,4.01365905418e-05
1573009581717890367,443,1573009581665405035,,-4.19803327532e-05,-0.000119014024676,-0.000181308118044
1573009581769899773,444,1573009581718230962,,5.56132217753e-05,3.31909650413e-05,5.83244436712e-05
1573009581820963641,445,1573009581770060062,,8.58253624756e-05,3.8140657125e-05,0.000148876322783
1573009581872327884,446,1573009581821149110,,-7.43215641705e-05,2.2142967282e-06,-2.05938576983e-05
1573009581976592326,447,1573009581872314929,,1.42154403875e-05,1.52603261085e-05,2.43854356086e-05
1573009582031300733,448,1573009581975585937,,-1.85924072866e-05,1.69349295902e-05,4.34455105278e-05
1573009582087154064,449,1573009582031269073,,5.17546104675e-05,5.04270137753e-05,4.14572896261e-05
1573009582139614815,450,1573009582086317062,,2.98127579299e-05,1.22542778627e-05,6.67957137921e-05
1573009582193533423,451,1573009582140413045,,6.49384455755e-05,-2.30003224715e-05,-8.28973043099e-06
1573009582247289381,452,1573009582194058895,,1.45673438965e-05,-1.11446961455e-05,-0.00010282961739
1573009582300746334,453,1573009582247718095,,1.18660791486e-05,-5.11980142619e-05,1.23371464724e-05
1573009582354292240,454,1573009582301608085,,-0.000130561646074,-1.58606835612e-05,-2.67155846814e-05
1573009582457925243,455,1573009582354684114,,0.00336309568956,0.000161649571965,-0.000133466834086
1573009582512058867,456,1573009582458694934,,-0.000786030141171,-1.95725606318e-05,3.4925644286e-05
1573009582566034251,457,1573009582512600898,,-2.94991368719e-05,8.1535672507e-06,-2.43647828029e-05
1573009582620358651,458,1573009582566653966,,6.19425336481e-05,-1.43710240081e-05,1.85554563359e-06
1573009582675090556,459,1573009582621676921,,0.000237541884417,2.60538272414e-05,-2.55156937783e-05
1573009582728551138,460,1573009582675479888,,3.68584260286e-05,-1.49680545292e-05,-3.10069553962e-05
1573009582781577696,461,1573009582729257106,,0.00055677263299,1.99469395739e-05,-9.65629442362e-06
1573009582834530671,462,1573009582781181097,,0.00013537472114,-2.241306305e-07,3.54645162588e-05
1573009582938100083,463,1573009582835064888,,4.00647295464e-05,-3.87134377888e-06,3.16770797326e-06
1573009582991643134,464,1573009582939193010,,-6.78652795614e-05,-9.63765414781e-05,-0.000143839715747
1573009583045315572,465,1573009582992105960,,1.43070637932e-05,6.80533703417e-05,3.76922507712e-05
1573009583098803605,466,1573009583045649051,,3.02548760374e-05,4.12306835642e-05,7.18020455679e-05
1573009583452634112,467,1573009583099749088,,9.46238560573e-06,2.08909877983e-05,0.000135819063871
1573009583507272936,468,1573009583453665018,,-4.34541871073e-05,5.73420984438e-05,4.08229716413e-05
1573009583561189552,469,1573009583507705926,,0.000179092021426,1.79808539542e-05,-2.24226118917e-06
1573009583615807992,470,1573009583561943054,,-2.38221878135e-06,-1.27134017021e-05,-5.75467038288e-06
1573009583669242531,471,1573009583615895986,,-2.2370586521e-06,2.90304433292e-05,-1.60908530233e-05
1573009583723322557,472,1573009583669588088,,9.98305476969e-05,0.000132924003992,0.000154610301252
1573009583775913503,473,1573009583723474025,,-8.29136333778e-05,-0.000115974493383,-0.000126703613205
1573009583829793883,474,1573009583776338100,,-6.88716609147e-05,-0.000134843910928,-0.000116020462883
1573009583883522035,475,1573009583830111980,,-0.000181924580829,-3.4882464206e-06,2.71521148534e-05
1573009583937228394,476,1573009583883975028,,0.000127085862914,6.87084830133e-05,0.000130578278913
1573009583991184535,477,1573009583937890052,,-3.20638719131e-05,1.79715589184e-05,-1.46479142131e-05
1573009584044726546,478,1573009583991348981,,-8.45681097417e-06,-0.000103975944512,-0.000116169649118
1573009584098956304,479,1573009584045185089,,0.000120573473396,-4.4583750423e-05,-1.26607819766e-05
1573009584153390569,480,1573009584100044965,,-3.83344049624e-05,3.71729811377e-06,-3.68116452591e-05
1573009584207199054,481,1573009584153399944,,-0.000974342750851,-9.42906408454e-05,3.92047149944e-05
1573009584260806897,482,1573009584208159923,,-3.66176172975e-05,-3.94886701542e-05,-4.33334753325e-05
1573009584314152775,483,1573009584261106967,,-5.27760312252e-05,2.12416889553e-05,6.06803610026e-07
1573009584419298273,484,1573009584314752101,,7.70886254031e-05,0.000115572249342,0.000161942924024
1573009584472957397,485,1573009584418390035,,-4.39446266682e-05,-8.91419695108e-05,-0.000118372430734
1573009584527151050,486,1573009584471991062,,-3.70047455363e-05,-5.47675081179e-05,-8.16396277514e-05
1573009584580926223,487,1573009584527452945,,4.5899712859e-05,3.81969812224e-06,2.55020750046e-05
1573009584634584928,488,1573009584581331014,,9.47109947447e-06,-7.24788260413e-05,-8.06442694739e-05
1573009584687147516,489,1573009584634864091,,-2.35452043853e-05,-5.91546304349e-05,-9.80316763162e-05
1573009584741151483,490,1573009584687464952,,-8.96440978977e-05,6.87656211085e-05,4.59596703877e-05
1573009584794500155,491,1573009584741862058,,-2.025761205e-05,-1.32196228151e-05,3.87411091651e-05
1573009584898158104,492,1573009584794823884,,9.99514395517e-06,3.19457394653e-05,4.55945482827e-05
1573009584951754045,493,1573009584898379087,,2.4371804102e-05,-3.15509569191e-05,-1.6513708033e-05
1573009585007356867,494,1573009584952315092,,-7.62539857533e-05,2.9968445233e-05,4.44090401288e-05
1573009585059870957,495,1573009585006386995,,1.39916601256e-05,1.91668386833e-05,-4.04783095291e-05
1573009585113846866,496,1573009585060226917,,-0.00230462383479,-0.000104188322439,9.61972691584e-05
1573009585169063086,497,1573009585116054058,,0.000101084398921,-0.000114035115985,-8.47063492984e-05
1573009585223323200,498,1573009585169934034,,-2.57420397247e-05,-5.66941926081e-05,-0.000109197841084
1573009585277706124,499,1573009585223998069,,-6.09985363553e-05,6.98239527992e-05,3.77275864594e-05
1573009585382028929,500,1573009585277995109,,3.45539774571e-05,-2.45676801569e-05,-4.75973283756e-05
1573009585436640300,501,1573009585383032083,,-4.24520158049e-06,8.54873724165e-05,0.000121126839076
1573009585489022363,502,1573009585436742067,,-3.60871636076e-05,3.19793762174e-05,1.63545628311e-05
1573009585542778477,503,1573009585489260911,,8.3338447439e-05,3.46238484781e-05,6.62146776449e-05
1573009585597151322,504,1573009585543490886,,-6.98067515259e-06,-1.46503216456e-05,-1.17057943498e-05
1573009585649844245,505,1573009585597410917,,4.47782367701e-05,3.75202544092e-05,5.53705649509e-05
1573009585703435982,506,1573009585650168895,,6.16736142547e-05,8.44784226501e-05,9.66970983427e-05
1573009585757234226,507,1573009585704021930,,-3.38403765454e-06,6.12227131569e-06,8.28973770695e-06
1573009585811786426,508,1573009585758466958,,1.39864578159e-05,1.01584082586e-05,-3.8485954974e-06
1573009585866685205,509,1573009585812175989,,-6.35902733848e-06,-5.435757339e-05,-0.000123669000459
1573009585919815845,510,1573009585866272926,,-6.5316016844e-05,2.77759190794e-05,3.50522532244e-05
1573009585972675686,511,1573009585920265913,,-8.78383070813e-06,4.6027256758e-05,9.11833703867e-05
1573009586026165291,512,1573009585972906112,,3.17765734508e-05,-7.41360418033e-06,-4.86331700813e-05
1573009586130545332,513,1573009586026951074,,0.000118973199278,-1.56765672727e-05,-5.13718405273e-05
1573009586184427858,514,1573009586130806922,,1.81480445463e-05,-2.90031566692e-05,5.08185476065e-05
1573009586238827893,515,1573009586185018062,,-1.17427489386e-05,-5.11548569193e-05,-0.000109199150756
1573009586292402495,516,1573009586239348888,,-6.48763307254e-05,6.36452386971e-05,6.56553456793e-05
1573009586347580787,517,1573009586293678998,,7.00338787283e-05,8.11164281913e-05,0.00015208440891
1573009586402250075,518,1573009586349033117,,6.55128314975e-05,0.000132564891828,0.000167244506883
1573009586455572309,519,1573009586402857065,,-5.16197833349e-05,5.27694501216e-05,-2.85247388092e-05
1573009586512166346,520,1573009586456192970,,-6.46441912977e-05,-9.52048576437e-05,-0.000123992242152
1573009586614246280,521,1573009586511521100,,3.66657986888e-05,-4.39134928456e-05,-8.34885795484e-05
1573009586669387905,522,1573009586614518880,,-7.51070183469e-05,4.09483618569e-05,4.43722528871e-05
1573009586724401597,523,1573009586669509887,,-1.93933283299e-05,-5.50993281649e-05,-6.94189147907e-05
1573009586777480489,524,1573009586724952936,,4.42985947302e-05,7.91688853496e-06,-3.27008710883e-05
1573009586879982155,525,1573009586777656078,,1.65926012414e-05,6.17539699306e-05,5.94690791331e-05
1573009586933650694,526,1573009586880359888,,-9.48104116105e-06,3.53071191057e-05,5.57254643354e-05
1573009586987293299,527,1573009586934264898,,-1.21742905321e-05,5.20572757523e-05,7.03214391251e-05
1573009587040562959,528,1573009586987354993,,3.00810606859e-05,-3.732578989e-05,-1.71587544173e-05
1573009587095855437,529,1573009587041559934,,1.87691402971e-05,-6.33196759736e-05,-0.000108455271402
1573009587148985886,530,1573009587096039056,,-8.89531875146e-05,3.25775436067e-05,6.55265903333e-05
1573009587203449933,531,1573009587149532079,,5.32091098648e-06,2.88463597826e-05,3.37760575349e-05
1573009587257197878,532,1573009587203468084,,2.18388504436e-05,6.23655296295e-06,1.66092704603e-05
