%time,field.header.seq,field.header.stamp,field.header.frame_id,field.speed,field.vx,field.vy,field.vz
1573008674183292986,3585,1573008674128384113,,0.0,0.0,0.0,0.0
1573008674238226079,3586,1573008674182349920,,0.0,-9.99999974738e-06,9.99999974738e-06,0.0
1573008674291466073,3587,1573008674237373113,,0.0,-1.99999994948e-05,9.99999974738e-06,1.99999994948e-05
1573008674347018292,3588,1573008674291636943,,0.0,9.99999974738e-06,1.99999994948e-05,-9.99999974738e-06
1573008674400884662,3589,1573008674346194982,,0.0,0.0,-9.99999974738e-06,-9.99999974738e-06
1573008674455063804,3590,1573008674400312900,,0.0,-0.0,9.99999974738e-06,-9.99999974738e-06
1573008674557180588,3591,1573008674454446077,,0.0,9.99999974738e-06,0.0,-9.99999974738e-06
1573008674611195571,3592,1573008674556777000,,0.0,-9.99999974738e-06,-0.0,0.0
1573008674665605115,3593,1573008674610501050,,0.0,-9.99999974738e-06,-9.99999974738e-06,9.99999974738e-06
1573008674719577379,3594,1573008674664894104,,0.0,0.0,-9.99999974738e-06,-9.99999974738e-06
1573008674773424825,3595,1573008674718838930,,0.0,-0.0,-9.99999974738e-06,9.99999974738e-06
1573008674827553161,3596,1573008674772768020,,0.0,9.99999974738e-06,-0.0,-9.99999974738e-06
1573008674881074177,3597,1573008674826721906,,0.0,9.99999974738e-06,-0.0,-9.99999974738e-06
1573008674934640926,3598,1573008674881165027,,0.0,-9.99999974738e-06,9.99999974738e-06,9.99999974738e-06
1573008674988748002,3599,1573008674934022903,,0.0,-0.0,9.99999974738e-06,9.99999974738e-06
1573008675039956316,3600,1573008674988046884,,0.0,-9.99999974738e-06,-0.0,9.99999974738e-06
1573008675093601241,3601,1573008675039771080,,0.0,0.0,9.99999974738e-06,0.0
1573008675147453848,3602,1573008675093612909,,0.0,1.99999994948e-05,0.0,-9.99999974738e-06
1573008675201449612,3603,1573008675147564888,,0.0,0.0,-0.0,0.0
1573008675307203770,3604,1573008675201381921,,0.0,-1.99999994948e-05,-9.99999974738e-06,9.99999974738e-06
1573008675361317897,3605,1573008675306963920,,0.0,9.99999974738e-06,9.99999974738e-06,-9.99999974738e-06
1573008675414815537,3606,1573008675361270904,,0.0,-0.0,1.99999994948e-05,9.99999974738e-06
1573008675469168281,3607,1573008675414361953,,0.0,0.0,9.99999974738e-06,0.0
1573008675522865668,3608,1573008675468590021,,0.0,-9.99999974738e-06,-9.99999974738e-06,0.0
1573008675578039188,3609,1573008675522944927,,0.0,0.0,1.99999994948e-05,-0.0
1573008675632256736,3610,1573008675577955961,,0.0,9.99999974738e-06,-9.99999974738e-06,-9.99999974738e-06
1573008675687230038,3611,1573008675632277965,,0.0,9.99999974738e-06,9.99999974738e-06,-0.0
1573008675790808943,3612,1573008675686553001,,0.0,-9.99999974738e-06,9.99999974738e-06,0.0
1573008675845543109,3613,1573008675790441989,,0.0,-0.0,-9.99999974738e-06,-9.99999974738e-06
1573008675899709692,3614,1573008675844913959,,0.0,1.99999994948e-05,9.99999974738e-06,-9.99999974738e-06
1573008675951812822,3615,1573008675899070024,,0.0,-0.0,9.99999974738e-06,0.0
1573008676003225558,3616,1573008675951806068,,0.0,0.0,-1.99999994948e-05,-9.99999974738e-06
1573008676059075736,3617,1573008676003020048,,0.0,-9.99999974738e-06,-0.0,0.0
1573008676111947974,3618,1573008676057410001,,0.0,1.99999994948e-05,0.0,-9.99999974738e-06
1573008676167777273,3619,1573008676111911058,,0.0,9.99999974738e-06,-1.99999994948e-05,-9.99999974738e-06
1573008676271835962,3620,1573008676167879104,,0.0,-9.99999974738e-06,9.99999974738e-06,0.0
1573008676327342333,3621,1573008676271814107,,0.0,-9.99999974738e-06,-9.99999974738e-06,9.99999974738e-06
1573008676382580217,3622,1573008676326757907,,0.0,0.0,-1.99999994948e-05,0.0
1573008676436177158,3623,1573008676381922006,,0.0,-9.99999974738e-06,1.99999994948e-05,9.99999974738e-06
1573008676491783925,3624,1573008676436352014,,0.0,-1.99999994948e-05,-9.99999974738e-06,9.99999974738e-06
1573008676547161831,3625,1573008676491857051,,0.0,-0.0,-9.99999974738e-06,0.0
1573008676601438951,3626,1573008676547264099,,0.0,-9.99999974738e-06,9.99999974738e-06,0.0
1573008676706415891,3627,1573008676601574897,,0.0,9.99999974738e-06,-9.99999974738e-06,-0.0
1573008676760919094,3628,1573008676705632925,,0.0,-9.99999974738e-06,-0.0,0.0
1573008676815272036,3629,1573008676761133909,,0.0,-9.99999974738e-06,-9.99999974738e-06,-0.0
1573008676869941460,3630,1573008676815407991,,0.0,9.99999974738e-06,0.0,-0.0
1573008676923186804,3631,1573008676869254112,,0.0,9.99999974738e-06,-0.0,-0.0
1573008677026224886,3632,1573008676923295974,,0.0,-0.0,-9.99999974738e-06,-0.0
1573008677080356656,3633,1573008677026173114,,0.0,9.99999974738e-06,-1.99999994948e-05,-9.99999974738e-06
1573008677134342608,3634,1573008677080307006,,0.0,9.99999974738e-06,9.99999974738e-06,-0.0
1573008677187471910,3635,1573008677133465051,,0.0,0.0,9.99999974738e-06,-0.0
1573008677242276084,3636,1573008677187427997,,0.0,9.99999974738e-06,-1.99999994948e-05,-9.99999974738e-06
1573008677295225621,3637,1573008677241590023,,0.0,0.0,-9.99999974738e-06,-0.0
1573008677350387912,3638,1573008677295258045,,0.0,-0.0,9.99999974738e-06,0.0
1573008677404020719,3639,1573008677349488019,,0.0,0.0,9.99999974738e-06,0.0
1573008677457417627,3640,1573008677403440952,,0.0,-0.0,-9.99999974738e-06,-0.0
1573008677562422908,3641,1573008677458192110,,0.0,-0.0,9.99999974738e-06,0.0
1573008677617278619,3642,1573008677562177896,,0.0,0.0,9.99999974738e-06,-0.0
1573008677671388576,3643,1573008677616645097,,0.0,0.0,-9.99999974738e-06,-0.0
1573008677725356298,3644,1573008677670676946,,0.0,-0.0,-9.99999974738e-06,-0.0
1573008677778360359,3645,1573008677724581956,,0.0,9.99999974738e-06,9.99999974738e-06,-0.0
1573008677831917024,3646,1573008677778290987,,0.0,-9.99999974738e-06,0.0,9.99999974738e-06
1573008677885621910,3647,1573008677831460952,,0.0,-9.99999974738e-06,9.99999974738e-06,9.99999974738e-06
1573008677939749678,3648,1573008677885560035,,0.0,9.99999974738e-06,-1.99999994948e-05,-9.99999974738e-06
1573008677994213927,3649,1573008677939886093,,0.0,-9.99999974738e-06,0.0,0.0
1573008678048521945,3650,1573008677993902921,,0.0,-9.99999974738e-06,-0.0,0.0
1573008678102970332,3651,1573008678048701047,,0.0,-0.0,-1.99999994948e-05,-0.0
1573008678158019973,3652,1573008678102545976,,0.0,-9.99999974738e-06,-9.99999974738e-06,0.0
1573008678263079604,3653,1573008678158164978,,0.0,-9.99999974738e-06,0.0,9.99999974738e-06
1573008678317649902,3654,1573008678263139963,,0.0,9.99999974738e-06,9.99999974738e-06,-0.0
1573008678372563209,3655,1573008678316972970,,0.0,-0.0,-2.99999992421e-05,-0.0
1573008678427439334,3656,1573008678372551918,,0.0,-9.99999974738e-06,9.99999974738e-06,9.99999974738e-06
1573008678531441179,3657,1573008678426785945,,0.0,0.0,9.99999974738e-06,-0.0
1573008678585641196,3658,1573008678530602931,,0.0,-9.99999974738e-06,-9.99999974738e-06,0.0
1573008678639426759,3659,1573008678585009098,,0.0,0.0,-1.99999994948e-05,-0.0
1573008678692747319,3660,1573008678638705968,,0.0,9.99999974738e-06,-0.0,-0.0
1573008678747300068,3661,1573008678692293882,,0.0,9.99999974738e-06,-0.0,-9.99999974738e-06
1573008678801199257,3662,1573008678747404098,,0.0,1.99999994948e-05,-9.99999974738e-06,-9.99999974738e-06
1573008678856537751,3663,1573008678801377058,,0.0,-0.0,1.99999994948e-05,0.0
1573008678960706019,3664,1573008678855694055,,0.0,0.0,-1.99999994948e-05,0.0
1573008679014147445,3665,1573008678959970951,,0.0,-0.0,9.99999974738e-06,0.0
1573008679067496337,3666,1573008679014329910,,0.0,9.99999974738e-06,1.99999994948e-05,-0.0
1573008679121550832,3667,1573008679067646026,,0.0,0.0,-2.99999992421e-05,-0.0
1573008679177691242,3668,1573008679121596097,,0.0,-0.0,1.99999994948e-05,9.99999974738e-06
1573008679232235741,3669,1573008679177911996,,0.0,-0.0,1.99999994948e-05,0.0
1573008679286480983,3670,1573008679231827020,,0.0,-9.99999974738e-06,9.99999974738e-06,9.99999974738e-06
1573008679340119436,3671,1573008679286036968,,0.0,-0.0,1.99999994948e-05,9.99999974738e-06
1573008679393905783,3672,1573008679339987993,,0.0,-9.99999974738e-06,9.99999974738e-06,0.0
1573008679497806794,3673,1573008679394095897,,0.0,1.99999994948e-05,-1.99999994948e-05,-1.99999994948e-05
1573008679551918658,3674,1573008679498090982,,0.0,9.99999974738e-06,-0.0,-9.99999974738e-06
1573008679606945861,3675,1573008679552391052,,0.0,-9.99999974738e-06,-9.99999974738e-06,0.0
1573008679660176193,3676,1573008679606167078,,0.0,-0.0,-9.99999974738e-06,0.0
1573008679714807535,3677,1573008679659320116,,0.0,-9.99999974738e-06,9.99999974738e-06,0.0
1573008679769694937,3678,1573008679714862108,,0.0,9.99999974738e-06,0.0,-9.99999974738e-06
1573008679822936798,3679,1573008679768914937,,0.0,9.99999974738e-06,-9.99999974738e-06,-0.0
1573008679877058089,3680,1573008679823018074,,0.0,9.99999974738e-06,-1.99999994948e-05,-9.99999974738e-06
1573008679981152730,3681,1573008679877172946,,0.0,-9.99999974738e-06,-0.0,-0.0
1573008680036034187,3682,1573008679981271028,,0.0,-9.99999974738e-06,-9.99999974738e-06,0.0
1573008680089535699,3683,1573008680035393953,,0.0,-1.99999994948e-05,0.0,1.99999994948e-05
1573008680143965574,3684,1573008680089481115,,0.0,-9.99999974738e-06,1.99999994948e-05,0.0
1573008680198909103,3685,1573008680143420934,,0.0,-0.0,9.99999974738e-06,0.0
1573008680253200284,3686,1573008680198434114,,0.0,0.0,9.99999974738e-06,-0.0
1573008680304796163,3687,1573008680252475023,,0.0,9.99999974738e-06,-9.99999974738e-06,-0.0
1573008680358724750,3688,1573008680304888963,,0.0,0.0,-9.99999974738e-06,0.0
1573008680462755139,3689,1573008680358814954,,0.0,9.99999974738e-06,-1.99999994948e-05,-9.99999974738e-06
1573008680516201413,3690,1573008680462733983,,0.0,-0.0,9.99999974738e-06,0.0
1573008680571046596,3691,1573008680515700101,,0.0,0.0,-1.99999994948e-05,-0.0
1573008680675184748,3692,1573008680570441007,,0.0,-9.99999974738e-06,9.99999974738e-06,9.99999974738e-06
1573008680728458176,3693,1573008680674392938,,0.0,9.99999974738e-06,1.99999994948e-05,-9.99999974738e-06
1573008680782809216,3694,1573008680728501081,,0.0,-0.0,-9.99999974738e-06,0.0
1573008680836728675,3695,1573008680782741069,,0.0,-0.0,1.99999994948e-05,0.0
1573008680890411761,3696,1573008680836883068,,0.0,-0.0,-9.99999974738e-06,-0.0
1573008680945545922,3697,1573008680889936923,,0.0,0.0,9.99999974738e-06,-0.0
1573008680999478732,3698,1573008680945044994,,0.0,-0.0,9.99999974738e-06,-0.0
1573008681053375923,3699,1573008680999418973,,0.0,-9.99999974738e-06,1.99999994948e-05,9.99999974738e-06
1573008681108443118,3700,1573008681053507089,,0.0,-0.0,-1.99999994948e-05,-0.0
1573008681211725341,3701,1573008681107896089,,0.0,0.0,3.99999989895e-05,9.99999974738e-06
1573008681266188251,3702,1573008681211772918,,0.0,9.99999974738e-06,0.0,-9.99999974738e-06
1573008681320572710,3703,1573008681265538930,,0.0,0.0,-1.99999994948e-05,-0.0
1573008681374191526,3704,1573008681319544076,,0.0,-9.99999974738e-06,-0.0,0.0
1573008681477261475,3705,1573008681373424053,,0.0,-0.0,-2.99999992421e-05,0.0
1573008681532324653,3706,1573008681477312088,,0.0,9.99999974738e-06,0.0,-9.99999974738e-06
1573008681883768110,3707,1573008681532440900,,0.0,0.0,-1.99999994948e-05,-0.0
1573008681937716616,3708,1573008681883789062,,0.0,9.99999974738e-06,0.0,0.0
1573008681990746135,3709,1573008681937720060,,0.0,1.99999994948e-05,-9.99999974738e-06,-9.99999974738e-06
1573008682044541647,3710,1573008681990768909,,0.000199999994948,0.000140000003739,7.00000018696e-05,0.000169999999343
1573008682097021582,3711,1573008682044718980,,0.00079999997979,0.000110000000859,5.99999984843e-05,0.000780000002123
1573008682149575129,3712,1573008682096693992,,0.00150000001304,7.00000018696e-05,4.99999987369e-05,0.00147000001743
1573008682203062989,3713,1573008682149149894,,0.00209999992512,2.99999992421e-05,1.99999994948e-05,0.00208000000566
1573008682257466410,3714,1573008682203176021,,0.00270000007004,2.99999992421e-05,9.99999974738e-06,0.00270999991335
1573008682311486854,3715,1573008682256845951,,0.00329999998212,4.99999987369e-05,-2.99999992421e-05,0.00329999998212
1573008682365063326,3716,1573008682310830116,,0.00419999985024,4.99999987369e-05,-1.99999994948e-05,0.00416000001132
1573008682469600955,3717,1573008682364739894,,0.00480000022799,4.99999987369e-05,-2.99999992421e-05,0.00480999983847
1573008682523993564,3718,1573008682469182968,,0.00860000029206,2.99999992421e-05,-3.99999989895e-05,0.00860999990255
1573008682578205254,3719,1573008682523420095,,0.00960000045598,2.99999992421e-05,-9.99999974738e-06,0.00958000030369
1573008682632256748,3720,1573008682577384948,,0.0102000003681,-0.000150000007125,-0.000130000000354,0.0101600000635
1573008682735192373,3721,1573008682631427049,,0.0100999996066,-9.99999974738e-05,-0.000169999999343,0.0100699998438
1573008682788733903,3722,1573008682735395908,,0.00999999977648,-5.99999984843e-05,-9.00000013644e-05,0.0100199999288
1573008682842685196,3723,1573008682788322925,,0.00999999977648,1.99999994948e-05,-7.00000018696e-05,0.00999999977648
1573008682897582133,3724,1573008682842397928,,0.00999999977648,3.99999989895e-05,-1.99999994948e-05,0.00997000001371
1573008682952247742,3725,1573008682896747112,,0.00999999977648,-1.99999994948e-05,1.99999994948e-05,0.0100100003183
1573008683005654955,3726,1573008682951662063,,0.00999999977648,-1.99999994948e-05,1.99999994948e-05,0.00996000040323
1573008683060019224,3727,1573008683005477905,,0.00989999994636,2.99999992421e-05,1.99999994948e-05,0.00992999970913
1573008683113304902,3728,1573008683059416055,,0.00989999994636,7.00000018696e-05,-0.0,0.00992000009865
1573008683219365110,3729,1573008683113450050,,0.00989999994636,4.99999987369e-05,-9.99999974738e-06,0.00989000033587
1573008683273530993,3730,1573008683219474077,,0.00989999994636,9.99999974738e-06,0.0,0.00992999970913
1573008683325640278,3731,1573008683272962093,,0.00999999977648,1.99999994948e-05,1.99999994948e-05,0.009990000166
1573008683380145433,3732,1573008683325959920,,0.00989999994636,7.00000018696e-05,-9.99999974738e-06,0.00989999994636
1573008683484168888,3733,1573008683379555940,,0.00999999977648,4.99999987369e-05,-0.0,0.00996000040323
1573008683537681221,3734,1573008683483438968,,0.00989999994636,7.00000018696e-05,9.99999974738e-06,0.00994999986142
1573008683592282855,3735,1573008683537391901,,0.00989999994636,9.99999974738e-05,-9.99999974738e-06,0.00992000009865
1573008683646489219,3736,1573008683591631889,,0.00999999977648,7.00000018696e-05,-2.99999992421e-05,0.00997000001371
1573008683750724591,3737,1573008683645669937,,0.00999999977648,0.0,0.0,0.0100199999288
1573008683804989268,3738,1573008683749712944,,0.00999999977648,3.99999989895e-05,9.99999974738e-06,0.00997000001371
1573008683859162713,3739,1573008683803764104,,0.00989999994636,7.00000018696e-05,-1.99999994948e-05,0.00992000009865
1573008683964381344,3740,1573008683858613014,,0.00999999977648,0.000110000000859,-1.99999994948e-05,0.00997000001371
1573008684017662588,3741,1573008683962887048,,0.00999999977648,7.00000018696e-05,0.0,0.00996000040323
1573008684070809558,3742,1573008684016952991,,0.00999999977648,4.99999987369e-05,0.0,0.0100100003183
1573008684125598750,3743,1573008684070915937,,0.00999999977648,2.99999992421e-05,2.99999992421e-05,0.00997999962419
1573008684231004501,3744,1573008684125793933,,0.00999999977648,9.99999974738e-06,-1.99999994948e-05,0.00996000040323
1573008684285901712,3745,1573008684231090068,,0.00999999977648,4.99999987369e-05,0.0,0.00996000040323
1573008684338203169,3746,1573008684285181999,,0.00989999994636,7.9999997979e-05,0.0,0.00992000009865
1573008684440381782,3747,1573008684338217973,,0.00989999994636,9.99999974738e-05,9.99999974738e-06,0.00992999970913
1573008684495056757,3748,1573008684440421104,,0.00999999977648,0.0,9.99999974738e-06,0.009990000166
1573008684549025018,3749,1573008684494395971,,0.0100999996066,-0.0,9.99999974738e-06,0.0100600002334
1573008684602385593,3750,1573008684548355102,,0.00999999977648,-9.99999974738e-06,0.0,0.009990000166
1573008684656896631,3751,1573008684602428913,,0.00989999994636,1.99999994948e-05,-2.99999992421e-05,0.00992000009865
1573008684710015339,3752,1573008684656105995,,0.00999999977648,1.99999994948e-05,-2.99999992421e-05,0.00994999986142
1573008684765430039,3753,1573008684710374116,,0.00989999994636,4.99999987369e-05,-2.99999992421e-05,0.00990999955684
1573008684819093505,3754,1573008684764498949,,0.00999999977648,3.99999989895e-05,-2.99999992421e-05,0.00996000040323
1573008684872057662,3755,1573008684818336009,,0.00999999977648,-2.99999992421e-05,-1.99999994948e-05,0.00997999962419
1573008684978149098,3756,1573008684872517108,,0.00999999977648,-3.99999989895e-05,-1.99999994948e-05,0.009990000166
1573008685032706611,3757,1573008684977927923,,0.00999999977648,2.99999992421e-05,-1.99999994948e-05,0.00996000040323
1573008685086767631,3758,1573008685032093048,,0.00989999994636,9.00000013644e-05,-5.99999984843e-05,0.00992999970913
1573008685140479942,3759,1573008685085578918,,0.00989999994636,2.99999992421e-05,-1.99999994948e-05,0.00994000025094
1573008685244554381,3760,1573008685139846086,,0.00999999977648,9.99999974738e-06,-1.99999994948e-05,0.00996000040323
1573008685298683687,3761,1573008685244813919,,0.00999999977648,2.99999992421e-05,2.99999992421e-05,0.0100299995393
1573008685354460658,3762,1573008685298770904,,0.00999999977648,1.99999994948e-05,3.99999989895e-05,0.0100100003183
1573008685460784689,3763,1573008685354612112,,0.00999999977648,2.99999992421e-05,9.99999974738e-06,0.00997000001371
1573008685514208228,3764,1573008685460073947,,0.00999999977648,5.99999984843e-05,-1.99999994948e-05,0.00996000040323
1573008685570085664,3765,1573008685513638973,,0.00999999977648,5.99999984843e-05,-9.99999974738e-06,0.00997999962419
1573008685623781724,3766,1573008685569063901,,0.00999999977648,1.99999994948e-05,1.99999994948e-05,0.00997000001371
1573008685677494505,3767,1573008685622917890,,0.00999999977648,-5.99999984843e-05,9.99999974738e-06,0.0100299995393
1573008685731897042,3768,1573008685677495002,,0.00999999977648,-4.99999987369e-05,-0.0,0.00997999962419
1573008685786443854,3769,1573008685731451034,,0.00989999994636,3.99999989895e-05,-0.0,0.00994999986142
1573008685839206525,3770,1573008685785329103,,0.00989999994636,3.99999989895e-05,-0.0,0.00994999986142
1573008685894510153,3771,1573008685839231967,,0.00989999994636,-9.99999974738e-06,-9.99999974738e-06,0.00992000009865
1573008685948254301,3772,1573008685893570899,,0.00999999977648,0.0,-2.99999992421e-05,0.00996000040323
1573008686002565727,3773,1573008685948360919,,0.00999999977648,-1.99999994948e-05,0.0,0.0100400000811
1573008686057673025,3774,1573008686002624988,,0.0100999996066,-7.00000018696e-05,5.99999984843e-05,0.0100600002334
1573008686111894155,3775,1573008686057029962,,0.00999999977648,-5.99999984843e-05,3.99999989895e-05,0.0100199999288
1573008686215044466,3776,1573008686111248016,,0.00999999977648,-1.99999994948e-05,1.99999994948e-05,0.0100499996915
1573008686269617326,3777,1573008686215117931,,0.00989999994636,7.00000018696e-05,1.99999994948e-05,0.00989999994636
1573008686324481738,3778,1573008686269284963,,0.00999999977648,3.99999989895e-05,2.99999992421e-05,0.0100100003183
1573008686427110871,3779,1573008686323853969,,0.0100999996066,-3.99999989895e-05,1.99999994948e-05,0.0100699998438
1573008686481811021,3780,1573008686427177906,,0.00999999977648,9.99999974738e-06,2.99999992421e-05,0.009990000166
1573008686533657148,3781,1573008686481043100,,0.0100999996066,2.99999992421e-05,0.0,0.0100600002334
1573008686588187400,3782,1573008686533827066,,0.00999999977648,0.0,1.99999994948e-05,0.00997000001371
1573008686643404254,3783,1573008686588363885,,0.00999999977648,1.99999994948e-05,-1.99999994948e-05,0.009990000166
1573008686699534458,3784,1573008686642394065,,0.00999999977648,3.99999989895e-05,-4.99999987369e-05,0.00996000040323
1573008686753138507,3785,1573008686699083089,,0.00989999994636,9.00000013644e-05,-3.99999989895e-05,0.00990999955684
1573008686807618025,3786,1573008686753247022,,0.00999999977648,5.99999984843e-05,-2.99999992421e-05,0.00997000001371
1573008686862133845,3787,1573008686806909084,,0.0100999996066,-1.99999994948e-05,-1.99999994948e-05,0.0100699998438
1573008686966248168,3788,1573008686861361026,,0.00999999977648,-9.99999974738e-06,-9.99999974738e-06,0.009990000166
1573008687019363203,3789,1573008686965449094,,0.00989999994636,4.99999987369e-05,-3.99999989895e-05,0.00990999955684
1573008687072345258,3790,1573008687018959045,,0.00999999977648,0.0,-2.99999992421e-05,0.0100199999288
1573008687126710466,3791,1573008687071981906,,0.00999999977648,-2.99999992421e-05,0.0,0.00997999962419
1573008687180664480,3792,1573008687126733064,,0.0100999996066,-2.99999992421e-05,0.0,0.0100699998438
1573008687234832521,3793,1573008687180699110,,0.00999999977648,-0.0,1.99999994948e-05,0.0100199999288
1573008687289483724,3794,1573008687235038995,,0.00999999977648,-1.99999994948e-05,4.99999987369e-05,0.0100199999288
1573008687343959601,3795,1573008687289834976,,0.0100999996066,-7.9999997979e-05,4.99999987369e-05,0.0100899999961
1573008687398577716,3796,1573008687344237089,,0.00999999977648,-3.99999989895e-05,1.99999994948e-05,0.0100100003183
1573008687455827435,3797,1573008687398116111,,0.00999999977648,9.99999974738e-06,9.99999974738e-06,0.009990000166
1573008687509802320,3798,1573008687455323934,,0.00999999977648,1.99999994948e-05,0.0,0.0100199999288
1573008687563800580,3799,1573008687509243011,,0.0100999996066,-4.99999987369e-05,4.99999987369e-05,0.0100999996066
1573008687667002559,3800,1573008687562941074,,0.00999999977648,-5.99999984843e-05,3.99999989895e-05,0.00999999977648
1573008687720409169,3801,1573008687667058944,,0.00999999977648,0.0,0.0,0.00999999977648
1573008687774179040,3802,1573008687719976902,,0.00999999977648,1.99999994948e-05,1.99999994948e-05,0.00996000040323
1573008687828631288,3803,1573008687773655891,,0.00999999977648,-9.99999974738e-06,-9.99999974738e-06,0.00999999977648
1573008687931565130,3804,1573008687827735900,,0.00999999977648,1.99999994948e-05,-2.99999992421e-05,0.00997999962419
1573008687986169804,3805,1573008687931015014,,0.00999999977648,5.99999984843e-05,-1.99999994948e-05,0.00997000001371
1573008688039437422,3806,1573008687985392093,,0.00999999977648,1.99999994948e-05,9.99999974738e-06,0.00999999977648
1573008688094427149,3807,1573008688039510011,,0.00999999977648,-4.99999987369e-05,9.99999974738e-06,0.009990000166
1573008688148140712,3808,1573008688093718051,,0.00999999977648,-1.99999994948e-05,-0.0,0.00996000040323
1573008688252143413,3809,1573008688147506952,,0.00999999977648,2.99999992421e-05,0.0,0.009990000166
1573008688305413566,3810,1573008688251405954,,0.00999999977648,4.99999987369e-05,-9.99999974738e-06,0.0100299995393
1573008688359536258,3811,1573008688304831981,,0.00999999977648,0.0,9.99999974738e-06,0.0100299995393
1573008688413617021,3812,1573008688359585046,,0.00999999977648,9.99999974738e-06,-9.99999974738e-06,0.00999999977648
1573008688467722909,3813,1573008688413830041,,0.00999999977648,-1.99999994948e-05,3.99999989895e-05,0.0100400000811
1573008688522926080,3814,1573008688467767953,,0.00999999977648,-7.00000018696e-05,4.99999987369e-05,0.0100299995393
1573008688577056466,3815,1573008688522145986,,0.0100999996066,-9.99999974738e-05,4.99999987369e-05,0.0100899999961
1573008688630653157,3816,1573008688576114892,,0.00999999977648,-2.99999992421e-05,9.99999974738e-06,0.0100400000811
1573008688686333876,3817,1573008688630114078,,0.0100999996066,2.99999992421e-05,-9.99999974738e-06,0.0100600002334
1573008688741903141,3818,1573008688686347007,,0.0100999996066,-1.99999994948e-05,5.99999984843e-05,0.0100600002334
1573008688795024526,3819,1573008688741069078,,0.00999999977648,-7.9999997979e-05,9.99999974738e-06,0.0100100003183
1573008688849865736,3820,1573008688795109987,,0.0100999996066,-0.000110000000859,1.99999994948e-05,0.0100800003856
1573008688954804045,3821,1573008688849121093,,0.00999999977648,-2.99999992421e-05,-9.99999974738e-06,0.009990000166
1573008689009140767,3822,1573008688954826116,,0.0100999996066,-9.99999974738e-06,-9.99999974738e-06,0.0100699998438
1573008689063560198,3823,1573008689009015083,,0.00999999977648,9.99999974738e-06,-3.99999989895e-05,0.00997999962419
1573008689117373023,3824,1573008689062845945,,0.00999999977648,1.99999994948e-05,-2.99999992421e-05,0.0100199999288
1573008689172938253,3825,1573008689117477893,,0.00999999977648,3.99999989895e-05,-4.99999987369e-05,0.00997999962419
1573008689225363578,3826,1573008689172117948,,0.00999999977648,-9.99999974738e-06,-0.0,0.0100299995393
1573008689279450907,3827,1573008689225043058,,0.00999999977648,-3.99999989895e-05,9.99999974738e-06,0.0100299995393
1573008689333556832,3828,1573008689279556989,,0.00999999977648,-2.99999992421e-05,-3.99999989895e-05,0.0100299995393
1573008689388543902,3829,1573008689333523035,,0.00999999977648,5.99999984843e-05,-3.99999989895e-05,0.0100199999288
1573008689442552435,3830,1573008689387891054,,0.00999999977648,9.00000013644e-05,-9.99999974738e-06,0.00996000040323
1573008689495745322,3831,1573008689441946029,,0.00999999977648,9.99999974738e-06,-0.0,0.0100400000811
1573008689549943747,3832,1573008689495867013,,0.00999999977648,-4.99999987369e-05,2.99999992421e-05,0.00996000040323
1573008689603558382,3833,1573008689549993991,,0.0100999996066,-4.99999987369e-05,3.99999989895e-05,0.0100600002334
1573008689658985951,3834,1573008689602849006,,0.0100999996066,-1.99999994948e-05,1.99999994948e-05,0.0100499996915
1573008689713372116,3835,1573008689658360004,,0.00999999977648,-1.99999994948e-05,1.99999994948e-05,0.0100100003183
1573008689767055033,3836,1573008689712388992,,0.00999999977648,-9.99999974738e-06,2.99999992421e-05,0.0100100003183
1573008689820526022,3837,1573008689766248941,,0.00999999977648,-9.99999974738e-06,-9.99999974738e-06,0.009990000166
1573008689924419415,3838,1573008689820544004,,0.00999999977648,9.99999974738e-06,1.99999994948e-05,0.00997000001371
1573008689977891802,3839,1573008689923842906,,0.0100999996066,-9.00000013644e-05,2.99999992421e-05,0.0100499996915
1573008690032528187,3840,1573008689978013992,,0.0100999996066,-0.000130000000354,1.99999994948e-05,0.0100899999961
1573008690085541636,3841,1573008690031999111,,0.0100999996066,-7.9999997979e-05,-0.0,0.0100699998438
1573008690190343111,3842,1573008690085906982,,0.00999999977648,-1.99999994948e-05,-1.99999994948e-05,0.0100499996915
1573008690244312684,3843,1573008690190341949,,0.00999999977648,9.99999974738e-06,-3.99999989895e-05,0.00997999962419
1573008690298640493,3844,1573008690244535923,,0.00999999977648,-9.99999974738e-06,-2.99999992421e-05,0.0100100003183
1573008690351615401,3845,1573008690298686027,,0.00999999977648,-1.99999994948e-05,9.99999974738e-06,0.0100299995393
1573008690405985848,3846,1573008690351670026,,0.00999999977648,-1.99999994948e-05,-2.99999992421e-05,0.0100499996915
1573008690460002508,3847,1573008690405524969,,0.0100999996066,-7.00000018696e-05,1.99999994948e-05,0.0100800003856
1573008690511799323,3848,1573008690459414958,,0.0100999996066,-5.99999984843e-05,9.99999974738e-06,0.0100999996066
1573008690566458771,3849,1573008690511563062,,0.00999999977648,-2.99999992421e-05,1.99999994948e-05,0.0100299995393
1573008690619452133,3850,1573008690565604925,,0.00999999977648,2.99999992421e-05,-9.99999974738e-06,0.0100100003183
1573008690675278020,3851,1573008690619626998,,0.00999999977648,9.99999974738e-06,1.99999994948e-05,0.0100199999288
1573008690730273182,3852,1573008690675355911,,0.0100999996066,-5.99999984843e-05,1.99999994948e-05,0.0100800003856
1573008690783935442,3853,1573008690729537963,,0.0100999996066,-9.99999974738e-05,7.9999997979e-05,0.0100699998438
1573008690887914697,3854,1573008690783905982,,0.0100999996066,-7.9999997979e-05,3.99999989895e-05,0.0100600002334
1573008690943083076,3855,1573008690888276100,,0.0100999996066,-9.00000013644e-05,-9.99999974738e-06,0.0100800003856
1573008690997317721,3856,1573008690942468881,,0.00999999977648,-9.00000013644e-05,-0.0,0.0100400000811
1573008691050990448,3857,1573008690996638059,,0.00999999977648,-2.99999992421e-05,-1.99999994948e-05,0.00997000001371
1573008691105191265,3858,1573008691050584077,,0.00999999977648,-9.99999974738e-06,-3.99999989895e-05,0.0100199999288
1573008691160636944,3859,1573008691104341030,,0.00999999977648,-9.99999974738e-06,-1.99999994948e-05,0.0100100003183
1573008691214233460,3860,1573008691159858942,,0.00999999977648,-5.99999984843e-05,-0.0,0.0100400000811
1573008691269873665,3861,1573008691213696002,,0.00999999977648,-5.99999984843e-05,-1.99999994948e-05,0.0100100003183
1573008691373976929,3862,1573008691269172906,,0.00999999977648,-0.0,-9.99999974738e-06,0.0100400000811
1573008691427780428,3863,1573008691373321056,,0.00999999977648,2.99999992421e-05,-2.99999992421e-05,0.009990000166
1573008691481885145,3864,1573008691427544116,,0.00999999977648,-1.99999994948e-05,-2.99999992421e-05,0.0100199999288
1573008691537369663,3865,1573008691482151031,,0.00999999977648,-1.99999994948e-05,1.99999994948e-05,0.0100199999288
1573008691589395311,3866,1573008691537503957,,0.00999999977648,-0.0,3.99999989895e-05,0.0100100003183
1573008691644005066,3867,1573008691589446067,,0.0100999996066,-1.99999994948e-05,3.99999989895e-05,0.0100999996066
1573008691698174080,3868,1573008691643292903,,0.0100999996066,-7.00000018696e-05,2.99999992421e-05,0.0100899999961
1573008691751829153,3869,1573008691697124958,,0.00999999977648,-7.00000018696e-05,2.99999992421e-05,0.0100400000811
1573008691805569097,3870,1573008691751245975,,0.00999999977648,-9.99999974738e-06,3.99999989895e-05,0.0100499996915
1573008691909654086,3871,1573008691805586099,,0.00999999977648,9.99999974738e-06,9.99999974738e-06,0.0100400000811
1573008691963532625,3872,1573008691909702062,,0.00999999977648,-9.00000013644e-05,-0.0,0.0100400000811
1573008692019047203,3873,1573008691963825941,,0.00980000011623,-0.000250000011874,2.99999992421e-05,0.009829999879
1573008692072719730,3874,1573008692017936944,,0.00839999970049,-0.000220000001718,-7.00000018696e-05,0.00844999961555
1573008692126577176,3875,1573008692072016000,,0.00650000013411,-0.000169999999343,-0.000190000006114,0.00649000005797
1573008692180225838,3876,1573008692126182079,,0.00460000010207,-3.99999989895e-05,-0.000190000006114,0.00456999987364
1573008692235480732,3877,1573008692180299043,,0.00270000007004,-0.0,-0.000130000000354,0.00267999991775
1573008692288574949,3878,1573008692234685897,,0.00079999997979,-9.99999974738e-06,-7.00000018696e-05,0.000820000015665
1573008692344549825,3879,1573008692288639068,,0.0010000000475,-2.99999992421e-05,-5.99999984843e-05,-0.000959999975748
1573008692397859670,3880,1573008692344000101,,0.00279999990016,-4.99999987369e-05,-7.00000018696e-05,-0.00280999997631
1573008692453051731,3881,1573008692398212909,,0.00460000010207,-3.99999989895e-05,-9.99999974738e-06,-0.00465000001714
1573008692507259928,3882,1573008692452289104,,0.00800000037998,2.99999992421e-05,-0.0,-0.00803999975324
1573008692560271567,3883,1573008692506026029,,0.0097000002861,0.000209999998333,0.0,-0.00973999965936
1573008692615244668,3884,1573008692560312986,,0.0103000001982,0.000209999998333,0.000119999996969,-0.0102800000459
1573008692668613526,3885,1573008692614392995,,0.0102000003681,0.000150000007125,0.000190000006114,-0.0101600000635
1573008692723181208,3886,1573008692668661117,,0.0100999996066,9.99999974738e-06,0.000199999994948,-0.0100499996915
1573008692777504605,3887,1573008692722604990,,0.00999999977648,-2.99999992421e-05,0.000140000003739,-0.0100199999288
1573008692830592084,3888,1573008692776774883,,0.00999999977648,9.99999974738e-06,7.00000018696e-05,-0.0100299995393
1573008692885647909,3889,1573008692830882072,,0.00999999977648,5.99999984843e-05,7.00000018696e-05,-0.0100199999288
1573008692939365213,3890,1573008692884903907,,0.0100999996066,4.99999987369e-05,4.99999987369e-05,-0.0100699998438
1573008692992824952,3891,1573008692938875913,,0.00999999977648,9.99999974738e-06,4.99999987369e-05,-0.0100299995393
1573008693097102201,3892,1573008692993110895,,0.00999999977648,9.99999974738e-06,3.99999989895e-05,-0.0100100003183
1573008693151151320,3893,1573008693096937894,,0.00999999977648,1.99999994948e-05,-9.99999974738e-06,-0.00999999977648
1573008693205235683,3894,1573008693150978088,,0.00999999977648,4.99999987369e-05,9.99999974738e-06,-0.0100400000811
1573008693261438250,3895,1573008693205166101,,0.0100999996066,7.9999997979e-05,1.99999994948e-05,-0.0100499996915
1573008693314475583,3896,1573008693260493993,,0.00999999977648,5.99999984843e-05,9.99999974738e-06,-0.0100499996915
1573008693369357404,3897,1573008693314471960,,0.00999999977648,7.00000018696e-05,0.0,-0.0100499996915
1573008693423004621,3898,1573008693369059085,,0.00999999977648,5.99999984843e-05,-1.99999994948e-05,-0.0100299995393
1573008693478558030,3899,1573008693423307895,,0.00999999977648,1.99999994948e-05,-2.99999992421e-05,-0.0100100003183
1573008693584844354,3900,1573008693478776931,,0.00999999977648,-3.99999989895e-05,-9.99999974738e-06,-0.00997000001371
1573008693638558822,3901,1573008693584265947,,0.00999999977648,4.99999987369e-05,-4.99999987369e-05,-0.0100199999288
1573008693692529470,3902,1573008693638448953,,0.00999999977648,5.99999984843e-05,-4.99999987369e-05,-0.0100199999288
1573008693746605114,3903,1573008693692614078,,0.00999999977648,1.99999994948e-05,-1.99999994948e-05,-0.0100499996915
1573008693850628171,3904,1573008693746131896,,0.00999999977648,-4.99999987369e-05,0.0,-0.009990000166
1573008693904493191,3905,1573008693849720954,,0.00999999977648,-5.99999984843e-05,-9.99999974738e-06,-0.00997000001371
1573008693958382142,3906,1573008693904215097,,0.00999999977648,-4.99999987369e-05,0.0,-0.00997000001371
1573008694012258503,3907,1573008693958417892,,0.00999999977648,-2.99999992421e-05,-3.99999989895e-05,-0.009990000166
1573008694115836622,3908,1573008694012346029,,0.00999999977648,9.99999974738e-06,9.99999974738e-06,-0.0100100003183
1573008694170243497,3909,1573008694116377115,,0.00999999977648,1.99999994948e-05,9.99999974738e-06,-0.0100100003183
1573008694224964857,3910,1573008694170420885,,0.0100999996066,4.99999987369e-05,0.0,-0.0100600002334
1573008694328417416,3911,1573008694224486112,,0.00989999994636,-4.99999987369e-05,2.99999992421e-05,-0.00994999986142
1573008694383153870,3912,1573008694328598976,,0.00999999977648,-9.99999974738e-06,2.99999992421e-05,-0.0100100003183
1573008694437852988,3913,1573008694382464885,,0.00999999977648,1.99999994948e-05,-0.0,-0.00997000001371
1573008694491495446,3914,1573008694437187910,,0.00999999977648,2.99999992421e-05,-9.99999974738e-06,-0.0100299995393
1573008694545587458,3915,1573008694491611003,,0.00999999977648,4.99999987369e-05,-1.99999994948e-05,-0.0100499996915
1573008694600572865,3916,1573008694545804023,,0.00999999977648,3.99999989895e-05,-2.99999992421e-05,-0.0100100003183
1573008694654970339,3917,1573008694599755048,,0.00999999977648,-9.99999974738e-06,9.99999974738e-06,-0.0100100003183
1573008694708280961,3918,1573008694654247999,,0.00999999977648,-3.99999989895e-05,-9.99999974738e-06,-0.00997999962419
1573008694762804757,3919,1573008694708300113,,0.00999999977648,-2.99999992421e-05,-1.99999994948e-05,-0.00997999962419
1573008694867175076,3920,1573008694762203931,,0.00999999977648,-0.0,-9.99999974738e-06,-0.00994999986142
1573008694920914729,3921,1573008694866689920,,0.00999999977648,1.99999994948e-05,-1.99999994948e-05,-0.0100199999288
1573008694974829444,3922,1573008694920936107,,0.00999999977648,-2.99999992421e-05,-9.99999974738e-06,-0.00997999962419
1573008695028777827,3923,1573008694974898099,,0.00999999977648,-3.99999989895e-05,9.99999974738e-06,-0.00999999977648
1573008695084399784,3924,1573008695028898000,,0.00999999977648,-0.0,9.99999974738e-06,-0.00996000040323
1573008695139032992,3925,1573008695084228038,,0.00999999977648,-0.0,1.99999994948e-05,-0.00997000001371
1573008695193130939,3926,1573008695138405084,,0.00999999977648,9.99999974738e-06,9.99999974738e-06,-0.00999999977648
1573008695246695251,3927,1573008695192456960,,0.00999999977648,1.99999994948e-05,2.99999992421e-05,-0.00999999977648
1573008695351158799,3928,1573008695246509075,,0.00999999977648,9.99999974738e-06,9.99999974738e-06,-0.0100100003183
1573008695404924723,3929,1573008695350570917,,0.00999999977648,-9.99999974738e-06,9.99999974738e-06,-0.009990000166
1573008695457068952,3930,1573008695404728889,,0.00999999977648,-9.99999974738e-06,0.0,-0.0100100003183
1573008695510769574,3931,1573008695457175970,,0.00999999977648,-9.99999974738e-06,9.99999974738e-06,-0.009990000166
1573008695614998250,3932,1573008695510839939,,0.00999999977648,2.99999992421e-05,-9.99999974738e-06,-0.0100100003183
1573008695669502079,3933,1573008695615057945,,0.00999999977648,4.99999987369e-05,-1.99999994948e-05,-0.0100400000811
1573008695722255493,3934,1573008695668916940,,0.00999999977648,1.99999994948e-05,-2.99999992421e-05,-0.0100100003183
1573008695776113001,3935,1573008695721878051,,0.00999999977648,-9.99999974738e-06,-1.99999994948e-05,-0.0100199999288
1573008695880194745,3936,1573008695775717020,,0.00999999977648,-9.99999974738e-06,-2.99999992421e-05,-0.009990000166
1573008695934322696,3937,1573008695879816055,,0.00999999977648,-2.99999992421e-05,-4.99999987369e-05,-0.0100100003183
1573008695988948110,3938,1573008695934387922,,0.00999999977648,-2.99999992421e-05,-9.99999974738e-06,-0.00999999977648
1573008696043137474,3939,1573008695988327026,,0.00999999977648,-1.99999994948e-05,0.0,-0.00999999977648
1573008696098281085,3940,1573008696042495965,,0.00999999977648,-9.99999974738e-06,-9.99999974738e-06,-0.0100199999288
1573008696152741282,3941,1573008696097987890,,0.00999999977648,1.99999994948e-05,-9.99999974738e-06,-0.0100199999288
1573008696205654461,3942,1573008696151679039,,0.00999999977648,-3.99999989895e-05,2.99999992421e-05,-0.00996000040323
1573008696259198974,3943,1573008696205096960,,0.00989999994636,-7.9999997979e-05,2.99999992421e-05,-0.00992000009865
1573008696363821297,3944,1573008696259275913,,0.00999999977648,-4.99999987369e-05,4.99999987369e-05,-0.00996000040323
1573008696418029280,3945,1573008696363188028,,0.00999999977648,-3.99999989895e-05,1.99999994948e-05,-0.00997999962419
1573008696472334724,3946,1573008696417500019,,0.00999999977648,-4.99999987369e-05,2.99999992421e-05,-0.00997999962419
1573008696526910576,3947,1573008696471956014,,0.00999999977648,9.99999974738e-06,2.99999992421e-05,-0.009990000166
1573008696582129276,3948,1573008696526143074,,0.00999999977648,3.99999989895e-05,9.99999974738e-06,-0.00999999977648
1573008696636064235,3949,1573008696581454038,,0.00999999977648,9.99999974738e-06,-9.99999974738e-06,-0.009990000166
1573008696688880457,3950,1573008696635237932,,0.00999999977648,-2.99999992421e-05,9.99999974738e-06,-0.00996000040323
1573008696743261958,3951,1573008696688908100,,0.00999999977648,-5.99999984843e-05,-9.99999974738e-06,-0.00997000001371
1573008696846786439,3952,1573008696742624998,,0.00999999977648,-9.99999974738e-06,-2.99999992421e-05,-0.0100100003183
1573008696899876829,3953,1573008696846045017,,0.00999999977648,-0.0,-9.99999974738e-06,-0.00997999962419
1573008696954821256,3954,1573008696899802923,,0.00999999977648,0.0,-4.99999987369e-05,-0.009990000166
1573008697058740984,3955,1573008696953944921,,0.00999999977648,-1.99999994948e-05,9.99999974738e-06,-0.00997999962419
1573008697111885899,3956,1573008697058041095,,0.00999999977648,0.0,0.0,-0.009990000166
1573008697166330392,3957,1573008697112066030,,0.00989999994636,-4.99999987369e-05,1.99999994948e-05,-0.00994000025094
1573008697220340220,3958,1573008697165899991,,0.00989999994636,-4.99999987369e-05,2.99999992421e-05,-0.00994000025094
1573008697273725699,3959,1573008697219734907,,0.00999999977648,0.0,1.99999994948e-05,-0.0100100003183
1573008697330083397,3960,1573008697274044990,,0.00999999977648,9.99999974738e-06,9.99999974738e-06,-0.0100100003183
1573008697384709193,3961,1573008697329399108,,0.00989999994636,-0.0,1.99999994948e-05,-0.00994999986142
1573008697439090391,3962,1573008697384387969,,0.00999999977648,-4.99999987369e-05,1.99999994948e-05,-0.00997000001371
1573008697493158065,3963,1573008697438069105,,0.0100999996066,-9.99999974738e-06,9.99999974738e-06,-0.0100600002334
1573008697596541864,3964,1573008697492793083,,0.00999999977648,-9.99999974738e-06,5.99999984843e-05,-0.0100299995393
1573008697651732906,3965,1573008697596947908,,0.00999999977648,1.99999994948e-05,0.0,-0.00997000001371
1573008697704538617,3966,1573008697650902032,,0.00999999977648,3.99999989895e-05,-1.99999994948e-05,-0.0100400000811
1573008697759184011,3967,1573008697704459905,,0.0100999996066,4.99999987369e-05,-1.99999994948e-05,-0.0100800003856
1573008697863077297,3968,1573008697758346080,,0.0100999996066,1.99999994948e-05,-2.99999992421e-05,-0.0100499996915
1573008697917630721,3969,1573008697862643957,,0.00999999977648,-0.0,-0.0,-0.0100100003183
1573008697970894821,3970,1573008697916794061,,0.00999999977648,4.99999987369e-05,-9.99999974738e-06,-0.0100400000811
1573008698025575801,3971,1573008697971000909,,0.0100999996066,0.000110000000859,-2.99999992421e-05,-0.0100999996066
1573008698079443727,3972,1573008698025191068,,0.0100999996066,0.000130000000354,-1.99999994948e-05,-0.0101100001484
1573008698133648328,3973,1573008698079024076,,0.00999999977648,7.00000018696e-05,-1.99999994948e-05,-0.0100400000811
1573008698187662923,3974,1573008698132961034,,0.00999999977648,3.99999989895e-05,-3.99999989895e-05,-0.0100499996915
1573008698241690187,3975,1573008698187092065,,0.0100999996066,2.99999992421e-05,-1.99999994948e-05,-0.0100899999961
1573008698344812803,3976,1573008698241219043,,0.00999999977648,9.99999974738e-06,0.0,-0.0100299995393
1573008698398642647,3977,1573008698344432115,,0.00999999977648,2.99999992421e-05,0.0,-0.0100199999288
1573008698452568249,3978,1573008698398262023,,0.00999999977648,5.99999984843e-05,9.99999974738e-06,-0.0100400000811
1573008698507044917,3979,1573008698452254056,,0.00999999977648,7.9999997979e-05,-0.0,-0.0100400000811
1573008698562889237,3980,1573008698506349086,,0.00999999977648,9.99999974738e-06,9.99999974738e-06,-0.0100100003183
1573008698616673278,3981,1573008698562192916,,0.00999999977648,-7.00000018696e-05,3.99999989895e-05,-0.00997999962419
1573008698669094726,3982,1573008698615973949,,0.00999999977648,-7.9999997979e-05,1.99999994948e-05,-0.00997000001371
1573008698723699787,3983,1573008698668881893,,0.00999999977648,-1.99999994948e-05,9.99999974738e-06,-0.00996000040323
1573008698826993214,3984,1573008698722981929,,0.00999999977648,2.99999992421e-05,1.99999994948e-05,-0.00999999977648
1573008698880275468,3985,1573008698827037096,,0.00999999977648,-9.99999974738e-06,0.0,-0.00999999977648
1573008698935026868,3986,1573008698880323886,,0.00999999977648,0.0,-9.99999974738e-06,-0.0100199999288
1573008698987850407,3987,1573008698934259891,,0.00999999977648,-9.99999974738e-06,-2.99999992421e-05,-0.009990000166
1573008699090698102,3988,1573008698987278938,,0.00999999977648,-3.99999989895e-05,-9.99999974738e-06,-0.00997999962419
1573008699140977401,3989,1573008699089637041,,0.00999999977648,-4.99999987369e-05,-9.99999974738e-06,-0.00997000001371
1573008699194913313,3990,1573008699140716075,,0.00999999977648,-9.99999974738e-06,-9.99999974738e-06,-0.00997999962419
1573008699248021366,3991,1573008699194284915,,0.00999999977648,4.99999987369e-05,0.0,-0.0100100003183
1573008699302514656,3992,1573008699248617887,,0.00999999977648,4.99999987369e-05,-0.0,-0.0100299995393
1573008699359122596,3993,1573008699302736043,,0.00999999977648,1.99999994948e-05,9.99999974738e-06,-0.0100299995393
1573008699412531362,3994,1573008699358195066,,0.00999999977648,-0.0,9.99999974738e-06,-0.00999999977648
1573008699466492500,3995,1573008699411907911,,0.00999999977648,2.99999992421e-05,1.99999994948e-05,-0.0100100003183
1573008699519556429,3996,1573008699465353012,,0.00999999977648,2.99999992421e-05,3.99999989895e-05,-0.00997000001371
1573008699573212086,3997,1573008699519783020,,0.00999999977648,3.99999989895e-05,5.99999984843e-05,-0.00999999977648
1573008699626601194,3998,1573008699572746038,,0.00989999994636,2.99999992421e-05,4.99999987369e-05,-0.00994000025094
1573008699680060371,3999,1573008699626857995,,0.00999999977648,2.99999992421e-05,2.99999992421e-05,-0.0100400000811
1573008699734016880,4000,1573008699680150032,,0.00999999977648,-0.0,1.99999994948e-05,-0.0100400000811
1573008699788247324,4001,1573008699734164953,,0.00999999977648,-2.99999992421e-05,-9.99999974738e-06,-0.009990000166
1573008699843200642,4002,1573008699788475036,,0.00999999977648,-2.99999992421e-05,1.99999994948e-05,-0.00997999962419
1573008699896535468,4003,1573008699842374086,,0.00999999977648,-9.99999974738e-06,9.99999974738e-06,-0.0100299995393
1573008699950756203,4004,1573008699896549940,,0.00999999977648,9.99999974738e-06,-9.99999974738e-06,-0.00997000001371
1573008700006491822,4005,1573008699950459003,,0.00999999977648,1.99999994948e-05,-1.99999994948e-05,-0.00999999977648
1573008700111171501,4006,1573008700006469964,,0.00999999977648,-9.99999974738e-06,-7.00000018696e-05,-0.0100499996915
1573008700166233583,4007,1573008700111051082,,0.00999999977648,-3.99999989895e-05,-5.99999984843e-05,-0.0100100003183
1573008700220556114,4008,1573008700166372060,,0.0100999996066,-2.99999992421e-05,-4.99999987369e-05,-0.0100600002334
1573008700274762026,4009,1573008700220630884,,0.00989999994636,-1.99999994948e-05,-1.99999994948e-05,-0.00994999986142
1573008700328224098,4010,1573008700274235963,,0.00999999977648,-1.99999994948e-05,0.0,-0.009990000166
1573008700382461962,4011,1573008700327752113,,0.00999999977648,9.99999974738e-06,3.99999989895e-05,-0.0100400000811
1573008700434681637,4012,1573008700381613969,,0.00999999977648,1.99999994948e-05,0.0,-0.00999999977648
1573008700488935908,4013,1573008700434895038,,0.00999999977648,9.99999974738e-06,-1.99999994948e-05,-0.009990000166
1573008700593334033,4014,1573008700489167928,,0.00999999977648,-9.99999974738e-06,1.99999994948e-05,-0.0100299995393
1573008700648298343,4015,1573008700592870950,,0.00999999977648,-2.99999992421e-05,1.99999994948e-05,-0.00997999962419
1573008700701420267,4016,1573008700647953033,,0.00999999977648,-1.99999994948e-05,2.99999992421e-05,-0.00997000001371
1573008700755658686,4017,1573008700700939893,,0.00999999977648,-1.99999994948e-05,4.99999987369e-05,-0.00997999962419
1573008700859249177,4018,1573008700754920959,,0.00999999977648,-9.99999974738e-06,3.99999989895e-05,-0.00999999977648
1573008700913684272,4019,1573008700859174013,,0.00999999977648,2.99999992421e-05,9.99999974738e-06,-0.0100400000811
1573008700965801484,4020,1573008700913045883,,0.00999999977648,9.99999974738e-06,-1.99999994948e-05,-0.00997999962419
1573008701019862085,4021,1573008700965907096,,0.00989999994636,-2.99999992421e-05,-1.99999994948e-05,-0.00994000025094
1573008701123884175,4022,1573008701019937992,,0.00999999977648,-5.99999984843e-05,-0.0,-0.00994999986142
1573008701178329275,4023,1573008701124172925,,0.00999999977648,-9.99999974738e-06,9.99999974738e-06,-0.00996000040323
1573008701232761948,4024,1573008701178447008,,0.00989999994636,-2.99999992421e-05,-2.99999992421e-05,-0.00994000025094
1573008701287139722,4025,1573008701232161045,,0.00999999977648,-9.99999974738e-06,-1.99999994948e-05,-0.00999999977648
1573008701342508355,4026,1573008701286169052,,0.00989999994636,-9.99999974738e-06,9.99999974738e-06,-0.00994000025094
1573008701395447592,4027,1573008701341913938,,0.00999999977648,-9.99999974738e-06,-1.99999994948e-05,-0.00997999962419
1573008701450088253,4028,1573008701395490884,,0.00999999977648,0.0,-9.99999974738e-06,-0.00997999962419
1573008701503370599,4029,1573008701449435949,,0.00989999994636,-7.9999997979e-05,-0.0,-0.00992999970913
1573008701608783065,4030,1573008701503418922,,0.00999999977648,-5.99999984843e-05,0.0,-0.00997999962419
1573008701662321610,4031,1573008701608170986,,0.00999999977648,-0.0,-9.99999974738e-06,-0.009990000166
1573008701715924451,4032,1573008701662009000,,0.00999999977648,9.99999974738e-06,-1.99999994948e-05,-0.0100199999288
1573008701770258196,4033,1573008701715986013,,0.00999999977648,-7.9999997979e-05,9.99999974738e-06,-0.0100100003183
1573008701875529023,4034,1573008701770207881,,0.00999999977648,-5.99999984843e-05,2.99999992421e-05,-0.009990000166
1573008701929588150,4035,1573008701875533103,,0.00989999994636,-3.99999989895e-05,2.99999992421e-05,-0.00992999970913
1573008701982622676,4036,1573008701929605007,,0.00999999977648,-2.99999992421e-05,-0.0,-0.00997000001371
1573008702036469592,4037,1573008701982728004,,0.0097000002861,1.99999994948e-05,-1.99999994948e-05,-0.0096899997443
1573008702091651734,4038,1573008702036509037,,0.00889999978244,-3.99999989895e-05,-0.0,-0.00887000001967
1573008702145679123,4039,1573008702091527938,,0.00800000037998,-9.99999974738e-06,9.99999974738e-06,-0.00805000029504
1573008702201160447,4040,1573008702145216941,,0.00719999987632,-9.99999974738e-06,9.99999974738e-06,-0.00718000018969
1573008702304524076,4041,1573008702200527906,,0.00600000005215,-5.99999984843e-05,9.99999974738e-06,-0.0060100001283
1573008702358776329,4042,1573008702304743051,,0.0046999999322,-3.99999989895e-05,1.99999994948e-05,-0.00467999977991
1573008702413404658,4043,1573008702358819961,,0.0038999998942,0.0,-9.99999974738e-06,-0.00386000005528
1573008702466832888,4044,1573008702412718057,,0.00300000002608,1.99999994948e-05,-9.99999974738e-06,-0.00304000009783
1573008702521361301,4045,1573008702466730117,,0.00150000001304,-2.99999992421e-05,0.0,-0.00153000000864
1573008702575843187,4046,1573008702520618915,,0.000600000028498,-9.99999974738e-06,-9.99999974738e-06,-0.00065000000177
1573008702628655719,4047,1573008702575126886,,9.99999974738e-05,-5.99999984843e-05,2.99999992421e-05,-1.99999994948e-05
1573008702683356479,4048,1573008702628653049,,0.0,0.0,-9.99999974738e-06,9.99999974738e-06
1573008702737273303,4049,1573008702682794094,,0.0,9.99999974738e-06,-9.99999974738e-06,9.99999974738e-06
1573008702841551244,4050,1573008702736871004,,0.0,9.99999974738e-06,-0.0,9.99999974738e-06
1573008702895573534,4051,1573008702840908050,,0.0,3.99999989895e-05,-9.99999974738e-06,-9.99999974738e-06
1573008702949164101,4052,1573008702894905090,,0.0,2.99999992421e-05,0.0,0.0
1573008703003085049,4053,1573008702948992967,,0.0,1.99999994948e-05,9.99999974738e-06,0.0
1573008703303889449,4054,1573008703002435922,,0.0,0.0,-0.0,9.99999974738e-06
1573008703355504397,4055,1573008703303672075,,0.0,-0.0,-9.99999974738e-06,-0.0
1573008703410747922,4056,1573008703355278968,,0.0,-1.99999994948e-05,9.99999974738e-06,9.99999974738e-06
1573008703465713657,4057,1573008703410990953,,0.0,-1.99999994948e-05,0.0,9.99999974738e-06
1573008703519162547,4058,1573008703464751958,,0.0,-1.99999994948e-05,1.99999994948e-05,9.99999974738e-06
1573008703573298011,4059,1573008703519537925,,0.0,-2.99999992421e-05,1.99999994948e-05,9.99999974738e-06
1573008703627375806,4060,1573008703573508024,,0.0,-2.99999992421e-05,9.99999974738e-06,9.99999974738e-06
1573008703683829260,4061,1573008703627690076,,0.0,-3.99999989895e-05,9.99999974738e-06,9.99999974738e-06
1573008703736749532,4062,1573008703683309078,,0.0,-3.99999989895e-05,0.0,9.99999974738e-06
1573008703790922811,4063,1573008703736972093,,0.0,-1.99999994948e-05,9.99999974738e-06,0.0
1573008703845999146,4064,1573008703791120052,,0.0,0.0,-0.0,-9.99999974738e-06
1573008703947927947,4065,1573008703845531940,,0.0,9.99999974738e-06,9.99999974738e-06,-0.0
1573008704003873304,4066,1573008703947911024,,0.0,0.0,1.99999994948e-05,0.0
1573008704056392766,4067,1573008704002960920,,0.0,-0.0,1.99999994948e-05,9.99999974738e-06
1573008704110445410,4068,1573008704056632995,,0.0,9.99999974738e-06,-9.99999974738e-06,-9.99999974738e-06
1573008704164445436,4069,1573008704110323905,,0.0,-0.0,-1.99999994948e-05,0.0
1573008704218773057,4070,1573008704164561033,,0.0,0.0,-9.99999974738e-06,-0.0
1573008704272432621,4071,1573008704218422889,,0.0,1.99999994948e-05,-9.99999974738e-06,-9.99999974738e-06
1573008704327136283,4072,1573008704272464990,,0.0,9.99999974738e-06,-9.99999974738e-06,-0.0
1573008704380883308,4073,1573008704326498985,,0.0,-0.0,-9.99999974738e-06,0.0
1573008704434229299,4074,1573008704380410909,,0.0,-2.99999992421e-05,1.99999994948e-05,1.99999994948e-05
1573008704489155329,4075,1573008704434395074,,0.0,-0.0,9.99999974738e-06,9.99999974738e-06
1573008704544277638,4076,1573008704489356994,,0.0,9.99999974738e-06,-2.99999992421e-05,-9.99999974738e-06
1573008704650804100,4077,1573008704544580936,,0.0,0.0,-9.99999974738e-06,-0.0
1573008704704781218,4078,1573008704650254964,,0.0,-9.99999974738e-06,9.99999974738e-06,9.99999974738e-06
1573008704755565743,4079,1573008704704118013,,0.0,2.99999992421e-05,-1.99999994948e-05,-1.99999994948e-05
1573008704806601541,4080,1573008704755167007,,0.0,0.0,9.99999974738e-06,-0.0
1573008704860841861,4081,1573008704806583881,,0.0,-9.99999974738e-06,1.99999994948e-05,9.99999974738e-06
1573008704915708272,4082,1573008704860874891,,0.0,9.99999974738e-06,-9.99999974738e-06,-9.99999974738e-06
1573008704969020786,4083,1573008704914994001,,0.0,0.0,-9.99999974738e-06,0.0
1573008705023885976,4084,1573008704969332933,,0.0,9.99999974738e-06,-0.0,-9.99999974738e-06
1573008705077605789,4085,1573008705023360967,,0.0,9.99999974738e-06,0.0,-9.99999974738e-06
