%time,field.header.seq,field.header.stamp,field.header.frame_id,field.value
1573202197297114938,171,1573202197242914915,,80.0
1573202197351265486,172,1573202197296580076,,80.0
1573202197403627894,173,1573202197349817037,,80.0
1573202197506705198,174,1573202197402652978,,80.0
1573202197560599097,175,1573202197506223917,,80.0
1573202197614190752,176,1573202197560013055,,80.0
1573202197668556955,177,1573202197613775014,,80.0
1573202197721842481,178,1573202197667164087,,80.0
1573202197776561036,179,1573202197722779035,,80.0
1573202197830222060,180,1573202197775995969,,80.0
1573202197883727449,181,1573202197829190015,,80.0
1573202197987960286,182,1573202197882426977,,80.0
1573202198040097700,183,1573202197986268997,,80.0
1573202198093812796,184,1573202198039554119,,80.0
1573202198147183140,185,1573202198093173980,,80.0
1573202198200805250,186,1573202198146406888,,80.0
1573202198253915654,187,1573202198199527025,,80.0
1573202198307206775,188,1573202198253453016,,80.0
1573202198360680337,189,1573202198306549072,,80.0
1573202198414269651,190,1573202198359850883,,80.0
1573202198467543212,191,1573202198413743019,,80.0
1573202198521720889,192,1573202198466980934,,80.0
1573202198575562294,193,1573202198520422935,,80.0
1573202198628259496,194,1573202198573823928,,80.0
1573202198730397986,195,1573202198626934051,,80.0
1573202198833583573,196,1573202198729758024,,80.0
1573202198887143694,197,1573202198833009004,,80.0
1573202198939174707,198,1573202198886764049,,80.0
1573202198993346301,199,1573202198938476085,,80.0
1573202199046469610,200,1573202198991617918,,80.0
1573202199099307845,201,1573202199045167922,,80.0
1573202199504035206,202,1573202199098823070,,80.0
1573202199556517467,203,1573202199502593040,,80.0
1573202199610646042,204,1573202199555444955,,77.3000030518
1573202199663448335,205,1573202199609267950,,70.5
1573202199717870976,206,1573202199663654088,,66.5
1573202199771064407,207,1573202199716605901,,66.4000015259
1573202199824364104,208,1573202199770344018,,67.1999969482
1573202199877738964,209,1573202199823539018,,66.0999984741
1573202199929933107,210,1573202199876677036,,63.0
1573202200033628297,211,1573202199929536104,,59.0999984741
1573202200086484204,212,1573202200032761096,,50.7000007629
1573202200139260253,213,1573202200085443973,,23.7999992371
1573202200192354654,214,1573202200138696908,,12.3000011444
1573202200246164372,215,1573202200191785097,,10.0
1573202200298340600,216,1573202200244826078,,10.0
1573202200400658224,217,1573202200297331094,,10.0
1573202200453769661,218,1573202200399826049,,10.0
1573202200507414414,219,1573202200452999114,,10.0
1573202200561135059,220,1573202200506819963,,10.0
1573202200613975437,221,1573202200560318946,,10.0
1573202200717852960,222,1573202200613670110,,10.0
1573202200771755491,223,1573202200717586040,,10.0
1573202200825430446,224,1573202200771255970,,10.0
1573202200879386378,225,1573202200824928998,,10.0
1573202200933077550,226,1573202200878863096,,10.0
1573202200986561165,227,1573202200932228088,,10.0
1573202201038847660,228,1573202200985351085,,10.6999969482
1573202201093389505,229,1573202201038547992,,19.7000007629
1573202201145964131,230,1573202201091959953,,22.9999961853
1573202201249592016,231,1573202201145313978,,22.6999912262
1573202201303251984,232,1573202201248877048,,22.6999912262
1573202201355513122,233,1573202201302211999,,31.7999973297
1573202201409058465,234,1573202201355037927,,44.2999992371
1573202201462438550,235,1573202201407995939,,59.8999938965
1573202201516071042,236,1573202201461747884,,76.0
1573202201619220591,237,1573202201515248060,,80.0
1573202201673072311,238,1573202201618979930,,80.0
1573202201727035766,239,1573202201672565937,,75.0999984741
1573202201780156153,240,1573202201725831031,,75.4000015259
1573202201883223876,241,1573202201779333114,,79.5999984741
1573202201938107629,242,1573202201882745027,,80.0
1573202201991997189,243,1573202201937345981,,80.0
1573202202044325748,244,1573202201990752935,,79.8000030518
1573202202098235914,245,1573202202044086933,,80.0
1573202202151722667,246,1573202202097829103,,80.0
1573202202205100105,247,1573202202151254892,,80.0
1573202202257732167,248,1573202202203953027,,80.0
1573202202361468006,249,1573202202257035970,,80.0
1573202202416426967,250,1573202202360217094,,77.1999969482
1573202202469615588,251,1573202202415205001,,73.9000015259
1573202202522783879,252,1573202202469209909,,80.0
1573202202625941985,253,1573202202521795988,,80.0
1573202202679545409,254,1573202202625684976,,80.0
1573202202733478390,255,1573202202679316043,,80.0
1573202202786898985,256,1573202202732819080,,79.9000015259
1573202202840384442,257,1573202202785840988,,80.0
1573202202893889977,258,1573202202839751005,,80.0
1573202202947124243,259,1573202202892792940,,80.0
1573202203001164224,260,1573202202946703910,,79.7999954224
1573202203054244054,261,1573202202999882936,,79.9000015259
1573202203158030843,262,1573202203053144931,,79.9000015259
1573202203211433990,263,1573202203156557083,,79.5999984741
1573202203263703618,264,1573202203210675001,,78.5
1573202203317922512,265,1573202203263226985,,76.0
1573202203370748171,266,1573202203316334009,,68.3000030518
1573202203425074693,267,1573202203369674921,,57.2000007629
1573202203478606560,268,1573202203424279928,,45.1999969482
1573202203531283029,269,1573202203477931976,,31.7999973297
1573202203585289692,270,1573202203530555963,,19.0999984741
1573202203637581988,271,1573202203583498001,,10.0
1573202203691586839,272,1573202203637218952,,10.0
1573202203744977388,273,1573202203690912961,,10.0
1573202203799212875,274,1573202203744332075,,10.0
1573202203852219914,275,1573202203797643899,,10.0
1573202203905425731,276,1573202203850749015,,10.0
1573202203958454976,277,1573202203903980970,,10.0
1573202204061687968,278,1573202203957771062,,10.0
1573202204115543754,279,1573202204061310052,,10.0
1573202204168455706,280,1573202204114923954,,10.0
1573202204221177961,281,1573202204167113065,,10.7999982834
1573202204274343977,282,1573202204220493078,,13.7000026703
1573202204328100937,283,1573202204273777961,,18.3000068665
1573202204381493440,284,1573202204327075958,,29.2999992371
1573202204435380988,285,1573202204380863904,,46.6999969482
1573202204539201663,286,1573202204434653043,,64.5
1573202204592454311,287,1573202204538645982,,80.0
1573202204646793312,288,1573202204591533899,,80.0
1573202204701373939,289,1573202204645392894,,80.0
1573202204754666690,290,1573202204700120925,,80.0
1573202204810034919,291,1573202204753550052,,73.0999984741
1573202204863462571,292,1573202204808830022,,59.1999969482
1573202204916672649,293,1573202204862133979,,43.2999954224
1573202204970238012,294,1573202204916099071,,30.0999965668
1573202205075808823,295,1573202204969727039,,25.1999969482
1573202205127864152,296,1573202205072937011,,35.0
1573202205180751646,297,1573202205126800060,,31.3999977112
1573202205235393977,298,1573202205179802894,,38.8999977112
1573202205287226220,299,1573202205233587980,,50.2000007629
1573202205340209474,300,1573202205286061048,,64.1999969482
1573202205444170190,301,1573202205339529991,,77.9000015259
1573202205497957420,302,1573202205443681955,,80.0
1573202205550828734,303,1573202205496773004,,80.0
1573202205604117200,304,1573202205550131082,,80.0
1573202205707321460,305,1573202205603394985,,75.9000015259
1573202205762135901,306,1573202205707461118,,71.5999984741
1573202205814705372,307,1573202205760541915,,70.9000015259
1573202205868789797,308,1573202205814162015,,70.0999984741
1573202205921417239,309,1573202205867285013,,69.1999969482
1573202205975213974,310,1573202205920725107,,69.3000030518
1573202206030030794,311,1573202205974716901,,69.9000015259
1573202206083828359,312,1573202206029155015,,70.9000015259
1573202206136695119,313,1573202206082530975,,71.0
1573202206241052859,314,1573202206136259078,,71.1999969482
1573202206294061728,315,1573202206239531040,,71.4000015259
1573202206346961688,316,1573202206292865037,,71.4000015259
1573202206400336399,317,1573202206346306085,,71.0999984741
1573202206454380205,318,1573202206399719953,,70.8000030518
1573202206507768348,319,1573202206453589916,,70.0999984741
1573202206561233492,320,1573202206506782054,,68.8000030518
1573202206614296340,321,1573202206559954881,,66.5999984741
1573202206667257355,322,1573202206613614082,,62.2000007629
1573202206721746717,323,1573202206666598081,,57.5999984741
1573202206775487631,324,1573202206720804929,,53.5999984741
1573202206828751799,325,1573202206773828029,,50.0
1573202206882746524,326,1573202206827836990,,51.5
1573202206935990871,327,1573202206881757974,,53.7000007629
1573202206989507212,328,1573202206935230970,,55.4000015259
1573202207042410179,329,1573202206988166093,,56.5999984741
1573202207096376926,330,1573202207041580915,,56.7000007629
1573202207149785159,331,1573202207095799922,,55.0
1573202207205040037,332,1573202207149316072,,50.7000007629
1573202207257754693,333,1573202207204327106,,41.7000007629
1573202207310914886,334,1573202207256587982,,30.1999988556
1573202207364085751,335,1573202207309834957,,18.9999980927
1573202207418023584,336,1573202207363607883,,10.0
1573202207472066806,337,1573202207417574882,,10.0
1573202207575299082,338,1573202207470951080,,10.0
1573202207628889406,339,1573202207574704885,,10.0
1573202207682123319,340,1573202207628092050,,10.0
1573202207736138188,341,1573202207681459903,,10.0
1573202207787911385,342,1573202207734461069,,22.6999912262
1573202207841390437,343,1573202207786988019,,44.4999961853
1573202207894567272,344,1573202207840240955,,68.3999938965
1573202207947134869,345,1573202207893280029,,80.0
1573202208001056581,346,1573202207946465015,,80.0
1573202208054254996,347,1573202208000071048,,80.0
1573202208107280623,348,1573202208053551912,,54.0999984741
1573202208160098782,349,1573202208106844902,,10.0
1573202208212975109,350,1573202208159060001,,10.0
1573202208267050957,351,1573202208212285995,,10.0
1573202208319131291,352,1573202208265467882,,10.0
1573202208374073659,353,1573202208317862033,,14.5000019073
1573202208426652073,354,1573202208372436046,,20.2000083923
1573202208480828089,355,1573202208425642013,,27.1000061035
1573202208534677808,356,1573202208479247093,,33.2000045776
1573202208587164983,357,1573202208532902956,,45.5000038147
1573202208640407687,358,1573202208586328983,,59.2000045776
1573202208694223985,359,1573202208639565944,,77.5000076294
1573202208747727803,360,1573202208693432092,,80.0
1573202208850224593,361,1573202208747313022,,80.0
1573202208903105619,362,1573202208849864959,,80.0
1573202208956139700,363,1573202208902044057,,80.0
1573202209009532186,364,1573202208955614089,,77.2000045776
1573202209063391411,365,1573202209008939027,,70.3000030518
1573202209117583621,366,1573202209062616109,,60.7000007629
1573202209170790769,367,1573202209116110086,,51.5
1573202209224488859,368,1573202209170144081,,47.9000053406
1573202209276272564,369,1573202209223320960,,46.0
1573202209329595334,370,1573202209275736093,,45.2999992371
1573202209433774450,371,1573202209329106092,,44.7000007629
1573202209486869516,372,1573202209432259082,,47.4000015259
1573202209540412403,373,1573202209486212015,,50.7000007629
1573202209593782486,374,1573202209539844989,,53.9000015259
1573202209698105744,375,1573202209593174934,,57.7999992371
1573202209751756213,376,1573202209697371959,,66.2000045776
1573202209804371919,377,1573202209750375986,,74.0999984741
1573202209859603008,378,1573202209803785085,,80.0
1573202209911698889,379,1573202209857775926,,80.0
1573202209965452028,380,1573202209911511898,,80.0
1573202210019157956,381,1573202209965024948,,80.0
1573202210074022874,382,1573202210018707036,,80.0
1573202210127059164,383,1573202210072341918,,80.0
1573202210231040850,384,1573202210126333951,,79.9000015259
1573202210286933467,385,1573202210231781005,,78.1999969482
1573202210339016484,386,1573202210285049915,,76.4000015259
1573202210392784705,387,1573202210338356971,,74.2999954224
1573202210447019721,388,1573202210392133951,,71.4000015259
1573202210501765977,389,1573202210446722984,,68.3000030518
1573202210554476126,390,1573202210500278949,,64.8999938965
1573202210609068286,391,1573202210553968906,,63.2999992371
1573202210661774117,392,1573202210607381105,,64.4000015259
1573202210715538021,393,1573202210660608053,,62.0999984741
1573202210769563134,394,1573202210714643955,,59.5
1573202210822391553,395,1573202210768105983,,58.2000007629
1573202210874778123,396,1573202210821341991,,59.0
1573202210978339984,397,1573202210874114036,,55.0999984741
1573202211031790475,398,1573202210977287054,,48.5
1573202211086106001,399,1573202211031614065,,54.0
1573202211139231572,400,1573202211084994077,,63.1999969482
1573202211245042610,401,1573202211138896942,,79.4000015259
1573202211298529943,402,1573202211244448900,,80.0
1573202211352151543,403,1573202211297868967,,67.0
1573202211403882570,404,1573202211350989103,,53.3999977112
1573202211456420879,405,1573202211403337001,,49.1999969482
1573202211510206445,406,1573202211456053018,,45.2999992371
1573202211563991279,407,1573202211509586095,,36.0
1573202211616731779,408,1573202211562633037,,12.6999988556
1573202211670583356,409,1573202211616123914,,10.0
1573202211774166902,410,1573202211670169115,,10.0
1573202211826615523,411,1573202211773526906,,25.1999969482
1573202211880249595,412,1573202211826172113,,61.6999969482
1573202211933348118,413,1573202211879448890,,80.0
1573202211986002330,414,1573202211932924985,,80.0
1573202212090044386,415,1573202211985567092,,79.4000015259
1573202212142838661,416,1573202212088680982,,68.5
1573202212196305353,417,1573202212142326116,,61.2000007629
1573202212249264750,418,1573202212195960044,,54.9000015259
1573202212303883171,419,1573202212248182058,,46.5999984741
1573202212356993284,420,1573202212302584886,,28.2000007629
1573202212409047246,421,1573202212356298923,,10.0
1573202212463220484,422,1573202212408075094,,14.0000009537
1573202212516948468,423,1573202212462694883,,15.6999998093
1573202212622460458,424,1573202212516242027,,10.6000022888
1573202212676107932,425,1573202212621159076,,16.7000007629
1573202212729671705,426,1573202212674691915,,24.6999988556
1573202212783702684,427,1573202212729203939,,31.4999980927
1573202212837389531,428,1573202212783269882,,36.4000015259
1573202212890361138,429,1573202212837001085,,44.4000015259
1573202212942633900,430,1573202212889281034,,54.3999977112
1573202212996109690,431,1573202212941494941,,59.5999984741
1573202213098021920,432,1573202212994847059,,54.7999992371
1573202213150779960,433,1573202213097186088,,40.7999992371
1573202213204040619,434,1573202213150269985,,35.1999969482
1573202213257913890,435,1573202213203562974,,26.1000003815
1573202213310677332,436,1573202213256469011,,28.3999977112
1573202213364233692,437,1573202213310039997,,37.2999992371
1573202213418254231,438,1573202213363523960,,48.1999969482
1573202213469896342,439,1573202213416574001,,55.5
1573202213523648609,440,1573202213469058036,,61.8999977112
1573202213577038662,441,1573202213522387981,,67.1999969482
1573202213630309806,442,1573202213576111078,,75.3000030518
1573202213683231864,443,1573202213629223108,,62.2000007629
1573202213737184739,444,1573202213682179927,,52.3999977112
1573202213789908893,445,1573202213735738039,,47.7000007629
1573202213842799912,446,1573202213788728952,,53.6999969482
1573202213896268608,447,1573202213842142105,,65.1999969482
1573202213949816949,448,1573202213895124912,,64.8000030518
1573202214002340490,449,1573202213948493003,,58.5
1573202214056236758,450,1573202214001799106,,57.5
1573202214109180619,451,1573202214055138111,,56.9000015259
1573202214164138336,452,1573202214109975099,,57.7999992371
1573202214217367629,453,1573202214163422107,,59.1000022888
1573202214270942379,454,1573202214216732025,,60.4000015259
1573202214324458014,455,1573202214270152091,,61.5999984741
1573202214377912657,456,1573202214323826074,,60.2999992371
1573202214431652843,457,1573202214377621889,,50.2999992371
1573202214485081028,458,1573202214430979967,,40.0
1573202214589200677,459,1573202214484260082,,40.4000015259
1573202214692796362,460,1573202214588152885,,55.4000015259
1573202214744530016,461,1573202214691082000,,63.0
1573202214798299251,462,1573202214743401050,,63.2999992371
1573202214851990305,463,1573202214797619104,,63.0999984741
1573202214906192500,464,1573202214851083993,,62.4000015259
1573202214959681036,465,1573202214904391050,,61.7999992371
1573202215013067187,466,1573202214958960056,,64.8000030518
1573202215066461741,467,1573202215011919021,,67.9000015259
1573202215170349735,468,1573202215065715074,,67.3000030518
1573202215222683599,469,1573202215169429063,,64.2999954224
1573202215276281739,470,1573202215221961021,,59.5
1573202215330608935,471,1573202215275734901,,56.2999992371
1573202215383918747,472,1573202215329107999,,51.2000007629
1573202215436719422,473,1573202215382467031,,43.7999992371
1573202215490571871,474,1573202215435832977,,37.0
1573202215543736770,475,1573202215489074945,,37.1999969482
1573202215597409037,476,1573202215542515993,,38.9000015259
1573202215649977271,477,1573202215595571994,,44.0999984741
1573202215754771102,478,1573202215649452924,,55.4000015259
1573202215807659832,479,1573202215753158092,,80.0
1573202215861596330,480,1573202215806770086,,74.8000030518
1573202215914241211,481,1573202215860054016,,58.1000022888
1573202215969337781,482,1573202215913371086,,37.7000007629
1573202216020939397,483,1573202215967907905,,16.1000003815
1573202216075542654,484,1573202216020473003,,10.0
1573202216128858290,485,1573202216074069976,,10.0
1573202216182575968,486,1573202216128460884,,10.0
1573202216236084124,487,1573202216181421041,,10.0
1573202216289663965,488,1573202216234843969,,10.7999982834
1573202216342609695,489,1573202216288058042,,14.499994278
1573202216395894301,490,1573202216341325044,,19.4999961853
1573202216500223345,491,1573202216395266056,,23.2000007629
1573202216553159160,492,1573202216498816967,,25.0
1573202216605530376,493,1573202216552225112,,25.7999992371
1573202216659555287,494,1573202216604845046,,28.5
1573202216713527226,495,1573202216657859086,,37.5999984741
1573202216766421846,496,1573202216712037086,,47.5999946594
1573202216819845635,497,1573202216765716075,,56.7000007629
1573202216873823233,498,1573202216819437026,,68.2999954224
1573202216927137117,499,1573202216872370004,,80.0
1573202216981980077,500,1573202216926333904,,80.0
1573202217033673692,501,1573202216980372905,,79.5999984741
1573202217086845719,502,1573202217032610893,,80.0
1573202217141241499,503,1573202217086107015,,80.0
1573202217195115175,504,1573202217140717983,,80.0
1573202217248575828,505,1573202217193896055,,75.8000030518
1573202217301438699,506,1573202217247292995,,70.9000015259
1573202217405396346,507,1573202217300822973,,65.0
1573202217459631724,508,1573202217404865026,,57.2000007629
1573202217512999043,509,1573202217458345890,,47.8000030518
1573202217567297122,510,1573202217512491941,,43.7999992371
1573202217620848795,511,1573202217566207885,,51.1000022888
1573202217674971614,512,1573202217620136022,,61.4000015259
1573202217778312284,513,1573202217673501968,,66.1999969482
1573202217831133545,514,1573202217777103900,,73.8000030518
1573202217882031335,515,1573202217830590009,,78.9000015259
1573202217935939617,516,1573202217881539106,,80.0
1573202217988939172,517,1573202217934591054,,80.0
1573202218042705239,518,1573202217987597942,,76.0
1573202218093753361,519,1573202218042071104,,76.5999984741
1573202218147461064,520,1573202218093343973,,74.5999984741
1573202218200896690,521,1573202218146812915,,73.5999984741
1573202218305938655,522,1573202218200392007,,76.6999969482
1573202218359908937,523,1573202218305108070,,74.1999969482
1573202218412724896,524,1573202218358627080,,72.1999969482
1573202218465902769,525,1573202218412116050,,71.8000030518
1573202218519083714,526,1573202218464788913,,72.3000030518
1573202218572504423,527,1573202218518209934,,73.1999969482
1573202218625099259,528,1573202218571271896,,74.6999969482
1573202218679306108,529,1573202218624521970,,76.5999984741
1573202218732349192,530,1573202218678402900,,78.8000030518
1573202218836523435,531,1573202218731827020,,80.0
1573202218889417978,532,1573202218835139036,,80.0
1573202218943073587,533,1573202218888704061,,80.0
1573202219046984721,534,1573202218942329883,,80.0
1573202219149606500,535,1573202219045475959,,80.0
1573202219202179109,536,1573202219148945093,,80.0
1573202219256478391,537,1573202219201684951,,80.0
1573202219309198343,538,1573202219255172014,,80.0
1573202219364182248,539,1573202219308892011,,80.0
1573202219417629883,540,1573202219363473892,,80.0
1573202219471194867,541,1573202219416374921,,80.0
1573202219524752448,542,1573202219470519065,,80.0
1573202219577977360,543,1573202219523488044,,80.0
1573202219681808647,544,1573202219577259063,,80.0
1573202219734907295,545,1573202219680342912,,80.0
1573202219789079094,546,1573202219734123945,,80.0
1573202219842348110,547,1573202219787594079,,80.0
1573202219897481160,548,1573202219841072082,,80.0
1573202219951061056,549,1573202219896073102,,80.0
1573202220003570634,550,1573202219949316024,,80.0
1573202220307338554,551,1573202220003124952,,80.0
1573202220361675995,552,1573202220306724071,,80.0
1573202220414627457,553,1573202220359843015,,80.0
1573202220467750417,554,1573202220413012981,,80.0
1573202220522384496,555,1573202220467246055,,80.0
1573202220575918363,556,1573202220520984888,,80.0
1573202220629465521,557,1573202220575351953,,80.0
1573202220683877706,558,1573202220629168033,,80.0
1573202220737785215,559,1573202220682856082,,80.0
1573202220841461661,560,1573202220736361026,,79.9000015259
1573202220893855621,561,1573202220839731931,,79.9000015259
1573202220947606107,562,1573202220892981052,,80.0
1573202220999799144,563,1573202220946235895,,80.0
1573202221053297916,564,1573202220999171018,,80.0
1573202221107731090,565,1573202221051947116,,80.0
1573202221161432591,566,1573202221106936931,,80.0
1573202221214774738,567,1573202221159962892,,80.0
1573202221269470120,568,1573202221213192939,,80.0
1573202221373526591,569,1573202221268946886,,80.0
1573202221428385379,570,1573202221373027086,,80.0
1573202221484047741,571,1573202221428131103,,80.0
1573202221536572488,572,1573202221482671022,,80.0
1573202221594023600,573,1573202221536103963,,80.0
1573202221648679342,574,1573202221592443943,,80.0
1573202221700043854,575,1573202221647022008,,80.0
1573202221754357206,576,1573202221699090003,,80.0
1573202221858568076,577,1573202221754034996,,80.0
1573202221911511456,578,1573202221857207059,,80.0
1573202221965744048,579,1573202221911135911,,80.0
1573202222019155186,580,1573202221965605974,,80.0
1573202222071469002,581,1573202222018191099,,80.0
1573202222125875505,582,1573202222070905923,,80.0
1573202222179563976,583,1573202222125392913,,80.0
1573202222232436074,584,1573202222179064989,,80.0
1573202222286734343,585,1573202222231467008,,80.0
1573202222390455690,586,1573202222286145925,,80.0
1573202222444021129,587,1573202222389672040,,80.0
1573202222497334766,588,1573202222443113088,,80.0
1573202222601428288,589,1573202222496767044,,80.0
1573202222655082362,590,1573202222600063085,,80.0
1573202222707882249,591,1573202222653671026,,80.0
1573202222761109091,592,1573202222707030057,,80.0
1573202222814488638,593,1573202222760343074,,80.0
1573202222917655201,594,1573202222813582897,,80.0
1573202222971774042,595,1573202222916882991,,80.0
1573202223024337969,596,1573202222970258951,,80.0
1573202223077886752,597,1573202223023665904,,80.0
1573202223131789934,598,1573202223077039957,,80.0
1573202223186243433,599,1573202223130306005,,80.0
1573202223239841829,600,1573202223185740947,,80.0
1573202223293688008,601,1573202223239238023,,80.0
1573202223346803481,602,1573202223292464017,,80.0
1573202223451185053,603,1573202223346162080,,80.0
1573202223502708001,604,1573202223449614048,,80.0
1573202223556172375,605,1573202223502273082,,80.0
1573202223610839493,606,1573202223555823087,,80.0
1573202223713748623,607,1573202223609436988,,80.0
1573202223769264620,608,1573202223714354038,,80.0
1573202223822281089,609,1573202223767431974,,80.0
1573202223874908612,610,1573202223820565938,,80.0
1573202223928449926,611,1573202223874238014,,80.0
1573202223983392279,612,1573202223927860975,,80.0
1573202224036109601,613,1573202223982094049,,80.0
1573202224089523774,614,1573202224035371065,,80.0
1573202224193263634,615,1573202224089041948,,80.0
1573202224245738988,616,1573202224192502021,,80.0
1573202224299927135,617,1573202224245342016,,80.0
1573202224352900305,618,1573202224298429012,,80.0
1573202224405644128,619,1573202224351454019,,80.0
1573202224460367115,620,1573202224404491901,,80.0
1573202224513518496,621,1573202224458848953,,80.0
1573202224566044721,622,1573202224512001037,,80.0
