%time,field.header.seq,field.header.stamp,field.header.frame_id,field.speed,field.vx,field.vy,field.vz
1573202197296477978,171,1573202197242914915,,0.0,0.0,-0.0,-0.0
1573202197350215213,172,1573202197296580076,,0.0,0.0,0.0,-0.0
1573202197403066637,173,1573202197349817037,,0.0,-9.99999974738e-06,0.0,0.0
1573202197506147114,174,1573202197402652978,,0.0,0.0,-0.0,-0.0
1573202197560741177,175,1573202197506223917,,0.0,-0.0,0.0,0.0
1573202197613649252,176,1573202197560013055,,0.0,9.99999974738e-06,0.0,-0.0
1573202197668001132,177,1573202197613775014,,0.0,-9.99999974738e-06,1.99999994948e-05,9.99999974738e-06
1573202197722056931,178,1573202197667164087,,0.0,-9.99999974738e-06,1.99999994948e-05,0.0
1573202197776948943,179,1573202197722779035,,0.0,9.99999974738e-06,9.99999974738e-06,-1.99999994948e-05
1573202197829576689,180,1573202197775995969,,0.0,1.99999994948e-05,-2.99999992421e-05,-9.99999974738e-06
1573202197882754867,181,1573202197829190015,,0.0,-0.0,9.99999974738e-06,0.0
1573202197987170838,182,1573202197882426977,,0.0,0.0,1.99999994948e-05,0.0
1573202198039682184,183,1573202197986268997,,0.0,0.0,9.99999974738e-06,-0.0
1573202198093077186,184,1573202198039554119,,0.0,-9.99999974738e-06,9.99999974738e-06,9.99999974738e-06
1573202198146588398,185,1573202198093173980,,0.0,9.99999974738e-06,-0.0,-9.99999974738e-06
1573202198200411786,186,1573202198146406888,,0.0,-9.99999974738e-06,9.99999974738e-06,9.99999974738e-06
1573202198253497466,187,1573202198199527025,,0.0,-0.0,-9.99999974738e-06,0.0
1573202198307337731,188,1573202198253453016,,0.0,1.99999994948e-05,-1.99999994948e-05,-9.99999974738e-06
1573202198360210104,189,1573202198306549072,,0.0,-0.0,-0.0,0.0
1573202198413628355,190,1573202198359850883,,0.0,-1.99999994948e-05,9.99999974738e-06,9.99999974738e-06
1573202198467339735,191,1573202198413743019,,0.0,-0.0,-9.99999974738e-06,-0.0
1573202198521411247,192,1573202198466980934,,0.0,-9.99999974738e-06,0.0,-0.0
1573202198574417761,193,1573202198520422935,,0.0,-0.0,9.99999974738e-06,0.0
1573202198627688319,194,1573202198573823928,,0.0,9.99999974738e-06,-9.99999974738e-06,-9.99999974738e-06
1573202198730238708,195,1573202198626934051,,0.0,-9.99999974738e-06,0.0,9.99999974738e-06
1573202198832781005,196,1573202198729758024,,0.0,-0.0,-9.99999974738e-06,-0.0
1573202198886593022,197,1573202198833009004,,0.0,0.0,9.99999974738e-06,0.0
1573202198938781888,198,1573202198886764049,,0.0,-9.99999974738e-06,9.99999974738e-06,9.99999974738e-06
1573202198991920646,199,1573202198938476085,,0.0,-9.99999974738e-06,9.99999974738e-06,9.99999974738e-06
1573202199045884308,200,1573202198991617918,,0.0,-9.99999974738e-06,9.99999974738e-06,0.0
1573202199098556404,201,1573202199045167922,,0.0,-9.99999974738e-06,1.99999994948e-05,1.99999994948e-05
1573202199503411246,202,1573202199098823070,,0.0,-0.0,-9.99999974738e-06,0.0
1573202199555954936,203,1573202199502593040,,0.0,9.99999974738e-06,-2.99999992421e-05,-0.0
1573202199609123014,204,1573202199555444955,,0.00270000007004,-0.000579999992624,-0.00264999992214,4.99999987369e-05
1573202199663411997,205,1573202199609267950,,0.00949999969453,-0.001719999942,-0.00934999994934,-7.00000018696e-05
1573202199716897022,206,1573202199663654088,,0.0135000003502,-0.00243999995291,-0.0133199999109,-0.000110000000859
1573202199770493728,207,1573202199716605901,,0.0136000001803,-0.000140000003739,-0.0135599998757,-0.000220000001718
1573202199824353879,208,1573202199770344018,,0.0127999996766,0.00466000009328,-0.011930000037,-2.99999992421e-05
1573202199877712002,209,1573202199823539018,,0.0138999996707,0.00970999989659,-0.009990000166,1.99999994948e-05
1573202199929569040,210,1573202199876677036,,0.0170000009239,0.0150899998844,-0.00773000018671,9.99999974738e-06
1573202200032952408,211,1573202199929536104,,0.0208999998868,0.0202600006014,-0.00524999992922,-1.99999994948e-05
1573202200085986672,212,1573202200032761096,,0.0293000005186,0.0292700007558,0.000839999993332,-2.99999992421e-05
1573202200138853722,213,1573202200085443973,,0.0562000013888,0.0557000003755,0.00749999983236,-7.9999997979e-05
1573202200192151257,214,1573202200138696908,,0.0676999986172,0.065180003643,0.0182900000364,-0.000110000000859
1573202200245679259,215,1573202200191785097,,0.0842000022531,0.0759399980307,0.0362900011241,7.9999997979e-05
1573202200297401239,216,1573202200244826078,,0.0974000021815,0.0847200006247,0.0479799993336,0.000110000000859
1573202200400284105,217,1573202200297331094,,0.105899997056,0.0903299972415,0.0551999993622,0.000300000014249
1573202200453479766,218,1573202200399826049,,0.113899998367,0.0938699990511,0.0644199997187,-1.99999994948e-05
1573202200506598614,219,1573202200452999114,,0.118000000715,0.0953200012445,0.0694900006056,-5.99999984843e-05
1573202200560139777,220,1573202200506819963,,0.12120000273,0.0961100012064,0.0738300010562,-7.00000018696e-05
1573202200613941650,221,1573202200560318946,,0.124899998307,0.097570002079,0.0779799968004,-9.99999974738e-06
1573202200717533514,222,1573202200613670110,,0.129800006747,0.0992299988866,0.0836699977517,1.99999994948e-05
1573202200770984504,223,1573202200717586040,,0.131500005722,0.0929099991918,0.093039996922,-2.99999992421e-05
1573202200824805186,224,1573202200771255970,,0.13259999454,0.0877500027418,0.0993700027466,-4.99999987369e-05
1573202200878858395,225,1573202200824928998,,0.137600004673,0.0856899991632,0.10761000216,-4.99999987369e-05
1573202200932326262,226,1573202200878863096,,0.142900004983,0.0859699994326,0.114150002599,1.99999994948e-05
1573202200985639761,227,1573202200932228088,,0.146799996495,0.0859000012279,0.119039997458,2.99999992421e-05
1573202201038279227,228,1573202200985351085,,0.146099999547,0.0797600001097,0.122409999371,0.000110000000859
1573202201092679974,229,1573202201038547992,,0.137099996209,0.07174000144,0.116800002754,-9.99999974738e-06
1573202201144955954,230,1573202201091959953,,0.133799999952,0.0634099990129,0.117870002985,1.99999994948e-05
1573202201248833033,231,1573202201145313978,,0.134100005031,0.0552899986506,0.122220002115,-2.99999992421e-05
1573202201302320599,232,1573202201248877048,,0.134100005031,0.0443399995565,0.126599997282,-0.0
1573202201354931656,233,1573202201302211999,,0.125,0.0380400009453,0.1190200001,7.00000018696e-05
1573202201408927073,234,1573202201355037927,,0.11249999702,0.0347299985588,0.106980003417,0.000169999999343
1573202201461805813,235,1573202201407995939,,0.0969000011683,0.0255600009114,0.0935000032187,0.000310000003083
1573202201515034376,236,1573202201461747884,,0.0807999968529,0.0116699999198,0.0799800008535,0.000159999995958
1573202201618584690,237,1573202201515248060,,0.0657000020146,-0.00431999983266,0.065520003438,2.99999992421e-05
1573202201672414326,238,1573202201618979930,,0.0582000017166,-0.0166599992663,0.0557899996638,-7.9999997979e-05
1573202201726473545,239,1573202201672565937,,0.0631000027061,-0.0191699992865,0.0601300001144,1.99999994948e-05
1573202201779461828,240,1573202201725831031,,0.0627999976277,-0.0197299998254,0.0596299991012,9.99999974738e-06
1573202201882673687,241,1573202201779333114,,0.0586000010371,-0.0226199999452,0.0540600009263,0.000150000007125
1573202201938288579,242,1573202201882745027,,0.0430999994278,-0.0341500006616,0.0263700000942,-2.99999992421e-05
1573202201990700944,243,1573202201937345981,,0.0419999994338,-0.037310000509,0.0192499998957,-0.0
1573202202044284341,244,1573202201990752935,,0.042199999094,-0.0387100018561,0.0167100001127,-5.99999984843e-05
1573202202097737799,245,1573202202044086933,,0.0399000011384,-0.0374800004065,0.0136799998581,-0.000199999994948
1573202202151109869,246,1573202202097829103,,0.0355999991298,-0.0331799983978,0.0129699995741,-9.00000013644e-05
1573202202204809135,247,1573202202151254892,,0.0309999994934,-0.0282700005919,0.0127800004557,-1.99999994948e-05
1573202202257021470,248,1573202202203953027,,0.0244999993593,-0.0233999993652,0.00741000007838,3.99999989895e-05
1573202202360843051,249,1573202202257035970,,0.0230999998748,-0.0230599995703,-0.00115999998525,1.99999994948e-05
1573202202415581319,250,1573202202360217094,,0.0259000007063,-0.0234999991953,-0.0108599998057,9.99999974738e-06
1573202202469974001,251,1573202202415205001,,0.0292000006884,-0.0229899995029,-0.0180099997669,-0.000110000000859
1573202202522266266,252,1573202202469209909,,0.0214000009,-0.0160099994391,-0.0141399996355,4.99999987369e-05
1573202202625009616,253,1573202202521795988,,0.0189999993891,-0.0142799997702,-0.0126000000164,1.99999994948e-05
1573202202679231090,254,1573202202625684976,,0.018200000748,-0.0136200003326,-0.0120299998671,-2.99999992421e-05
1573202202733502587,255,1573202202679316043,,0.0179999992251,-0.0135099999607,-0.0119000002742,-1.99999994948e-05
1573202202786558833,256,1573202202732819080,,0.0181000009179,-0.0135500002652,-0.0119500001892,-2.99999992421e-05
1573202202839755226,257,1573202202785840988,,0.017899999395,-0.0134100001305,-0.0118100000545,-2.99999992421e-05
1573202202893712742,258,1573202202839751005,,0.017899999395,-0.0134800001979,-0.0118300002068,0.0
1573202202946752482,259,1573202202892792940,,0.017899999395,-0.0134600000456,-0.011819999665,-9.99999974738e-06
1573202203000110001,260,1573202202946703910,,0.0181000009179,-0.0135399997234,-0.0119500001892,-2.99999992421e-05
1573202203053543786,261,1573202202999882936,,0.0179999992251,-0.0135099999607,-0.0119099998847,-1.99999994948e-05
1573202203157286275,262,1573202203053144931,,0.0179999992251,-0.0135000003502,-0.011930000037,-0.0
1573202203210433416,263,1573202203156557083,,0.0183000005782,-0.0137200001627,-0.0120700001717,2.99999992421e-05
1573202203263420049,264,1573202203210675001,,0.0194000005722,-0.0144800003618,-0.0128899998963,9.99999974738e-06
1573202203317083086,265,1573202203263226985,,0.0219000000507,-0.0165100004524,-0.0143799996004,0.000150000007125
1573202203370077273,266,1573202203316334009,,0.0296000000089,-0.0220400001854,-0.0197199992836,9.99999974738e-06
1573202203425074682,267,1573202203369674921,,0.0406999997795,-0.030150000006,-0.0273499991745,9.99999974738e-06
1573202203477778416,268,1573202203424279928,,0.0527000017464,-0.0385500006378,-0.0358799993992,1.99999994948e-05
1573202203530490547,269,1573202203477931976,,0.0661000013351,-0.0474100001156,-0.0460000000894,9.99999974738e-06
1573202203584364994,270,1573202203530555963,,0.0788000002503,-0.0555200017989,-0.0558600015938,1.99999994948e-05
1573202203636767333,271,1573202203583498001,,0.0920000001788,-0.0637300014496,-0.0663900002837,1.99999994948e-05
1573202203691328302,272,1573202203637218952,,0.104299999774,-0.0711600035429,-0.0762799978256,-0.0
1573202203745021342,273,1573202203690912961,,0.127200007439,-0.085110001266,-0.0945900008082,-1.99999994948e-05
1573202203798465597,274,1573202203744332075,,0.141699999571,-0.0928699970245,-0.107009999454,2.99999992421e-05
1573202203851504277,275,1573202203797643899,,0.154599994421,-0.0987799987197,-0.118900001049,-0.000119999996969
1573202203903978683,276,1573202203850749015,,0.161200001836,-0.100330002606,-0.126190006733,5.99999984843e-05
1573202203958487133,277,1573202203903980970,,0.165600001812,-0.0994300022721,-0.132369995117,3.99999989895e-05
1573202204061326056,278,1573202203957771062,,0.171100005507,-0.0989800021052,-0.139559999108,3.99999989895e-05
1573202204115584455,279,1573202204061310052,,0.173700004816,-0.0956199988723,-0.145050004125,-0.0
1573202204168177894,280,1573202204114923954,,0.175999999046,-0.0924599990249,-0.149800002575,-0.000110000000859
1573202204220286338,281,1573202204167113065,,0.175200000405,-0.0861300006509,-0.15256999433,-0.000119999996969
1573202204274458296,282,1573202204220493078,,0.172299996018,-0.0784000009298,-0.153459995985,5.99999984843e-05
1573202204327316228,283,1573202204273777961,,0.167699992657,-0.0686099976301,-0.152979999781,-9.99999974738e-05
1573202204380473702,284,1573202204327075958,,0.156700000167,-0.0562900006771,-0.146219998598,-0.000300000014249
1573202204435413613,285,1573202204380863904,,0.139300003648,-0.0413799993694,-0.132980003953,-7.00000018696e-05
1573202204538681965,286,1573202204434653043,,0.121500000358,-0.027270000428,-0.118419997394,0.000260000000708
1573202204592508137,287,1573202204538645982,,0.0954999998212,-0.0138699999079,-0.0944299995899,-0.00370000000112
1573202204645728123,288,1573202204591533899,,0.0747999995947,-0.000829999975394,-0.0747499987483,-0.00368999992497
1573202204701410571,289,1573202204645392894,,0.0496000014246,0.021989999339,-0.0442700013518,-0.00378999998793
1573202204754603079,290,1573202204700120925,,0.042199999094,0.0374800004065,-0.0191399995238,-0.00361000001431
1573202204809694354,291,1573202204753550052,,0.0491000004113,0.0488200001419,0.00313999992795,-0.00365000008605
1573202204862525057,292,1573202204808830022,,0.0630000010133,0.0584199987352,0.0233500003815,-0.00377999991179
1573202204916103933,293,1573202204862133979,,0.0789000019431,0.0661299973726,0.0428300015628,-0.00367000000551
1573202204969561907,294,1573202204916099071,,0.0921000018716,0.0718299970031,0.057539999485,-0.00347999995574
1573202205074389354,295,1573202204969727039,,0.097000002861,0.0723600015044,0.0644700005651,-0.00343999988399
1573202205127831713,296,1573202205072937011,,0.0872000008821,0.0633400008082,0.0597900003195,-0.00334000005387
1573202205180694501,297,1573202205126800060,,0.0908000022173,0.0648299977183,0.0634900033474,0.00211000000127
1573202205234720264,298,1573202205179802894,,0.0833000019193,0.0597600005567,0.0579800009727,0.00341999996454
1573202205286588409,299,1573202205233587980,,0.0719999969006,0.0520300008357,0.0496100001037,0.00380999990739
1573202205340238349,300,1573202205286061048,,0.0579999983311,0.0424199998379,0.039319999516,0.00384999997914
1573202205444172895,301,1573202205339529991,,0.0443000011146,0.0329300016165,0.0294400006533,0.0038699998986
1573202205496920301,302,1573202205443681955,,0.0265999995172,0.0201900005341,0.0169399995357,0.00346000003628
1573202205550796875,303,1573202205496773004,,0.0152000002563,0.011590000242,0.00922000035644,0.00347999995574
1573202205603955264,304,1573202205550131082,,0.00419999985024,0.00215000007302,0.000780000002123,0.00347999995574
1573202205707447522,305,1573202205603394985,,0.00829999987036,-0.00497000012547,-0.00582000007853,0.00322999991477
1573202205760584036,306,1573202205707461118,,0.0126000000164,-0.00886000040919,-0.00841000024229,0.00307000009343
1573202205814735086,307,1573202205760541915,,0.0132999997586,-0.00960000045598,-0.0089699998498,0.00173000001814
1573202205868162960,308,1573202205814162015,,0.0141000002623,-0.0104599995539,-0.00942000001669,0.000460000010207
1573202205921421598,309,1573202205867285013,,0.0149999996647,-0.0113599998876,-0.00977000035346,-3.99999989895e-05
1573202205974831158,310,1573202205920725107,,0.0148999998346,-0.0118100000545,-0.00905000045896,-0.000110000000859
1573202206030062961,311,1573202205974716901,,0.0142999999225,-0.011819999665,-0.00800000037998,-9.00000013644e-05
1573202206083402754,312,1573202206029155015,,0.0132999997586,-0.0116100003943,-0.00647999998182,0.0
1573202206136311495,313,1573202206082530975,,0.0131999999285,-0.0116299996153,-0.00625000009313,1.99999994948e-05
1573202206240285579,314,1573202206136259078,,0.0130000002682,-0.0115200001746,-0.00597999989986,1.99999994948e-05
1573202206292932456,315,1573202206239531040,,0.0127999996766,-0.0114799998701,-0.00571999978274,0.0
1573202206346354792,316,1573202206292865037,,0.0127999996766,-0.0115700000897,-0.00552000012249,-0.0
1573202206399470339,317,1573202206346306085,,0.0131000000983,-0.0118399998173,-0.0054999999702,-9.99999974738e-06
1573202206454230330,318,1573202206399719953,,0.0133999995887,-0.0122199999169,-0.0054999999702,0.0
1573202206507731737,319,1573202206453589916,,0.0141000002623,-0.0129699995741,-0.00563000002876,1.99999994948e-05
1573202206560262523,320,1573202206506782054,,0.0153999999166,-0.0142000000924,-0.00602000020444,1.99999994948e-05
1573202206613842327,321,1573202206559954881,,0.0175999999046,-0.0162400007248,-0.00669999979436,5.99999984843e-05
1573202206667097856,322,1573202206613614082,,0.0219999998808,-0.0202600006014,-0.00846000015736,1.99999994948e-05
1573202206721533555,323,1573202206666598081,,0.0265999995172,-0.0245200004429,-0.0103599997237,-4.99999987369e-05
1573202206774640173,324,1573202206720804929,,0.0306000001729,-0.0281199999154,-0.0119399996474,-9.99999974738e-06
1573202206827892960,325,1573202206773828029,,0.034200001508,-0.0315600000322,-0.013030000031,-0.000119999996969
1573202206881785543,326,1573202206827836990,,0.0326999984682,-0.0315000005066,-0.00879000034183,-4.99999987369e-05
1573202206934995258,327,1573202206881757974,,0.0305000003427,-0.0302499998361,-0.00374999991618,-4.99999987369e-05
1573202206988506062,328,1573202206935230970,,0.0287999995053,-0.0287800002843,0.00110999995377,-2.99999992421e-05
1573202207042328778,329,1573202206988166093,,0.0275999996811,-0.0267099998891,0.00680000009015,-2.99999992421e-05
1573202207096416784,330,1573202207041580915,,0.027499999851,-0.0239000003785,0.0136200003326,-2.99999992421e-05
1573202207149754465,331,1573202207095799922,,0.0292000006884,-0.0200999993831,0.0211299993098,-7.00000018696e-05
1573202207204687704,332,1573202207149316072,,0.0335000008345,-0.013969999738,0.03047000058,-7.9999997979e-05
1573202207257268576,333,1573202207204327106,,0.042500000447,-0.00461000017822,0.0422799997032,-4.99999987369e-05
1573202207310203038,334,1573202207256587982,,0.0540000014007,0.00572999985889,0.0536700002849,-4.99999987369e-05
1573202207363595992,335,1573202207309834957,,0.0652000010014,0.0160300005227,0.0632399991155,0.000140000003739
1573202207418202839,336,1573202207363607883,,0.0772999972105,0.0248000007123,0.0732399970293,1.99999994948e-05
1573202207471496458,337,1573202207417574882,,0.0894000008702,0.0329999998212,0.0831200033426,-9.99999974738e-06
1573202207575326832,338,1573202207470951080,,0.10339999944,0.0428700000048,0.0941400006413,-4.99999987369e-05
1573202207628039182,339,1573202207574704885,,0.120800003409,0.0572099983692,0.106349997222,-1.99999994948e-05
1573202207682158487,340,1573202207628092050,,0.128600001335,0.0646300017834,0.111189998686,0.000119999996969
1573202207734954023,341,1573202207681459903,,0.133499994874,0.065949998796,0.116049997509,0.000419999996666
1573202207787092296,342,1573202207734461069,,0.120800003409,0.0593100003898,0.105279996991,5.99999984843e-05
1573202207841917986,343,1573202207786988019,,0.0989999994636,0.0477899983525,0.0866900011897,7.9999997979e-05
1573202207894102846,344,1573202207840240955,,0.0750999972224,0.034430000931,0.0667200013995,-1.99999994948e-05
1573202207947106019,345,1573202207893280029,,0.0511000007391,0.0197299998254,0.0471200011671,-4.99999987369e-05
1573202208000254333,346,1573202207946465015,,0.024299999699,0.00567999994382,0.0236300006509,2.99999992421e-05
1573202208053959171,347,1573202208000071048,,0.0104999998584,-0.0103000001982,-0.0019499999471,4.99999987369e-05
1573202208107300721,348,1573202208053551912,,0.0364000014961,-0.0265100002289,-0.0248799994588,2.99999992421e-05
1573202208159575226,349,1573202208106844902,,0.0894000008702,-0.0563599988818,-0.0694499984384,0.000230000005104
1573202208212159134,350,1573202208159060001,,0.118500001729,-0.0720599964261,-0.0940800011158,-0.000150000007125
1573202208266304933,351,1573202208212285995,,0.14319999516,-0.0798299983144,-0.118909999728,-0.000630000024103
1573202208317989756,352,1573202208265467882,,0.147400006652,-0.0756099969149,-0.126519992948,1.99999994948e-05
1573202208372950634,353,1573202208317862033,,0.142900004983,-0.066890001297,-0.126300007105,2.99999992421e-05
1573202208426079031,354,1573202208372436046,,0.137199997902,-0.0578599981964,-0.124370001256,5.99999984843e-05
1573202208479858826,355,1573202208425642013,,0.13030000031,-0.0492100007832,-0.120609998703,4.99999987369e-05
1573202208532953543,356,1573202208479247093,,0.124200001359,-0.0408999994397,-0.1172600016,-9.00000013644e-05
1573202208587195763,357,1573202208532902956,,0.111900001764,-0.0292099993676,-0.108029998839,-0.000209999998333
1573202208639558484,358,1573202208586328983,,0.0982000008225,-0.0161400008947,-0.0969099998474,-1.99999994948e-05
1573202208693272333,359,1573202208639565944,,0.0798999965191,-0.00340999988839,-0.0798600018024,-0.000239999993937
1573202208747227653,360,1573202208693432092,,0.0644999966025,0.00942000001669,-0.0638099983335,4.99999987369e-05
1573202208850245801,361,1573202208747313022,,0.0524000003934,0.0207499992102,-0.0480800010264,0.000180000002729
1573202208902568851,362,1573202208849864959,,0.0425999984145,0.0319700017571,-0.0280900001526,-7.00000018696e-05
1573202208955416709,363,1573202208902044057,,0.0412000007927,0.0382499992847,-0.015359999612,-3.99999989895e-05
1573202209009498038,364,1573202208955614089,,0.0439999997616,0.0439499989152,-0.00251000002027,-9.99999974738e-06
1573202209062522233,365,1573202209008939027,,0.0509000010788,0.0500800013542,0.00918000005186,-5.99999984843e-05
1573202209116931958,366,1573202209062616109,,0.0604999996722,0.0560400001705,0.0227099992335,7.9999997979e-05
1573202209169877646,367,1573202209116110086,,0.0697000026703,0.0598700009286,0.0356700010598,0.000180000002729
1573202209224189400,368,1573202209170144081,,0.0732999965549,0.0591499991715,0.043370001018,7.00000018696e-05
1573202209276026392,369,1573202209223320960,,0.0751999989152,0.0571100004017,0.0489099994302,1.99999994948e-05
1573202209329563631,370,1573202209275736093,,0.075900003314,0.0544800013304,0.0528500005603,-7.9999997979e-05
1573202209433030285,371,1573202209329106092,,0.0764999985695,0.0516799986362,0.0564499981701,-3.99999989895e-05
1573202209486358728,372,1573202209432259082,,0.0737999975681,0.0437400005758,0.059390000999,3.99999989895e-05
1573202209539807491,373,1573202209486212015,,0.0705000013113,0.0388499982655,0.0588000006974,9.99999974738e-06
1573202209593081564,374,1573202209539844989,,0.0672999992967,0.0342799983919,0.0579000003636,9.99999974738e-06
1573202209698134254,375,1573202209593174934,,0.0634000003338,0.0290200002491,0.0563200004399,4.99999987369e-05
1573202209751152682,376,1573202209697371959,,0.054999999702,0.0224099997431,0.05026999861,-0.0
1573202209803701611,377,1573202209750375986,,0.0471000000834,0.0177800003439,0.0436699986458,9.99999974738e-06
1573202209857765817,378,1573202209803785085,,0.0401000007987,0.0149199999869,0.0371799990535,-9.99999974738e-06
1573202209911668021,379,1573202209857775926,,0.0344999991357,0.0131200002506,0.0319099985063,9.99999974738e-06
1573202209965057863,380,1573202209911511898,,0.0300999991596,0.0117399999872,0.0277399998158,3.99999989895e-05
1573202210018467652,381,1573202209965024948,,0.0264999996871,0.0108099998906,0.0242400001734,9.99999974738e-06
1573202210072131527,382,1573202210018707036,,0.0227000005543,0.00994999986142,0.0204399991781,-9.99999974738e-06
1573202210126227858,383,1573202210072341918,,0.0223999992013,0.0101800002158,0.0199200008065,9.99999974738e-06
1573202210231043862,384,1573202210126333951,,0.0225000008941,0.0107500003651,0.0197899993509,-1.99999994948e-05
1573202210285540240,385,1573202210231781005,,0.0241999998689,0.0125700002536,0.0206300001591,-1.99999994948e-05
1573202210338482349,386,1573202210285049915,,0.0260000005364,0.014630000107,0.0214799996465,-9.99999974738e-06
1573202210391821630,387,1573202210338356971,,0.0281000006944,0.0166400000453,0.0226900000125,-1.99999994948e-05
1573202210447047165,388,1573202210392133951,,0.0309999994934,0.0192399993539,0.0243400000036,-9.99999974738e-06
1573202210501013982,389,1573202210446722984,,0.0340999998152,0.0222500003874,0.0258900001645,-2.99999992421e-05
1573202210554640062,390,1573202210500278949,,0.0375000014901,0.0262299999595,0.0267600007355,9.99999974738e-06
1573202210608186842,391,1573202210553968906,,0.0390999987721,0.0303199999034,0.0247699990869,2.99999992421e-05
1573202210661178128,392,1573202210607381105,,0.0379999987781,0.0334799997509,0.0180399995297,9.99999974738e-06
1573202210714839785,393,1573202210660608053,,0.040300000459,0.0380100011826,0.0132999997586,-2.99999992421e-05
1573202210768911547,394,1573202210714643955,,0.0428999997675,0.041060000658,0.0123600000516,0.000199999994948
1573202210821956574,395,1573202210768105983,,0.0441999994218,0.0430399999022,0.00929000042379,-0.00331999990158
1573202210874783043,396,1573202210821341991,,0.0434000007808,0.0417799986899,0.0108700003475,-0.0042699999176
1573202210978302577,397,1573202210874114036,,0.0472999997437,0.0428900010884,0.0195799991488,-0.00425000023097
1573202211031336094,398,1573202210977287054,,0.0538999997079,0.0429399982095,0.0324399992824,-0.00365000008605
1573202211085472972,399,1573202211031614065,,0.0483999997377,0.0382100008428,0.0297800004482,-0.000790000020061
1573202211138728935,400,1573202211084994077,,0.0392000004649,0.0307999998331,0.0243100002408,0.000310000003083
1573202211244443476,401,1573202211138896942,,0.0230000000447,0.0186100006104,0.013530000113,7.00000018696e-05
1573202211298588561,402,1573202211244448900,,0.00540000014007,-0.00215999991633,-0.00492999982089,-2.99999992421e-05
1573202211351908598,403,1573202211297868967,,0.0184000004083,-0.0145199997351,-0.0112600000575,1.99999994948e-05
1573202211403390871,404,1573202211350989103,,0.0320000015199,-0.0255500003695,-0.0193300005049,-0.000339999998687
1573202211455866389,405,1573202211403337001,,0.0362000018358,-0.0295100007206,-0.0208299998194,0.0027799999807
1573202211509440502,406,1573202211456053018,,0.0401000007987,-0.0312700010836,-0.0249000005424,0.00365999992937
1573202211563534397,407,1573202211509586095,,0.0494000017643,-0.0347400009632,-0.0349499993026,0.00362000009045
1573202211616171124,408,1573202211562633037,,0.0727000012994,-0.0466700010002,-0.0556499995291,0.0038699998986
1573202211669983554,409,1573202211616123914,,0.0785999968648,-0.0520699992776,-0.0589199997485,0.000820000015665
1573202211773532529,410,1573202211670169115,,0.0886999964714,-0.0563200004399,-0.0685100033879,-0.000500000023749
1573202211826202988,411,1573202211773526906,,0.0734999999404,-0.0399699993432,-0.0617100000381,-0.000220000001718
1573202211880249582,412,1573202211826172113,,0.0370000004768,-0.0203600004315,-0.0309399999678,0.000250000011874
1573202211932976919,413,1573202211879448890,,0.0146000003442,-0.010219999589,-0.0104000000283,-0.0
1573202211986083502,414,1573202211932924985,,0.00340000004508,-0.00267000007443,-0.000920000020415,-0.00185000000056
1573202212089506491,415,1573202211985567092,,0.00400000018999,-0.000730000028852,0.00168999994639,-0.00353000010364
1573202212142801237,416,1573202212088680982,,0.0148999998346,-0.00364000000991,0.013969999738,-0.00350000010803
1573202212196040607,417,1573202212142326116,,0.022199999541,-0.00573999993503,0.0211599990726,-0.00350000010803
1573202212248696240,418,1573202212195960044,,0.0285000000149,-0.00609999988228,0.0275999996811,-0.00367000000551
1573202212303085611,419,1573202212248182058,,0.0368000008166,-0.0024300001096,0.0365099981427,-0.00349000003189
1573202212356067831,420,1573202212302584886,,0.0551999993622,0.00173999997787,0.0551199987531,-0.00331000005826
1573202212408370403,421,1573202212356298923,,0.0769999995828,-0.00640999991447,0.0766199976206,-0.00364000000991
1573202212463255417,422,1573202212408075094,,0.0729999989271,-0.0148600004613,0.0713300034404,-0.00400000018999
1573202212516948475,423,1573202212462694883,,0.0712999999523,-0.0194600000978,0.0685100033879,-0.00374000007287
1573202212621304436,424,1573202212516242027,,0.0763999968767,-0.0210400000215,0.0734099969268,-0.00181000004523
1573202212675378084,425,1573202212621159076,,0.0702999979258,-0.0197800006717,0.0673800036311,0.00304000009783
1573202212729628987,426,1573202212674691915,,0.0623000003397,-0.0159300006926,0.0601699985564,0.00353999994695
1573202212783046003,427,1573202212729203939,,0.0555000007153,-0.00870999973267,0.0547199994326,0.00377999991179
1573202212836988026,428,1573202212783269882,,0.0505999997258,-0.000269999989541,0.0505000017583,0.00380999990739
1573202212889856548,429,1573202212837001085,,0.0425999984145,0.0058499998413,0.0420200005174,0.00380999990739
1573202212941848017,430,1573202212889281034,,0.0326000005007,0.0112199997529,0.0303199999034,0.00377000006847
1573202212994875804,431,1573202212941494941,,0.0274000000209,0.0172099992633,0.0209599994123,0.00374000007287
1573202213097683303,432,1573202212994847059,,0.0322000011802,0.0256799999624,0.0189800001681,0.00380999990739
1573202213150743164,433,1573202213097186088,,0.0461999997497,0.0363200008869,0.0284199994057,0.00337999989279
1573202213203568747,434,1573202213150269985,,0.0518000014126,0.0431500002742,0.0283599998802,0.00356999994256
1573202213257523857,435,1573202213203562974,,0.0608999989927,0.0527999997139,0.0304000005126,0.000289999996312
1573202213310304183,436,1573202213256469011,,0.0586000010371,0.05257999897,0.0257699992508,0.000300000014249
1573202213363264923,437,1573202213310039997,,0.049699999392,0.0472000017762,0.0157200004905,0.000119999996969
1573202213417450165,438,1573202213363523960,,0.0388000011444,0.0384300015867,0.00531999999657,0.000130000000354
1573202213469391508,439,1573202213416574001,,0.0315000005066,0.0313999988139,0.0023499999661,-2.99999992421e-05
1573202213522874397,440,1573202213469058036,,0.0251000002027,0.024830000475,0.00334999989718,-9.00000013644e-05
1573202213576062398,441,1573202213522387981,,0.0197999998927,0.0194199997932,0.00408999994397,-0.0
1573202213629862209,442,1573202213576111078,,0.0116999996826,0.0115599995479,-0.00182999996468,-5.99999984843e-05
1573202213683203269,443,1573202213629223108,,0.0248000007123,-0.00116999994498,-0.0247799996287,5.99999984843e-05
1573202213735663780,444,1573202213682179927,,0.0346000008285,-0.00939000025392,-0.0332500003278,0.0
1573202213789421702,445,1573202213735738039,,0.0392999984324,-0.0172099992633,-0.035339999944,-3.99999989895e-05
1573202213842153207,446,1573202213788728952,,0.0333000011742,-0.0203399993479,-0.026380000636,-0.000199999994948
1573202213895516979,447,1573202213842142105,,0.0218000002205,-0.0203600004315,-0.00777000002563,-0.000169999999343
1573202213949188647,448,1573202213895124912,,0.022199999541,-0.0206099990755,0.00834999978542,-9.00000013644e-05
1573202214002648981,449,1573202213948493003,,0.0285000000149,-0.023730000481,0.0157900005579,-9.99999974738e-06
1573202214055185243,450,1573202214001799106,,0.0295000001788,-0.0276399999857,0.010169999674,-9.00000013644e-05
1573202214108181752,451,1573202214055138111,,0.0300999991596,-0.0293899998069,0.00628999993205,2.99999992421e-05
1573202214163355985,452,1573202214109975099,,0.0292000006884,-0.0283599998802,0.00689999992028,-0.000230000005104
1573202214217403106,453,1573202214163422107,,0.0278999991715,-0.0267799999565,0.00777000002563,-0.00164000003133
1573202214270168393,454,1573202214216732025,,0.0265999995172,-0.0246799997985,0.00927999988198,-0.00334000005387
1573202214323835162,455,1573202214270152091,,0.025399999693,-0.0229700002819,0.009990000166,-0.00392000004649
1573202214377668552,456,1573202214323826074,,0.0266999993473,-0.0263299997896,0.00124999997206,-0.00407999986783
1573202214431111521,457,1573202214377621889,,0.0366999991238,-0.0328500010073,-0.0157800000161,-0.00412999978289
1573202214485390754,458,1573202214430979967,,0.0469999983907,-0.035909999162,-0.0300799999386,-0.00438999990001
1573202214588530920,459,1573202214484260082,,0.0465999990702,-0.0309999994934,-0.0345200002193,-0.00413999985904
1573202214691441953,460,1573202214588152885,,0.0315999984741,-0.0213099997491,-0.0233699996024,9.99999974738e-06
1573202214744038047,461,1573202214691082000,,0.0240000002086,-0.0138499997556,-0.0196499992162,3.99999989895e-05
1573202214798330693,462,1573202214743401050,,0.0237000007182,-0.0117399999872,-0.0206300001591,0.000220000001718
1573202214851016534,463,1573202214797619104,,0.0239000003785,-0.0101399999112,-0.0216199997813,0.00139999995008
1573202214905600290,464,1573202214851083993,,0.0245999991894,-0.008550000377,-0.0229000002146,0.00279000005685
1573202214959014084,465,1573202214904391050,,0.0252000000328,-0.00604999996722,-0.0242299996316,0.00328999990597
1573202215012921104,466,1573202214958960056,,0.022199999541,-0.000319999991916,-0.0218800008297,0.00349000003189
1573202215065618611,467,1573202215011919021,,0.0190999992192,0.00734000001103,-0.0172499995679,0.00347999995574
1573202215169393187,468,1573202215065715074,,0.0197000000626,0.0144100002944,-0.0129500003532,0.00359000009485
1573202215222590605,469,1573202215169429063,,0.0227000005543,0.0198599994183,-0.0105900000781,0.00316000008024
1573202215275571656,470,1573202215221961021,,0.027499999851,0.0255999993533,-0.00990999955684,0.000130000000354
1573202215329842373,471,1573202215275734901,,0.030700000003,0.0304099991918,-0.00425999984145,-5.99999984843e-05
1573202215382598030,472,1573202215329107999,,0.03579999879,0.0356499999762,0.00371999992058,-5.99999984843e-05
1573202215436763323,473,1573202215382467031,,0.0432000011206,0.0414099991322,0.0123399998993,-1.99999994948e-05
1573202215489861227,474,1573202215435832977,,0.0500000007451,0.0442899987102,0.0232900008559,0.000339999998687
1573202215543249166,475,1573202215489074945,,0.0498000010848,0.0412300005555,0.0278699994087,1.99999994948e-05
1573202215595943553,476,1573202215542515993,,0.0480999983847,0.0384900011122,0.0286699999124,-0.00292000011541
1573202215649948528,477,1573202215595571994,,0.0428999997675,0.032919999212,0.0272799991071,-0.0035800000187
1573202215753851119,478,1573202215649452924,,0.0315999984741,0.02363999933,0.0206899996847,-0.00386000005528
1573202215807367180,479,1573202215753158092,,0.00689999992028,0.00178000004962,0.0055800001137,-0.00368999992497
1573202215860988073,480,1573202215806770086,,0.0120999999344,-0.0108200004324,-0.00383000005968,-0.00370000000112
1573202215914212224,481,1573202215860054016,,0.0287999995053,-0.0241199992597,-0.0152899995446,-0.00374000007287
1573202215968693560,482,1573202215913371086,,0.0491999983788,-0.0390999987721,-0.0296199992299,-0.00371999992058
1573202216020971730,483,1573202215967907905,,0.070799998939,-0.0545599982142,-0.0449099987745,-0.00372999999672
1573202216074952967,484,1573202216020473003,,0.0913000032306,-0.0667200013995,-0.0622299984097,-0.00411000009626
1573202216128437316,485,1573202216074069976,,0.103000000119,-0.0727500021458,-0.0728200003505,-0.00374999991618
1573202216182391915,486,1573202216128460884,,0.111500002444,-0.0785999968648,-0.0791300013661,-0.000790000020061
1573202216235773853,487,1573202216181421041,,0.116499997675,-0.081289999187,-0.0834100022912,-0.000130000000354
1573202216288870721,488,1573202216234843969,,0.115699999034,-0.0806899964809,-0.0829799994826,9.99999974738e-05
1573202216341546526,489,1573202216288058042,,0.112000003457,-0.0774499997497,-0.0808800011873,4.99999987369e-05
1573202216395928660,490,1573202216341325044,,0.107000000775,-0.0736100003123,-0.0776000022888,-9.99999974738e-06
1573202216499584549,491,1573202216395266056,,0.103299997747,-0.0708199962974,-0.0751700028777,7.00000018696e-05
1573202216553043122,492,1573202216498816967,,0.101499997079,-0.0689899995923,-0.0744099989533,3.99999989895e-05
1573202216604803845,493,1573202216552225112,,0.100699998438,-0.0680200010538,-0.0742399990559,-0.0
1573202216658332974,494,1573202216604845046,,0.097999997437,-0.0655800029635,-0.0727899968624,-0.000230000005104
1573202216711990184,495,1573202216657859086,,0.0888999998569,-0.0594700016081,-0.0661199986935,0.000140000003739
1573202216766687030,496,1573202216712037086,,0.0789000019431,-0.0522900000215,-0.0590300001204,0.00182999996468
1573202216819279323,497,1573202216765716075,,0.0697999969125,-0.046289999038,-0.0521100014448,0.00365999992937
1573202216873253164,498,1573202216819437026,,0.0582000017166,-0.0385599993169,-0.0434500016272,0.00364000000991
1573202216926050466,499,1573202216872370004,,0.0439999997616,-0.032389998436,-0.0295299999416,0.00418000016361
1573202216980845028,500,1573202216926333904,,0.0392999984324,-0.0310600008816,-0.0237799994648,0.00381999998353
1573202217033153829,501,1573202216980372905,,0.0397000014782,-0.0284899994731,-0.0273700002581,0.00334999989718
1573202217085972673,502,1573202217032610893,,0.0241000000387,-0.0160799995065,-0.0175299998373,0.0040600001812
1573202217140425922,503,1573202217086107015,,0.0114000001922,-0.00651999982074,-0.00853000022471,0.00394999980927
1573202217194613931,504,1573202217140717983,,0.00820000004023,-0.00101000000723,-0.00683999992907,0.00431999983266
1573202217247474443,505,1573202217193896055,,0.0124000003561,0.000300000014249,-0.0117600001395,0.00390999997035
1573202217301448822,506,1573202217247292995,,0.0173000004143,-1.99999994948e-05,-0.0172099992633,0.00212000007741
1573202217404489587,507,1573202217300822973,,0.023199999705,0.000569999974687,-0.023180000484,0.000119999996969
1573202217459225150,508,1573202217404865026,,0.0309999994934,-0.000760000024457,-0.0309699997306,0.000169999999343
1573202217512365856,509,1573202217458345890,,0.0403999984264,-0.00136999995448,-0.0403599999845,-0.000490000005811
1573202217566678011,510,1573202217512491941,,0.0443999990821,-0.000920000020415,-0.0444100014865,0.000119999996969
1573202217620039797,511,1573202217566207885,,0.0370999984443,-0.00133999995887,-0.0371199995279,0.000110000000859
1573202217674222302,512,1573202217620136022,,0.0267999991775,-0.00202000001445,-0.0267299991101,-0.000260000000708
1573202217777520468,513,1573202217673501968,,0.0219999998808,-0.00153000000864,-0.0219199992716,0.000190000006114
1573202217830708628,514,1573202217777103900,,0.0143999997526,0.000709999992978,-0.0143600003794,5.99999984843e-05
1573202217881682622,515,1573202217830590009,,0.00930000003427,0.00129000004381,-0.00922000035644,2.99999992421e-05
1573202217935288203,516,1573202217881539106,,0.00529999984428,0.00176000001375,-0.0049899998121,-1.99999994948e-05
1573202217988224705,517,1573202217934591054,,0.00209999992512,0.00193999998737,-0.000869999988936,0.0
1573202218042402806,518,1573202217987597942,,0.00609999988228,0.00212000007741,0.00576000008732,-0.0
1573202218093344404,519,1573202218042071104,,0.0054999999702,0.00185000000056,0.00516999978572,0.000110000000859
1573202218146587522,520,1573202218093343973,,0.00749999983236,0.00399000011384,0.0063599999994,-0.000150000007125
1573202218200078902,521,1573202218146812915,,0.00850000046194,0.00610999995843,0.00589000014588,0.000220000001718
1573202218305783439,522,1573202218200392007,,0.00540000014007,0.00444999989122,-0.00307000009343,0.000280000007479
1573202218358365954,523,1573202218305108070,,0.00789999961853,0.00187999999616,-0.00762999989092,-7.00000018696e-05
1573202218412062822,524,1573202218358627080,,0.00989999994636,-0.000369999994291,-0.00992999970913,-2.99999992421e-05
1573202218465271516,525,1573202218412116050,,0.0103000001982,-0.00121000001673,-0.0101800002158,-1.99999994948e-05
1573202218518345316,526,1573202218464788913,,0.00980000011623,-0.00175000005402,-0.00965999998152,-1.99999994948e-05
1573202218571952063,527,1573202218518209934,,0.00889999978244,-0.0020300000906,-0.00865000020713,-4.99999987369e-05
1573202218624718864,528,1573202218571271896,,0.00740000000224,-0.00212000007741,-0.00711000012234,-3.99999989895e-05
1573202218678828783,529,1573202218624521970,,0.0054999999702,-0.00190000003204,-0.00516999978572,-9.99999974738e-05
1573202218732376464,530,1573202218678402900,,0.00329999998212,-0.00130000000354,-0.00301000010222,-3.99999989895e-05
1573202218835868309,531,1573202218731827020,,0.00089999998454,-0.000509999983478,-0.000730000028852,1.99999994948e-05
1573202218889211334,532,1573202218835139036,,9.99999974738e-05,-3.99999989895e-05,-4.99999987369e-05,-1.99999994948e-05
1573202218943046676,533,1573202218888704061,,0.0,-1.99999994948e-05,1.99999994948e-05,9.99999974738e-06
1573202219046066117,534,1573202218942329883,,0.0,-0.0,0.0,-0.0
1573202219148847619,535,1573202219045475959,,0.0,-2.99999992421e-05,1.99999994948e-05,1.99999994948e-05
1573202219202207381,536,1573202219148945093,,0.0,9.99999974738e-06,0.0,-0.0
1573202219255608039,537,1573202219201684951,,0.0,9.99999974738e-06,9.99999974738e-06,-0.0
1573202219309556346,538,1573202219255172014,,0.0,-9.99999974738e-06,9.99999974738e-06,9.99999974738e-06
1573202219364169571,539,1573202219308892011,,0.0,0.0,-0.0,0.0
1573202219416827668,540,1573202219363473892,,0.0,9.99999974738e-06,9.99999974738e-06,-0.0
1573202219470583761,541,1573202219416374921,,0.0,9.99999974738e-06,-0.0,-9.99999974738e-06
1573202219524508327,542,1573202219470519065,,0.0,0.0,1.99999994948e-05,-9.99999974738e-06
1573202219578067540,543,1573202219523488044,,0.0,0.0,0.0,0.0
1573202219680952539,544,1573202219577259063,,0.0,-0.0,0.0,0.0
1573202219734058478,545,1573202219680342912,,0.0,9.99999974738e-06,9.99999974738e-06,-0.0
1573202219788001487,546,1573202219734123945,,0.0,-9.99999974738e-06,1.99999994948e-05,9.99999974738e-06
1573202219841147892,547,1573202219787594079,,0.0,-9.99999974738e-06,2.99999992421e-05,0.0
1573202219896825694,548,1573202219841072082,,0.0,1.99999994948e-05,0.0,-9.99999974738e-06
1573202219949711134,549,1573202219896073102,,0.0,-9.99999974738e-06,1.99999994948e-05,9.99999974738e-06
1573202220003152474,550,1573202219949316024,,0.0,9.99999974738e-06,-9.99999974738e-06,-9.99999974738e-06
1573202220306659433,551,1573202220003124952,,0.0,-0.0,9.99999974738e-06,0.0
1573202220360727264,552,1573202220306724071,,0.0,-3.99999989895e-05,1.99999994948e-05,1.99999994948e-05
1573202220413371711,553,1573202220359843015,,0.0,-2.99999992421e-05,-0.0,9.99999974738e-06
1573202220467566871,554,1573202220413012981,,0.0,-2.99999992421e-05,1.99999994948e-05,1.99999994948e-05
1573202220521620297,555,1573202220467246055,,0.0,-2.99999992421e-05,0.0,9.99999974738e-06
1573202220575648888,556,1573202220520984888,,0.0,-2.99999992421e-05,0.0,9.99999974738e-06
1573202220629729038,557,1573202220575351953,,0.0,-1.99999994948e-05,9.99999974738e-06,9.99999974738e-06
1573202220683454672,558,1573202220629168033,,0.0,-3.99999989895e-05,2.99999992421e-05,9.99999974738e-06
1573202220736577351,559,1573202220682856082,,0.0,-2.99999992421e-05,2.99999992421e-05,9.99999974738e-06
1573202220840287748,560,1573202220736361026,,9.99999974738e-05,-3.99999989895e-05,2.99999992421e-05,9.99999974738e-06
1573202220893855636,561,1573202220839731931,,9.99999974738e-05,-3.99999989895e-05,2.99999992421e-05,1.99999994948e-05
1573202220946918164,562,1573202220892981052,,0.0,1.99999994948e-05,-2.99999992421e-05,-2.99999992421e-05
1573202220999809096,563,1573202220946235895,,0.0,1.99999994948e-05,9.99999974738e-06,-1.99999994948e-05
1573202221052546193,564,1573202220999171018,,0.0,9.99999974738e-06,-0.0,-0.0
1573202221107698903,565,1573202221051947116,,0.0,0.0,2.99999992421e-05,0.0
1573202221160991802,566,1573202221106936931,,0.0,-9.99999974738e-06,1.99999994948e-05,9.99999974738e-06
1573202221213487772,567,1573202221159962892,,0.0,-9.99999974738e-06,1.99999994948e-05,9.99999974738e-06
1573202221268607691,568,1573202221213192939,,0.0,-9.99999974738e-06,-0.0,9.99999974738e-06
1573202221373550863,569,1573202221268946886,,0.0,-0.0,-0.0,0.0
1573202221427924821,570,1573202221373027086,,0.0,9.99999974738e-06,-9.99999974738e-06,-9.99999974738e-06
1573202221482588014,571,1573202221428131103,,0.0,-9.99999974738e-06,-2.99999992421e-05,9.99999974738e-06
1573202221536009044,572,1573202221482671022,,0.0,-9.99999974738e-06,9.99999974738e-06,1.99999994948e-05
1573202221592506872,573,1573202221536103963,,0.0,-1.99999994948e-05,1.99999994948e-05,9.99999974738e-06
1573202221647994768,574,1573202221592443943,,0.0,-0.0,9.99999974738e-06,0.0
1573202221699673266,575,1573202221647022008,,0.0,-0.0,-9.99999974738e-06,-0.0
1573202221753882247,576,1573202221699090003,,0.0,-0.0,-9.99999974738e-06,9.99999974738e-06
1573202221857237680,577,1573202221754034996,,0.0,0.0,-9.99999974738e-06,-0.0
1573202221910869286,578,1573202221857207059,,0.0,1.99999994948e-05,-0.0,-9.99999974738e-06
1573202221964844479,579,1573202221911135911,,0.0,-9.99999974738e-06,9.99999974738e-06,9.99999974738e-06
1573202222018882056,580,1573202221965605974,,0.0,-1.99999994948e-05,0.0,9.99999974738e-06
1573202222071036803,581,1573202222018191099,,0.0,9.99999974738e-06,1.99999994948e-05,-9.99999974738e-06
1573202222126248489,582,1573202222070905923,,0.0,-9.99999974738e-06,3.99999989895e-05,9.99999974738e-06
1573202222179146653,583,1573202222125392913,,0.0,-9.99999974738e-06,-9.99999974738e-06,9.99999974738e-06
1573202222232028723,584,1573202222179064989,,0.0,-9.99999974738e-06,1.99999994948e-05,0.0
1573202222285686274,585,1573202222231467008,,0.0,0.0,-9.99999974738e-06,-0.0
1573202222390099546,586,1573202222286145925,,0.0,9.99999974738e-06,1.99999994948e-05,-9.99999974738e-06
1573202222443991674,587,1573202222389672040,,0.0,-9.99999974738e-06,9.99999974738e-06,9.99999974738e-06
1573202222496220092,588,1573202222443113088,,0.0,-1.99999994948e-05,9.99999974738e-06,1.99999994948e-05
1573202222600005303,589,1573202222496767044,,0.0,1.99999994948e-05,-2.99999992421e-05,-1.99999994948e-05
1573202222653705075,590,1573202222600063085,,0.0,9.99999974738e-06,0.0,-9.99999974738e-06
1573202222707880401,591,1573202222653671026,,0.0,-0.0,-1.99999994948e-05,0.0
1573202222761147673,592,1573202222707030057,,0.0,0.0,-2.99999992421e-05,-0.0
1573202222814462808,593,1573202222760343074,,0.0,0.0,9.99999974738e-06,-9.99999974738e-06
1573202222916758671,594,1573202222813582897,,0.0,0.0,-1.99999994948e-05,0.0
1573202222971038163,595,1573202222916882991,,0.0,9.99999974738e-06,9.99999974738e-06,-9.99999974738e-06
1573202223023576501,596,1573202222970258951,,0.0,0.0,-9.99999974738e-06,-0.0
1573202223076824617,597,1573202223023665904,,0.0,0.0,0.0,-0.0
1573202223131278583,598,1573202223077039957,,0.0,9.99999974738e-06,-0.0,-9.99999974738e-06
1573202223185918310,599,1573202223130306005,,0.0,0.0,9.99999974738e-06,-0.0
1573202223239687715,600,1573202223185740947,,0.0,-1.99999994948e-05,-9.99999974738e-06,1.99999994948e-05
1573202223292428786,601,1573202223239238023,,0.0,-0.0,1.99999994948e-05,0.0
1573202223346767932,602,1573202223292464017,,0.0,9.99999974738e-06,0.0,-9.99999974738e-06
1573202223450317768,603,1573202223346162080,,0.0,-9.99999974738e-06,1.99999994948e-05,0.0
1573202223502131439,604,1573202223449614048,,0.0,9.99999974738e-06,-0.0,-9.99999974738e-06
1573202223555640166,605,1573202223502273082,,0.0,0.0,9.99999974738e-06,-9.99999974738e-06
1573202223609177701,606,1573202223555823087,,0.0,-0.0,1.99999994948e-05,0.0
1573202223712901305,607,1573202223609436988,,0.0,0.0,-9.99999974738e-06,-0.0
1573202223767863870,608,1573202223714354038,,0.0,-9.99999974738e-06,1.99999994948e-05,9.99999974738e-06
1573202223821486354,609,1573202223767431974,,0.0,-0.0,0.0,0.0
1573202223874872338,610,1573202223820565938,,0.0,9.99999974738e-06,0.0,-9.99999974738e-06
1573202223928378635,611,1573202223874238014,,0.0,0.0,0.0,0.0
1573202223982854071,612,1573202223927860975,,0.0,-9.99999974738e-06,9.99999974738e-06,9.99999974738e-06
1573202224035647956,613,1573202223982094049,,0.0,-0.0,-1.99999994948e-05,0.0
1573202224089486798,614,1573202224035371065,,0.0,-9.99999974738e-06,-1.99999994948e-05,9.99999974738e-06
1573202224192734625,615,1573202224089041948,,0.0,-1.99999994948e-05,0.0,9.99999974738e-06
1573202224245272696,616,1573202224192502021,,0.0,-0.0,-1.99999994948e-05,9.99999974738e-06
1573202224299150561,617,1573202224245342016,,0.0,0.0,-9.99999974738e-06,0.0
1573202224352137540,618,1573202224298429012,,0.0,1.99999994948e-05,-1.99999994948e-05,-9.99999974738e-06
1573202224405242666,619,1573202224351454019,,0.0,-9.99999974738e-06,0.0,9.99999974738e-06
1573202224458891906,620,1573202224404491901,,0.0,-9.99999974738e-06,9.99999974738e-06,9.99999974738e-06
1573202224513000676,621,1573202224458848953,,0.0,-9.99999974738e-06,0.0,0.0
1573202224565254275,622,1573202224512001037,,0.0,9.99999974738e-06,-9.99999974738e-06,-9.99999974738e-06
1573202224618012812,623,1573202224565505981,,0.0,9.99999974738e-06,9.99999974738e-06,-0.0
