%time,field.header.seq,field.header.stamp,field.header.frame_id,field.acceleration
1592037432017953582,266,1592037431966389894,,0.0
1592037432069729889,267,1592037432017967939,,0.0
1592037432123025394,268,1592037432069785118,,0.0
1592037432174728631,269,1592037432122514009,,0.0
1592037432226528621,270,1592037432174431085,,0.0
1592037432278508969,271,1592037432226591110,,0.0
1592037432331775781,272,1592037432278203964,,0.0
1592037432384807263,273,1592037432331999063,,0.0
1592037432436956433,274,1592037432384407043,,0.0
1592037432491330924,275,1592037432437056064,,0.0
1592037432543717027,276,1592037432491390943,,0.0
1592037432595155409,277,1592037432543382883,,0.0
1592037432647436645,278,1592037432594896078,,0.0
1592037432699834971,279,1592037432647418022,,0.0
1592037432751510873,280,1592037432699620008,,0.0
1592037432803955413,281,1592037432751581907,,0.0
1592037432857308425,282,1592037432804034948,,0.0
1592037432909294373,283,1592037432856589078,,0.0
1592037432961765604,284,1592037432908967018,,0.0
1592037433013964026,285,1592037432961472034,,0.0
1592037433066405830,286,1592037433014048099,,0.0
1592037433118524194,287,1592037433066555023,,0.0
1592037433170786003,288,1592037433118216991,,0.0
1592037433272137522,289,1592037433170496940,,0.0
1592037433324725143,290,1592037433271802902,,0.0
1592037433377875520,291,1592037433324398994,,0.0
1592037433429803925,292,1592037433377264022,,0.0
1592037433531133207,293,1592037433429677963,,0.0
1592037433586933665,294,1592037433531124114,,0.0
1592037433638091133,295,1592037433586594104,,0.0
1592037433741111027,296,1592037433638180971,,0.0
1592037433793910457,297,1592037433740751981,,0.0
1592037433895864898,298,1592037433793620109,,0.0
1592037433947568789,299,1592037433895515918,,0.0
1592037434000200352,300,1592037433947310924,,0.0
1592037434052425025,301,1592037433999830961,,0.0
1592037434104605183,302,1592037434052192926,,0.0
1592037434156318921,303,1592037434104650974,,0.0
1592037434208824090,304,1592037434156366109,,0.0
1592037434261272297,305,1592037434208906888,,0.0
1592037434314358906,306,1592037434261378049,,0.0
1592037434366373065,307,1592037434313940048,,0.0
1592037434468043920,308,1592037434366441965,,0.0
1592037434520270559,309,1592037434468096971,,0.0
1592037434572503600,310,1592037434519977092,,0.0
1592037434625458480,311,1592037434572635889,,0.0
1592037434677776463,312,1592037434625579118,,0.0
1592037434729555090,313,1592037434677134037,,0.0
1592037434783366992,314,1592037434729655027,,0.0
1592037434836063181,315,1592037434783061981,,0.0
1592037434888318836,316,1592037434835658073,,0.0
1592037434990466036,317,1592037434888109922,,0.0
1592037435042347630,318,1592037434990559101,,0.0
1592037435094869536,319,1592037435042165040,,0.0
1592037435147582059,320,1592037435094520092,,0.0
1592037435199096809,321,1592037435147171020,,0.0
1592037435250718299,322,1592037435198851108,,0.0
1592037435303621543,323,1592037435250880002,,0.0
1592037435356094565,324,1592037435303316116,,0.0
1592037435408750375,325,1592037435356044054,,0.0
1592037435461884396,326,1592037435408638000,,0.0
1592037435562950111,327,1592037435461061000,,0.0
1592037435615659091,328,1592037435562995910,,0.0
1592037435668136604,329,1592037435615377902,,0.0
1592037435720539419,330,1592037435667833089,,0.0
1592037435771914161,331,1592037435720204114,,0.0
1592037435873344550,332,1592037435771680116,,0.0
1592037435924890756,333,1592037435873358011,,0.0
1592037435977743649,334,1592037435924959897,,0.0
1592037436030107425,335,1592037435977284908,,0.0
1592037436132536948,336,1592037436030284881,,0.0
1592037436185493386,337,1592037436132599115,,0.0
1592037436239325110,338,1592037436185631990,,0.0
1592037436345045873,339,1592037436238977909,,0.0
1592037436745193840,340,1592037436342567920,,0.0
1592037436797520372,341,1592037436745003938,,0.0
1592037436850230105,342,1592037436797600030,,0.0
1592037436903157558,343,1592037436849903106,,0.0
1592037436954418904,344,1592037436902618885,,0.000820000015665
1592037437006349718,345,1592037436954147100,,0.00389000005089
1592037437058534810,346,1592037437006130933,,0.00820000004023
1592037437111884991,347,1592037437058543920,,0.0139300003648
1592037437165006743,348,1592037437112097978,,0.0184599999338
1592037437218794249,349,1592037437164750099,,0.0227899998426
1592037437270925731,350,1592037437218835115,,0.0305799990892
1592037437323994835,351,1592037437270900964,,0.0977400019765
1592037437376662892,352,1592037437323435068,,0.10706999898
1592037437431156995,353,1592037437375972986,,0.115950003266
1592037437483889447,354,1592037437431210041,,0.122210003436
1592037437536424005,355,1592037437483741044,,0.115939997137
1592037437588855335,356,1592037437536212921,,0.106020003557
1592037437642350318,357,1592037437588628053,,0.096400000155
1592037437695178601,358,1592037437642539978,,0.0925600007176
1592037437747990987,359,1592037437695255994,,0.0933099985123
1592037437801301556,360,1592037437747684955,,0.093410000205
1592037437853715728,361,1592037437801060914,,0.0537599995732
1592037437905714108,362,1592037437853347063,,0.0450999997556
1592037437958511742,363,1592037437905776977,,0.0366199985147
1592037438010651487,364,1592037437958065986,,0.0280900001526
1592037438062507065,365,1592037438010529041,,0.0278999991715
1592037438164720615,366,1592037438062252998,,0.0296599995345
1592037438217927108,367,1592037438164788961,,0.0275999996811
1592037438271078398,368,1592037438217652082,,0.0231299996376
1592037438324560410,369,1592037438271375894,,0.0157999992371
1592037438378865875,370,1592037438324747085,,0.00607000011951
1592037438432613675,371,1592037438379075050,,-0.000520000001416
1592037438485119589,372,1592037438432293891,,-0.00155000004452
1592037438537519611,373,1592037438484699964,,-0.00121000001673
1592037438590175004,374,1592037438538305997,,-0.0010300000431
1592037438692293274,375,1592037438590219974,,0.00034999998752
1592037438743536069,376,1592037438691939115,,-0.000319999991916
1592037438797406722,377,1592037438743684053,,-0.000690000015311
1592037438898034736,378,1592037438796402931,,0.000859999970999
1592037438949876673,379,1592037438898181915,,0.0
1592037439001458024,380,1592037438949687957,,0.0
1592037439054365468,381,1592037439001514911,,-0.00112000002991
1592037439106568723,382,1592037439054119110,,-0.00257000001147
1592037439159394671,383,1592037439106606960,,-0.00675000017509
1592037439211347286,384,1592037439159075975,,-0.00934000033885
1592037439263020479,385,1592037439211061954,,-0.0125599997118
1592037439315393401,386,1592037439263092994,,-0.0150600001216
1592037439368655141,387,1592037439315515995,,-0.0167900007218
1592037439421512860,388,1592037439368797063,,-0.0221900008619
1592037439473886462,389,1592037439421189069,,-0.0225600004196
1592037439526821376,390,1592037439473999977,,-0.0204099994153
1592037439579543518,391,1592037439526508092,,-0.0161899998784
1592037439632106817,392,1592037439579679012,,-0.012369999662
1592037439684714369,393,1592037439632127046,,-0.00627999985591
1592037439736182307,394,1592037439684590101,,-0.000190000006114
1592037439787995539,395,1592037439736210107,,0.00646999990568
1592037439840193176,396,1592037439787919998,,0.0127699999139
1592037439891538575,397,1592037439839946031,,0.0171600002795
1592037439946947827,398,1592037439891571998,,0.0231500007212
1592037439998223617,399,1592037439946430921,,0.0226600002497
1592037440050615679,400,1592037439998239040,,0.0206000003964
1592037440102802403,401,1592037440050292015,,0.0179500002414
1592037440154319251,402,1592037440102855920,,0.016249999404
1592037440206682601,403,1592037440154450893,,0.0143600003794
1592037440308372901,404,1592037440206703901,,0.0113000003621
1592037440360752617,405,1592037440308140993,,0.00628999993205
1592037440413357859,406,1592037440360732078,,0.00331999990158
1592037440515539436,407,1592037440413429975,,0.00138999999035
1592037440569522031,408,1592037440515104055,,0.000639999983832
1592037440623230272,409,1592037440569914102,,-0.000319999991916
1592037440675656937,410,1592037440622862100,,-0.000319999991916
1592037440726959879,411,1592037440675411939,,-0.000319999991916
1592037440778806048,412,1592037440726991891,,0.000159999995958
1592037440831316215,413,1592037440778529882,,-0.000479999987874
1592037440883674973,414,1592037440831036090,,0.000639999983832
1592037440935284342,415,1592037440883363008,,0.00104000000283
1592037440987597799,416,1592037440934986114,,0.000699999975041
1592037441039948544,417,1592037440987375020,,-0.000169999999343
1592037441092507366,418,1592037441039721965,,-0.000380000012228
1592037441196705791,419,1592037441092189073,,-0.00784999970347
1592037441249024647,420,1592037441196222066,,-0.024070000276
1592037441301074899,421,1592037441248641967,,-0.0272100009024
1592037441353729620,422,1592037441300744056,,-0.0278900004923
1592037441407102303,423,1592037441353425979,,-0.0243500005454
1592037441460394454,424,1592037441406771898,,-0.0238000005484
1592037441511657514,425,1592037441459923982,,-0.0208100005984
1592037441563981206,426,1592037441511447906,,-0.0182099994272
1592037441616848850,427,1592037441564081907,,-0.017689999193
1592037441669357135,428,1592037441616525888,,-0.0171600002795
1592037441721478970,429,1592037441669008016,,-0.0104000000283
1592037441773602991,430,1592037441721127986,,0.00456999987364
1592037441826488023,431,1592037441773682117,,0.00494999997318
1592037441878752793,432,1592037441826184034,,0.00456999987364
1592037441932500504,433,1592037441878830909,,0.0
1592037441985216931,434,1592037441932734012,,0.00113999994937
1592037442037706173,435,1592037441985291957,,-0.000950000016019
1592037442090802011,436,1592037442037787914,,-0.00531999999657
1592037442192526311,437,1592037442090523004,,-0.00190000003204
1592037442243931110,438,1592037442192186117,,-0.0135500002652
1592037442296034453,439,1592037442243957996,,-0.0264400001615
1592037442348851699,440,1592037442296108961,,-0.0419100001454
1592037442399887135,441,1592037442348489999,,-0.0527100004256
1592037442452618727,442,1592037442399919033,,-0.0585599988699
1592037442505090518,443,1592037442452511072,,-0.052990000695
1592037442557685267,444,1592037442505080938,,-0.0422799997032
1592037442610415494,445,1592037442557336091,,-0.0302399992943
1592037442663683826,446,1592037442610537052,,-0.0188599992543
1592037442716856173,447,1592037442663887977,,-0.0122100003064
1592037442769123515,448,1592037442716626882,,0.0238300003111
1592037442821777660,449,1592037442768950939,,0.0481900013983
1592037442873745068,450,1592037442821434020,,0.0690999999642
1592037442975588980,451,1592037442873831987,,0.0829899981618
1592037443027323544,452,1592037442975373983,,0.0651699975133
1592037443080319714,453,1592037443027390003,,0.0488799996674
1592037443133032966,454,1592037443079945087,,0.0233100000769
1592037443185525120,455,1592037443132708072,,-0.000520000001416
1592037443237021571,456,1592037443185030937,,-0.0231500007212
1592037443289715533,457,1592037443237025022,,-0.0441399998963
1592037443342015645,458,1592037443289498090,,-0.074359998107
1592037443394932041,459,1592037443341934919,,-0.0809800028801
1592037443447027672,460,1592037443394587039,,-0.0725800022483
1592037443502919435,461,1592037443447092056,,-0.0594800002873
1592037443555565455,462,1592037443502995967,,-0.024639999494
1592037443608500993,463,1592037443555643081,,0.000950000016019
1592037443660610595,464,1592037443608166933,,0.0240400005132
1592037443713772578,465,1592037443660689115,,0.037310000509
1592037443816657275,466,1592037443713393926,,0.0450400002301
1592037443869273851,467,1592037443816901922,,0.0472499988973
1592037443921565216,468,1592037443869712114,,0.0586000010371
1592037443974004317,469,1592037443921578884,,0.0617600008845
1592037444026299963,470,1592037443974095106,,0.0586699992418
1592037444128656962,471,1592037444025949001,,0.0487199984491
1592037444180810095,472,1592037444128376007,,0.0223900005221
1592037444232896697,473,1592037444180963039,,0.00927999988198
1592037444284841724,474,1592037444232949018,,-0.00224000005983
1592037444337049281,475,1592037444284645080,,-0.00608999980614
1592037444389548911,476,1592037444337112903,,-0.00176000001375
1592037444442500022,477,1592037444389753103,,0.00786000024527
1592037444494696382,478,1592037444442277908,,0.0104799997061
1592037444545890035,479,1592037444494287014,,0.0124000003561
1592037444599416944,480,1592037444545964002,,0.0103200003505
1592037444652068708,481,1592037444599464893,,0.00889000017196
1592037444704113140,482,1592037444651792049,,0.011269999668
1592037444756574599,483,1592037444703746080,,0.0116699999198
1592037444808454195,484,1592037444756309986,,0.00954999960959
1592037444860103572,485,1592037444808506965,,-0.00209999992512
1592037444913380346,486,1592037444860131978,,-0.0267699994147
1592037444966630113,487,1592037444913697957,,-0.0566899999976
1592037445018497345,488,1592037444966284036,,-0.0820600017905
1592037445070614513,489,1592037445018402099,,-0.0953999981284
1592037445123090008,490,1592037445070477008,,-0.0976099967957
1592037445226013843,491,1592037445123126029,,-0.0962499976158
1592037445277884336,492,1592037445225543975,,-0.0765099972486
1592037445330828683,493,1592037445278017997,,-0.0740099996328
1592037445383744791,494,1592037445330495119,,-0.0654800012708
1592037445435669427,495,1592037445383927106,,-0.0493599995971
1592037445487531108,496,1592037445435436010,,-0.0271199997514
1592037445539972902,497,1592037445487225055,,-0.0092399995774
1592037445642751187,498,1592037445540043115,,0.00801999960095
1592037445694455653,499,1592037445642596960,,0.0169799998403
1592037445746823529,500,1592037445694499969,,0.0107399998233
1592037445800232098,501,1592037445746864080,,0.0067300000228
1592037445853767192,502,1592037445800421953,,-0.00435000006109
1592037445906964709,503,1592037445853965997,,0.00537999998778
1592037445959524162,504,1592037445906591892,,0.0182300005108
1592037446060697742,505,1592037445959192991,,0.0351100005209
1592037446113306069,506,1592037446060758113,,0.0463799983263
1592037446165988535,507,1592037446113404035,,0.0558900013566
1592037446218781630,508,1592037446166044950,,0.0573499985039
1592037446271622577,509,1592037446218842983,,0.0595199987292
1592037446323655347,510,1592037446271234035,,0.0653700008988
1592037446376425978,511,1592037446323703050,,0.0674400031567
1592037446427954746,512,1592037446376178979,,0.0745100006461
1592037446480527078,513,1592037446428051948,,0.0602700002491
1592037446583122894,514,1592037446480614900,,0.0296199992299
1592037446636755087,515,1592037446583214998,,-0.0275599993765
1592037446688361843,516,1592037446636514902,,-0.0705199986696
1592037446739810679,517,1592037446688199996,,-0.0946400016546
1592037446793410550,518,1592037446739886045,,-0.0949700027704
1592037446846240454,519,1592037446793482065,,-0.0786599963903
1592037446898272292,520,1592037446845921039,,-0.0558600015938
1592037446954625087,521,1592037446898426055,,-0.0337600000203
1592037447007322477,522,1592037446953531026,,-0.0140300001949
1592037447059961812,523,1592037447006989002,,0.00380000006407
1592037447112316022,524,1592037447059637069,,0.0224500000477
1592037447165365823,525,1592037447112277030,,0.0665299966931
1592037447217821753,526,1592037447165011882,,0.0908199995756
1592037447270741846,527,1592037447217463970,,0.10447999835
1592037447323064276,528,1592037447270935058,,0.0966000035405
1592037447376021225,529,1592037447322671890,,0.0727500021458
1592037447428786116,530,1592037447376215934,,0.043940000236
1592037447481203569,531,1592037447428652048,,0.0156500004232
1592037447535486946,532,1592037447481307029,,-0.0200800001621
1592037447588821166,533,1592037447535679101,,-0.0376400016248
1592037447641016328,534,1592037447589011907,,-0.0336199998856
1592037447693538013,535,1592037447640661001,,-0.0215799994767
1592037447745913450,536,1592037447693177938,,-0.00870999973267
1592037447848383045,537,1592037447745626926,,0.000190000006114
1592037447900317607,538,1592037447848011016,,0.00832000002265
1592037447954915190,539,1592037447900027990,,0.0157600007951
1592037448006715567,540,1592037447954288005,,0.0160900000483
1592037448109592924,541,1592037448006777048,,0.0140100000426
1592037448161944506,542,1592037448109302043,,0.0157600007951
1592037448214707096,543,1592037448161982059,,0.0177200008184
1592037448267300548,544,1592037448214621067,,0.00990999955684
1592037448321368996,545,1592037448267095088,,0.000959999975748
1592037448373406943,546,1592037448321268081,,-0.00541000021622
1592037448425040718,547,1592037448373066902,,-0.00685000000522
1592037448477046537,548,1592037448424784898,,-0.0105799995363
1592037448528383419,549,1592037448476670980,,-0.0128300003707
1592037448629874320,550,1592037448528201103,,-0.00540000014007
1592037448682262836,551,1592037448629889965,,0.0107500003651
1592037448734711785,552,1592037448681762933,,0.0267299991101
1592037448786944639,553,1592037448734221935,,0.0276100002229
1592037448839896011,554,1592037448787008047,,0.0281300004572
1592037448891108174,555,1592037448839591979,,0.0214799996465
1592037448942596414,556,1592037448891211986,,0.00894999969751
1592037449047894889,557,1592037448942711114,,-0.00578999985009
1592037449097970087,558,1592037449045486927,,-0.0269099995494
1592037449150940267,559,1592037449097549915,,-0.046059999615
1592037449203130581,560,1592037449150260925,,-0.0716999992728
1592037449255577330,561,1592037449202778100,,-0.119740001857
1592037449308765319,562,1592037449255611896,,-0.119199998677
1592037449359697285,563,1592037449308228969,,-0.095119997859
1592037449412512320,564,1592037449359812974,,-0.0708800032735
1592037449467069310,565,1592037449412216901,,-0.0466299988329
1592037449568906983,566,1592037449466372966,,-0.0262499991804
1592037449621418782,567,1592037449568811893,,-0.010219999589
1592037449673924762,568,1592037449621126890,,0.0290099997073
1592037449775966493,569,1592037449673593044,,0.0515599995852
1592037449828567063,570,1592037449776067972,,0.0559299997985
1592037449881742149,571,1592037449828571081,,0.0704699978232
1592037449933488457,572,1592037449881923913,,0.0439100004733
1592037449985464985,573,1592037449933501958,,0.00208000000566
1592037450088922445,574,1592037449985477924,,-0.0397999994457
1592037450141189074,575,1592037450088341951,,-0.0653700008988
1592037450193427604,576,1592037450140995979,,-0.0781200006604
1592037450246236110,577,1592037450193516969,,-0.0811600014567
1592037450297827765,578,1592037450246006011,,-0.0873799994588
1592037450354128593,579,1592037450297610044,,-0.0775600001216
1592037450405422221,580,1592037450353295087,,-0.0372500009835
1592037450456671472,581,1592037450405081987,,-0.00416000001132
1592037450508632167,582,1592037450456641912,,0.0314900018275
1592037450560934247,583,1592037450508280992,,0.0631500035524
1592037450613908942,584,1592037450560584068,,0.0890299975872
1592037450666887570,585,1592037450614053964,,0.130490005016
1592037450718529455,586,1592037450666666030,,0.148190006614
1592037450769799624,587,1592037450718239068,,0.144270002842
1592037450821459495,588,1592037450769856929,,0.133239999413
1592037450872949517,589,1592037450821368932,,0.117229998112
1592037450924358708,590,1592037450872978925,,0.0773499980569
1592037450976766142,591,1592037450924391031,,0.0485300011933
1592037451030347704,592,1592037450976834058,,0.0165299996734
1592037451083812536,593,1592037451030550956,,-0.0103399995714
1592037451136444413,594,1592037451084001064,,-0.0311399996281
1592037451187999833,595,1592037451136523008,,-0.0671800002456
1592037451240613770,596,1592037451188071966,,-0.0999199971557
1592037451292336917,597,1592037451240643024,,-0.112559996545
1592037451343823931,598,1592037451292037963,,-0.107430003583
1592037451396909526,599,1592037451343569040,,-0.0959400013089
1592037451498164826,600,1592037451396286964,,-0.0785399973392
1592037451550115291,601,1592037451497879981,,-0.0476000010967
1592037451602806543,602,1592037451549657106,,-0.0263599995524
1592037451655380078,603,1592037451602493047,,-0.00401999987662
1592037451708013541,604,1592037451655131101,,0.0201399996877
1592037451759991307,605,1592037451707693099,,0.0418399982154
1592037451812354780,606,1592037451760062932,,0.0569900013506
1592037451865110754,607,1592037451812444925,,0.0620799995959
1592037451918517327,608,1592037451864928007,,0.0556799992919
1592037451971364347,609,1592037451918203115,,0.0368900001049
1592037452023976826,610,1592037451971564054,,0.00712999980897
1592037452075933569,611,1592037452024039030,,-0.0370600000024
1592037452132285882,612,1592037452075618982,,-0.0566600002348
1592037452189624748,613,1592037452132006883,,-0.0644000023603
1592037452241308569,614,1592037452189043998,,-0.0560000017285
1592037452293794922,615,1592037452241393089,,-0.0412199981511
1592037452346225522,616,1592037452293849945,,-0.0209800004959
1592037452398530285,617,1592037452346286058,,-0.000190000006114
1592037452451385443,618,1592037452398389101,,0.0101199997589
1592037452503539448,619,1592037452451087951,,0.0127600003034
1592037452555356756,620,1592037452503599882,,0.0142799997702
1592037452607796422,621,1592037452555505990,,0.0165599994361
1592037452659478880,622,1592037452607768058,,0.00168999994639
1592037452711355934,623,1592037452659545898,,-0.024639999494
1592037452762578908,624,1592037452711065053,,-0.0304600000381
1592037452814190052,625,1592037452762389898,,-0.0222699996084
1592037452916151489,626,1592037452814187049,,-0.0105699999258
1592037452968387499,627,1592037452916166067,,-0.00386000005528
1592037453020150117,628,1592037452968373060,,-0.00649000005797
1592037453073079898,629,1592037453020302057,,-0.00141000002623
1592037453125091969,630,1592037453072731971,,0.00930999964476
1592037453177568543,631,1592037453125153064,,0.0243999995291
1592037453230357133,632,1592037453177123069,,0.0342499986291
1592037453283445099,633,1592037453230551004,,0.0392300002277
1592037453336143092,634,1592037453283597946,,0.013969999738
1592037453388410609,635,1592037453335913896,,-0.0102899996564
1592037453440523025,636,1592037453388422012,,-0.0231599994004
1592037453493357260,637,1592037453440310955,,-0.0175500009209
1592037453545885109,638,1592037453493032932,,-0.0106699997559
1592037453598670148,639,1592037453545582056,,0.000190000006114
1592037453651492237,640,1592037453598311901,,0.017689999193
1592037453704015832,641,1592037453651643991,,0.039319999516
1592037453755657831,642,1592037453704077005,,0.0628099963069
1592037453807328104,643,1592037453755692005,,0.0839800015092
1592037453859039868,644,1592037453807110071,,0.0909200012684
1592037453911739724,645,1592037453858711004,,0.0797600001097
1592037453964172805,646,1592037453911263942,,0.0529799982905
1592037454016398180,647,1592037453963846921,,0.00992999970913
1592037454068967274,648,1592037454016450881,,-0.0187199991196
1592037454121721777,649,1592037454069042921,,-0.043940000236
1592037454224231711,650,1592037454121582984,,-0.0716599971056
1592037454276203668,651,1592037454223933935,,-0.0938299968839
1592037454327689027,652,1592037454275943994,,-0.114009998739
1592037454429607141,653,1592037454327717065,,-0.125520005822
1592037454480941059,654,1592037454429313898,,-0.113150000572
1592037454533052940,655,1592037454481012105,,-0.103650003672
1592037454585466292,656,1592037454532663106,,-0.0923700034618
1592037454638067430,657,1592037454585246086,,-0.080949999392
1592037454690867877,658,1592037454637873888,,-0.0675899982452
1592037454743271271,659,1592037454690568923,,-0.0550299994648
1592037454795830731,660,1592037454742975950,,-0.0418399982154
1592037454848509658,661,1592037454795909881,,-0.0290200002491
1592037454901671196,662,1592037454848591089,,-0.015890000388
1592037454952653650,663,1592037454901021957,,-0.00471000000834
1592037455004111094,664,1592037454952452898,,-0.000190000006114
1592037455055575302,665,1592037455003772020,,0.0
1592037455107710462,666,1592037455055428981,,0.0
1592037455159784150,667,1592037455107273101,,-0.000190000006114
1592037455212027963,668,1592037455159710884,,0.0
1592037455264402760,669,1592037455212117910,,-0.000190000006114
1592037455316738844,670,1592037455264461994,,-0.000190000006114
1592037455370136666,671,1592037455316981077,,-0.000190000006114
1592037455423572169,672,1592037455370217084,,0.0
1592037455476094571,673,1592037455423228025,,-0.000190000006114
1592037455529807942,674,1592037455475718975,,0.0
1592037455582693496,675,1592037455530232906,,-0.000190000006114
1592037455634838439,676,1592037455582730054,,-0.000190000006114
1592037455687061938,677,1592037455634507894,,0.0
1592037455739439102,678,1592037455687120914,,-0.000190000006114
1592037455792418380,679,1592037455739494085,,0.0
1592037455895166448,680,1592037455791944980,,0.0
1592037455948096578,681,1592037455895167112,,0.0
1592037455999926184,682,1592037455948014020,,-0.000169999999343
1592037456053752082,683,1592037456000017881,,0.0
1592037456106149031,684,1592037456053775072,,0.0
1592037456207964624,685,1592037456106192111,,0.0
1592037456260112306,686,1592037456207730054,,0.0
1592037456312175995,687,1592037456259740114,,0.0
1592037456415274814,688,1592037456312277078,,0.0
1592037456467212041,689,1592037456415400028,,0.0
1592037456518717088,690,1592037456466957092,,0.0
1592037456570586602,691,1592037456518799066,,0.0
1592037456622322566,692,1592037456570379972,,0.0
1592037456675013957,693,1592037456622419118,,0.0
1592037456727520392,694,1592037456675072908,,0.0
1592037456780227897,695,1592037456727638006,,0.0
1592037456832858281,696,1592037456780002117,,0.0
1592037456885660865,697,1592037456832532882,,0.0
1592037456937733352,698,1592037456885371923,,0.0
1592037456990512040,699,1592037456937776088,,0.0
1592037457043208913,700,1592037456990221023,,0.0
1592037457095861919,701,1592037457042931079,,0.0
1592037457150934014,702,1592037457095792055,,0.0
1592037457203310030,703,1592037457150707960,,0.0
1592037457256305257,704,1592037457203360080,,0.0
1592037457308271134,705,1592037457255717992,,0.0
1592037457361092589,706,1592037457308345079,,0.0
1592037457414086655,707,1592037457360855102,,0.0
1592037457466953060,708,1592037457413800954,,0.0
1592037457520118339,709,1592037457466551065,,0.0
1592037457573265642,710,1592037457519608020,,0.0
1592037457625086534,711,1592037457572772026,,0.0
1592037457677943155,712,1592037457625197887,,0.0
1592037457729348116,713,1592037457677227973,,0.0
1592037457781798928,714,1592037457729017019,,0.0
1592037457883556140,715,1592037457781440019,,0.0
1592037457936475523,716,1592037457883563995,,0.0
1592037457988450401,717,1592037457935997962,,0.0
1592037458041457712,718,1592037457988635063,,0.0
1592037458094480499,719,1592037458041130065,,0.0
1592037458146967888,720,1592037458094538927,,0.0
1592037458200544005,721,1592037458147037982,,0.0
1592037458253786131,722,1592037458200562953,,0.0
1592037458307233590,723,1592037458253994941,,0.0
1592037458359653604,724,1592037458307008028,,0.0
1592037458411402184,725,1592037458359453916,,0.0
1592037458464539800,726,1592037458411441087,,0.0
1592037458515696124,727,1592037458464076995,,0.0
1592037458569031293,728,1592037458515711069,,0.0
1592037458621639012,729,1592037458569238901,,0.0
1592037458724275151,730,1592037458621779918,,0.0
1592037458776644490,731,1592037458724349021,,0.0
1592037458829349704,732,1592037458776751041,,0.0
1592037458881879364,733,1592037458829500913,,0.0
1592037458935443285,734,1592037458882025957,,0.0
1592037458988420600,735,1592037458935182094,,0.0
1592037459040422494,736,1592037458987698078,,0.0
1592037459093018420,737,1592037459040163993,,0.0
1592037459145862561,738,1592037459092900991,,0.0
1592037459198500381,739,1592037459146028041,,0.0
1592037459250284870,740,1592037459198581933,,0.0
1592037459302975434,741,1592037459250327110,,0.0
1592037459355674225,742,1592037459302947998,,0.0
1592037459407918666,743,1592037459355190038,,0.0
1592037459459115317,744,1592037459407543897,,0.0
1592037459511609535,745,1592037459459202051,,0.0
1592037459563225835,746,1592037459511698007,,0.0
1592037459665566758,747,1592037459563244104,,0.0
1592037459717163309,748,1592037459665630102,,0.0
1592037459769213928,749,1592037459717165946,,0.0
1592037459823397102,750,1592037459769356012,,0.0
1592037459925864670,751,1592037459823157072,,0.0
1592037459978863867,752,1592037459925997972,,0.0
1592037460031324689,753,1592037459978543043,,0.0
1592037460083243565,754,1592037460031347036,,0.0
1592037460135757139,755,1592037460083321094,,0.0
1592037460189266719,756,1592037460135838985,,0.0
1592037460242339197,757,1592037460189506053,,0.0
1592037460295365554,758,1592037460242018938,,0.0
1592037460347146105,759,1592037460295044898,,0.0
1592037460400324660,760,1592037460346649885,,0.0
1592037460452306447,761,1592037460399760007,,0.0
1592037460504770035,762,1592037460452353000,,0.0
1592037460558161960,763,1592037460504792928,,0.0
1592037460610863467,764,1592037460557651996,,0.0
1592037460663937549,765,1592037460610855102,,0.0
1592037460715238690,766,1592037460663532018,,0.0
1592037460766560296,767,1592037460715004920,,0.0
1592037460818287500,768,1592037460766592025,,0.0
1592037460871289095,769,1592037460818377971,,0.0
1592037460922858941,770,1592037460870930910,,0.0
1592037460974970710,771,1592037460922528982,,0.0
1592037461031545623,772,1592037460975030899,,0.0
1592037461083872716,773,1592037461031236886,,0.0
1592037461136708043,774,1592037461083585023,,0.0
1592037461189257076,775,1592037461136246919,,0.0
1592037461241684787,776,1592037461189332008,,0.0
1592037461294855069,777,1592037461241744041,,0.0
1592037461346187655,778,1592037461294349908,,0.0
1592037461397977903,779,1592037461345906972,,0.0
1592037461451025222,780,1592037461397980928,,0.0
1592037461503264974,781,1592037461450364112,,0.0
1592037461557121359,782,1592037461502934932,,0.0
1592037461610459751,783,1592037461556802988,,0.0
1592037461662601909,784,1592037461610102891,,0.0
1592037461715577555,785,1592037461662797927,,0.0
1592037461767908275,786,1592037461715183973,,0.0
1592037461869719157,787,1592037461767581939,,0.000190000006114
1592037461922331598,788,1592037461869587898,,0.0
1592037461973642469,789,1592037461921984910,,0.0
1592037462025312795,790,1592037461973664999,,0.0
1592037462077537489,791,1592037462025319099,,0.0
1592037462130809781,792,1592037462077296972,,0.0
1592037462183709867,793,1592037462130894899,,0.0
1592037462235762318,794,1592037462183378934,,0.0
1592037462290168548,795,1592037462235826969,,0.0
1592037462341986730,796,1592037462290127038,,0.0
1592037462393741607,797,1592037462341654062,,-0.000169999999343
1592037462445326682,798,1592037462393366098,,0.0
1592037462497179293,799,1592037462445450067,,0.0
1592037462550252162,800,1592037462497200012,,0.0
1592037462652823679,801,1592037462550009965,,0.0
1592037462705353001,802,1592037462652484893,,0.0
1592037462757469226,803,1592037462705059051,,0.0
1592037462810756805,804,1592037462757544994,,0.0
1592037462863624777,805,1592037462810827970,,0.0
1592037462917023491,806,1592037462864021062,,0.0
1592037462968569910,807,1592037462916735887,,0.0
1592037463021485960,808,1592037462968314886,,0.0
1592037463074524913,809,1592037463021688938,,0.0
1592037463128182495,810,1592037463074176073,,0.0
1592037463181876122,811,1592037463128388881,,0.0
1592037463283075062,812,1592037463181154966,,0.0
1592037463335254815,813,1592037463282872915,,0.0
1592037463391654390,814,1592037463335321903,,0.000169999999343
1592037463444209529,815,1592037463391186952,,0.0
1592037463496520024,816,1592037463443690061,,0.0
1592037463548947792,817,1592037463496146917,,0.0
1592037463600742911,818,1592037463548460960,,0.0
1592037463653258276,819,1592037463600492954,,0.0
1592037463705746658,820,1592037463652869939,,0.0
1592037463759102505,821,1592037463705388069,,0.0
1592037463810205637,822,1592037463758480072,,0.000169999999343
1592037463862783438,823,1592037463810280084,,0.0
1592037463916271565,824,1592037463862859964,,-0.000190000006114
1592037463968860769,825,1592037463915970087,,0.0
1592037464021057175,826,1592037463968496084,,0.0
1592037464074013388,827,1592037464021135091,,0.0
1592037464125373549,828,1592037464073698997,,0.0
1592037464227934162,829,1592037464125504970,,0.0
1592037464280533507,830,1592037464228023052,,0.0
1592037464333557183,831,1592037464280687093,,0.0
1592037464386017290,832,1592037464333200931,,-0.000169999999343
1592037464438424030,833,1592037464385699033,,0.0
1592037464491541068,834,1592037464438230991,,0.0
1592037464543775649,835,1592037464491211891,,0.0
1592037464595626940,836,1592037464543860912,,0.0
1592037464647054077,837,1592037464595371007,,0.0
1592037464699558089,838,1592037464646825075,,0.0
1592037464752014673,839,1592037464699244022,,0.0
1592037464804051687,840,1592037464751705884,,0.0
1592037464857925557,841,1592037464804166078,,0.0
1592037464959646777,842,1592037464857620954,,0.0
1592037465011594299,843,1592037464959213972,,0.0
1592037465063929010,844,1592037465011245965,,0.0
1592037465116735377,845,1592037465063966989,,0.0
1592037465168337483,846,1592037465116338968,,0.0
1592037465221674980,847,1592037465168467044,,0.0
1592037465275080192,848,1592037465222268104,,0.0
1592037465327331425,849,1592037465274698019,,0.0
1592037465379631219,850,1592037465327176094,,0.0
1592037465432294787,851,1592037465379736900,,0.0
1592037465535534040,852,1592037465432353973,,0.0
1592037465588624414,853,1592037465535597085,,0.0
1592037465640153076,854,1592037465588319063,,0.0
1592037465691865414,855,1592037465639914989,,0.0
1592037465743362834,856,1592037465691626071,,0.0
1592037465844492426,857,1592037465743149995,,0.0
1592037465897447909,858,1592037465844675064,,0.0
1592037465952546119,859,1592037465897408962,,0.0
1592037466003153248,860,1592037465949713945,,0.0
1592037466056642334,861,1592037466003340005,,0.0
1592037466109452334,862,1592037466056834936,,0.0
1592037466162205654,863,1592037466109208106,,0.0
1592037466218034956,864,1592037466162322044,,0.0
1592037466271026011,865,1592037466218276977,,0.0
1592037466323936972,866,1592037466270725965,,0.0
1592037466376121592,867,1592037466323615074,,0.0
1592037466428066580,868,1592037466375571966,,0.0
1592037466480570842,869,1592037466428193092,,0.0
1592037466583883205,870,1592037466481441974,,0.0
1592037466635570238,871,1592037466583960056,,0.0
1592037466687155007,872,1592037466635653972,,0.0
1592037466740134804,873,1592037466687222957,,0.0
1592037466791613019,874,1592037466739803075,,0.0
1592037466843214601,875,1592037466791275024,,0.0
1592037466895210514,876,1592037466843065023,,0.0
1592037466947970187,877,1592037466895324945,,0.0
1592037467000471871,878,1592037466948060989,,0.0
1592037467052753712,879,1592037467000561952,,0.0
1592037467104368373,880,1592037467052526950,,0.0
1592037467157257243,881,1592037467104419946,,0.0
1592037467209510599,882,1592037467157023906,,0.0
1592037467262322779,883,1592037467209485054,,0.0
1592037467315333737,884,1592037467261955022,,0.000190000006114
1592037467418868523,885,1592037467315026044,,0.0
1592037467470993126,886,1592037467418361902,,0.0
1592037467523402998,887,1592037467470695018,,0.0
1592037467575881225,888,1592037467523571014,,0.0
1592037467629915112,889,1592037467575970888,,0.0
1592037467733397143,890,1592037467630105972,,0.0
1592037467787933727,891,1592037467733596086,,0.0
1592037467840793488,892,1592037467788009881,,0.0
1592037467894095025,893,1592037467840851068,,0.0
1592037467947018494,894,1592037467894293069,,-0.000159999995958
1592037467999649383,895,1592037467946660995,,0.0
1592037468051730832,896,1592037467999330043,,0.0
1592037468105494074,897,1592037468051798105,,0.0
1592037468158285643,898,1592037468105554103,,0.0
1592037468210353768,899,1592037468157931089,,0.0
1592037468263644313,900,1592037468210481882,,0.0
1592037468316132341,901,1592037468263151884,,0.0
1592037468368615888,902,1592037468315766096,,0.0
1592037468420913138,903,1592037468368597984,,0.0
1592037468473495318,904,1592037468420990943,,0.0
