%time,field.header.seq,field.header.stamp,field.header.frame_id,field.value
1592037431966118002,265,1592037431913307905,,8.02499961853
1592037432018219747,266,1592037431966389894,,8.02499961853
1592037432069928245,267,1592037432017967939,,8.02499961853
1592037432123128226,268,1592037432069785118,,8.02499961853
1592037432175154111,269,1592037432122514009,,8.02499961853
1592037432226659022,270,1592037432174431085,,8.02499961853
1592037432278883617,271,1592037432226591110,,8.02499961853
1592037432331786763,272,1592037432278203964,,8.02499961853
1592037432384629880,273,1592037432331999063,,8.02499961853
1592037432437597267,274,1592037432384407043,,8.02499961853
1592037432489408208,275,1592037432437056064,,8.02499961853
1592037432543502197,276,1592037432491390943,,8.02499961853
1592037432595133084,277,1592037432543382883,,8.02499961853
1592037432647582369,278,1592037432594896078,,8.02499961853
1592037432699935074,279,1592037432647418022,,8.02499961853
1592037432751756469,280,1592037432699620008,,8.02499961853
1592037432804640840,281,1592037432751581907,,8.02499961853
1592037432857318024,282,1592037432804034948,,8.02499961853
1592037432909510126,283,1592037432856589078,,8.02499961853
1592037432961594354,284,1592037432908967018,,8.02499961853
1592037433014161978,285,1592037432961472034,,8.02499961853
1592037433066698609,286,1592037433014048099,,8.02499961853
1592037433118765245,287,1592037433066555023,,8.02499961853
1592037433170612507,288,1592037433118216991,,8.02499961853
1592037433272390629,289,1592037433170496940,,8.02499961853
1592037433324712452,290,1592037433271802902,,8.02499961853
1592037433377993737,291,1592037433324398994,,8.02499961853
1592037433429937217,292,1592037433377264022,,8.02499961853
1592037433531357416,293,1592037433429677963,,8.02499961853
1592037433587336856,294,1592037433531124114,,8.02499961853
1592037433638320496,295,1592037433586594104,,8.02499961853
1592037433740951180,296,1592037433638180971,,8.02499961853
1592037433793900592,297,1592037433740751981,,8.02499961853
1592037433895880107,298,1592037433793620109,,8.02499961853
1592037433947582977,299,1592037433895515918,,8.02499961853
1592037434000099093,300,1592037433947310924,,8.02499961853
1592037434052463585,301,1592037433999830961,,8.02499961853
1592037434104871912,302,1592037434052192926,,8.02499961853
1592037434156572811,303,1592037434104650974,,8.02499961853
1592037434209088578,304,1592037434156366109,,8.02499961853
1592037434261521451,305,1592037434208906888,,8.02499961853
1592037434314413701,306,1592037434261378049,,8.02499961853
1592037434366584148,307,1592037434313940048,,8.02499961853
1592037434468195351,308,1592037434366441965,,8.02499961853
1592037434520682994,309,1592037434468096971,,8.02499961853
1592037434572353910,310,1592037434519977092,,8.02499961853
1592037434625887219,311,1592037434572635889,,8.02499961853
1592037434677385403,312,1592037434625579118,,8.02499961853
1592037434730258809,313,1592037434677134037,,8.02499961853
1592037434783155749,314,1592037434729655027,,8.02499961853
1592037434836007240,315,1592037434783061981,,8.02499961853
1592037434888378772,316,1592037434835658073,,8.02499961853
1592037434990957049,317,1592037434888109922,,8.02499961853
1592037435042465233,318,1592037434990559101,,8.02499961853
1592037435095268243,319,1592037435042165040,,8.02499961853
1592037435147723862,320,1592037435094520092,,8.02499961853
1592037435199419631,321,1592037435147171020,,8.02499961853
1592037435251045435,322,1592037435198851108,,8.02499961853
1592037435303637003,323,1592037435250880002,,8.02499961853
1592037435356110394,324,1592037435303316116,,8.02499961853
1592037435408789611,325,1592037435356044054,,8.02499961853
1592037435461251210,326,1592037435408638000,,8.02499961853
1592037435563065489,327,1592037435461061000,,8.02499961853
1592037435615672727,328,1592037435562995910,,8.02499961853
1592037435668732123,329,1592037435615377902,,8.02499961853
1592037435720403285,330,1592037435667833089,,8.02499961853
1592037435771829485,331,1592037435720204114,,8.02499961853
1592037435873603750,332,1592037435771680116,,8.02499961853
1592037435925060098,333,1592037435873358011,,8.02499961853
1592037435978313018,334,1592037435924959897,,8.02499961853
1592037436030414354,335,1592037435977284908,,8.02499961853
1592037436132845179,336,1592037436030284881,,8.02499961853
1592037436185501120,337,1592037436132599115,,8.02499961853
1592037436238715647,338,1592037436185631990,,8.02499961853
1592037436342402551,339,1592037436238977909,,8.02499961853
1592037436745220164,340,1592037436342567920,,8.02499961853
1592037436797824863,341,1592037436745003938,,8.02499961853
1592037436850127006,342,1592037436797600030,,8.02499961853
1592037436902722138,343,1592037436849903106,,8.02499961853
1592037436954496451,344,1592037436902618885,,8.02927112579
1592037437006461053,345,1592037436954147100,,8.04526042938
1592037437058729868,346,1592037437006130933,,8.06770801544
1592037437111689777,347,1592037437058543920,,8.0975522995
1592037437164903906,348,1592037437112097978,,8.12114620209
1592037437219054925,349,1592037437164750099,,8.14369773865
1592037437271504342,350,1592037437218835115,,8.18427085876
1592037437324012844,351,1592037437270900964,,8.53406238556
1592037437376669319,352,1592037437323435068,,8.58265590668
1592037437431754401,353,1592037437375972986,,8.62890625
1592037437484046968,354,1592037437431210041,,8.64999961853
1592037437536472045,355,1592037437483741044,,8.62885379791
1592037437588867878,356,1592037437536212921,,8.57718753815
1592037437642157901,357,1592037437588628053,,8.52708339691
1592037437695192738,358,1592037437642539978,,8.50708293915
1592037437748309453,359,1592037437695255994,,8.51098918915
1592037437800754755,360,1592037437747684955,,8.511510849
1592037437854046262,361,1592037437801060914,,8.30500030518
1592037437906014579,362,1592037437853347063,,8.25989627838
1592037437958380661,363,1592037437905776977,,8.21572875977
1592037438010577808,364,1592037437958065986,,8.17130184174
1592037438062522727,365,1592037438010529041,,8.17031288147
1592037438165391806,366,1592037438062252998,,8.179479599
1592037438217636467,367,1592037438164788961,,8.16874980927
1592037438271306686,368,1592037438217652082,,8.14546871185
1592037438324313957,369,1592037438271375894,,8.10729122162
1592037438378631174,370,1592037438324747085,,8.05661487579
1592037438432048391,371,1592037438379075050,,8.02229213715
1592037438484991004,372,1592037438432293891,,8.01692676544
1592037438537954259,373,1592037438484699964,,8.01869773865
1592037438590888478,374,1592037438538305997,,8.0196352005
1592037438692118811,375,1592037438590219974,,8.02682304382
1592037438743997238,376,1592037438691939115,,8.0233335495
1592037438796707665,377,1592037438743684053,,8.02140617371
1592037438898512257,378,1592037438796402931,,8.02947902679
1592037438949930091,379,1592037438898181915,,8.02499961853
1592037439001622661,380,1592037438949687957,,8.02499961853
1592037439054429220,381,1592037439001514911,,8.01916694641
1592037439106840564,382,1592037439054119110,,8.0116147995
1592037439159285695,383,1592037439106606960,,7.98984384537
1592037439211759512,384,1592037439159075975,,7.97635412216
1592037439263715966,385,1592037439211061954,,7.95958328247
1592037439315762197,386,1592037439263092994,,7.94656229019
1592037439369148625,387,1592037439315515995,,7.93755197525
1592037439422087131,388,1592037439368797063,,7.90942716599
1592037439473767756,389,1592037439421189069,,7.90749979019
1592037439526886525,390,1592037439473999977,,7.91869783401
1592037439579372504,391,1592037439526508092,,7.94067716599
1592037439632346290,392,1592037439579679012,,7.96057271957
1592037439684619118,393,1592037439632127046,,7.9922914505
1592037439736704680,394,1592037439684590101,,8.02401065826
1592037439788045877,395,1592037439736210107,,8.0586977005
1592037439840082963,396,1592037439787919998,,8.09151077271
1592037439892206519,397,1592037439839946031,,8.11437511444
1592037439947423843,398,1592037439891571998,,8.14557266235
1592037439998461534,399,1592037439946430921,,8.14302062988
1592037440050513679,400,1592037439998239040,,8.13229179382
1592037440103052217,401,1592037440050292015,,8.11848926544
1592037440154836484,402,1592037440102855920,,8.10963535309
1592037440206625792,403,1592037440154450893,,8.09979152679
1592037440308423846,404,1592037440206703901,,8.08385372162
1592037440361049593,405,1592037440308140993,,8.05776023865
1592037440413958808,406,1592037440360732078,,8.04229164124
1592037440515766892,407,1592037440413429975,,8.03223991394
1592037440569297022,408,1592037440515104055,,8.02833366394
1592037440623887494,409,1592037440569914102,,8.0233335495
1592037440676014206,410,1592037440622862100,,8.0233335495
1592037440727572119,411,1592037440675411939,,8.0233335495
1592037440778673867,412,1592037440726991891,,8.02583312988
1592037440831208614,413,1592037440778529882,,8.02250003815
1592037440883609345,414,1592037440831036090,,8.02833366394
1592037440935193155,415,1592037440883363008,,8.03041648865
1592037440987470124,416,1592037440934986114,,8.02864551544
1592037441040219688,417,1592037440987375020,,8.02411460876
1592037441092382720,418,1592037441039721965,,8.02302074432
1592037441197397949,419,1592037441092189073,,7.98411464691
1592037441249254029,420,1592037441196222066,,7.89963531494
1592037441300942404,421,1592037441248641967,,7.88328123093
1592037441353560543,422,1592037441300744056,,7.87973976135
1592037441406067721,423,1592037441353425979,,7.89817714691
1592037441460059301,424,1592037441406771898,,7.90104150772
1592037441512070005,425,1592037441459923982,,7.91661453247
1592037441564649465,426,1592037441511447906,,7.93015623093
1592037441616786990,427,1592037441564081907,,7.93286466599
1592037441669173427,428,1592037441616525888,,7.93562507629
1592037441721371323,429,1592037441669008016,,7.97083330154
1592037441773722540,430,1592037441721127986,,8.04880237579
1592037441826496396,431,1592037441773682117,,8.05078125
1592037441879011918,432,1592037441826184034,,8.04880237579
1592037441932289765,433,1592037441878830909,,8.02499961853
1592037441985474006,434,1592037441932734012,,8.03093719482
1592037442038003934,435,1592037441985291957,,8.02005195618
1592037442090979483,436,1592037442037787914,,7.99729156494
1592037442192309188,437,1592037442090523004,,8.01510429382
1592037442244183994,438,1592037442192186117,,7.95442724228
1592037442296273272,439,1592037442243957996,,7.88729143143
1592037442349222072,440,1592037442296108961,,7.80671882629
1592037442400369265,441,1592037442348489999,,7.75046873093
1592037442452075003,442,1592037442399919033,,7.71999979019
1592037442505403213,443,1592037442452511072,,7.7490105629
1592037442557597917,444,1592037442505080938,,7.8047914505
1592037442610251128,445,1592037442557336091,,7.86749982834
1592037442663877232,446,1592037442610537052,,7.9267706871
1592037442716503939,447,1592037442663887977,,7.96140623093
1592037442769231872,448,1592037442716626882,,8.14911460876
1592037442821441944,449,1592037442768950939,,8.27598953247
1592037442874018334,450,1592037442821434020,,8.38489627838
1592037442975941439,451,1592037442873831987,,8.457239151
1592037443028011529,452,1592037442975373983,,8.36442661285
1592037443081122436,453,1592037443027390003,,8.27958297729
1592037443132812765,454,1592037443079945087,,8.14640617371
1592037443185194944,455,1592037443132708072,,8.02229213715
1592037443237079273,456,1592037443185030937,,7.90442705154
1592037443289730016,457,1592037443237025022,,7.79510402679
1592037443342115105,458,1592037443289498090,,7.6377081871
1592037443394861598,459,1592037443341934919,,7.60322904587
1592037443447185190,460,1592037443394587039,,7.64697933197
1592037443503149308,461,1592037443447092056,,7.71520853043
1592037443555670562,462,1592037443502995967,,7.89666652679
1592037443608261946,463,1592037443555643081,,8.02994823456
1592037443661340658,464,1592037443608166933,,8.15020847321
1592037443714231478,465,1592037443660689115,,8.21932315826
1592037443816447508,466,1592037443713393926,,8.25958347321
1592037443869635432,467,1592037443816901922,,8.27109336853
1592037443921796034,468,1592037443869712114,,8.33020877838
1592037443974791508,469,1592037443921578884,,8.34666633606
1592037444026574859,470,1592037443974095106,,8.33057308197
1592037444128645274,471,1592037444025949001,,8.27875041962
1592037444180660512,472,1592037444128376007,,8.14161491394
1592037444233155080,473,1592037444180963039,,8.07333374023
1592037444284807301,474,1592037444232949018,,8.01333332062
1592037444337310489,475,1592037444284645080,,7.99328136444
1592037444389884911,476,1592037444337112903,,8.015832901
1592037444442511500,477,1592037444389753103,,8.06593704224
1592037444494752961,478,1592037444442277908,,8.07958316803
1592037444546034681,479,1592037444494287014,,8.08958339691
1592037444599169471,480,1592037444545964002,,8.07874965668
1592037444652061172,481,1592037444599464893,,8.07130241394
1592037444704532722,482,1592037444651792049,,8.08369827271
1592037444756378846,483,1592037444703746080,,8.08578109741
1592037444808839988,484,1592037444756309986,,8.07473945618
1592037444860254575,485,1592037444808506965,,8.01406288147
1592037444913494792,486,1592037444860131978,,7.88557291031
1592037444966295979,487,1592037444913697957,,7.72973966599
1592037445018320248,488,1592037444966284036,,7.59760427475
1592037445070689478,489,1592037445018402099,,7.52812480927
1592037445123260736,490,1592037445070477008,,7.5166144371
1592037445225561673,491,1592037445123126029,,7.52369785309
1592037445278186462,492,1592037445225543975,,7.62651062012
1592037445330736943,493,1592037445278017997,,7.63953113556
1592037445383597585,494,1592037445330495119,,7.68395853043
1592037445435920554,495,1592037445383927106,,7.76791667938
1592037445487375961,496,1592037445435436010,,7.88374996185
1592037445540000702,497,1592037445487225055,,7.97687482834
1592037445643297879,498,1592037445540043115,,8.06677055359
1592037445695092911,499,1592037445642596960,,8.11343765259
1592037445747062972,500,1592037445694499969,,8.08093738556
1592037445800015903,501,1592037445746864080,,8.06005191803
1592037445853559306,502,1592037445800421953,,8.00234413147
1592037445906811182,503,1592037445853965997,,8.05302047729
1592037445959418895,504,1592037445906591892,,8.11994838715
1592037446060917972,505,1592037445959192991,,8.20786476135
1592037446114073804,506,1592037446060758113,,8.26656246185
1592037446166197791,507,1592037446113404035,,8.31609344482
1592037446218764340,508,1592037446166044950,,8.32369804382
1592037446271828100,509,1592037446218842983,,8.33500003815
1592037446323781752,510,1592037446271234035,,8.36546897888
1592037446376825999,511,1592037446323703050,,8.37625026703
1592037446428324578,512,1592037446376178979,,8.41307258606
1592037446480838602,513,1592037446428051948,,8.33890628815
1592037446583302031,514,1592037446480614900,,8.17927074432
1592037446636867493,515,1592037446583214998,,7.88145828247
1592037446688313697,516,1592037446636514902,,7.65770816803
1592037446739961973,517,1592037446688199996,,7.53208351135
1592037446793231768,518,1592037446739886045,,7.5303645134
1592037446845912903,519,1592037446793482065,,7.61531257629
1592037446898560855,520,1592037446845921039,,7.73406267166
1592037446954122381,521,1592037446898426055,,7.84916687012
1592037447006987024,522,1592037446953531026,,7.95192718506
1592037447060222480,523,1592037447006989002,,8.04479122162
1592037447112432163,524,1592037447059637069,,8.14192676544
1592037447165711152,525,1592037447112277030,,8.37151050568
1592037447217825715,526,1592037447165011882,,8.49802112579
1592037447270529914,527,1592037447217463970,,8.56916618347
1592037447323189591,528,1592037447270935058,,8.52812480927
1592037447375770472,529,1592037447322671890,,8.40390586853
1592037447428865928,530,1592037447376215934,,8.25385379791
1592037447481403190,531,1592037447428652048,,8.10651016235
1592037447535278512,532,1592037447481307029,,7.92041683197
1592037447588614082,533,1592037447535679101,,7.82895851135
1592037447640732672,534,1592037447589011907,,7.84989595413
1592037447693462290,535,1592037447640661001,,7.91260433197
1592037447745795641,536,1592037447693177938,,7.97963523865
1592037447848205333,537,1592037447745626926,,8.02598953247
1592037447900305759,538,1592037447848011016,,8.06833362579
1592037447954468096,539,1592037447900027990,,8.10708332062
1592037448007437139,540,1592037447954288005,,8.10880184174
1592037448109428026,541,1592037448006777048,,8.09796905518
1592037448162014207,542,1592037448109302043,,8.10708332062
1592037448214888285,543,1592037448161982059,,8.1172914505
1592037448267208738,544,1592037448214621067,,8.07661437988
1592037448321620705,545,1592037448267095088,,8.02999973297
1592037448373476620,546,1592037448321268081,,7.99682283401
1592037448424871086,547,1592037448373066902,,7.98932313919
1592037448477420591,548,1592037448424784898,,7.96989583969
1592037448528616873,549,1592037448476670980,,7.95817708969
1592037448630272854,550,1592037448528201103,,7.99687480927
1592037448682830584,551,1592037448629889965,,8.08098983765
1592037448734765777,552,1592037448681762933,,8.16421890259
1592037448787130014,553,1592037448734221935,,8.16880226135
1592037448840203640,554,1592037448787008047,,8.17151069641
1592037448891283298,555,1592037448839591979,,8.13687515259
1592037448942907653,556,1592037448891211986,,8.07161426544
1592037449045666088,557,1592037448942711114,,7.99484395981
1592037449098455048,558,1592037449045486927,,7.88484382629
1592037449150470317,559,1592037449097549915,,7.78510427475
1592037449203154125,560,1592037449150260925,,7.65156269073
1592037449255615940,561,1592037449202778100,,7.4013543129
1592037449308932529,562,1592037449255611896,,7.40416669846
1592037449360058024,563,1592037449308228969,,7.52958345413
1592037449412403844,564,1592037449359812974,,7.65583324432
1592037449467096678,565,1592037449412216901,,7.7821354866
1592037449568958761,566,1592037449466372966,,7.88828134537
1592037449621038113,567,1592037449568811893,,7.9717707634
1592037449673810601,568,1592037449621126890,,8.17609405518
1592037449776141788,569,1592037449673593044,,8.29354190826
1592037449828816529,570,1592037449776067972,,8.3163022995
1592037449881534349,571,1592037449828571081,,8.39203166962
1592037449933929203,572,1592037449881923913,,8.253698349
1592037449985781121,573,1592037449933501958,,8.03583335876
1592037450088573822,574,1592037449985477924,,7.81770849228
1592037450141313567,575,1592037450088341951,,7.68453121185
1592037450193646328,576,1592037450140995979,,7.61812496185
1592037450246247632,577,1592037450193516969,,7.60229158401
1592037450297816849,578,1592037450246006011,,7.56989574432
1592037450354372654,579,1592037450297610044,,7.62104177475
1592037450405235808,580,1592037450353295087,,7.83098936081
1592037450456774925,581,1592037450405081987,,8.00333309174
1592037450508354347,582,1592037450456641912,,8.18901062012
1592037450560770012,583,1592037450508280992,,8.35390663147
1592037450613617934,584,1592037450560584068,,8.48869800568
1592037450667020197,585,1592037450614053964,,8.64999961853
1592037450718393185,586,1592037450666666030,,8.64999961853
1592037450770202104,587,1592037450718239068,,8.64999961853
1592037450821509315,588,1592037450769856929,,8.64999961853
1592037450873199517,589,1592037450821368932,,8.63557243347
1592037450924653870,590,1592037450872978925,,8.42786502838
1592037450976910107,591,1592037450924391031,,8.27776050568
1592037451030131832,592,1592037450976834058,,8.11109352112
1592037451083609643,593,1592037451030550956,,7.97114562988
1592037451137199954,594,1592037451084001064,,7.86281251907
1592037451188344439,595,1592037451136523008,,7.67510414124
1592037451240902565,596,1592037451188071966,,7.50458335876
1592037451292289064,597,1592037451240643024,,7.43874979019
1592037451343800510,598,1592037451292037963,,7.46546888351
1592037451396943844,599,1592037451343569040,,7.52531242371
1592037451498091293,600,1592037451396286964,,7.61593770981
1592037451550271869,601,1592037451497879981,,7.77708339691
1592037451603095825,602,1592037451549657106,,7.8877081871
1592037451655365680,603,1592037451602493047,,8.00406265259
1592037451707885929,604,1592037451655131101,,8.12989616394
1592037451760288621,605,1592037451707693099,,8.24291706085
1592037451812546539,606,1592037451760062932,,8.32182312012
1592037451865065593,607,1592037451812444925,,8.34833335876
1592037451918480608,608,1592037451864928007,,8.31499958038
1592037451971152065,609,1592037451918203115,,8.21713542938
1592037452024633124,610,1592037451971564054,,8.06213569641
1592037452075710363,611,1592037452024039030,,7.83197927475
1592037452132301745,612,1592037452075618982,,7.72989606857
1592037452189745668,613,1592037452132006883,,7.68958330154
1592037452241571538,614,1592037452189043998,,7.73333311081
1592037452294060987,615,1592037452241393089,,7.81031274796
1592037452346443426,616,1592037452293849945,,7.91572904587
1592037452398547079,617,1592037452346286058,,8.02401065826
1592037452451310260,618,1592037452398389101,,8.07770824432
1592037452504203873,619,1592037452451087951,,8.09145832062
1592037452555706614,620,1592037452503599882,,8.09937477112
1592037452607812653,621,1592037452555505990,,8.11124992371
1592037452659622889,622,1592037452607768058,,8.03380203247
1592037452711367225,623,1592037452659545898,,7.89666652679
1592037452762980881,624,1592037452711065053,,7.86635398865
1592037452814476623,625,1592037452762389898,,7.90901041031
1592037452916388736,626,1592037452814187049,,7.96994781494
1592037452968792772,627,1592037452916166067,,8.00489616394
1592037453020429053,628,1592037452968373060,,7.9911980629
1592037453072987775,629,1592037453020302057,,8.01765632629
1592037453125419515,630,1592037453072731971,,8.07348918915
1592037453178037529,631,1592037453125153064,,8.15208339691
1592037453230158072,632,1592037453177123069,,8.20338535309
1592037453283324486,633,1592037453230551004,,8.22932338715
1592037453336552505,634,1592037453283597946,,8.0977602005
1592037453388743431,635,1592037453335913896,,7.97140645981
1592037453440978631,636,1592037453388422012,,7.90437507629
1592037453492992392,637,1592037453440310955,,7.93359375
1592037453546178367,638,1592037453493032932,,7.96942710876
1592037453598603017,639,1592037453545582056,,8.02598953247
1592037453651359629,640,1592037453598311901,,8.11713504791
1592037453704282126,641,1592037453651643991,,8.22979164124
1592037453755939236,642,1592037453704077005,,8.35213565826
1592037453807511504,643,1592037453755692005,,8.46239566803
1592037453858762608,644,1592037453807110071,,8.49854183197
1592037453912443501,645,1592037453858711004,,8.44041633606
1592037453964157899,646,1592037453911263942,,8.30093765259
1592037454016569222,647,1592037453963846921,,8.07671833038
1592037454069131061,648,1592037454016450881,,7.92749977112
1592037454121738569,649,1592037454069042921,,7.79614591599
1592037454224570732,650,1592037454121582984,,7.65177106857
1592037454275877097,651,1592037454223933935,,7.53630208969
1592037454327907894,652,1592037454275943994,,7.43119812012
1592037454429648405,653,1592037454327717065,,7.40000009537
1592037454481128516,654,1592037454429313898,,7.43567705154
1592037454532948543,655,1592037454481012105,,7.48515605927
1592037454585480287,656,1592037454532663106,,7.54390621185
1592037454638126876,657,1592037454585246086,,7.60338544846
1592037454690604923,658,1592037454637873888,,7.67296886444
1592037454743098429,659,1592037454690568923,,7.7383852005
1592037454795703736,660,1592037454742975950,,7.80708312988
1592037454848828903,661,1592037454795909881,,7.87385416031
1592037454901802973,662,1592037454848591089,,7.94223976135
1592037454952876493,663,1592037454901021957,,8.00046920776
1592037455004088114,664,1592037454952452898,,8.02401065826
1592037455055858821,665,1592037455003772020,,8.02499961853
1592037455107836399,666,1592037455055428981,,8.02499961853
1592037455159886175,667,1592037455107273101,,8.02401065826
1592037455212355249,668,1592037455159710884,,8.02499961853
1592037455264656585,669,1592037455212117910,,8.02401065826
1592037455317041898,670,1592037455264461994,,8.02401065826
1592037455371925912,671,1592037455316981077,,8.02401065826
1592037455423070344,672,1592037455370217084,,8.02499961853
1592037455476655687,673,1592037455423228025,,8.02401065826
1592037455529601938,674,1592037455475718975,,8.02499961853
1592037455583200480,675,1592037455530232906,,8.02401065826
1592037455635190774,676,1592037455582730054,,8.02401065826
1592037455687264518,677,1592037455634507894,,8.02499961853
1592037455739748135,678,1592037455687120914,,8.02401065826
1592037455792900608,679,1592037455739494085,,8.02499961853
1592037455895719593,680,1592037455791944980,,8.02499961853
1592037455947975877,681,1592037455895167112,,8.02499961853
1592037456000373863,682,1592037455948014020,,8.02411460876
1592037456053792285,683,1592037456000017881,,8.02499961853
1592037456106672456,684,1592037456053775072,,8.02499961853
1592037456208059361,685,1592037456106192111,,8.02499961853
1592037456260071186,686,1592037456207730054,,8.02499961853
1592037456312516815,687,1592037456259740114,,8.02499961853
1592037456416181319,688,1592037456312277078,,8.02499961853
1592037456467450697,689,1592037456415400028,,8.02499961853
1592037456519454007,690,1592037456466957092,,8.02499961853
1592037456570922769,691,1592037456518799066,,8.02499961853
1592037456622329917,692,1592037456570379972,,8.02499961853
1592037456675149048,693,1592037456622419118,,8.02499961853
1592037456727856926,694,1592037456675072908,,8.02499961853
1592037456780291504,695,1592037456727638006,,8.02499961853
1592037456833248596,696,1592037456780002117,,8.02499961853
1592037456885454487,697,1592037456832532882,,8.02499961853
1592037456938044917,698,1592037456885371923,,8.02499961853
1592037456990396104,699,1592037456937776088,,8.02499961853
1592037457043091964,700,1592037456990221023,,8.02499961853
1592037457095993628,701,1592037457042931079,,8.02499961853
1592037457150950160,702,1592037457095792055,,8.02499961853
1592037457203548096,703,1592037457150707960,,8.02499961853
1592037457256520319,704,1592037457203360080,,8.02499961853
1592037457308558106,705,1592037457255717992,,8.02499961853
1592037457361041502,706,1592037457308345079,,8.02499961853
1592037457414101184,707,1592037457360855102,,8.02499961853
1592037457467538622,708,1592037457413800954,,8.02499961853
1592037457520623918,709,1592037457466551065,,8.02499961853
1592037457573306640,710,1592037457519608020,,8.02499961853
1592037457625382750,711,1592037457572772026,,8.02499961853
1592037457678022642,712,1592037457625197887,,8.02499961853
1592037457729194002,713,1592037457677227973,,8.02499961853
1592037457781653763,714,1592037457729017019,,8.02499961853
1592037457883622622,715,1592037457781440019,,8.02499961853
1592037457936274108,716,1592037457883563995,,8.02499961853
1592037457988860494,717,1592037457935997962,,8.02499961853
1592037458041700596,718,1592037457988635063,,8.02499961853
1592037458094576301,719,1592037458041130065,,8.02499961853
1592037458147200084,720,1592037458094538927,,8.02499961853
1592037458202300058,721,1592037458147037982,,8.02499961853
1592037458253897956,722,1592037458200562953,,8.02499961853
1592037458307338737,723,1592037458253994941,,8.02499961853
1592037458359692519,724,1592037458307008028,,8.02499961853
1592037458412055575,725,1592037458359453916,,8.02499961853
1592037458464633849,726,1592037458411441087,,8.02499961853
1592037458516038303,727,1592037458464076995,,8.02499961853
1592037458568778217,728,1592037458515711069,,8.02499961853
1592037458621484176,729,1592037458569238901,,8.02499961853
1592037458724151003,730,1592037458621779918,,8.02499961853
1592037458776942182,731,1592037458724349021,,8.02499961853
1592037458829189296,732,1592037458776751041,,8.02499961853
1592037458881715929,733,1592037458829500913,,8.02499961853
1592037458935263455,734,1592037458882025957,,8.02499961853
1592037458988472333,735,1592037458935182094,,8.02499961853
1592037459040300563,736,1592037458987698078,,8.02499961853
1592037459092984760,737,1592037459040163993,,8.02499961853
1592037459145894472,738,1592037459092900991,,8.02499961853
1592037459198716994,739,1592037459146028041,,8.02499961853
1592037459250723322,740,1592037459198581933,,8.02499961853
1592037459303455436,741,1592037459250327110,,8.02499961853
1592037459355239460,742,1592037459302947998,,8.02499961853
1592037459408271129,743,1592037459355190038,,8.02499961853
1592037459459456651,744,1592037459407543897,,8.02499961853
1592037459511876585,745,1592037459459202051,,8.02499961853
1592037459563328993,746,1592037459511698007,,8.02499961853
1592037459665725157,747,1592037459563244104,,8.02499961853
1592037459717385277,748,1592037459665630102,,8.02499961853
1592037459769057254,749,1592037459717165946,,8.02499961853
1592037459822985116,750,1592037459769356012,,8.02499961853
1592037459926580889,751,1592037459823157072,,8.02499961853
1592037459978634148,752,1592037459925997972,,8.02499961853
1592037460031629568,753,1592037459978543043,,8.02499961853
1592037460083890478,754,1592037460031347036,,8.02499961853
1592037460135985554,755,1592037460083321094,,8.02499961853
1592037460188536354,756,1592037460135838985,,8.02499961853
1592037460242325287,757,1592037460189506053,,8.02499961853
1592037460300575364,758,1592037460242018938,,8.02499961853
1592037460347262628,759,1592037460295044898,,8.02499961853
1592037460400286706,760,1592037460346649885,,8.02499961853
1592037460452565479,761,1592037460399760007,,8.02499961853
1592037460505133587,762,1592037460452353000,,8.02499961853
1592037460557856901,763,1592037460504792928,,8.02499961853
1592037460610923021,764,1592037460557651996,,8.02499961853
1592037460663858372,765,1592037460610855102,,8.02499961853
1592037460715295782,766,1592037460663532018,,8.02499961853
1592037460766826485,767,1592037460715004920,,8.02499961853
1592037460818565731,768,1592037460766592025,,8.02499961853
1592037460871209125,769,1592037460818377971,,8.02499961853
1592037460922703920,770,1592037460870930910,,8.02499961853
1592037460975128921,771,1592037460922528982,,8.02499961853
1592037461032089856,772,1592037460975030899,,8.02499961853
1592037461084159038,773,1592037461031236886,,8.02499961853
1592037461137329894,774,1592037461083585023,,8.02499961853
1592037461189579225,775,1592037461136246919,,8.02499961853
1592037461242035535,776,1592037461189332008,,8.02499961853
1592037461295427577,777,1592037461241744041,,8.02499961853
1592037461346144213,778,1592037461294349908,,8.02499961853
1592037461398125738,779,1592037461345906972,,8.02499961853
1592037461451075042,780,1592037461397980928,,8.02499961853
1592037461503563938,781,1592037461450364112,,8.02499961853
1592037461557583954,782,1592037461502934932,,8.02499961853
1592037461610800955,783,1592037461556802988,,8.02499961853
1592037461662833182,784,1592037461610102891,,8.02499961853
1592037461715429043,785,1592037461662797927,,8.02499961853
1592037461767891490,786,1592037461715183973,,8.02499961853
1592037461869862944,787,1592037461767581939,,8.02598953247
1592037461922787037,788,1592037461869587898,,8.02499961853
1592037461973873430,789,1592037461921984910,,8.02499961853
1592037462025436091,790,1592037461973664999,,8.02499961853
1592037462077568560,791,1592037462025319099,,8.02499961853
1592037462130547122,792,1592037462077296972,,8.02499961853
1592037462183530856,793,1592037462130894899,,8.02499961853
1592037462236004309,794,1592037462183378934,,8.02499961853
1592037462290538080,795,1592037462235826969,,8.02499961853
1592037462341787560,796,1592037462290127038,,8.02499961853
1592037462393904203,797,1592037462341654062,,8.02411460876
1592037462445704652,798,1592037462393366098,,8.02499961853
1592037462497689550,799,1592037462445450067,,8.02499961853
1592037462550242412,800,1592037462497200012,,8.02499961853
1592037462652727467,801,1592037462550009965,,8.02499961853
1592037462705196847,802,1592037462652484893,,8.02499961853
1592037462757810927,803,1592037462705059051,,8.02499961853
1592037462811483920,804,1592037462757544994,,8.02499961853
1592037462864177165,805,1592037462810827970,,8.02499961853
1592037462917140745,806,1592037462864021062,,8.02499961853
1592037462968584919,807,1592037462916735887,,8.02499961853
1592037463021547140,808,1592037462968314886,,8.02499961853
1592037463074509311,809,1592037463021688938,,8.02499961853
1592037463128512318,810,1592037463074176073,,8.02499961853
1592037463181929790,811,1592037463128388881,,8.02499961853
1592037463283319224,812,1592037463181154966,,8.02499961853
1592037463335543511,813,1592037463282872915,,8.02499961853
1592037463392121107,814,1592037463335321903,,8.02588558197
1592037463444263377,815,1592037463391186952,,8.02499961853
1592037463497107932,816,1592037463443690061,,8.02499961853
1592037463548962321,817,1592037463496146917,,8.02499961853
1592037463600753719,818,1592037463548460960,,8.02499961853
1592037463653640587,819,1592037463600492954,,8.02499961853
1592037463705700079,820,1592037463652869939,,8.02499961853
1592037463759220071,821,1592037463705388069,,8.02499961853
1592037463810348044,822,1592037463758480072,,8.02588558197
1592037463863453699,823,1592037463810280084,,8.02499961853
1592037463916223381,824,1592037463862859964,,8.02401065826
1592037463968797676,825,1592037463915970087,,8.02499961853
1592037464021364008,826,1592037463968496084,,8.02499961853
1592037464073839189,827,1592037464021135091,,8.02499961853
1592037464125774838,828,1592037464073698997,,8.02499961853
1592037464228553982,829,1592037464125504970,,8.02499961853
1592037464280803601,830,1592037464228023052,,8.02499961853
1592037464333903812,831,1592037464280687093,,8.02499961853
1592037464386069564,832,1592037464333200931,,8.02411460876
1592037464438492254,833,1592037464385699033,,8.02499961853
1592037464491395104,834,1592037464438230991,,8.02499961853
1592037464544025862,835,1592037464491211891,,8.02499961853
1592037464595762070,836,1592037464543860912,,8.02499961853
1592037464647428771,837,1592037464595371007,,8.02499961853
1592037464699546355,838,1592037464646825075,,8.02499961853
1592037464751943150,839,1592037464699244022,,8.02499961853
1592037464804490006,840,1592037464751705884,,8.02499961853
1592037464857418570,841,1592037464804166078,,8.02499961853
1592037464959537019,842,1592037464857620954,,8.02499961853
1592037465011950163,843,1592037464959213972,,8.02499961853
1592037465064212635,844,1592037465011245965,,8.02499961853
1592037465116593725,845,1592037465063966989,,8.02499961853
1592037465168150797,846,1592037465116338968,,8.02499961853
1592037465221654066,847,1592037465168467044,,8.02499961853
1592037465275169883,848,1592037465222268104,,8.02499961853
1592037465327398566,849,1592037465274698019,,8.02499961853
1592037465379849893,850,1592037465327176094,,8.02499961853
1592037465432596338,851,1592037465379736900,,8.02499961853
1592037465536332492,852,1592037465432353973,,8.02499961853
1592037465588235979,853,1592037465535597085,,8.02499961853
1592037465640167291,854,1592037465588319063,,8.02499961853
1592037465691921020,855,1592037465639914989,,8.02499961853
1592037465743719065,856,1592037465691626071,,8.02499961853
1592037465844848358,857,1592037465743149995,,8.02499961853
1592037465897616255,858,1592037465844675064,,8.02499961853
1592037465950275440,859,1592037465897408962,,8.02499961853
1592037466002955684,860,1592037465949713945,,8.02499961853
1592037466056420851,861,1592037466003340005,,8.02499961853
1592037466109435139,862,1592037466056834936,,8.02499961853
1592037466162261453,863,1592037466109208106,,8.02499961853
1592037466215490623,864,1592037466162322044,,8.02499961853
1592037466271396292,865,1592037466218276977,,8.02499961853
1592037466323689205,866,1592037466270725965,,8.02499961853
1592037466376106671,867,1592037466323615074,,8.02499961853
1592037466428510125,868,1592037466375571966,,8.02499961853
1592037466480803615,869,1592037466428193092,,8.02499961853
1592037466584166548,870,1592037466481441974,,8.02499961853
1592037466636002809,871,1592037466583960056,,8.02499961853
1592037466687801881,872,1592037466635653972,,8.02499961853
1592037466740159459,873,1592037466687222957,,8.02499961853
1592037466791425090,874,1592037466739803075,,8.02499961853
1592037466843371591,875,1592037466791275024,,8.02499961853
1592037466895460724,876,1592037466843065023,,8.02499961853
1592037466947956527,877,1592037466895324945,,8.02499961853
1592037467000622159,878,1592037466948060989,,8.02499961853
1592037467052558787,879,1592037467000561952,,8.02499961853
1592037467104417521,880,1592037467052526950,,8.02499961853
1592037467157267445,881,1592037467104419946,,8.02499961853
1592037467209607741,882,1592037467157023906,,8.02499961853
1592037467262257411,883,1592037467209485054,,8.02499961853
1592037467315121628,884,1592037467261955022,,8.02598953247
1592037467418938789,885,1592037467315026044,,8.02499961853
1592037467470976587,886,1592037467418361902,,8.02499961853
1592037467523412682,887,1592037467470695018,,8.02499961853
1592037467576151473,888,1592037467523571014,,8.02499961853
1592037467629710861,889,1592037467575970888,,8.02499961853
1592037467733162726,890,1592037467630105972,,8.02499961853
1592037467788664445,891,1592037467733596086,,8.02499961853
1592037467840598523,892,1592037467788009881,,8.02499961853
1592037467893880798,893,1592037467840851068,,8.02499961853
1592037467946843847,894,1592037467894293069,,8.02416706085
1592037467999525322,895,1592037467946660995,,8.02499961853
1592037468052463413,896,1592037467999330043,,8.02499961853
1592037468105587733,897,1592037468051798105,,8.02499961853
1592037468158182369,898,1592037468105554103,,8.02499961853
1592037468210645315,899,1592037468157931089,,8.02499961853
1592037468264197440,900,1592037468210481882,,8.02499961853
1592037468316600957,901,1592037468263151884,,8.02499961853
1592037468369293477,902,1592037468315766096,,8.02499961853
1592037468421032106,903,1592037468368597984,,8.02499961853
1592037468473724132,904,1592037468420990943,,8.02499961853
