-0.00159527
-0.0015965
-0.00159477
-0.00159153
-0.00141461
-0.00141939
-0.00143115
-0.00138448
-0.00133441
-0.00134109
-0.0013271
-0.00134477
-0.00134851
-0.00134613
-0.00146017
-0.00138838
-0.00150946
-0.00133661
-0.00151802
-0.0013442
-0.00147726
-0.00136474
-0.00151214
-0.00135995
-0.00148401
-0.00135154
-0.00148359
-0.00137017
-0.00149122
-0.00133676
-0.00146481
-0.00132545
-0.0013274
-0.00129456
-0.0012428
-0.00122754
-0.00132624
-0.00130747
-0.00130461
-0.00130873
-0.00130796
-0.00132348
-0.00131496
-0.00130799
-0.00130001
-0.00128701
-0.00129823
-0.00127984
-0.0013809
-0.00136209
-0.00139535
-0.0014264
-0.00145245
-0.00147575
-0.00149022
-0.00148667
-0.0014947
-0.00148814
-0.00148865
-0.00148423
-0.00148286
-0.00148334
-0.0014743
-0.0014828
-0.0014693
-0.00147607
-0.00147205
-0.00147754
-0.00147399
-0.0014785
-0.00148653
-0.00150252
-0.00149897
-0.00149677
-0.00151127
-0.00153328
-0.00155679
-0.00157081
-0.0015738
-0.00159059
-0.00158681
-0.00158866
-0.0015833
-0.00158453
-0.00157454
-0.00156246
-0.00155624
-0.00154724
-0.00151976
-0.00150172
-0.00147671
-0.00144819
-0.00141733
-0.00138442
-0.00133442
-0.00129841
-0.00127379
-0.00121835
-0.00131904
-0.0015402
-0.00148691
-0.00143589
-0.0013903
-0.00139078
-0.00140934
-0.00142635
-0.00145201
-0.00149721
-0.00152263
-0.00128227
-0.00128929
-0.00138561
-0.00132984
-0.00130534
-0.00134687
-0.00141445
-0.00148052
-0.00154834
-0.0013125
-0.00130321
-0.0012923
-0.00136084
-0.00142789
-0.00145539
-0.00126557
-0.00128532
-0.00129936
-0.00128976
-0.00117117
-0.00114982
-0.00120383
-0.00127963
-0.00122998
-0.0012167
-0.00114868
-0.00125606
-0.00117432
-0.00121969
-0.00118389
-0.00115865
-0.00115353
-0.00110658
-0.00125152
-0.00120691
-0.00133968
-0.00122991
-0.00135447
-0.00108838
-0.00117417
-0.00106283
-0.00119256
-0.00109963
-0.00118443
-0.00123275
-0.00121998
-0.00118481
-0.00104821
-0.001191
-0.00103513
-0.00120192
-0.00120643
-0.00105699
-0.00118614
-0.00122359
-0.00125925
-0.00124104
-0.00110625
-0.00119168
-0.00108117
-0.00125633
-0.00108525
-0.00122455
-0.00110082
-0.00123909
-0.00118019
-0.00123328
-0.00118443
-0.0012335
-0.00101607
-0.0012021
-0.0010753
-0.00121975
-0.00103452
-0.00118133
-0.00102694
-0.001162
-0.00106287
-0.00119934
-0.00100786
-0.00115755
-0.00098845
-0.00107952
-0.00103564
-0.00102279
-0.00117137
-0.000972286
-0.00104499
-0.000996762
-0.00102949
-0.000947427
-0.00106132
-0.000938058
-0.000970791
-0.00102176
-0.000940829
-0.00107625
-0.000996135
-0.00111265
-0.00105105
-0.00118811
-0.0010475
-0.00115826
-0.00110967
-0.00105898
-0.00105794
-0.00105493
-0.00107946
-0.00110148
-0.00111464
-0.00111274
-0.00112578
-0.00116829
-0.00120838
-0.0012109
-0.00120688
-0.00121891
-0.00121199
-0.00122512
-0.00122966
-0.00123716
-0.00128121
-0.00129697
-0.00127807
-0.00128959
-0.00129497
-0.001289
-0.00126829
-0.00126072
-0.00124623
-0.00127451
-0.00127035
-0.00125673
-0.00121875
-0.00121256
-0.00120151
-0.00117999
-0.00114252
-0.00111149
-0.00107301
-0.00103501
-0.000982154
-0.000969049
-0.000989771
-0.00111779
-0.00132357
-0.00122314
-0.00110501
-0.0010757
-0.00107457
-0.00109212
-0.00111316
-0.0011337
-0.0011417
-0.00118509
-0.00121508
-0.00124563
-0.0012877
-0.00132025
-0.00134254
-0.00123327
-0.00118292
-0.00112787
-0.00107818
-0.00100469
-0.000964062
-0.000933455
-0.0010969
-0.00119453
-0.00111801
-0.00100753
-0.000954242
-0.00100005
-0.00112588
-0.00128347
-0.00116901
-0.00124472
-0.00129407
-0.00127482
-0.0012436
-0.00113119
-0.00107797
-0.00105049
-0.00102598
-0.00102951
-0.00103207
-0.00107261
-0.00109416
-0.00110402
-0.00111351
-0.00108901
-0.00110707
-0.00116112
-0.00121719
-0.00125409
-0.00112427
-0.0011121
-0.00109741
-0.00106935
-0.00106838
-0.00105038
-0.00104792
-0.00102138
-0.00100869
-0.000995656
-0.0010358
-0.00106147
-0.00106628
-0.0011253
-0.0010635
-0.000851882
-0.000938631
-0.000934199
-0.00106067
-0.000933042
-0.00109581
-0.000991095
-0.000868332
-0.00102274
-0.000919654
-0.00107042
-0.000930773
-0.00109458
-0.000836321
-0.000971154
-0.000857732
-0.000997572
-0.000865762
-0.00100289
-0.000868023
-0.00102558
-0.000960464
-0.00102855
-0.000847751
-0.000965691
-0.0010217
-0.00106644
-0.000941247
-0.00104558
-0.000968287
-0.00105441
-0.000763921
-0.000826353
-0.000969776
-0.000881098
-0.0009789
-0.000945517
-0.000944988
-0.000865352
-0.000952102
-0.000901296
-0.000982691
-0.000817543
-0.000803148
-0.000723565
-0.000792672
-0.000770118
-0.00091121
-0.000849755
-0.000979544
-0.000797504
-0.000828401
-0.000788277
-0.000686855
-0.000819886
-0.000726017
-0.000885084
-0.000823633
-0.000940849
-0.000884934
-0.000943423
-0.000964846
-0.000900373
-0.000898184
-0.000771427
-0.000913513
-0.000725761
-0.000859186
-0.000705916
-0.000841987
-0.000649698
-0.000809123
-0.000647212
-0.000788781
-0.000813097
-0.00063797
-0.000770089
-0.000686392
-0.000796712
-0.000675181
-0.00086164
-0.000880765
-0.000793975
-0.000748033
-0.000749772
-0.000758311
-0.000771832
-0.000775874
-0.000766876
-0.000810373
-0.000831714
-0.000846251
-0.000842745
-0.000857756
-0.000868296
-0.000874809
-0.000898358
-0.000915187
-0.000915132
-0.000912642
-0.000903651
-0.000928208
-0.00093472
-0.000925729
-0.0009122
-0.000922501
-0.000907514
-0.000913043
-0.000882013
-0.000882534
-0.000871549
-0.000865213
-0.000837852
-0.000796865
-0.000769866
-0.000736871
-0.000697497
-0.000747649
-0.00104901
-0.000991714
-0.000903817
-0.000830667
-0.000819666
-0.000811949
-0.000805393
-0.000866572
-0.000888094
-0.000883601
-0.000885096
-0.000875589
-0.000851673
-0.000844279
-0.000866338
-0.000898386
-0.000911907
-0.000947479
-0.000961539
-0.0010006
-0.00101522
-0.00101535
-0.00102788
-0.00103678
-0.000935569
-0.000871774
-0.000808821
-0.000740323
-0.000681124
-0.000687889
-0.000826322
-0.00106456
-0.00105752
-0.000915564
-0.000847721
-0.00075573
-0.000678556
-0.00069656
-0.000825405
-0.000899531
-0.00082981
-0.000769847
-0.000691842
-0.000658792
-0.000735191
-0.000835288
-0.000662162
-0.000763886
-0.000895592
-0.000745642
-0.000771698
-0.000822444
-0.000810599
-0.000831511
-0.000818018
-0.000805538
-0.000842257
-0.000831468
-0.000824458
-0.000822026
-0.000816318
-0.000807563
-0.000810941
-0.000820244
-0.000828777
-0.000848191
-0.000861274
-0.000875306
-0.000869621
-0.000873047
-0.000924232
-0.000711891
-0.000687784
-0.000644093
-0.000668688
-0.000678663
-0.000713275
-0.000750301
-0.000770836
-0.000777175
-0.000782176
-0.000769193
-0.000778248
-0.000743139
-0.000689951
-0.000651596
-0.000562646
-0.000649322
-0.000627334
-0.000718446
-0.000698457
-0.000696841
-0.000732563
-0.000608756
-0.000757747
-0.000742861
-0.000553974
-0.000697338
-0.000801907
-0.000710604
-0.000585018
-0.000736724
-0.000822053
-0.000725411
-0.000606143
-0.000736869
-0.000854891
-0.000741069
-0.000676895
-0.000807528
-0.000722816
-0.000561441
-0.000728229
-0.000562819
-0.000752919
-0.000665753
-0.000782016
-0.000698486
-0.000803215
-0.000619257
-0.000534792
-0.00063552
-0.00055924
-0.000722392
-0.000562116
-0.000737549
-0.0005941
-0.000750045
-0.000661634
-0.00051655
-0.000676363
-0.000514065
-0.000558594
-0.00046606
-0.000602867
-0.000474863
-0.000618941
-0.000558289
-0.000684152
-0.000639677
-0.00047488
-0.000557616
-0.000456724
-0.000654846
-0.000459417
-0.000634227
-0.000486749
-0.00062606
-0.00055305
-0.000686511
-0.000614788
-0.00055171
-0.000675828
-0.000612513
-0.000700958
-0.000497714
-0.000688767
-0.000554323
-0.000710439
-0.000618483
-0.000435178
-0.000554363
-0.000633746
-0.000571129
-0.000456247
-0.000592688
-0.000655078
-0.000564008
-0.000600562
-0.000573621
-0.000520538
-0.000507428
-0.00050502
-0.000531166
-0.000441266
-0.000585769
-0.000517434
-0.000612929
-0.000655801
-0.000400353
-0.000382752
-0.000524675
-0.000643379
-0.000443157
-0.000583304
-0.000408911
-0.000591801
-0.000370793
-0.000516208
-0.000382528
-0.000528071
-0.000396921
-0.00052773
-0.000385059
-0.000475206
-0.000423244
-0.000434804
-0.00044732
-0.000439969
-0.000430117
-0.000439143
-0.000436716
-0.000420686
-0.000412205
-0.00040826
-0.000400013
-0.000405821
-0.000552149
-0.000649887
-0.000604648
-0.00057791
-0.000456127
-0.000457184
-0.000470204
-0.000489249
-0.000512738
-0.000518568
-0.000528604
-0.000546159
-0.000560669
-0.00057521
-0.000584743
-0.00060131
-0.000622321
-0.000627105
-0.000634125
-0.000649175
-0.000658702
-0.000668708
-0.000670246
-0.000673273
-0.000660409
-0.000662062
-0.000645079
-0.000642589
-0.000630107
-0.000618137
-0.000613143
-0.000600127
-0.000572948
-0.000559935
-0.000536492
-0.000500487
-0.000477518
-0.000441042
-0.000402565
-0.000381596
-0.000514229
-0.000598355
-0.000744027
-0.000694178
-0.000639043
-0.000526024
-0.000467165
-0.000494446
-0.000518535
-0.000545605
-0.000567127
-0.000603715
-0.000632272
-0.00066382
-0.000681881
-0.000691917
-0.000705562
-0.000718726
-0.00073049
-0.000667004
-0.000646409
-0.000637542
-0.000573688
-0.000514195
-0.00047924
-0.000433764
-0.000384798
-0.000420823
-0.000562228
-0.00063361
-0.000581506
-0.000534181
-0.000460708
-0.000383867
-0.00038273
-0.000524938
-0.000606799
-0.00060404
-0.000540043
-0.000463122
-0.000382142
-0.000380994
-0.000501737
-0.000567086
-0.000634043
-0.000594942
-0.000465996
-0.000376044
-0.000327551
-0.000368435
-0.000463462
-0.000570697
-0.000508499
-0.000564139
-0.000608761
-0.000658398
-0.000709521
-0.00044318
-0.000343858
-0.000476995
-0.000548422
-0.00048098
-0.000439027
-0.0004254
-0.000361889
-0.000341697
-0.000375524
-0.000470756
-0.000489284
-0.000464836
-0.000577586
-0.00045934
-0.000487559
-0.000482047
-0.000529327
-0.000553722
-0.000571303
-0.000579235
-0.000592128
-0.000603035
-0.000594109
-0.000601645
-0.000603596
-0.000602959
-0.000586482
-0.00059205
-0.000586043
-0.000602583
-0.000604627
-0.000603154
-0.000608487
-0.000630991
-0.000626537
-0.000648088
-0.000652483
-0.000645448
-0.000643735
-0.000568768
-0.000562636
-0.000343784
-0.00042867
-0.000505532
-0.000396394
-0.000404163
-0.000421244
-0.000427406
-0.000439595
-0.000439615
-0.000459176
-0.000464201
-0.000469262
-0.000481805
-0.000492864
-0.000503413
-0.000518074
-0.000520241
-0.000532784
-0.000540829
-0.000553376
-0.000567922
-0.000586463
-0.000607029
-0.000614057
-0.000610706
-0.000595363
-0.000582893
-0.00055742
-0.000470934
-0.000503015
-0.000477035
-0.000441549
-0.000410231
-0.000367373
-0.00034154
-0.000314125
-0.00041692
-0.000385257
-0.00039276
-0.000411811
-0.000425848
-0.000435352
-0.0004467
-0.000465754
-0.000473826
-0.000485362
-0.000492897
-0.000501449
-0.000499978
-0.000502296
-0.000475263
-0.000466307
-0.00044036
-0.000428874
-0.000390907
-0.000373756
-0.000364347
-0.000375111
-0.000382892
-0.000390303
-0.000386368
-0.00039001
-0.000398055
-0.000395095
-0.000394879
-0.000390935
-0.000381778
-0.0003934
-0.000374932
-0.000356671
-0.000424309
-0.00037254
-0.000360445
-0.000515475
-0.000375315
-0.000271956
-0.000373043
-0.000328834
-0.000479286
-0.000372999
-0.000533139
-0.000299707
-0.000422534
-0.000524462
-0.000323157
-0.000472039
-0.000523564
-0.00043289
-0.000257345
-0.000401663
-0.00052902
-0.000587199
-0.000466279
-0.000302718
-0.000466407
-0.000629319
-0.000534524
-0.000466905
-0.000402201
-0.000286956
-0.000416537
-0.000515651
-0.000649147
-0.000549737
-0.00042405
-0.000398878
-0.000275994
-0.000398852
-0.000493816
-0.000671673
-0.000619345
-0.000506631
-0.000433994
-0.000304027
-0.000443251
-0.000520537
-0.000665798
-0.00063296
-0.000557123
-0.00049153
-0.000426951
-0.000393787
-0.000286437
-0.000441639
-0.00062829
-0.000525894
-0.000482744
-0.00045537
-0.000403752
-0.000380149
-0.0002968
-0.000411968
-0.00057597
-0.000249395
-0.000327633
-0.000450881
-0.000561452
-0.000408069
-0.000271554
-0.000365714
-0.000487915
-0.000513667
-0.000435014
-0.000279495
-0.000399078
-0.00048998
-0.00049193
-0.000402633
-0.000262548
-0.000331339
-0.000431133
-0.000513985
-0.000523269
-0.000415654
-0.000357194
-0.000468494
-0.000530106
-0.000442421
-0.000342603
-0.000570864
-0.000428843
-0.000313729
-0.000462573
-0.000584855
-0.000364656
-0.000263509
-0.000453708
-0.000460274
-0.000287272
-0.000452787
-0.000381372
-0.000262161
-0.000413661
-0.0004023
-0.000282133
-0.000409716
-0.000501534
-0.000413707
-0.000292962
-0.000293276
-0.000284163
-0.00028348
-0.000292318
-0.000281905
-0.000276567
-0.000273484
-0.000478864
-0.000556484
-0.000486521
-0.000387229
-0.000296246
-0.000291251
-0.00030177
-0.000312139
-0.000296109
-0.000296159
-0.000296719
-0.000290711
-0.000291777
-0.000276794
-0.000271563
-0.000269645
-0.000263824
-0.000529579
-0.000491398
-0.00036776
-0.000289604
-0.00028643
-0.000294261
-0.000287241
-0.000286787
-0.000293818
-0.000286349
-0.000281358
-0.000276397
-0.000279431
-0.000264604
-0.000475144
-0.00035714
-0.00029043
-0.000288714
-0.000296729
-0.000290241
-0.000294109
-0.0003006
-0.000293638
-0.00029217
-0.000294694
-0.000276697
-0.000281761
-0.000277783
-0.00027828
-0.000264447
-0.00020693
-0.000380285
-0.000285477
-0.000288387
-0.00028691
-0.000290957
-0.000294495
-0.000294034
-0.000289076
-0.000285213
-0.000280374
-0.000279407
-0.000287452
-0.000288962
-0.00028505
-0.000279072
-0.000274084
-0.000266731
-0.000285061
-0.000344542
-0.000285995
-0.000291764
-0.00029232
-0.0002918
-0.000293373
-0.000274901
-0.00028506
-0.000291222
-0.000279729
-0.000276765
-0.000296352
-0.000294881
-0.000272409
-0.000268944
-0.00025924
-0.000250099
-0.000287891
-0.000441296
-0.000369889
-0.000275364
-0.000277205
-0.000272555
-0.000275427
-0.000280387
-0.000275129
-0.000281352
-0.000274061
-0.000274497
-0.00026554
-0.00026684
-0.000267877
-0.000252744
-0.000254075
-0.000180682
-0.000330513
-0.000436306
-0.000386451
-0.000271327
-0.00026875
-0.000275587
-0.000273425
-0.00026945
-0.000268829
-0.000277514
-0.000273569
-0.000263086
-0.000266149
-0.000269121
-0.00026475
-0.000263196
-0.00026056
-0.000255058
-0.00025213
-0.000244501
-0.000189183
-0.000312631
-0.000449049
-0.000389318
-0.000270308
-0.00026947
-0.000286986
-0.000291625
-0.000289677
-0.000281225
-0.000277244
-0.000293317
-0.000302375
-0.000300934
-0.000278549
-0.000274214
-0.000270236
-0.000267302
-0.000264817
-0.000259889
-0.000245895
-0.000240302
-0.00019583
-0.000354727
-0.000563252
-0.000485799
-0.000390536
-0.00033243
-0.000282574
-0.000275099
-0.000284155
-0.000282714
-0.000301283
-0.000303836
-0.000301794
-0.000299605
-0.000299925
-0.000304958
-0.000309749
-0.000303296
-0.000300572
-0.000283381
-0.000280119
-0.00027316
-0.000268944
-0.000261715
-0.000255804
-0.000259333
-0.000239144
-0.000232515
-0.000230177
-0.00021213
-0.000376796
-0.000604347
-0.000526324
-0.000422111
-0.000280237
-0.000282046
-0.000295129
-0.000309165
-0.000314997
-0.000305469
-0.000307549
-0.000302077
-0.000307615
-0.000307161
-0.000308705
-0.00030225
-0.000282586
-0.000281555
-0.000263087
-0.000265611
-0.000253167
-0.000254708
-0.000243367
-0.000232811
-0.000596259
-0.00034427
-0.00032945
-0.000268278
-0.000264724
-0.000281761
-0.000269911
-0.000277177
-0.000287252
-0.000293079
-0.000294826
-0.000288103
-0.000292423
-0.000286477
-0.000288529
-0.00029508
-0.000292118
-0.000294734
-0.000286935
-0.000264704
-0.000257475
-0.000258035
-0.000250811
-0.000235635
-0.00022957
-0.000228833
-0.000217831
-0.000179968
-0.000311435
-0.00025012
-0.000252828
-0.000253345
-0.000252344
-0.000258898
-0.000261455
-0.000257511
-0.000263555
-0.000261071
-0.000260138
-0.000261617
-0.000258474
-0.000242951
-0.000178438
-0.000327948
-0.00044016
-0.000352114
-0.000241879
-0.000237456
-0.000241343
-0.000243393
-0.000233063
-0.000231345
-0.000225763
-0.000182145
-0.000315318
-0.000506808
-0.00034565
-0.000297771
-0.000186192
-0.000349303
-0.000531185
-0.000442701
-0.000322868
-0.000236339
-0.000242524
-0.000238867
-0.000232676
-0.000236269
-0.00022703
-0.000228427
-0.000227923
-0.000230167
-0.000228062
-0.000224087
-0.000232433
-0.000362623
-0.000533335
-0.000387519
-0.000307507
-0.000238492
-0.000236745
-0.000244167
-0.000238313
-0.000243727
-0.000242224
-0.000238543
-0.000245094
-0.00024061
-0.000242153
-0.000234208
-0.000229217
-0.000220507
-0.00022603
-0.000285452
-0.000550582
-0.0004292
-0.000301802
-0.000240454
-0.000249276
-0.000233276
-0.00022843
-0.000229075
-0.00022212
-0.000234669
-0.0002252
-0.000224237
-0.000221243
-0.000212915
-0.000211202
-0.000189036
-0.000383271
-0.000290787
-0.000232803
-0.000233151
-0.000243802
-0.000235321
-0.000226859
-0.000225015
-0.000221275
-0.000228936
-0.000224986
-0.000223309
-0.000219323
-0.000218286
-0.000212816
-0.000208644
-0.000248882
-0.000291811
-0.000410828
-0.00028629
-0.00026375
-0.000404617
-0.000536619
-0.000414232
-0.000316285
-0.000172396
-0.000311177
-0.000373554
-0.000536335
-0.000404869
-0.000340043
-0.00013175
-0.000222488
-0.000343033
-0.000495649
-0.00034903
-0.00026876
-0.000358796
-0.00046092
-0.000323408
-0.000111657
-0.000191758
-0.000496617
-0.000342148
-0.000267061
-0.000111349
-0.000238285
-0.000383204
-0.000338651
-0.000302732
-0.000115618
-0.000252925
-0.000379304
-0.000391496
-0.000313514
-0.000125395
-0.000274096
-0.000374252
-0.000318669
-0.000179579
-0.000295363
-0.000421571
-0.000311829
-0.000274321
-0.000356454
-0.000317111
-0.000255703
-0.000148491
-0.00014422
-0.000228927
-0.000193888
-8.38445e-05
-0.0002213
-6.3883e-05
-0.000243807
-0.000123975
-0.000237087
-0.0002033
-0.00032278
-0.0002558
-0.000304643
-0.000189979
-9.19122e-05
-0.000117293
-0.000121433
-0.000113737
-0.000108672
-0.000120048
-0.000243054
-0.000136941
-0.000147272
-0.000154864
-0.000157571
-0.000156068
-0.000254721
-0.000290359
-0.000311432
-0.000312469
-0.000311264
-0.000233853
-0.000239503
-0.000259687
-0.000258214
-0.000253795
-0.000245794
-0.000247337
-0.000267227
-0.000240906
-0.000225716
-0.000274657
-0.000273025
-0.000274657
-0.000253179
-0.000220221
-0.00021276
-0.000199037
-0.000257474
-0.000100579
-0.000150617
-0.00023303
-0.000329253
-0.000269958
-0.000196364
-0.000170406
-0.000178179
-0.000218261
-0.000258856
-0.000283455
-0.000309997
-0.000337097
-0.000357429
-0.000267167
-0.000292989
-0.000313531
-0.000326821
-0.000246146
-0.000261162
-0.00027147
-0.000280496
-0.000296563
-0.000314085
-0.000332626
-0.000329692
-0.000339225
-0.000361793
-0.000373673
-0.000225967
-0.000193209
-0.000171018
-0.000190743
-0.000243435
-0.000204219
-0.00025294
-0.000202453
-0.000143503
-9.30497e-05
-0.000102505
-0.000253511
-0.000430377
-0.000395864
-0.000367772
-0.000361791
-0.000350766
-0.000361348
-0.000378909
-0.000391935
-0.000429033
-0.000446087
-0.00045698
-0.000314339
-0.000238
-0.000178666
-0.000119716
-8.50075e-05
-0.000140668
-0.000317402
-0.000293802
-0.00022433
-0.00012043
-0.000110106
-0.000208281
-0.000298212
-0.000212258
-0.000156832
-8.88555e-05
-6.92828e-05
-0.000174806
-0.00030351
-0.000308098
-0.000297119
-0.000302709
-6.00452e-05
-1.32241e-05
-1.80071e-05
-0.000267881
-0.000291975
-0.000160067
-0.000160855
-0.000164012
-0.000289848
-8.03553e-05
-4.66892e-05
-0.000102753
-0.000233004
-0.00012419
-0.000150723
-0.000183603
-0.000206717
-0.000221266
-0.000256367
-0.000253377
-0.000277471
-0.000298668
-0.000300804
-0.000310372
-0.000328443
-0.000349011
-0.000338025
-0.000379859
-0.000335018
-0.000292936
-0.000242482
-0.000177031
-0.000124589
-7.27334e-05
-3.02569e-05
-0.000119088
-0.000211339
-0.000106005
-0.000121097
-0.000147189
-0.00016675
-0.000177305
-0.000197403
-0.000222922
-0.000246004
-0.000264071
-0.000284253
-0.000305421
-0.00031797
-0.000333533
-0.000346109
-0.000352634
-0.000369048
-0.000342577
-0.000326963
-0.000313809
-0.000273276
-0.00022834
-0.000175883
-0.000132887
-8.29729e-05
-9.20289e-06
-0.000125023
-0.000258282
-9.91246e-05
-0.000111941
-0.000133499
-0.000138196
-0.000142106
-0.00016249
-0.000178819
-0.00020688
-0.000216209
-0.000238275
-0.000256818
-0.000278613
-0.000303211
-0.000322738
-0.000335604
-0.000337289
-0.00034447
-0.00035917
-0.000328936
-0.000319085
-0.000318836
-0.000305345
-0.000276864
-0.000243135
-0.000207167
-0.000170635
-0.000127718
-8.74189e-05
-7.19661e-05
-4.02613e-05
-4.33243e-05
-0.000159784
-0.000278209
-0.000103708
-0.000113395
-0.000121953
-0.000139987
-0.000167573
-0.000191635
-0.000220198
-0.000235284
-0.000251292
-0.000274484
-0.000282679
-0.000301223
-0.000301786
-0.000312812
-0.000302846
-0.000312918
-0.00030993
-0.000307476
-0.00027911
-0.000258284
-0.000241819
-0.000217846
-0.000176391
-0.000152414
-0.000102464
-6.62886e-05
-3.75015e-05
-4.85898e-05
-0.000218425
-7.96872e-05
-9.1223e-05
-0.000126798
-0.000150896
-0.000167913
-0.000181002
-0.000183288
-0.000211346
-0.000226406
-0.000237939
-0.000251501
-0.000251051
-0.000255608
-0.000243105
-0.000245635
-0.000225285
-0.000207479
-0.000187494
-0.000157552
-0.000131578
-8.91128e-05
-5.01052e-05
-5.11927e-05
-0.000222006
-7.10191e-05
-7.57664e-05
-8.14384e-05
-0.00010729
-0.000120557
-0.000130404
-0.000146027
-0.00015898
-0.000167027
-0.000166097
-0.000177128
-0.000180433
-0.000180456
-0.000172729
-0.00016161
-0.00014434
-0.000124879
-0.000101138
-7.09309e-05
-6.34951e-05
3.7276e-06
-0.00010173
-0.00019074
-7.21176e-05
-8.11497e-05
-0.000105715
-0.000117728
-0.000125776
-0.000137848
-0.000153921
-0.000159403
-0.000167744
-0.000165293
-0.000172328
-0.000163405
-0.000163908
-0.000156479
-0.000147016
-0.000125659
-9.03148e-05
-6.38369e-05
-5.44103e-05
-2.42864e-05
-0.000149823
-0.00013238
-7.00169e-05
-7.21016e-05
-0.000101407
-0.00011443
-0.000121968
-0.000136515
-0.000144566
-0.00016314
-0.000167193
-0.000169363
-0.000163509
-0.000163055
-0.000153118
-0.000171158
-0.000156688
-0.000140757
-0.000121284
-0.000103594
-8.46209e-05
-6.26413e-05
-3.59839e-05
1.72953e-06
-7.96333e-05
-0.000198414
-0.000224772
-0.00014072
-6.13226e-05
-6.21677e-05
-8.10431e-05
-8.06189e-05
-0.00010065
-0.00011469
-0.000127275
-0.000125268
-0.000140861
-0.000133431
-0.000141959
-0.000133988
-0.000143793
-0.000137824
-0.000133882
-0.00012642
-0.000114456
-8.75281e-05
-7.60445e-05
-4.88733e-05
-3.488e-05
-7.11403e-06
-0.000144376
-0.000238256
-0.000310173
-0.000203217
-7.18684e-05
-7.41198e-05
-8.98292e-05
-9.53433e-05
-0.000103418
-0.000123992
-0.000117036
-0.000125561
-0.000123143
-0.000115683
-0.000115706
-0.000129928
-0.000110564
-0.000103105
-8.81602e-05
-7.36894e-05
-5.67209e-05
-4.22562e-05
-3.24424e-05
-5.81435e-05
-0.000192275
-0.000316482
-0.000158472
-5.64751e-05
-6.85504e-05
-8.36034e-05
-9.81498e-05
-0.000109324
-0.000110512
-0.000129086
-0.000138277
-0.000134146
-0.000133218
-0.000122736
-0.000123591
-0.000119875
-0.000114371
-0.000101791
-8.37414e-05
-7.32682e-05
-4.43069e-05
-2.03132e-05
-1.87681e-05
-4.0488e-06
-0.000103837
-0.000224013
-0.000318253
-0.000238948
-0.000170434
-5.84112e-05
-5.59838e-05
-5.5699e-05
-6.87863e-05
-7.50457e-05
-8.68794e-05
-9.28166e-05
-0.000108833
-0.000115009
-0.000108563
-0.000117656
-0.000111687
-0.000110414
-0.000110599
-0.000104338
-9.92651e-05
-8.81173e-05
-7.29772e-05
-5.00108e-05
-3.91973e-05
-2.58377e-05
-6.02856e-06
-0.000128267
-0.000345358
-0.000226049
-0.000133904
-5.07024e-05
-6.9393e-05
-7.24329e-05
-7.04855e-05
-8.00866e-05
-8.96549e-05
-9.6324e-05
-0.000101985
-9.95334e-05
-9.30908e-05
-9.61575e-05
-0.000102745
-0.000104768
-9.78457e-05
-7.83999e-05
-7.77348e-05
-4.92191e-05
-2.92605e-05
-1.47991e-05
2.04885e-05
-9.27477e-05
-0.000188634
-0.000359613
-0.000318609
-0.00027131
-0.000194202
-0.000140464
-0.000112475
-0.000101294
-5.4188e-05
-5.12661e-05
-5.99662e-05
-6.65175e-05
-6.3281e-05
-6.37034e-05
-6.60892e-05
-7.74178e-05
-8.34985e-05
-8.65652e-05
-8.73337e-05
-8.66728e-05
-9.40112e-05
-9.71136e-05
-9.33351e-05
-9.26444e-05
-8.71841e-05
-8.59881e-05
-7.65899e-05
-6.4628e-05
-5.94657e-05
-3.87634e-05
-2.3785e-05
-1.13594e-05
3.11297e-05
-1.98092e-05
-8.65603e-05
-0.000177133
-0.000385996
-0.000329676
-0.000244069
-0.000212046
-0.000172025
-0.000119205
-5.38278e-05
-6.6715e-05
-6.8259e-05
-7.83044e-05
-8.38691e-05
-0.000118499
-0.000115541
-0.000109684
-0.000111884
-0.000119455
-0.000122018
-0.000127076
-0.00013116
-0.000119697
-0.00013523
-0.000134746
-0.000111121
-0.000108166
-0.000112246
-0.000110812
-0.000103353
-9.49398e-05
-7.74617e-05
-5.85228e-05
-4.08899e-05
-2.6391e-05
-1.41849e-05
2.33792e-05
-7.03617e-05
-0.00019183
-0.000369382
-0.000334135
-0.000280601
-0.000192484
-0.000126326
-5.44459e-05
-5.86921e-05
-6.50394e-05
-6.00782e-05
-8.86774e-05
-9.62485e-05
-0.000100803
-0.000118366
-0.000119943
-0.000121009
-0.000135531
-0.000127374
-0.00012895
-0.000122978
-0.000126585
-0.000125114
-0.000121683
-0.000120752
-0.00012931
-0.000112958
-0.00010669
-0.000102212
-9.07523e-05
-8.03421e-05
-6.13703e-05
-5.19437e-05
-2.79968e-05
-1.8032e-05
8.70232e-06
-8.47727e-05
-0.000205521
-0.000378902
-0.000321569
-0.000201381
-0.000111058
-4.84483e-05
-5.79041e-05
-7.5841e-05
-7.94973e-05
-8.35806e-05
-9.66397e-05
-0.000104208
-0.000104767
-0.000113352
-0.000106396
-0.000117998
-0.000123978
-0.000114847
-0.0001149
-0.000108421
-0.000111011
-0.000116582
-0.000100144
-8.96709e-05
-8.77003e-05
-7.45427e-05
-7.11079e-05
-6.91635e-05
-5.26988e-05
-4.18114e-05
-3.33388e-05
-1.0909e-05
-4.46641e-06
3.38898e-05
-1.53515e-05
-0.000103163
-0.00019893
-0.00030575
-0.000278405
-0.000298723
-0.000291214
-0.000246018
-0.000164648
-8.13445e-05
-5.60485e-05
-7.37712e-05
-7.86613e-05
-9.59831e-05
-0.000110594
-0.000101562
-0.00011026
-0.000115725
-0.000129049
-0.000126359
-0.000129903
-0.000129988
-0.000132547
-0.000135376
-0.00013756
-0.00012189
-0.000137258
-0.000135579
-0.00012937
-0.000124953
-0.000112242
-9.97751e-05
-0.000100084
-8.96365e-05
-8.12057e-05
-7.20503e-05
-5.18233e-05
-4.0131e-05
-2.0952e-05
-6.44184e-06
2.11692e-06
3.22348e-05
-2.0889e-05
-8.27137e-05
-0.00016625
-0.000221263
-0.000313585
-0.000249211
-0.000179143
-0.000101172
-0.000103848
-0.000135977
-0.000185112
-0.000182694
-0.000150413
-0.000117889
-9.88652e-05
-8.1552e-05
-6.83486e-05
-5.86124e-05
-5.74088e-05
-5.78481e-05
-7.44537e-05
-7.23688e-05
-7.37033e-05
-8.2498e-05
-7.92134e-05
-0.000103917
-0.000121004
-0.000139103
-0.000134652
-0.000132674
-0.000136032
-0.000143537
-0.000142102
-0.000136157
-0.000149756
-0.000158814
-0.000154332
-0.00014893
-0.000136457
-0.00013546
-0.000141804
-0.000138366
-0.000145937
-0.000123477
-0.000112527
-0.000110109
-0.000112669
-8.11419e-05
-7.20106e-05
-6.60685e-05
-4.50962e-05
-3.76728e-05
-1.77171e-05
2.20276e-06
2.68473e-05
-1.70292e-05
-5.45588e-05
-0.000160591
-0.000199902
-0.000378731
-0.000281445
-0.000185299
-9.73742e-05
-8.03563e-05
-0.000147779
-0.00015335
-0.000142904
-0.000138422
-0.000105204
-9.66907e-05
-8.17102e-05
-6.32297e-05
-6.27787e-05
-5.21663e-05
-5.74226e-05
-6.79779e-05
-7.01744e-05
-7.0315e-05
-8.34068e-05
-8.59636e-05
-9.34986e-05
-9.55517e-05
-9.76346e-05
-0.000110214
-0.000130755
-0.000128927
-0.000133599
-0.000138692
-0.000146263
-0.000140798
-0.000128861
-0.000135383
-0.000134458
-0.000129529
-0.000121674
-0.000127359
-0.000109907
-0.000108947
-0.00012803
-0.000113086
-8.06068e-05
-7.86951e-05
-5.73317e-05
-5.20181e-05
-4.50955e-05
-3.31349e-05
-1.51764e-05
4.9063e-06
3.38385e-05
-2.48546e-05
-6.28942e-05
-0.000117982
-0.000179031
-0.000335926
-0.000231003
-0.000128827
-7.66291e-05
-7.50231e-05
-0.000139462
-0.000143039
-0.000127065
-0.000124881
-0.000101327
-0.000102396
-7.89141e-05
-7.84243e-05
-6.29607e-05
-6.85674e-05
-7.86095e-05
-6.70863e-05
-8.49412e-05
-9.05179e-05
-9.00639e-05
-9.01168e-05
-9.26407e-05
-0.00010722
-0.000112794
-0.00011186
-0.000121871
-0.000120189
-0.000123729
-0.000124799
-0.000115336
-0.000110888
-9.99048e-05
-0.000120002
-0.000112063
-0.00010588
-0.000113383
-0.000100436
-0.000102999
-9.75309e-05
-8.30961e-05
-7.41433e-05
-5.92019e-05
-5.08724e-05
-3.65523e-05
-3.45751e-05
-6.12668e-06
7.03289e-06
3.50802e-05
-1.62205e-05
-6.1799e-05
-0.000106337
-0.000158381
-0.000211949
-0.000225312
-0.000329594
-0.000200107
-9.87364e-05
-6.20915e-05
-9.10496e-05
-9.96341e-05
-0.000102458
-8.94421e-05
-9.30186e-05
-9.20518e-05
-9.26115e-05
-7.26139e-05
-7.2637e-05
-7.67172e-05
-8.93851e-05
-9.6565e-05
-9.00804e-05
-8.86756e-05
-9.97344e-05
-9.62666e-05
-0.000105328
-0.000113877
-0.000107905
-0.000120749
-0.000119248
-0.000119811
-0.000116373
-0.000119407
-0.000127964
-0.000133535
-0.000112527
-0.000100593
-0.000109438
-0.000101914
-0.000101967
-0.000104053
-9.30761e-05
-6.81064e-05
-6.21674e-05
-4.31956e-05
-4.37259e-05
-3.80537e-05
-3.36053e-05
-2.51654e-05
-5.21288e-06
1.51339e-05
2.73487e-05
-7.36496e-05
-8.86968e-05
-0.000110758
-0.000164293
-0.000213709
-0.000355654
-0.000263998
-0.000161889
-0.000135393
-6.54391e-05
-5.43658e-05
-5.60603e-05
-6.83548e-05
-7.54191e-05
-8.34657e-05
-8.87682e-05
-0.000104363
-0.000115153
-0.000123437
-0.000126742
-0.000136336
-0.000145336
-0.000148399
-0.000154952
-0.000158227
-0.000161024
-0.0001756
-0.000186653
-0.000192289
-0.000194471
-0.000203807
-0.000184529
-0.000188101
-0.00017536
-0.00018445
-0.000174449
-0.000170001
-0.000177562
-0.00017132
-0.000167106
-0.000169666
-0.000144668
-0.000128978
-0.000127749
-0.00011382
-9.846e-05
-7.63711e-05
-7.79208e-05
-6.79562e-05
-5.32518e-05
-3.52951e-05
-1.80897e-05
-2.49648e-05
-7.99335e-06
1.09729e-05
3.06952e-05
-1.75852e-05
-4.96365e-05
1.80209e-05
-0.000314284
-0.000224748
-0.000168677
-8.6793e-05
-6.76156e-05
-4.53697e-05
-5.75638e-05
-8.21052e-05
-9.14674e-05
-0.000104523
-0.000106067
-0.000129121
-0.000142175
-0.000151716
-0.000166299
-0.000177355
-0.000175493
-0.00018318
-0.000191225
-0.00020279
-0.000212326
-0.000227883
-0.000238942
-0.000250948
-0.000249511
-0.000258033
-0.00025522
-0.00024638
-0.000237392
-0.000242423
-0.000238952
-0.000227973
-0.000223518
-0.000224345
-0.000225852
-0.000219884
-0.000202403
-0.000192943
-0.00016848
-0.000171008
-0.000164532
-0.000152535
-0.000132844
-0.000123892
-9.99447e-05
-8.44577e-05
-6.10206e-05
-5.30578e-05
-2.96176e-05
-1.64325e-06
-1.81489e-06
2.98868e-05
3.48546e-05
-8.16552e-05
-0.000340829
-0.000277812
-0.000145625
-9.65036e-05
-5.25311e-05
-5.30525e-05
-5.02516e-05
-6.19589e-05
-6.85165e-05
-8.76063e-05
-0.000100668
-0.000114529
-0.000126541
-0.0001396
-0.000143138
-0.000160668
-0.000172267
-0.000183803
-0.000200889
-0.000200432
-0.000207908
-0.000229756
-0.000240815
-0.00024937
-0.000253921
-0.000264441
-0.000270008
-0.000271999
-0.000268558
-0.000270543
-0.000269372
-0.000265397
-0.000239411
-0.000244946
-0.000247983
-0.000249556
-0.000236034
-0.000236055
-0.000229362
-0.000225418
-0.000203945
-0.000192482
-0.000186546
-0.000160533
-0.000155578
-0.000140237
-0.000115392
-0.000108436
-9.64758e-05
-7.1545e-05
-5.65678e-05
-4.46104e-05
-6.5808e-07
2.15034e-06
1.85272e-05
2.6226e-05
4.01957e-05
-0.000120656
-0.000204337
-0.000327859
-0.000271358
-0.000141852
-8.56186e-05
-6.35333e-05
-9.70466e-05
-0.000115597
-0.000127168
-0.00013647
-0.000145023
-0.000147312
-0.000151629
-0.00017271
-0.000179894
-0.000174776
-0.000182554
-0.000191107
-0.00019742
-0.000216713
-0.000221744
-0.00023683
-0.000257668
-0.000258285
-0.000260214
-0.000280277
-0.000276031
-0.000280311
-0.000281584
-0.000285901
-0.000283715
-0.000282663
-0.000282264
-0.000273515
-0.00026581
-0.00026085
-0.000258126
-0.000256179
-0.000248177
-0.000243842
-0.000237751
-0.000231542
-0.000225092
-0.000213129
-0.000192634
-0.000176942
-0.00016921
-0.000148061
-0.000131768
-0.000115543
-9.56201e-05
-9.01299e-05
-7.44418e-05
-5.37769e-05
-2.38052e-05
3.09673e-06
2.70706e-05
4.0742e-05
4.94338e-05
4.14706e-05
-7.92518e-05
-0.000318456
-0.000234499
-0.000136143
-5.93849e-05
-7.58315e-05
-0.000133223
-0.000152313
-0.000159341
-0.00017291
-0.000183969
-0.000179482
-0.000185055
-0.000183078
-0.0001859
-0.000191404
-0.000186443
-0.000185956
-0.000212558
-0.000223077
-0.000224143
-0.000227207
-0.000242853
-0.000225004
-0.000242561
-0.000252573
-0.000254588
-0.000250676
-0.000265222
-0.000271777
-0.000258287
-0.00025878
-0.000258111
-0.000247638
-0.000258664
-0.000259724
-0.000251248
-0.000241276
-0.00023331
-0.0002183
-0.000220584
-0.000207666
-0.000190689
-0.000192742
-0.000193242
-0.000177311
-0.00014784
-0.000139842
-0.000115651
-0.000112696
-8.67487e-05
-4.67549e-05
-2.53179e-05
-1.73848e-05
2.09087e-06
2.12699e-05
3.73384e-05
-8.56175e-05
-0.000180457
-0.000264623
-0.000206682
-8.44229e-05
-0.00010654
-0.000151166
-0.000165241
-0.000170779
-0.000176824
-0.000176367
-0.000170425
-0.000168948
-0.00016745
-0.000183251
-0.000186309
-0.00019534
-0.000201418
-0.000213997
-0.000227023
-0.000227043
-0.000214596
-0.000222099
-0.000224383
-0.000236962
-0.000225463
-0.000235508
-0.000235558
-0.000234091
-0.000245659
-0.000232282
-0.000245454
-0.0002325
-0.000242036
-0.000238565
-0.000225585
-0.000222114
-0.000214652
-0.000199169
-0.00019549
-0.00018451
-0.000171053
-0.000167621
-0.000156131
-0.000149656
-0.000136705
-0.000134254
-0.000103085
-7.90763e-05
-5.81071e-05
-4.06617e-05
-2.67368e-05
-3.74056e-06
2.81955e-05
5.24151e-05
7.23748e-05
-3.99933e-05
-0.000163361
-0.000345708
-0.000202217
-9.12952e-05
-5.31173e-05
-2.99336e-05
-7.29145e-05
-0.000110528
-0.00012359
-0.000133129
-0.000147231
-0.00015928
-0.000163291
-0.00017486
-0.000183379
-0.000195208
-0.000203766
-0.000214315
-0.000213348
-0.000202869
-0.000221416
-0.000227967
-0.000228524
-0.000221978
-0.000220296
-0.00022637
-0.000236889
-0.00023992
-0.000237499
-0.000248024
-0.000236051
-0.000244897
-0.000225856
-0.000228416
-0.000227956
-0.000226489
-0.000222004
-0.000203569
-0.000192082
-0.000168391
-0.000173362
-0.000174464
-0.000147977
-0.000150501
-0.00015357
-0.000125083
-0.000103634
-8.26077e-05
-7.49362e-05
-5.59643e-05
-3.85516e-05
-8.58301e-06
-1.63048e-06
2.28203e-05
4.74894e-05
6.08627e-05
-3.0374e-05
-0.000120263
-0.000306483
-0.000260948
-0.000158575
-8.53255e-05
-4.79461e-05
-3.14938e-05
-4.67138e-05
-8.13466e-05
-0.000113441
-0.000135005
-0.00015057
-0.000170904
-0.000169435
-0.000181714
-0.000196964
-0.00020688
-0.000206652
-0.000225435
-0.000229481
-0.000237524
-0.000251294
-0.000246602
-0.0002539
-0.000263031
-0.000264923
-0.000251668
-0.000243846
-0.000272087
-0.000265091
-0.000263263
-0.000258485
-0.000254584
-0.000250236
-0.00024827
-0.000249305
-0.000245864
-0.000233394
-0.000225662
-0.000217484
-0.000207234
-0.000193179
-0.000178302
-0.000163595
-0.000152375
-0.000142169
-0.000128985
-0.000105243
-9.36576e-05
-7.61416e-05
-4.86318e-05
-3.2167e-05
-1.26944e-05
6.9868e-06
3.34708e-05
4.49074e-05
5.36764e-05
5.86155e-05
-3.34707e-05
-0.000175093
-0.000331293
-0.000234442
-0.000140801
-5.96334e-05
-2.51879e-05
-2.89627e-05
-6.60995e-05
-9.11573e-05
-0.000116742
-0.000137829
-0.000161417
-0.00017397
-0.000190007
-0.000209087
-0.000213141
-0.000219122
-0.000225461
-0.000240994
-0.000251072
-0.00025559
-0.000267663
-0.000283193
-0.000266712
-0.000263464
-0.000256122
-0.000254292
-0.000250207
-0.00023973
-0.000224783
-0.00021431
-0.000182781
-0.000170122
-0.000168181
-0.000145178
-0.000137686
-0.00011675
-0.000102315
-8.88643e-05
-6.49999e-05
-5.06838e-05
-2.12189e-05
-1.3259e-05
2.56885e-05
4.11368e-05
4.80565e-05
6.10275e-05
9.98917e-06
-0.000130213
-0.000276706
-0.000146959
-6.21197e-05
-1.90563e-05
-4.30032e-05
-7.82255e-05
-0.000104324
-0.000125881
-0.00013796
-0.000157013
-0.00017559
-0.000181635
-0.000197198
-0.00020876
-0.000229334
-0.000228638
-0.000232145
-0.000242187
-0.000260254
-0.000268803
-0.000272311
-0.000282771
-0.000270177
-0.000257077
-0.000256115
-0.000248767
-0.000249294
-0.000232352
-0.000230371
-0.000219421
-0.00020343
-0.000181954
-0.000167271
-0.000156291
-0.00012628
-0.000126366
-0.000110885
-8.94418e-05
-8.09721e-05
-5.20405e-05
-4.32115e-05
-1.28496e-05
5.98369e-07
1.90635e-05
3.09912e-05
6.29572e-05
2.94779e-05
-0.000137067
-6.05214e-05
-2.01919e-05
-4.66337e-05
-6.22028e-05
-8.37965e-05
-9.83459e-05
-0.000110687
-0.000138748
-0.000146766
-0.000166356
-0.000181922
-0.000190441
-0.000207524
-0.000216555
-0.000227611
-0.000237179
-0.00023854
-0.000255053
-0.000263539
-0.000277102
-0.000277895
-0.000235291
-0.000246108
-0.000248191
-0.000223701
-0.00020571
-0.000189746
-0.000177782
-0.00016713
-0.000150118
-0.000129623
-0.000104156
-0.000105225
-9.12639e-05
-8.33307e-05
-5.93507e-05
-2.80379e-05
-8.67988e-06
9.75561e-06
4.01983e-05
4.06492e-05
0.000116114
1.32892e-05
-0.000116807
-0.000207054
-6.08947e-05
-1.68016e-05
-7.8846e-05
-8.78805e-05
-9.84652e-05
-0.000122566
-0.000120079
-0.000145163
-0.000156254
-0.000154781
-0.000160949
-0.000176119
-0.000194188
-0.000210768
-0.000213796
-0.000214325
-0.000238387
-0.000241957
-0.000246001
-0.000255659
-0.000269306
-0.000246384
-0.000236415
-0.000231966
-0.000217018
-0.000209556
-0.000190578
-0.00017659
-0.000166916
-0.000151907
-0.000129954
-0.000111966
-9.00484e-05
-7.56135e-05
-6.41299e-05
-3.81793e-05
-1.85271e-05
7.51341e-06
2.69563e-05
4.09142e-05
5.83569e-05
7.04507e-05
8.539e-05
-1.80145e-05
-0.000154719
-7.57292e-05
-3.93212e-05
-0.000112229
-0.000125291
-0.000146378
-0.00016248
-0.0001645
-0.00016855
-0.000173071
-0.000165069
-0.000176925
-0.000184973
-0.000197012
-0.000203596
-0.00022465
-0.000235199
-0.000250759
-0.00025728
-0.000271355
-0.00027217
-0.000266672
-0.000264416
-0.000242265
-0.000238289
-0.000224832
-0.000212835
-0.000176865
-0.000173427
-0.000166981
-0.0001401
-0.000135293
-0.000120825
-9.18637e-05
-8.34235e-05
-4.84436e-05
-2.79841e-05
-2.20151e-05
6.28798e-06
3.21139e-05
4.65786e-05
7.22858e-05
7.79102e-05
-8.83009e-05
-0.000268375
-0.000173144
-6.83974e-05
-3.06993e-05
-8.14784e-05
-0.000159163
-0.000158229
-0.000173288
-0.000179845
-0.000175864
-0.000179917
-0.000173966
-0.000181619
-0.000184798
-0.000193859
-0.000205902
-0.000224955
-0.000230016
-0.000236537
-0.000250606
-0.000256524
-0.000252127
-0.000256083
-0.000257916
-0.000262316
-0.000259267
-0.000261147
-0.000259983
-0.00024449
-0.00024357
-0.000227174
-0.000217527
-0.000212035
-0.000190854
-0.000186404
-0.000170414
-0.000158953
-0.000146752
-0.00013174
-0.000108018
-9.31786e-05
-9.0364e-05
-6.22833e-05
-2.2799e-05
-3.74952e-07
1.51065e-05
4.37633e-05
5.7249e-05
7.34439e-05
5.74687e-05
-7.45174e-05
-0.00029714
-0.000184634
-8.77247e-05
-5.2965e-05
-2.85278e-05
-8.05998e-05
-0.000124002
-0.000147326
-0.000165873
-0.000172937
-0.000176237
-0.000182822
-0.000184303
-0.00020118
-0.000196444
-0.00020697
-0.000225812
-0.000230606
-0.000238619
-0.000244664
-0.000244482
-0.000254762
-0.000265908
-0.000259364
-0.000249069
-0.00024159
-0.00024837
-0.000232025
-0.000224201
-0.000223353
-0.00020951
-0.00019754
-0.000178091
-0.000173136
-0.000141127
-0.000134711
-0.000113738
-8.94115e-05
-8.25957e-05
-5.90512e-05
-4.86154e-05
-2.24337e-05
-1.37534e-05
2.67132e-05
4.49356e-05
6.65797e-05
7.55424e-05
0.000115347
4.42007e-05
-7.76798e-05
-0.000227491
-0.000155987
-7.64857e-05
-1.1697e-05
-4.6054e-05
-7.86565e-05
-0.00011427
-0.000128885
-0.000138894
-0.000162994
-0.000189086
-0.000207156
-0.000211203
-0.000222699
-0.000235548
-0.000244103
-0.000247133
-0.000258698
-0.000263759
-0.000264161
-0.000261943
-0.000230497
-0.000222077
-0.000220787
-0.000205777
-0.000186837
-0.000169892
-0.000147903
-0.00014044
-0.000113479
-0.000107006
-9.67942e-05
-8.38826e-05
-6.04061e-05
-3.79851e-05
-1.80024e-05
8.92596e-06
2.03471e-05
3.58254e-05
7.10198e-05
9.07429e-05
7.04218e-05
-9.37251e-05
-0.000289445
-0.000230393
-0.000132711
-5.34073e-05
-1.47357e-05
1.56583e-06
-1.5646e-05
-3.4872e-05
-6.92349e-05
-0.000101089
-0.000123428
-0.000142988
-0.000166581
-0.000182381
-0.000195465
-0.000212281
-0.000217757
-0.00023111
-0.000239185
-0.000251762
-0.000263053
-0.000229322
-0.000225115
-0.000219133
-0.000215019
-0.000196478
-0.000185764
-0.000162526
-0.000141377
-0.000137137
-0.000120703
-9.85101e-05
-9.22404e-05
-7.13025e-05
-5.71702e-05
-3.56972e-05
-1.67564e-05
7.48578e-06
2.58869e-05
5.01606e-05
7.38139e-05
9.07806e-05
0.000109514
-1.93419e-05
-0.000242258
-0.000116482
-4.16337e-05
-1.26603e-05
-4.68811e-06
-8.73846e-06
-1.72993e-05
-4.6441e-05
-4.76291e-05
-6.7815e-05
-9.84173e-05
-0.000100977
-0.000143095
-0.000154151
-0.00016924
-0.000197332
-0.000201886
-0.000217416
-0.00022427
-0.000241795
-0.000256374
-0.000256421
-0.000256948
-0.000259348
-0.000224884
-0.000222788
-0.000204794
-0.000210596
-0.000193147
-0.000181214
-0.000157231
-0.000145294
-0.000126352
-0.00011138
-0.000105051
-8.5723e-05
-7.62963e-05
-4.7815e-05
-1.63559e-05
2.07652e-06
1.80017e-05
2.54281e-05
5.86209e-05
6.4619e-05
9.25931e-05
0.000102544
1.10473e-05
-0.000187995
-9.07662e-05
-2.69304e-05
-4.45815e-05
-8.85504e-05
-0.000101882
-0.000110944
-0.000117856
-0.000119784
-0.000135349
-0.000148439
-0.00015699
-0.000168318
-0.000194147
-0.000193956
-0.000202508
-0.000224337
-0.000221427
-0.000241165
-0.000250251
-0.000257631
-0.000244926
-0.000224595
-0.00022012
-0.000203972
-0.000203004
-0.000201231
-0.000195088
-0.000162876
-0.000142442
-0.000132982
-0.000113982
-0.00010187
-6.69486e-05
-6.56897e-05
-5.97225e-05
-1.60056e-05
1.06526e-05
3.96389e-05
6.60883e-05
8.02547e-05
8.64296e-05
9.79256e-05
9.47265e-05
-5.26048e-05
-0.000143952
-0.000190441
-7.66861e-05
-9.11511e-06
-3.23726e-06
-5.77637e-05
-0.000132468
-0.000142009
-0.000136061
-0.000143244
-0.000152448
-0.000150978
-0.000167558
-0.000154572
-0.000164644
-0.000173672
-0.00017924
-0.000186811
-0.000191988
-0.000221183
-0.000226211
-0.000228291
-0.000228818
-0.000232358
-0.00024091
-0.000242567
-0.00024763
-0.000217028
-0.000199037
-0.000212603
-0.000201686
-0.0001887
-0.000191226
-0.000184541
-0.000174098
-0.000145101
-0.000131677
-0.00011873
-9.27828e-05
-6.78193e-05
-6.54869e-05
-4.2672e-05
-2.82047e-05
-8.75898e-06
1.81958e-05
5.5113e-05
8.05772e-05
9.9987e-05
0.000148167
6.72811e-05
-4.69688e-05
-0.000276094
-0.000203834
-0.000101593
-1.23669e-05
-1.47916e-05
-8.9256e-05
-0.000149398
-0.000154965
-0.000161016
-0.000158502
-0.000170869
-0.000159373
-0.000170938
-0.000169498
-0.000175036
-0.000177086
-0.00017913
-0.000198809
-0.000197484
-0.000205022
-0.00020907
-0.000226123
-0.000209643
-0.000229744
-0.000230267
-0.000237323
-0.000229467
-0.000234139
-0.000228671
-0.000228999
-0.00022576
-0.000225901
-0.000218862
-0.000215771
-0.000203804
-0.000207345
-0.000203883
-0.000176913
-0.000174465
-0.000157962
-0.00016681
-0.000146348
-0.00012788
-0.000123431
-0.000110451
-8.90082e-05
-5.25648e-05
-3.89036e-05
-2.6404e-05
-1.64706e-05
1.49884e-05
4.64207e-05
7.08715e-05
0.00010284
0.000140205
3.71038e-05
-8.46581e-05
-0.00021778
-8.99665e-05
-6.62023e-06
1.60401e-05
-2.69316e-05
-0.00010563
-0.000132208
-0.000164328
-0.000173896
-0.000161717
-0.000170709
-0.000180278
-0.000182811
-0.000179334
-0.000188902
-0.000183935
-0.000183451
-0.000187946
-0.000194284
-0.000196841
-0.000199905
-0.000196941
-0.000200478
-0.000199547
-0.000217579
-0.000225562
-0.000227398
-0.000224437
-0.000223503
-0.000219052
-0.000210573
-0.000213607
-0.000223169
-0.00021045
-0.000216974
-0.000207509
-0.000189041
-0.000184086
-0.000181125
-0.000172202
-0.000173241
-0.000163782
-0.000157088
-0.000132598
-0.00011813
-0.000108638
-8.82082e-05
-6.92692e-05
-4.83329e-05
-3.23451e-05
-6.03948e-06
4.78884e-06
2.77521e-05
5.2209e-05
8.86433e-05
9.88208e-05
0.000133108
8.0204e-05
-2.27774e-05
-0.000106755
-0.000256875
-0.000192761
-6.04865e-05
-1.00574e-06
1.4655e-05
1.01257e-07
-4.04981e-05
-7.78749e-05
-0.000104509
-0.00012834
-0.000136264
-0.000156182
-0.000157989
-0.000155771
-0.000168291
-0.000176637
-0.000177639
-0.000181208
-0.00017897
-0.000193495
-0.000207128
-0.000207624
-0.000214922
-0.00022395
-0.000226025
-0.000228563
-0.000225411
-0.000227483
-0.000227948
-0.000219813
-0.000223481
-0.000220443
-0.000222144
-0.000217786
-0.000204032
-0.000216518
-0.000211902
-0.000208475
-0.00019651
-0.000186541
-0.000170344
-0.000157094
-0.000138154
-0.000127585
-0.000127756
-0.000114063
-0.000107822
-8.35703e-05
-6.91371e-05
-4.61706e-05
-1.62004e-05
-1.39967e-05
1.80826e-05
2.83944e-05
5.88133e-05
7.75674e-05
0.000103535
0.000121553
9.67291e-05
2.98506e-06
-0.000222832
-9.62445e-05
-9.70434e-06
1.4843e-05
2.37914e-05
5.961e-06
-2.71515e-05
-6.17484e-05
-8.03312e-05
-0.000102906
-0.000112232
-0.000126751
-0.000144818
-0.000150391
-0.000145394
-0.000166952
-0.000174013
-0.000190086
-0.00019109
-0.000193644
-0.000206456
-0.000216022
-0.000221527
-0.000234926
-0.000233272
-0.000228134
-0.000208949
-0.000207162
-0.000196529
-0.000193568
-0.000182111
-0.000173665
-0.000160717
-0.000144217
-0.00013428
-0.000128571
-0.000117083
-9.91242e-05
-9.26456e-05
-6.57175e-05
-4.97296e-05
-4.83247e-05
-1.73394e-05
1.38293e-05
1.48165e-05
4.38045e-05
6.47378e-05
8.46873e-05
0.000108662
7.61355e-05
-8.63685e-05
-0.000249826
-0.000149882
-4.77118e-05
-4.29158e-06
1.45769e-05
1.50577e-05
6.97994e-06
-7.60538e-06
-3.41804e-05
-5.42806e-05
-7.38771e-05
-0.000100452
-0.000120519
-0.000129517
-0.000125328
-0.000145905
-0.000148939
-0.00015349
-0.000173077
-0.000175094
-0.000176163
-0.000199689
-0.000200211
-0.000207034
-0.000208067
-0.000222131
-0.000217646
-0.000220944
-0.0002244
-0.000218089
-0.000208063
-0.000207328
-0.000195593
-0.000198123
-0.000176164
-0.000160203
-0.000141735
-0.000135262
-0.000115777
-0.000100802
-9.8106e-05
-7.76764e-05
-7.56991e-05
-5.67302e-05
-2.72981e-05
-1.93321e-05
-8.66939e-07
1.76225e-05
4.22888e-05
6.12247e-05
8.9706e-05
9.36447e-05
0.000108583
0.000128183
8.32411e-05
-7.09162e-05
-0.000246862
-0.000180855
-4.07196e-05
-2.16517e-06
-6.119e-06
-1.52855e-05
-5.44175e-05
-6.82218e-05
-7.0813e-05
-8.43504e-05
-9.36802e-05
-0.000105963
-0.000122812
-0.000131604
-0.000147677
-0.000139221
-0.000143235
-0.000158528
-0.000173346
-0.000174108
-0.000177918
-0.000189452
-0.000196989
-0.000206915
-0.000205074
-0.000212137
-0.000221569
-0.000221297
-0.000219748
-0.000218917
-0.000216758
-0.00021589
-0.000217461
-0.000208853
-0.00020577
-0.000193699
-0.000200466
-0.00019495
-0.000187946
-0.000186208
-0.00017597
-0.000159295
-0.000144524
-0.000133814
-0.000112603
-0.000104696
-9.47502e-05
-9.44776e-05
-7.72646e-05
-5.65369e-05
-2.93375e-05
-1.13837e-05
5.82336e-06
1.62651e-05
3.62804e-05
5.49209e-05
7.38883e-05
0.000100099
0.000121802
0.000129727
0.000125887
3.7263e-05
-4.08522e-05
-0.000226295
-0.000159049
-3.68227e-05
2.40283e-05
1.07922e-05
-3.93246e-05
-0.000130046
-0.00013857
-0.000139097
-0.000128648
-0.00012569
-0.000138743
-0.000124266
-0.000129807
-0.000112432
-0.000112088
-0.000115628
-0.00012418
-0.000136193
-0.000145761
-0.000157327
-0.000144844
-0.000150679
-0.000153176
-0.000152209
-0.000171257
-0.000170297
-0.000166823
-0.000163388
-0.000167402
-0.00016957
-0.000169736
-0.000175784
-0.000156299
-0.000162821
-0.000155389
-0.000140402
-0.000136934
-0.000134422
-0.000123735
-0.000119286
-0.000101328
-9.58659e-05
-9.89326e-05
-8.44589e-05
-7.99807e-05
-5.5014e-05
-3.90236e-05
-3.53723e-05
-2.34149e-05
2.55918e-06
2.25117e-05
3.39326e-05
4.44025e-05
6.4829e-05
8.13601e-05
0.000105513
0.000130163
0.000124672
0.000141068
5.96659e-05
-7.83167e-05
-0.000239639
-0.000178746
-8.18514e-05
-2.23593e-06
2.97674e-05
3.42978e-05
3.54389e-05
-1.56909e-05
-8.4877e-05
-0.000147555
-0.000150079
-0.000138584
-0.000151169
-0.000150679
-0.000140707
-0.000130701
-0.000127409
-0.00011904
-0.000120586
-0.000125584
-0.000135662
-0.00012369
-0.000130721
-0.000120775
-0.000130246
-0.000135576
-0.000132102
-0.000121149
-0.000129668
-0.000126704
-0.000144771
-0.00014229
-0.000144847
-0.000132811
-0.000140679
-0.000128203
-0.000128256
-0.000123805
-0.000112312
-0.000107321
-0.000102869
-0.000111034
-9.42036e-05
-8.57637e-05
-7.7285e-05
-5.13017e-05
-5.58619e-05
-4.34214e-05
-3.09481e-05
-2.25899e-05
-1.47704e-05
7.68923e-06
2.41181e-05
3.56016e-05
4.8039e-05
6.14901e-05
8.29331e-05
0.000111115
0.000128116
0.000131201
0.000145511
-7.73345e-06
-9.35946e-05
-0.000206412
-9.28072e-05
-2.67078e-05
1.56712e-05
2.92312e-05
-2.51761e-05
-7.93258e-05
-9.89193e-05
-0.000110995
-0.000126051
-0.000130605
-0.000130118
-0.000133659
-0.000128698
-0.000135364
-0.000130996
-0.000128032
-0.000116569
-0.000127628
-0.000131645
-0.000125697
-0.000131208
-0.000128871
-0.000125037
-0.000128575
-0.000130625
-0.000120623
-0.000126671
-0.000132715
-0.000133278
-0.000141762
-0.000120072
-0.000113623
-0.000113169
-0.000112199
-0.00010274
-9.57843e-05
-8.17907e-05
-8.32688e-05
-7.0618e-05
-6.5156e-05
-5.31925e-05
-5.57792e-05
-4.32791e-05
-3.38165e-05
-1.18965e-05
-1.82078e-05
-5.67525e-06
2.32798e-05
3.02323e-05
4.51737e-05
6.36029e-05
7.05554e-05
7.75017e-05
0.000113942
0.0001251
0.000134897
0.000169209
-4.92425e-06
-0.000186468
-9.10176e-05
-6.23725e-07
3.81528e-05
3.82614e-05
2.72408e-05
-1.31817e-05
-3.52524e-05
-4.80729e-05
-6.19085e-05
-6.49409e-05
-8.12224e-05
-8.22872e-05
-8.3352e-05
-8.70678e-05
-8.3358e-05
-9.41767e-05
-9.5957e-05
-9.12387e-05
-0.000102323
-0.000109115
-0.000118415
-0.000115718
-0.000112693
-0.000116498
-0.000115534
-0.000123606
-0.000119396
-0.000129912
-0.000135217
-0.000134522
-0.000129949
-0.000123854
-0.000112363
-0.000105133
-0.000105426
-9.89442e-05
-9.04982e-05
-7.52824e-05
-7.17838e-05
-6.26191e-05
-5.8679e-05
-3.74087e-05
-2.19842e-05
-1.67607e-05
-8.3177e-06
8.68825e-06
1.88586e-05
3.83428e-05
4.62762e-05
6.09494e-05
7.11778e-05
8.51356e-05
9.70647e-05
0.000124291
0.000138961
0.000144573
0.000113826
6.65957e-05
-0.000153044
-6.2682e-05
-3.05577e-06
4.72961e-05
5.22139e-05
4.39976e-05
2.59826e-05
1.34304e-05
-1.81886e-05
-1.17338e-05
-1.97488e-05
-2.63063e-05
-3.13672e-05
-4.9944e-05
-4.09614e-05
-6.64813e-05
-6.38137e-05
-6.5831e-05
-6.49031e-05
-8.29702e-05
-8.3023e-05
-9.30652e-05
-0.000105105
-0.000107664
-0.0001058
-0.000111453
-0.000110519
-0.00010004
-0.000111099
-0.000117149
-0.000115172
-0.000111227
-8.73569e-05
-9.50404e-05
-8.70385e-05
-5.0553e-05
-6.50995e-05
-5.61467e-05
-4.46869e-05
-3.67209e-05
-2.22198e-05
-1.40354e-05
2.42639e-06
6.37416e-06
1.83316e-05
3.73065e-05
4.92701e-05
6.37049e-05
7.28977e-05
8.58713e-05
8.88263e-05
9.72662e-05
0.000118706
0.000137198
0.000147997
0.000125688
2.71554e-05
-0.000229396
-0.000151618
-6.96077e-05
-2.66943e-05
5.32892e-06
3.13512e-05
5.35918e-05
4.57422e-05
5.27305e-05
3.13491e-05
2.4381e-05
1.37931e-05
1.07264e-05
-1.82272e-06
2.66162e-06
-1.39211e-05
-1.49576e-05
-1.84952e-05
-2.93755e-05
-3.68524e-05
-4.89277e-05
-5.44655e-05
-6.30171e-05
-5.80559e-05
-6.86079e-05
-8.16638e-05
-8.86921e-05
-0.0001007
-9.35303e-05
-9.155e-05
-9.1096e-05
-9.06421e-05
-8.21632e-05
-8.17062e-05
-7.52575e-05
-7.49243e-05
-6.65589e-05
-6.31179e-05
-5.36286e-05
-3.9155e-05
-4.02213e-05
-2.92415e-05
-2.4793e-05
-1.51571e-05
5.40139e-06
1.78449e-05
1.73121e-05
3.22566e-05
5.11957e-05
6.66798e-05
7.66759e-05
7.90912e-05
0.000100236
0.000111754
0.000114199
0.000133855
0.000146497
3.38552e-05
-0.000147949
-5.39993e-05
2.72696e-05
2.87408e-05
1.36486e-05
1.71163e-05
2.25813e-05
2.85886e-05
2.57352e-05
2.0701e-05
6.65211e-06
-1.3897e-06
-4.96627e-06
-9.88668e-07
-9.54651e-06
-1.70786e-05
-2.67624e-05
-3.34355e-05
-4.60145e-05
-4.90843e-05
-4.50739e-05
-6.016e-05
-5.81858e-05
-6.92385e-05
-8.0804e-05
-8.74412e-05
-6.50911e-05
-7.86539e-05
-8.8219e-05
-8.08975e-05
-7.32235e-05
-8.36581e-05
-6.91805e-05
-6.44402e-05
-5.84355e-05
-4.92371e-05
-5.37897e-05
-4.43303e-05
-3.63911e-05
-3.44184e-05
-1.84574e-05
-1.75561e-06
5.68144e-06
1.52508e-05
2.46628e-05
4.26809e-05
5.9116e-05
7.31034e-05
8.55409e-05
9.84851e-05
0.000111493
0.000130167
0.000147017
0.000183359
0.000108979
-2.35865e-05
-0.000210619
-0.000121056
1.97986e-06
3.79258e-05
1.14683e-05
1.62761e-06
-1.74324e-05
-1.32179e-05
1.21681e-05
1.98721e-05
1.54841e-05
7.16622e-06
1.08755e-05
6.34802e-06
6.53515e-06
1.60304e-05
3.18156e-06
-6.32509e-06
-1.83953e-05
-1.89534e-05
-2.89987e-05
-3.50778e-05
-4.81025e-05
-4.36511e-05
-4.96942e-05
-4.6389e-05
-4.41103e-05
-4.17864e-05
-4.68236e-05
-4.81037e-05
-5.08436e-05
-4.72428e-05
-3.31247e-05
-2.5078e-05
-2.76015e-05
-2.63987e-05
-2.74323e-05
-2.90056e-05
-3.55631e-05
-1.85886e-05
-6.30318e-07
-3.16052e-06
2.35119e-05
4.1737e-05
5.21824e-05
5.2994e-05
6.64183e-05
7.46524e-05
0.000101106
0.000108056
0.000126148
0.000140302
0.000175609
5.34676e-05
-5.54135e-05
-0.00022743
-0.000111963
3.11851e-05
4.2164e-05
-1.3596e-06
-1.6416e-05
5.06885e-06
6.09885e-06
1.37733e-05
2.82529e-05
2.97172e-05
5.07343e-05
5.969e-05
5.06254e-05
5.40991e-05
4.45591e-05
4.82411e-05
4.02198e-05
3.51588e-05
2.65742e-05
3.50528e-05
1.44786e-05
1.94665e-05
2.19268e-05
1.79087e-05
1.55949e-05
4.53293e-06
1.10144e-05
8.93129e-06
-1.00505e-07
1.68473e-05
1.83146e-05
1.89766e-05
-3.92057e-09
1.24395e-05
8.89575e-06
7.31946e-06
3.80249e-06
2.67718e-05
4.97113e-05
5.96744e-05
5.8371e-05
8.13728e-05
9.22929e-05
0.000105267
0.000119731
0.000126147
0.000146848
0.000203444
5.90936e-05
-7.82583e-05
-0.000210879
-0.000119275
3.22559e-06
6.24488e-05
4.46213e-05
1.65196e-05
2.91352e-05
4.88171e-05
5.3489e-05
5.12003e-05
5.46381e-05
6.81295e-05
7.19811e-05
7.93023e-05
8.63734e-05
8.32803e-05
7.59295e-05
6.88652e-05
5.72996e-05
5.9782e-05
5.64796e-05
5.84254e-05
5.44062e-05
5.29918e-05
4.69006e-05
4.3277e-05
3.89612e-05
3.56528e-05
3.15725e-05
3.15508e-05
2.92277e-05
2.82223e-05
2.8031e-05
2.76351e-05
2.00756e-05
1.9246e-05
2.27105e-05
3.21699e-05
4.01044e-05
4.75635e-05
6.01359e-05
7.25916e-05
8.32224e-05
0.000100668
0.000113855
0.00014253
0.000153165
0.00020135
6.32531e-05
-0.000231808
-7.5852e-05
3.89833e-05
8.59974e-05
0.000102124
9.92139e-05
8.96425e-05
7.45563e-05
7.90046e-05
7.09596e-05
6.99259e-05
5.48398e-05
4.47944e-05
2.14484e-05
2.1429e-05
2.74007e-05
1.93259e-05
1.5779e-05
9.70148e-06
-2.84477e-06
-6.39163e-06
-1.84281e-05
-1.92689e-06
-2.47928e-05
-7.82133e-06
-9.36477e-06
-1.14509e-05
5.1558e-07
1.94904e-05
5.04128e-05
5.7398e-05
7.07055e-05
8.80425e-05
0.000114493
0.000132952
0.000150398
0.000201125
-2.66183e-05
9.41065e-05
9.51027e-05
8.65509e-05
8.23509e-05
7.7709e-05
6.66173e-05
6.95813e-05
6.05197e-05
4.89183e-05
5.14052e-05
4.78646e-05
2.27563e-05
9.22018e-06
-4.1334e-06
3.36526e-06
3.30935e-06
-1.57713e-05
-1.67782e-05
-2.9387e-05
-2.99467e-05
-3.59945e-05
-4.45493e-05
-2.8194e-05
-3.94013e-05
-2.49368e-05
-1.04663e-05
3.46763e-06
2.49167e-05
3.13921e-05
5.33418e-05
6.68631e-05
8.45199e-05
0.000118963
0.000153436
0.000152363
0.000158429
8.97128e-05
-0.000109515
1.19732e-05
0.000104517
9.7453e-05
9.24188e-05
8.20453e-05
6.95305e-05
8.25136e-05
7.24087e-05
6.58841e-05
5.73324e-05
4.72245e-05
2.96611e-05
3.01181e-05
7.25009e-06
-1.78205e-06
-4.8457e-06
-1.68882e-05
-2.84537e-05
-2.50128e-05
-3.30905e-05
-2.61351e-05
-2.46708e-05
-1.81896e-05
-1.70218e-05
-1.00663e-05
9.88932e-06
2.88313e-05
3.17892e-05
5.72298e-05
8.321e-05
9.62184e-05
0.000116856
0.000153803
0.000157742
0.000165444
0.000109547
-3.78237e-05
0.000117631
0.000117548
0.000104018
9.39433e-05
8.78957e-05
5.92966e-05
5.32131e-05
3.86337e-05
2.90983e-05
2.20696e-05
1.37282e-05
1.17281e-06
-3.92088e-06
-3.46088e-06
-5.51405e-06
-4.58923e-06
-8.15965e-06
-5.20475e-06
-1.67029e-05
-5.6672e-08
2.74141e-05
3.58272e-05
6.5805e-05
8.12593e-05
9.96855e-05
0.000118624
0.000130977
0.000160064
0.00017038
0.000122473
-2.3407e-05
0.000123511
0.000113913
0.000101367
7.97736e-05
7.41998e-05
5.35928e-05
3.55258e-05
3.24919e-05
2.39945e-06
-5.13403e-06
-1.14772e-05
-1.30472e-05
-2.30924e-05
-1.31589e-05
-1.57486e-05
-1.22838e-05
-8.84891e-06
-4.18808e-06
8.82238e-06
3.37563e-05
5.3238e-05
8.21663e-05
0.000106149
0.000136061
0.000158678
0.000101656
-1.98026e-05
0.000121115
0.000108186
0.000113716
0.000102746
9.39648e-05
7.66255e-05
7.01408e-05
4.72812e-05
3.19581e-05
3.08917e-05
1.95631e-05
6.47726e-06
9.43207e-06
2.51233e-05
4.55058e-06
9.8975e-06
2.97071e-05
3.34087e-05
5.96572e-05
8.13119e-05
0.000102786
0.000123214
0.000150426
0.000172531
0.000161756
7.78784e-06
0.000142131
0.000134548
0.000129991
0.000116425
0.000101878
9.62777e-05
8.22317e-05
8.81705e-05
6.90898e-05
7.57476e-05
6.72233e-05
7.3162e-05
8.30953e-05
9.20777e-05
0.000111017
0.00012298
0.000145913
0.00016739
0.000193075
4.83167e-05
0.000146518
0.000152974
0.000143467
0.000141065
0.0001312
0.00011489
0.000104605
0.000100011
8.71675e-05
9.16775e-05
9.73762e-05
0.000102808
0.000109999
0.000116921
0.00012763
0.000144096
0.000160745
0.000180254
0.000185593
3.19885e-05
0.000152053
0.000146787
0.0001422
0.000140656
0.000126616
0.000102521
9.39366e-05
9.93922e-05
9.37345e-05
8.20212e-05
8.79897e-05
8.99308e-05
0.000101894
0.000116838
0.000125284
0.000121737
0.000143657
0.000175658
0.000181096
2.66403e-05
-1.85058e-05
0.0001556
0.000140936
0.000130351
0.000129821
0.00012574
0.000101678
9.46138e-05
8.90398e-05
8.8571e-05
9.37044e-05
0.000103193
9.46087e-05
0.000113044
0.000102015
0.000115975
0.000132404
0.000150869
0.000170524
0.000175542
0.000158344
0.000150132
0.000136119
0.000132546
0.000118476
0.000113945
0.000107394
0.000100326
9.07576e-05
8.77503e-05
7.46581e-05
7.83041e-05
7.33043e-05
8.52645e-05
0.000102719
0.00010618
0.00011513
0.000128584
0.000139527
0.000169353
0.000181165
0.000188787
8.81705e-05
0.000147221
0.00015046
0.000147393
0.0001429
0.000133266
0.000123396
9.38461e-05
9.99385e-05
8.95098e-05
6.97135e-05
7.2403e-05
6.33444e-05
4.78094e-05
5.00234e-05
5.09495e-05
4.76143e-05
3.75428e-05
4.90627e-05
5.77753e-05
6.14782e-05
7.49335e-05
7.88735e-05
0.000100108
0.000114305
0.000137431
0.000157688
0.000183407
0.000188101
0.000140954
4.46431e-05
0.000146915
0.00014717
0.000138645
0.000125298
0.000107735
0.000108224
9.36386e-05
7.3571e-05
6.65097e-05
6.19821e-05
2.19062e-05
1.38611e-05
4.1412e-06
1.25371e-05
-2.01258e-06
1.09078e-05
6.88999e-06
-1.66653e-05
-2.27161e-05
-3.13009e-05
-5.28797e-06
2.8963e-06
1.33995e-05
5.86115e-06
3.18115e-05
2.67741e-05
4.0231e-05
6.91859e-05
8.46668e-05
0.000108646
0.000122817
0.000155293
0.000194333
0.000143267
-2.80297e-06
2.6435e-05
0.000136961
0.000127122
0.00010258
8.50198e-05
5.84178e-05
5.5354e-05
4.02975e-05
2.22601e-05
8.91149e-06
-2.08626e-06
4.38905e-06
-3.07087e-05
-4.02413e-05
-7.23313e-05
-6.33429e-05
-7.94098e-05
-8.14303e-05
-8.50867e-05
-9.67649e-05
-0.00010329
-0.000103849
-0.000111767
-0.00010621
-9.65167e-05
-8.98429e-05
-8.17072e-05
-8.53676e-05
-6.38888e-05
-6.0928e-05
-3.64713e-05
-3.14865e-05
-3.54514e-06
2.24051e-05
4.4087e-05
6.05851e-05
9.80388e-05
0.000139517
0.000172979
0.000198332
0.000160466
2.50376e-05
-0.000189707
-2.62327e-05
8.50789e-05
0.000112389
8.93044e-05
6.12417e-05
3.76535e-05
9.58769e-06
-2.10417e-05
-3.41816e-05
-3.73661e-05
-5.03864e-05
-7.39746e-05
-8.1036e-05
-0.000101068
-0.000112097
-0.000121413
-0.000127076
-8.3049e-05
-7.05396e-05
-2.6191e-05
1.22495e-05
4.32345e-05
7.91977e-05
0.000122676
0.000164598
0.000211291
0.000260487
0.000120166
-0.000110384
9.54924e-06
7.8314e-06
-0.000101976
-7.44275e-05
-5.59565e-05
-5.99398e-05
-6.32724e-05
-4.08924e-05
2.35614e-06
-1.79828e-05
-9.95572e-06
2.98938e-05
-6.82231e-06
-3.15427e-05
-6.0589e-05
-8.06865e-05
-0.000112747
-0.000134305
-6.96884e-05
-7.27584e-05
-2.96597e-05
1.92976e-05
7.87539e-05
0.000138594
8.82372e-05
8.1719e-05
0.000120079
0.00016254
0.000207149
0.000118627
4.88603e-05
-3.98779e-05
3.66941e-05
0.000158874
0.000213314
9.08618e-05
-2.04899e-05
0.000176977
0.000247636
0.000168941
7.5935e-05
-9.92634e-06
-1.20448e-06
-1.52711e-05
1.92498e-05
8.44072e-05
7.7082e-05
0.000122398
0.000108558
4.49493e-05
6.93149e-05
4.0641e-05
7.83813e-05
7.68839e-05
0.000113183
5.80137e-05
4.34083e-06
-4.29461e-05
-0.00010849
-0.000126442
1.17951e-05
6.26487e-05
0.000157267
0.000182352
0.000211332
0.000271094
0.000168853
0.000162085
0.000267061
0.000158044
5.20116e-05
2.77174e-05
0.000116543
0.000159271
0.00012679
6.35715e-05
2.54714e-05
-2.16281e-05
-8.08189e-05
-9.56356e-05
-2.24654e-05
4.05102e-05
8.55971e-05
0.000169622
0.000223947
0.000255645
0.000258167
0.00017531
3.85473e-06
9.45296e-05
0.00014558
0.00010644
7.93581e-05
1.96636e-05
-2.37751e-06
-1.04585e-05
-4.25484e-05
-6.56359e-05
-9.03541e-05
-0.000100997
-1.30265e-05
5.14678e-05
0.000103949
0.000161105
0.000218555
0.000266232
0.000294037
0.000222121
2.15741e-05
0.000103774
0.00013921
0.000175026
0.000154842
0.000145038
0.000115451
9.54068e-05
7.50408e-05
4.87041e-05
1.88499e-05
-4.74282e-06
-2.00408e-05
-4.13649e-05
-5.32267e-05
-4.65874e-05
-6.86552e-05
-8.39428e-05
-2.42424e-05
1.38423e-05
4.49538e-05
9.13517e-05
0.000155546
0.000197025
0.000223844
0.000265228
0.000276843
0.000192771
5.50002e-05
7.52806e-05
0.000110211
0.000189045
0.00016015
0.000145777
0.00012672
0.000101635
7.45234e-05
5.9464e-05
5.03993e-05
3.33426e-05
2.62782e-05
1.19969e-06
-2.28654e-05
-4.09012e-05
-5.97469e-05
-7.81639e-05
-1.80145e-05
2.52e-05
8.46862e-05
0.000136124
0.000206574
0.000264273
0.000250224
8.39927e-05
8.90621e-05
0.000138308
0.00019949
0.00017501
0.000152939
0.000139873
0.000123294
0.000109725
0.00010167
7.40879e-05
6.75303e-05
5.39941e-05
2.2981e-05
1.8636e-05
-1.84352e-05
-3.80617e-05
-4.85809e-05
-2.42627e-05
7.3205e-06
4.5852e-05
8.50108e-05
0.000146464
0.000204934
0.000265789
0.000231651
8.94096e-05
8.68387e-05
0.000115351
0.000201602
0.000187799
0.000181716
0.000164152
0.000147599
0.00013254
0.000121478
0.000108925
9.03483e-05
7.15006e-05
5.2957e-05
2.18805e-05
1.30624e-06
-1.67342e-05
-2.89315e-05
-4.19718e-05
-5.47431e-05
-1.17794e-05
1.22685e-05
5.82166e-05
0.000100237
0.000146366
0.00019482
0.000238799
0.000267204
0.000212068
8.68776e-05
-4.95192e-05
1.471e-05
9.67532e-05
0.000147576
0.000202633
0.000199692
0.00017493
0.000161603
0.000150059
0.000131001
0.000112899
9.58726e-05
7.65191e-05
4.995e-05
3.00508e-05
2.19826e-05
-5.32356e-06
-2.03011e-05
-3.53804e-05
-5.99027e-05
-9.44131e-06
2.25276e-05
6.24824e-05
0.000107254
0.00015183
0.000196958
0.000251459
0.000291976
0.000211247
9.9095e-05
4.72079e-05
-5.17737e-05
2.94026e-05
0.000123068
0.000170364
0.00019876
0.000177137
0.000152774
0.000144274
0.000110187
0.000100109
8.50494e-05
6.34884e-05
4.54184e-05
2.28439e-05
4.26704e-06
-1.03154e-05
-3.08925e-05
-5.42374e-05
-5.34755e-05
-5.49123e-05
-1.48214e-05
5.25824e-06
4.02052e-05
9.16995e-05
0.000132167
0.000186073
0.000235098
0.000264765
0.00028107
0.000147864
6.65464e-05
-9.081e-05
-3.56627e-05
5.07056e-05
0.00012381
0.000170487
0.000216943
0.000197536
0.000173435
0.000150351
0.000129475
0.000114957
9.28897e-05
7.12959e-05
4.52308e-05
2.41499e-05
1.50885e-05
-1.64976e-05
-1.95314e-05
-3.3607e-05
-4.24561e-05
-4.91434e-06
2.05232e-05
7.54816e-05
0.00010342
0.00015089
0.000178856
0.00023029
0.000279787
0.0002769
0.000150577
5.37044e-05
-9.13075e-05
-1.21087e-05
7.49922e-05
0.000120051
0.00012805
0.000170815
0.000218761
0.000209317
0.000172243
0.00013964
0.000124045
9.95028e-05
8.04754e-05
6.80739e-05
5.10174e-05
2.69525e-05
5.36494e-06
9.81042e-06
-1.77421e-05
-2.48391e-05
-4.03723e-05
-4.82961e-05
-1.39708e-05
-7.51255e-06
1.73346e-05
5.07941e-05
6.77597e-05
0.00012668
0.000177638
0.000212108
0.000256054
0.000291534
0.000317463
0.000243933
0.000129326
-0.000105193
-3.52345e-05
3.03897e-05
8.89619e-05
0.000114445
0.000132439
0.000156613
0.000185452
0.000214864
0.000195807
0.000159209
0.000130095
0.000114022
9.64258e-05
7.13741e-05
5.12741e-05
2.61926e-05
1.78514e-05
8.37836e-06
-8.20422e-06
-2.62772e-05
-3.03543e-05
-4.29095e-05
-4.848e-05
-1.84842e-05
-9.86178e-07
1.75423e-05
4.56892e-05
6.51994e-05
0.000105664
0.000141115
0.000189572
0.000222009
0.000264438
0.000287097
0.000303074
0.000195249
8.08841e-05
-6.55997e-05
-2.70368e-05
1.91796e-05
8.35409e-05
0.000118302
0.000136268
0.000141995
0.00014175
0.000155502
0.000173367
0.000141199
0.000174397
0.000165645
0.000167583
0.000187004
0.000180421
0.000173582
0.000156399
0.000145096
0.000125736
0.000104412
8.88178e-05
7.62625e-05
4.24124e-05
3.53452e-05
1.97493e-05
6.74653e-06
-4.65113e-06
-2.41602e-05
-3.27462e-05
-3.66031e-05
-4.70427e-05
-6.28066e-06
1.32521e-07
1.384e-05
3.55154e-05
5.62117e-05
9.16418e-05
0.000120361
0.00015635
0.00019702
0.000236737
0.00027642
0.000303135
0.00033606
0.000291145
0.000273921
0.000212631
0.000124029
-6.31212e-05
-2.00259e-05
2.14767e-05
8.55727e-05
9.40217e-05
9.64339e-05
8.54018e-05
7.8516e-05
8.50259e-05
9.24912e-05
0.000104425
0.000118902
0.000124363
0.000128275
0.00011823
0.000120925
0.000103867
8.42676e-05
7.87267e-05
6.96621e-05
4.45179e-05
3.79634e-05
2.23973e-05
1.28259e-05
-7.74833e-06
-1.88071e-05
-1.67984e-05
-2.41941e-05
-3.97243e-05
-4.11406e-05
-8.83716e-06
1.16222e-05
4.05504e-05
5.95101e-05
9.94412e-05
0.000118404
0.000146889
0.000182045
0.000224504
0.000262425
0.000292754
0.000333475
0.000299527
0.000265482
0.000239423
0.000191334
0.000119821
6.50091e-05
-7.94568e-05
-4.07253e-05
-3.30224e-05
2.20879e-06
4.07303e-05
5.01645e-05
5.08507e-05
4.83435e-05
5.46923e-05
6.14933e-05
7.09243e-05
7.51387e-05
7.732e-05
7.67571e-05
6.82306e-05
5.359e-05
3.78633e-05
2.50043e-05
2.09168e-05
1.03287e-05
9.50073e-06
-3.55845e-06
-1.18779e-05
-2.27727e-05
-2.35384e-05
-3.05653e-05
-4.45925e-05
-4.27163e-05
-3.5927e-05
2.08633e-06
1.88607e-05
4.50404e-05
7.37255e-05
9.61805e-05
0.000131904
0.000164634
0.000200678
0.000227713
0.000265102
0.000294526
0.000321765
0.000266601
0.000238297
0.000231732
0.000191627
0.00014059
9.7974e-05
7.23436e-05
-7.02528e-05
-3.36013e-05
1.49156e-05
4.5922e-05
3.63505e-05
5.688e-05
5.50114e-05
4.14094e-05
3.28515e-05
1.57618e-05
2.62408e-05
2.6158e-05
4.05725e-06
-8.02131e-06
-1.50827e-05
-3.30917e-05
-3.29663e-05
-4.30415e-05
-4.43508e-05
-4.85083e-05
-1.70931e-06
1.44914e-05
3.34272e-05
7.23714e-05
8.33152e-05
0.000130725
0.000150672
0.000168296
0.000206791
0.000232225
0.000258134
0.000298838
0.000329658
0.000292222
0.000253169
0.000231611
0.000189578
0.000114729
7.19241e-05
-2.59815e-05
1.70147e-05
4.5991e-05
4.34577e-05
5.49205e-05
5.90733e-05
5.3054e-05
4.24721e-05
2.89031e-05
3.03078e-05
1.82323e-05
1.26585e-05
-1.49271e-05
-2.60219e-05
-2.00503e-05
-2.8866e-05
7.14284e-06
2.25879e-05
5.35134e-05
7.09557e-05
0.000100891
0.000118811
0.000144755
0.000166192
0.000194494
0.000218287
0.000245745
0.00026712
0.000309341
0.000334235
0.000325301
0.00027122
0.000225666
0.00016461
9.90931e-05
5.48964e-05
-3.94099e-05
1.4625e-05
3.90941e-05
5.008e-05
4.90074e-05
5.19355e-05
4.68715e-05
4.41939e-05
4.65017e-05
3.74371e-05
1.33362e-05
2.75135e-06
-5.83318e-06
-1.68981e-05
-3.94726e-05
-4.32386e-05
-3.5335e-05
1.56124e-06
9.52583e-06
2.91798e-05
6.31131e-05
7.85582e-05
9.15024e-05
0.000124926
0.000149854
0.000177285
0.000197709
0.000207373
0.000240321
0.000269744
0.000296666
0.000310864
0.000327828
0.00034482
0.000299902
0.000253844
0.000217262
0.000138678
7.14051e-05
-6.34841e-05
-3.18078e-05
4.20685e-06
8.65535e-06
2.71296e-05
3.0025e-05
1.44588e-05
8.4112e-06
1.01866e-06
1.53379e-06
-2.05606e-05
-3.01617e-05
-3.47189e-05
-4.25241e-05
1.30473e-05
2.46658e-05
3.20281e-05
4.2407e-05
6.04954e-05
7.61492e-05
0.000103076
0.000124276
0.000155926
0.000187356
0.000196776
0.000234256
0.000249912
0.000278798
0.00029221
0.000316628
0.000329717
0.000332609
0.000339962
0.000312158
0.000246771
0.000188771
0.000142236
8.35929e-05
-5.75953e-05
-4.58598e-05
-4.30215e-05
-3.24685e-05
-2.85261e-05
-3.3112e-05
-3.58129e-05
-3.64511e-05
-4.77255e-05
3.16648e-05
3.00528e-05
7.8724e-05
7.72061e-05
0.000115167
0.000135591
0.000150753
0.000189694
0.000209133
0.000233041
0.000266837
0.000283297
0.000309417
0.000321017
0.00033564
0.000295256
0.000239247
0.000162821
9.55966e-05
6.57121e-05
-6.8478e-05
-3.53111e-05
-1.79749e-06
-1.83862e-05
-6.07744e-05
-5.12401e-05
-4.70495e-05
-4.7247e-05
2.27221e-05
3.11945e-05
4.31222e-05
6.65923e-05
8.32346e-05
0.000113716
0.000136137
0.00014508
0.000188019
0.000217448
0.00024288
0.000276333
0.00029171
0.000310374
0.00033749
0.000342529
0.00030564
0.00020681
9.6744e-05
6.93307e-05
-3.06812e-05
3.31807e-05
5.31455e-05
5.55966e-05
2.09577e-05
-3.04362e-05
1.81672e-05
3.02609e-05
4.12018e-05
7.06369e-05
9.07998e-05
0.000109294
0.000132222
0.000157656
0.0001816
0.00020104
0.000224477
0.000248922
0.000292871
0.000313259
0.000332974
0.000337097
0.000293522
0.000220367
9.06004e-05
-6.3505e-05
-1.1568e-05
4.25353e-05
8.80684e-05
9.15032e-05
8.49426e-05
1.87673e-05
-3.78551e-05
3.16041e-05
4.32208e-05
7.31596e-05
9.26317e-05
0.000112765
0.000137755
0.000161192
0.000180635
0.000194557
0.000233501
0.000265458
0.000286358
0.000317845
0.000335626
0.000328423
0.0002761
0.000177935
8.95248e-05
-5.91106e-05
-1.7164e-05
1.47522e-05
5.84921e-05
8.09951e-05
6.41692e-05
3.60661e-05
9.72638e-06
-1.96585e-05
-2.59389e-05
-3.93989e-05
4.71753e-05
7.01356e-05
9.27735e-05
9.43236e-05
9.59511e-05
0.000116647
0.000138326
0.000158242
0.000180186
0.000208898
0.000240321
0.000277143
0.000279553
0.000256853
0.000286038
0.000277238
0.000263639
0.000265577
0.000261014
0.000286562
0.00028341
0.000288211
0.00019507
0.00016752
0.000143428
0.00012459
0.000253832
0.000252175
0.000187664
-2.90834e-05
2.31216e-06
8.79061e-06
1.3245e-05
9.18531e-06
-1.58993e-05
-3.48538e-05
4.43598e-05
6.39685e-05
7.89068e-05
0.000106875
0.000128825
0.00013228
0.00017721
0.000200644
0.000203451
0.000214273
0.000216208
0.000231146
0.000235585
0.000226518
0.000229436
0.000247385
0.000339683
0.000367859
0.000302613
0.000196575
0.00010769
-3.53491e-05
-3.51927e-05
-4.69956e-05
-4.35456e-05
-3.97315e-05
-3.08764e-05
5.37082e-05
7.19329e-05
8.33865e-05
0.000100829
0.000141258
0.000179689
0.000174646
0.000198801
0.000197286
0.000215706
0.000224146
0.00022259
0.000236035
0.00027342
0.000318877
0.000372466
0.000366516
0.000313082
0.000222604
0.0001477
-4.04305e-06
4.40294e-05
5.68931e-05
5.81812e-05
2.65575e-05
-1.31312e-05
5.79255e-05
6.86992e-05
9.32451e-05
0.00013767
0.000156124
0.000184027
0.000215721
0.00024038
0.000248309
0.000264052
0.000293508
0.000313927
0.000346944
0.000367783
0.000317991
0.000186465
-1.81238e-05
8.77431e-05
0.000110821
0.000138
0.000123957
7.02785e-05
-8.14742e-06
6.67484e-05
6.41854e-05
9.51676e-05
0.000127098
0.000160521
0.000195969
0.000225901
0.000259322
0.000285828
0.000313975
0.000345934
0.000369499
0.000356458
0.000277463
0.000159918
9.7505e-05
-1.25403e-06
6.48126e-05
0.000119276
0.00015165
0.000155654
0.000105976
1.7753e-05
5.89052e-05
7.26601e-05
0.000108835
0.000128751
0.000150725
0.00017765
0.00022058
0.000252036
0.00028596
0.000325882
0.000352532
0.000367695
0.000373747
0.000334235
0.000267552
0.000186017
0.000120528
8.16246e-06
9.6524e-05
0.000125527
0.000146029
0.000165252
0.000136131
7.39565e-05
1.63599e-06
6.66426e-05
6.97276e-05
9.47217e-05
0.00011339
0.000150331
0.000189776
0.000221709
0.000260674
0.000287593
0.000316006
0.000353954
0.000374025
0.000382931
0.000302662
0.000194119
0.000124372
-1.01818e-05
3.74522e-05
0.000122689
0.000132418
0.000138433
0.000115049
7.51485e-05
2.35042e-05
1.66552e-06
6.66919e-05
8.3567e-05
0.000100028
0.000115743
0.000149198
0.000192876
0.000227343
0.000248747
0.000282702
0.000309384
0.000336571
0.000354862
0.000366042
0.000385687
0.000378198
0.000331571
0.000205077
2.77116e-05
8.17825e-05
8.97814e-05
7.16754e-05
4.85552e-05
1.09384e-05
-7.99136e-06
9.33537e-05
0.000127706
0.000163124
0.000183577
0.000204504
0.000211928
0.000239356
0.000280319
0.000310725
0.000330669
0.00036549
0.000387827
0.000353178
0.000262268
-7.00181e-06
2.45146e-05
5.25311e-05
5.94897e-05
3.73862e-05
6.78077e-06
-1.45404e-05
9.2896e-05
0.000108338
0.000123847
0.000149997
0.000185925
0.000211863
0.000216302
0.000236723
0.000268683
0.000295098
0.000322014
0.00035436
0.000352038
0.000234084
-2.46342e-05
2.19291e-05
6.38599e-05
3.22319e-05
-8.83613e-07
-7.91793e-06
-1.13159e-05
8.3615e-05
0.00011057
0.000137018
0.000156455
0.000173933
0.00019558
0.000229031
0.000249454
0.000249392
0.000292829
0.000342764
0.000373234
0.000335258
0.000210987
-2.03191e-05
1.15317e-05
0.000100755
0.000126244
8.20834e-05
3.21415e-05
9.55658e-05
0.000138234
0.000172168
0.000205618
0.000224794
0.000253236
0.000289701
0.000313102
0.000351051
0.000379235
0.000374776
0.000291495
0.000176853
2.09714e-05
5.26418e-05
0.000123307
0.000149004
0.000140414
7.87132e-05
1.63372e-05
9.97682e-05
0.000126966
0.000141401
0.000176372
0.000203768
0.000237221
0.000268889
0.000307859
0.000328279
0.000379228
0.000374698
0.000244159
0.00015441
1.98666e-05
7.08371e-05
0.000134103
0.000140135
9.69643e-05
2.47647e-05
9.39508e-05
0.000113663
0.000147564
0.000183525
0.000210441
0.000256418
0.000287841
0.000322309
0.000347983
0.000387607
0.000394781
0.000302377
0.000193867
9.14251e-06
6.52631e-05
9.62372e-05
0.000117815
0.000104164
6.65701e-05
1.4702e-05
9.85119e-05
0.000129031
0.000156224
0.000191167
0.000234103
0.00026454
0.000301449
0.00033764
0.000380031
0.000402217
0.000375306
0.000301495
0.00019451
3.72064e-05
7.47477e-05
0.00010026
0.000106745
7.53304e-05
3.81877e-05
8.86848e-06
0.000107213
0.000134918
0.000168342
0.000206771
0.000240731
0.00026965
0.000309063
0.000337535
0.00037349
0.000406892
0.000430985
0.000310599
0.000183236
1.51685e-05
3.61892e-05
5.78292e-05
6.06349e-05
5.95425e-05
2.95947e-05
1.8111e-05
0.000113604
0.000135951
0.000164631
0.000204583
0.000220742
0.00024492
0.000276077
0.000305679
0.000339997
0.000364383
0.000395774
0.000437405
0.000347697
0.000230562
0.000110367
0.000126488
0.000162919
0.000208356
0.000214766
0.000241208
0.000256623
0.000290548
0.000318697
0.00034368
0.000397376
0.00040795
0.000319691
0.000198013
2.73983e-05
5.52461e-05
6.69459e-05
3.78591e-05
1.5015e-05
0.000126314
0.000142184
0.000167832
0.00019976
0.000238162
0.000272119
0.000297042
0.000338451
0.000371902
0.000390598
0.000413028
0.000423174
0.000347306
0.000231168
0.000164191
2.54265e-05
7.22517e-05
8.97062e-05
9.01569e-05
3.30328e-05
0.000125486
0.000160647
0.000193086
0.000246005
0.000273938
0.000314873
0.000344803
0.000383705
0.000412426
0.000389839
0.000288103
0.000171314
2.01776e-05
6.68871e-05
9.23727e-05
0.000106343
9.2231e-05
3.08325e-05
0.000127261
0.000163695
0.000185048
0.000215818
0.000265759
0.00030419
0.000332629
0.000362085
0.000407996
0.000386133
0.000243886
0.000154222
2.49286e-05
4.54032e-05
7.59297e-05
7.83809e-05
3.89729e-05
0.000129932
0.000143039
0.000162982
0.000210306
0.000233145
0.000271577
0.000303
0.00033344
0.000367874
0.000400754
0.000381459
0.000250603
2.47808e-05
5.2907e-05
7.41105e-05
7.33706e-05
4.55046e-05
0.000127206
0.000137724
0.000158884
0.000193349
0.00022648
0.000253463
0.000276927
0.000306322
0.000329755
0.000359479
0.000410589
0.000436823
0.000434758
0.000368701
0.000232564
4.33551e-05
6.32331e-05
6.51776e-05
4.233e-05
0.000132507
0.000148589
0.000174528
0.000201986
0.000225126
0.000261117
0.000281537
0.000303988
0.000320414
0.000357349
0.000376279
0.000416225
0.000434387
0.000397872
0.000266856
0.000172934
0.000145973
0.000164997
0.000192932
0.000220904
0.000253583
0.0002605
0.000278923
0.00030188
0.000328319
0.000341737
0.00036767
0.000403151
0.000446193
0.000393829
0.000272769
0.000239361
0.000135791
0.000157067
0.000184393
0.000202846
0.000231292
0.000257887
0.000270204
0.000292384
0.000316564
0.000354989
0.000388677
0.000417356
0.000410808
0.000305011
0.000213287
4.05466e-05
6.36882e-05
5.94863e-05
4.30636e-05
0.000139367
0.000149161
0.000169356
0.000201796
0.000218729
0.000245206
0.0002786
0.000305939
0.000329762
0.000373202
0.000411627
0.000456466
0.0003747
0.000244552
4.19191e-05
0.000149676
0.00017601
0.000198427
0.00021587
0.000257312
0.000276275
0.000317204
0.000344129
0.000364644
0.000399769
0.000440189
0.000440548
0.000347783
0.000245036
4.42428e-05
5.38386e-05
5.43506e-05
5.21559e-05
0.000151367
0.000160082
0.000191509
0.000222932
0.000257369
0.000285307
0.000312286
0.000332203
0.00037302
0.000395828
0.000416278
0.000445917
0.000467352
0.000382332
0.000255374
5.33479e-05
6.58939e-05
7.09298e-05
7.1112e-05
6.71452e-05
6.71472e-05
0.000156665
0.00017013
0.000200574
0.00022076
0.000253196
0.000277137
0.000300811
0.00032478
0.000358944
0.000378201
0.000402897
0.000430259
0.000449189
0.000439689
0.000445488
0.000463123
0.000468541
0.000444125
0.00031687
0.000204566
6.07678e-05
6.34915e-05
7.09568e-05
7.57646e-05
0.000158147
0.000170566
0.000187024
0.000208171
0.000214673
0.000240614
0.000267059
0.00028748
0.000317412
0.000316844
0.000345763
0.000368717
0.000362009
0.00037585
0.000386281
0.000389674
0.000439915
0.000487604
0.000433687
0.000318382
0.000240172
6.2115e-05
0.000148992
0.000154575
0.000165522
0.000185978
0.000196952
0.000209927
0.000227584
0.000239506
0.000265954
0.000267889
0.000300359
0.000327755
0.000347194
0.000372113
0.000373574
0.000372057
0.000397189
0.000425595
0.000479721
0.000451481
0.000372663
0.000286811
0.000223983
8.02527e-05
7.89459e-05
6.8838e-05
0.00016661
0.000153038
0.000168487
0.000189956
0.000212887
0.00020782
0.000220761
0.000224102
0.000249926
0.000274344
0.000290293
0.000317722
0.000339633
0.000353081
0.000375525
0.000385959
0.000411387
0.000454853
0.000463896
0.000432093
0.000338038
0.000254719
0.000102107
0.000137606
0.000150859
0.000129262
8.68487e-05
0.000154783
0.000167136
0.000178618
0.000201789
0.000218489
0.000231937
0.000239154
0.000243837
0.000273402
0.000275635
0.000313159
0.000336085
0.000357762
0.000383964
0.000407875
0.000432825
0.000446496
0.000455749
0.000474812
0.000457148
0.000364326
0.00025651
6.172e-05
0.000102262
0.000167263
0.000174722
0.000177173
0.000158584
8.51073e-05
0.000157953
0.000168586
0.000198075
0.000201245
0.000212666
0.000231121
0.000249106
0.000275018
0.000298452
0.000309902
0.00033283
0.000348631
0.00036697
0.000387394
0.000418814
0.00043828
0.00045518
0.000474418
0.000482899
0.000402116
0.000293638
8.58957e-05
0.000123291
0.000183519
0.000229803
0.000224968
0.000206831
0.000176759
0.000133305
0.000115817
0.000120268
9.14011e-05
9.50169e-05
9.96817e-05
0.000168033
0.000173769
0.000189248
0.000213084
0.000226399
0.000254856
0.000265023
0.000288252
0.000298661
0.000312344
0.000341297
0.000365472
0.000385688
0.00040758
0.000425422
0.000435479
0.00046652
0.000471793
0.000445025
0.000353738
0.000261037
8.69218e-05
0.000171468
0.000223901
0.000263943
0.000268868
0.000255773
0.000231192
0.000204548
0.000169942
0.000149839
0.000125261
0.000129596
0.00013844
0.000118873
0.000108567
0.000108235
0.000118204
0.000123198
0.000120125
0.000115538
0.000118265
0.00018189
0.00019078
0.000215737
0.000241739
0.000272903
0.00029885
0.000314292
0.00032723
0.000335637
0.000364556
0.000385516
0.000412432
0.000424896
0.000439567
0.000454979
0.000481421
0.00048549
0.000461766
0.000250688
0.000115122
0.000194734
0.000254537
0.000286082
0.000298019
0.00030148
0.000267351
0.000244257
0.000222121
0.000182507
0.000153928
0.000148834
0.000139831
0.000138469
0.000110881
0.000119329
0.000116799
0.000113226
0.000108319
0.000175559
0.000205235
0.000225662
0.000248476
0.000264343
0.000279758
0.00029619
0.000324629
0.000336554
0.000364489
0.000387893
0.000407357
0.000422769
0.000431237
0.000446861
0.000452313
0.000479235
0.000493121
0.000488051
0.000461339
0.000319688
8.89774e-05
0.000140678
0.000221271
0.000277732
0.000282569
0.000306052
0.000300472
0.000291377
0.000294839
0.000249674
0.000234576
0.000212982
0.000200427
0.000187841
0.000175976
0.000158952
0.000152875
0.000149298
0.000136749
0.000129178
0.000117132
0.000179917
0.000208614
0.000245054
0.000274006
0.000295923
0.00030007
0.000313075
0.000344498
0.000361935
0.000370342
0.000403285
0.000414703
0.000420636
0.000446538
0.000443172
0.000470156
0.000485592
0.000475484
0.00046764
0.000324022
0.000340105
0.000343812
0.000359812
0.000345218
0.000336657
0.00033257
0.000316968
0.000301876
0.000287765
0.000257126
0.000250566
0.000230972
0.000210359
0.000210907
0.000197523
0.000193946
0.000192373
0.000167766
0.000159208
0.000164676
0.000153581
0.000128026
0.000122962
0.000121511
0.000177554
0.000186862
0.000215192
0.000245101
0.000283601
0.000305512
0.000321941
0.000341861
0.000357514
0.000368967
0.000393918
0.000410821
0.000420241
0.000429185
0.00045258
0.000484006
0.000465426
0.000487254
0.000450756
0.000306929
0.000296628
0.000366959
0.000354609
0.000344495
0.000323402
0.000316812
0.000309238
0.000282123
0.000266521
0.000257966
0.000244365
0.000242852
0.000224961
0.000220434
0.000193796
0.000184702
0.000180654
0.000167592
0.000158531
0.000143445
0.000139898
0.000134835
0.000180488
0.000183509
0.000208682
0.000241602
0.000267546
0.000283972
0.0003199
0.00034283
0.000357262
0.000387198
0.000387349
0.000420295
0.000443726
0.000469125
0.000476071
0.000484751
0.000388557
0.000263926
0.000148816
0.000296047
0.00037765
0.000360833
0.000337743
0.00037014
0.000358355
0.000348005
0.000333493
0.000330138
0.000318009
0.00030644
0.000297139
0.000278051
0.000259948
0.000256371
0.000244564
0.00023723
0.000216634
0.00021295
0.000201246
0.000183446
0.00017307
0.000166482
0.00017221
0.000160878
0.000146056
0.000184262
0.000198186
0.000219602
0.000247007
0.000270711
0.000305156
0.000339086
0.00036777
0.000401698
0.000433156
0.000451134
0.000460743
0.000479673
0.000479696
0.000342066
0.000268389
0.00024207
0.000318294
0.000403063
0.000393492
0.000367897
0.00036131
0.000335748
0.000327128
0.000323077
0.000307988
0.000300328
0.000284583
0.000272538
0.000261476
0.000255395
0.000234311
0.00022874
0.000211654
0.000188092
0.000171483
0.00015968
0.000151901
0.000181177
0.000203025
0.000233024
0.000268451
0.000297883
0.000331336
0.000361784
0.00040421
0.000445149
0.000464651
0.000490031
0.00047442
0.000307265
0.000221933
0.000319619
0.000411306
0.000401376
0.000397802
0.000365679
0.000355631
0.000350966
0.000331877
0.000324725
0.000315305
0.000296725
0.000291901
0.000279824
0.000263989
0.000258924
0.000235871
0.000219499
0.000207899
0.000196752
0.000178806
0.000168473
0.000164635
0.000170075
0.000198275
0.000215937
0.000246623
0.000281838
0.000324747
0.000367982
0.00039264
0.000442344
0.000480749
0.000492355
0.000497615
0.000344732
0.000372496
0.000416112
0.000405815
0.000378855
0.000353803
0.000341727
0.000323538
0.000298847
0.000286769
0.000264671
0.000249614
0.00024655
0.00024002
0.000227944
0.000216849
0.000195261
0.000182264
0.000166881
0.000160599
0.000209555
0.000226773
0.000256201
0.000304181
0.000342648
0.000373597
0.0004055
0.000450019
0.00047766
0.000494361
0.000437593
0.000428368
0.000419182
0.00037605
0.000354453
0.000330858
0.000319648
0.000306476
0.000283362
0.000263798
0.000244744
0.000236192
0.000243654
0.000225551
0.000201962
0.000191914
0.000169846
0.000169346
0.000163161
0.000197348
0.000226979
0.000251904
0.000282379
0.000327312
0.000371264
0.000400219
0.000442203
0.000453351
0.000498527
0.000446144
0.000416335
0.000389721
0.000359631
0.000343552
0.000322468
0.000297893
0.000288714
0.000276521
0.000251439
0.000235873
0.000223291
0.00022124
0.000210208
0.000189124
0.000176035
0.000166527
0.000215273
0.000239075
0.000275068
0.000326502
0.000349939
0.000382412
0.000415064
0.000461041
0.000495688
0.000494343
0.000332231
0.000364062
0.000423955
0.000409017
0.000368958
0.000324573
0.00031178
0.000290665
0.000273606
0.000251264
0.000231703
0.000218443
0.000214092
0.000198052
0.000200197
0.000202363
0.000175787
0.000179495
0.00022839
0.000257838
0.000291801
0.000336498
0.000371444
0.000399649
0.000424638
0.000457019
0.00049337
0.000466719
0.000325719
0.000258642
0.000336673
0.000431743
0.000403508
0.00039444
0.000375257
0.000340922
0.000299177
0.000263593
0.000246504
0.000219418
0.000213338
0.000199298
0.000174462
0.000214112
0.00024171
0.000258168
0.00029863
0.000327555
0.000371714
0.00041924
0.000462143
0.000502602
0.00052704
0.000420911
0.000291728
0.000181819
0.000311926
0.000381311
0.000420376
0.000402777
0.000360655
0.00031552
0.000279936
0.000265854
0.000240299
0.000208173
0.000187477
0.000163263
0.000152477
0.000232815
0.000248387
0.000306857
0.000347172
0.000386499
0.000445443
0.000491416
0.000518074
0.00051101
0.000378102
0.000287947
0.000161071
0.00023765
0.000291573
0.000347164
0.000365128
0.000365609
0.000350477
0.000335415
0.000326559
0.000311023
0.000282919
0.000248792
0.000210701
0.000172071
0.000146986
0.000236806
0.000261205
0.0003152
0.000389141
0.000444597
0.000518025
0.000538818
0.000519927
0.000453389
0.000327633
0.000149806
0.00015748
0.000169989
0.000172947
0.000158361
0.000143331
0.000267819
0.000333798
0.00042124
0.000363449
0.000426388
0.000504441
0.000537567
0.000493506
0.000402647
0.000325867
0.000289975
0.000353546
0.000498968
0.000538377
0.000545234
0.000524011
0.000485488
0.0004174
0.000341892
0.000271484
0.000286895
0.000287047
0.000284068
0.000269139
0.000293548
0.000314355
0.000349767
0.000353696
0.000330618
0.000215025
0.000271761
0.000289696
0.000302589
0.000287847
0.000243209
0.000228111
0.000177512
0.000288093
0.000312161
0.000332608
0.000357526
0.000382002
0.000405132
0.000455064
0.000463461
0.000471415
0.000448811
0.000413275
0.000364709
0.000216637
0.000317823
0.000369351
0.000423779
0.000439655
0.000399996
0.000380864
0.000356754
0.000316624
0.000283982
0.00023735
0.000193699
0.000293708
0.000326417
0.000368333
0.000404758
0.000433164
0.000434083
0.00046702
0.000489971
0.000512628
0.000517541
0.000504479
0.000506408
0.000533288
0.000475243
0.000436693
0.000366196
0.000198185
0.000298606
0.000389257
0.000451519
0.000459155
0.000453341
0.000433228
0.000409592
0.000364925
0.00033482
0.000277149
0.000240157
0.000230083
0.000207628
0.000202271
0.000285903
0.000342292
0.000370446
0.000400356
0.000460754
0.000492948
0.000518345
0.000526333
0.000533444
0.00053311
0.000531075
0.000559664
0.000580777
0.000577911
0.000571857
0.00056025
0.000571647
0.000552529
0.000513442
0.000467414
0.000371177
0.000207571
0.000294196
0.000409402
0.000454731
0.000458718
0.000444527
0.000415383
0.000383817
0.000342644
0.000308775
0.000297068
0.00026995
0.000247366
0.000219268
0.000213277
0.000290729
0.000346464
0.000425413
0.000488378
0.000527049
0.000561035
0.000608699
0.000589256
0.000508115
0.000430098
0.000343688
0.000275757
0.000377954
0.000432558
0.000452769
0.000425171
0.000384534
0.000368929
0.000321823
0.000309205
0.000283134
0.000249071
0.0002327
0.000208332
0.00028223
0.000328813
0.000391274
0.000462708
0.000524215
0.00057433
0.000592149
0.000566483
0.000489929
0.00041838
0.000361123
0.000169975
0.000233903
0.000325637
0.000408227
0.00045141
0.000480858
0.000459531
0.000426412
0.000401291
0.000369699
0.00033658
0.000318504
0.000284914
0.000264549
0.000237972
0.000215157
0.000315247
0.000383163
0.000441627
0.000511063
0.000562009
0.00059271
0.000550857
0.000481338
0.000375299
0.000206241
0.000247121
0.000302188
0.000387618
0.000414632
0.000431457
0.000452432
0.000465977
0.000482395
0.000488432
0.000489357
0.000473642
0.000450416
0.000414043
0.000386925
0.000367832
0.000323438
0.0002886
0.00026903
0.000243106
0.000218267
0.000305392
0.000361085
0.000426022
0.00047697
0.000533135
0.000565047
0.000580767
0.000603377
0.000595039
0.000553325
0.000458763
0.000395695
0.000348063
0.000204316
0.000265018
0.000327618
0.000358618
0.000388602
0.000408558
0.000445323
0.000468324
0.000465278
0.000459162
0.000436581
0.000415995
0.000387891
0.00034675
0.000315635
0.000295054
0.000261465
0.000223845
0.000318701
0.000373614
0.000424563
0.000460013
0.000503414
0.000560861
0.000598007
0.0006035
0.000558195
0.00048864
0.000429469
0.000364582
0.000211084
0.000271572
0.000284259
0.000305264
0.000361771
0.00040581
0.000421265
0.000436963
0.000438426
0.000420344
0.000401251
0.000379651
0.000344032
0.000318941
0.000286335
0.000249708
0.000233186
0.000316465
0.0003534
0.000410823
0.000450232
0.000486687
0.00051611
0.000537002
0.000560936
0.000602373
0.000593156
0.000613909
0.000582975
0.000529429
0.000482857
0.000399328
0.000208756
0.000232908
0.000296933
0.000352491
0.000385999
0.000396979
0.000397608
0.000397101
0.000381531
0.000361422
0.000323296
0.000300175
0.00027059
0.000252511
0.000232977
0.000305355
0.000331786
0.000374629
0.000410554
0.00043798
0.000472411
0.000508329
0.000537272
0.000545673
0.000569611
0.000582507
0.000610603
0.000612826
0.000593301
0.00054926
0.000484687
0.000419127
0.000363652
0.000210973
0.000248247
0.000284259
0.000306731
0.000298674
0.000301122
0.000314579
0.000293879
0.000270645
0.000248032
0.000241978
0.000225081
0.000306224
0.000342701
0.000374011
0.000414943
0.000459871
0.000483802
0.000520737
0.000529139
0.000553041
0.000567466
0.000602401
0.000617334
0.000594117
0.000560788
0.0005372
0.000490119
0.000443074
0.000369528
0.000346619
0.000227948
0.000220877
0.000242362
0.000227774
0.000225484
0.000324521
0.000364012
0.000398616
0.0004255
0.000476321
0.000508723
0.000541155
0.000561303
0.000570512
0.000600674
0.000598312
0.000592221
0.000556169
0.000503177
0.000486086
0.000455931
0.000412342
0.000394618
0.000380865
0.000313223
0.000337291
0.000373216
0.000423154
0.000450433
0.000491248
0.000522161
0.000552088
0.000567017
0.000591906
0.000603314
0.000602742
0.000570149
0.000513048
0.000435979
0.000351933
0.00034961
0.000323937
0.000343483
0.000373652
0.000426808
0.000461747
0.000491129
0.000516939
0.000545515
0.000555913
0.00054407
0.000559239
0.000552166
0.000513013
0.000453474
0.000386258
0.000320286
0.0003355
0.000382391
0.000413338
0.000425226
0.000456025
0.000458317
0.000492241
0.000486658
0.000452067
0.000399474
0.000375886
0.00035585
0.000329806
0.000350475
0.000379394
0.000391312
0.000410236
0.00043012
0.000465122
0.000422246
0.000407634
0.000383539
0.000374975
0.000365763
0.000335293
0.000344723
0.000351926
0.00037384
0.000382211
0.000375141
0.000370607
0.000380267
0.000391172
0.000395549
0.000363023
0.000341511
0.000342428
0.000358888
0.000368306
0.000383241
0.000367498
0.000377812
0.000357481
0.000338642
0.00034399
0.000355661
0.000372296
0.000383232
0.00039265
0.000392287
0.000381966
0.000357637
0.000360612
0.000372268
0.000403692
0.000429591
0.000435998
0.000441924
0.00043283
0.000413773
0.000370718
0.000344801
0.000366362
0.000396318
0.000415728
0.000443655
0.000452565
0.000461473
0.000437891
0.000412333
0.000373931
0.000354128
0.000378933
0.000404838
0.000415269
0.000435686
0.000429123
0.000449033
0.000438955
0.000396343
0.000363945
0.000350853
0.000364965
0.000378821
0.000423781
0.000402697
0.000399144
0.000401553
0.000369629
0.000410486
0.000444404
0.000430328
0.000408267
0.000380154
0.00044572
0.000506179
0.000516342
0.000501726
0.000461209
0.000400432
0.000429593
0.000493725
0.000535155
0.00054177
0.000516252
0.0004557
0.000419362
0.000401587
0.000414777
0.000466675
0.000523884
0.000548054
0.000537528
0.000522376
0.000471101
0.000410152
0.000393298
0.000431758
0.000462701
0.000508132
0.000548045
0.000550931
0.000538879
0.00048581
0.000444162
0.000416599
0.000390817
0.000418451
0.000453362
0.000494321
0.000539239
0.000554648
0.000553566
0.000541992
0.000490415
0.000427245
0.000389882
0.000411588
0.000443482
0.00047842
0.000505875
0.000516748
0.000520677
0.000530628
0.000505553
0.000460979
0.000422091
0.000408624
0.000443049
0.000436528
0.000491946
0.000555114
0.000617263
0.000627959
0.000602404
0.000543581
0.000470629
0.000433626
0.000534195
0.000647622
0.000687532
0.000690955
0.000652879
0.000584812
0.00049976
0.000427363
0.000410813
0.000475247
0.000590559
0.000664458
0.000695335
0.000677769
0.000622732
0.000575147
0.000483626
0.000424226
0.000419037
0.000478585
0.000570015
0.00065128
0.000681629
0.000692024
0.000689452
0.000612892
0.000537316
0.0004748
0.000423697
0.000467883
0.000533322
0.000604234
0.000666657
0.000694081
0.000691753
0.000675678
0.000625589
0.000511052
0.000450275
0.000421651
0.000485087
0.000569483
0.0006249
0.000681805
0.00069223
0.000697533
0.000652845
0.000578283
0.000460735
0.000422739
0.000453815
0.000507235
0.000569658
0.000625552
0.000652969
0.000660416
0.000671321
0.000610955
0.000551447
0.000450957
0.000422432
0.000457195
0.000515358
0.000545792
0.000587968
0.000612347
0.000632497
0.000629689
0.000609111
0.000552343
0.000468899
0.000424376
0.000451571
0.000504961
0.000516373
0.000570807
0.0006357
0.000678621
0.000670031
0.000635444
0.000551905
0.000468148
0.000424058
0.000496473
0.000625613
0.000684279
0.000715661
0.000695627
0.000649768
0.000575709
0.000480806
0.000471832
0.000552005
0.000640895
0.000680808
0.00069171
0.000647139
0.000600058
0.000522485
0.000452089
0.000436408
0.000463301
0.000527641
0.000601537
0.000660203
0.000685891
0.000674526
0.000635439
0.000555151
0.000487069
0.000441863
0.000474036
0.000519533
0.000572178
0.000620557
0.000664464
0.000691377
0.000666298
0.000612721
0.000541646
0.000463365
0.000456407
0.00049734
0.00054814
0.000587907
0.000622335
0.000641733
0.000668171
0.000631589
0.000605494
0.000541428
0.000461656
0.0004537
0.000498624
0.000538573
0.00057035
0.000601143
0.000616579
0.000621495
0.000632907
0.000598316
0.000542745
0.000470962
0.000449716
0.000458768
0.000478431
0.000503603
0.000535609
0.000590483
0.00062843
0.000655341
0.000652978
0.000611178
0.000535602
0.000481901
0.000453868
0.000495614
0.000597245
0.00066664
0.000690035
0.000674499
0.000612453
0.000526891
0.000476945
0.000543498
0.000621636
0.000666591
0.000676036
0.000652955
0.000579376
0.000494414
0.000473314
0.000494775
0.000562923
0.000618219
0.000634949
0.000620958
0.000577635
0.000513598
0.000474562
0.000502969
0.000540914
0.000576329
0.000595223
0.000605684
0.00059
0.000569279
0.000514997
0.000471612
0.000512061
0.000548457
0.000574895
0.000583299
0.000579237
0.000563641
0.000515975
0.000485069
0.000479051
0.000490628
0.000516527
0.000523471
0.000524896
0.000541823
0.000537736
0.000513168
0.00048081
0.000479635
0.000522336
0.000567852
0.000579263
0.000577469
0.000521221
0.000489501
0.000520333
0.000574565
0.000599957
0.000599892
0.000570283
0.000516478
0.000521466
0.000570442
0.000607344
0.000592288
0.000548728
0.000510314
0.000488351
0.000544408
0.000590852
0.000582258
0.00055918
0.000525132
0.000484568
0.000502135
0.000519241
0.000539412
0.000585694
0.000604143
0.000606281
0.000587972
0.000554669
0.000509077
0.000490858
0.000512567
0.000541477
0.000573374
0.00059338
0.000608522
0.000634902
0.000616354
0.000610265
0.000568701
0.000519401
0.000485519
0.000491029
0.000515489
0.000532955
0.000553373
0.000566547
0.000585233
0.000598414
0.000609693
0.000604989
0.000615387
0.000607841
0.000577996
0.000542678
0.000503268
0.00051525
0.000538142
0.000535573
0.000560014
0.000604938
0.000682831
0.000717797
0.000701429
0.000646836
0.000579281
0.000570949
0.000691864
0.00073878
0.000728669
0.000718501
0.000668801
0.000606225
0.000544825
0.000540887
0.000668805
0.000734682
0.000752595
0.000755031
0.000724974
0.000655357
0.00058936
0.000535177
0.000503686
0.000521472
0.000571949
0.000652853
0.000732774
0.000778139
0.000788028
0.000782445
0.000727887
0.000685784
0.000561264
0.000438414
0.000474194
0.000508216
0.000489084
0.000454442
0.000389918
0.000516215
0.00053089
0.000545795
0.000566717
0.000622134
0.000665244
0.000734197
0.000782099
0.000803776
0.000817623
0.000781237
0.000710159
0.000586082
0.000443884
0.000499577
0.000609575
0.000616896
0.000617379
0.000624137
0.000570158
0.000462623
0.000434434
0.000433883
0.000420307
0.000408353
0.000502738
0.000546175
0.000541588
0.000567252
0.000597957
0.0006176
0.00065024
0.000695642
0.000741846
0.000759794
0.000787885
0.000815526
0.000788723
0.000683034
0.000600306
0.000421016
0.000466206
0.000558023
0.000650734
0.000682013
0.000641796
0.000519491
0.00049037
0.000470237
0.000453651
0.000443057
0.000423667
0.00042317
0.000507521
0.00054023
0.000575138
0.000608052
0.000635477
0.000661886
0.000706303
0.000753731
0.000788129
0.000806682
0.000812412
0.000748979
0.000630956
0.000539568
0.000425324
0.000539977
0.000653259
0.000692698
0.000648661
0.000579442
0.0005303
0.000495661
0.000490477
0.00047124
0.000448149
0.000441079
0.000425518
0.00051424
0.000539185
0.000581846
0.000622033
0.000656509
0.000692899
0.000735295
0.000785224
0.00080541
0.000788453
0.000680521
0.000595632
0.00041367
0.000518332
0.000641239
0.000684312
0.000705232
0.000670093
0.000654085
0.000612462
0.000579072
0.00054942
0.000518065
0.000497957
0.000470126
0.000447517
0.000447386
0.000520818
0.000558004
0.000600934
0.000649036
0.000686302
0.000725234
0.000770398
0.000791571
0.000808285
0.000689542
0.000544708
0.000461779
0.000550708
0.000661988
0.00071165
0.000684182
0.000647069
0.000603388
0.000571253
0.00054217
0.000499032
0.000482446
0.000447336
0.000432125
0.000519027
0.000557701
0.000576628
0.000613092
0.00065047
0.000703893
0.00073883
0.00079225
0.000805542
0.000801946
0.000694429
0.00057693
0.000427778
0.000541742
0.000666654
0.000691815
0.000703733
0.000684293
0.000640642
0.000611014
0.000567876
0.000533744
0.000510653
0.000468532
0.000448458
0.000520841
0.000530892
0.000559331
0.00058926
0.000634217
0.000679144
0.000722037
0.000751964
0.000795105
0.000818256
0.000811571
0.000722655
0.000583157
0.000429464
0.000516764
0.000611294
0.000686532
0.000712174
0.000685246
0.000655828
0.000617728
0.000582075
0.000548455
0.000509822
0.000464713
0.00043617
0.000529102
0.000551408
0.000593324
0.000635268
0.000678188
0.000736267
0.000769681
0.000810643
0.000790538
0.000646407
0.000459307
0.000516916
0.00057902
0.000636651
0.000649531
0.000611753
0.000623717
0.00066234
0.000638468
0.000625665
0.00060129
0.000563875
0.000529774
0.000503382
0.000479412
0.000476401
0.00043539
0.000551526
0.000606469
0.00066304
0.000724152
0.000779086
0.000827
0.000837467
0.000767292
0.000612553
0.000429869
0.000471177
0.000494662
0.000513998
0.000516327
0.000503739
0.000485653
0.000472585
0.00044696
0.000553539
0.000605746
0.000674163
0.000772101
0.000837381
0.000757582
0.000660069
0.000569187
0.000602459
0.00071038
0.000796325
0.000832886
0.000826954
0.000724463
0.000638342
0.000570926
0.000656109
0.000667544
0.000723113
0.000731429
0.000739112
0.000758752
0.000756275
0.000681473
0.000617773
0.000572884
0.00048844
0.000482622
0.000498077
0.000478713
0.000592094
0.000610818
0.000617236
0.000638694
0.000627629
0.000621539
0.000613144
0.000491356
0.000519904
0.00054251
0.000555961
0.000540856
0.000524063
0.000496645
0.000588837
0.000607891
0.000639308
0.000663746
0.000652142
0.000648586
0.000648991
0.000647436
0.000677329
0.000675295
0.00064596
0.000638379
0.00062281
0.000619734
0.000612791
0.000498488
0.000524343
0.000563401
0.000599919
0.00060835
0.000593255
0.000559623
0.000515489
0.000621254
0.00066069
0.000688616
0.000710521
0.000721456
0.000708861
0.000701281
0.000682224
0.000679622
0.000685065
0.000687358
0.000665146
0.000628084
0.000613694
0.000491288
0.000533068
0.000572155
0.000569582
0.000591538
0.00057745
0.000545312
0.000511452
0.000608997
0.000648618
0.000693535
0.000725969
0.000743876
0.00075183
0.000739712
0.00071466
0.000701088
0.000682985
0.000680917
0.000677873
0.00066055
0.000638482
0.000629547
0.000509369
0.000540436
0.000558633
0.000555047
0.000544298
0.000538508
0.000521409
0.000498808
0.000607163
0.000634074
0.000659572
0.000687853
0.000719565
0.000710702
0.000701361
0.000667039
0.000649232
0.000649371
0.000633057
0.000644468
0.000633377
0.000607106
0.000620927
0.000638393
0.000628345
0.000627704
0.000634645
0.000662571
0.000661489
0.00065641
0.000643825
0.000631042
0.000625946
0.000645913
0.000680785
0.000688739
0.000652625
0.000632772
0.000651428
0.000652593
0.000670533
0.000656484
0.000639021
0.000631818
0.000640937
0.000634124
0.000635013
0.000820216
0.000834911
0.000832521
0.000691356
0.000696374
0.000825488
0.00084031
0.000854552
0.000899947
0.000898627
0.000887766
0.000866231
0.000837764
0.00070751
0.000741764
0.000744179
0.00071854
0.000829502
0.000847181
0.000887601
0.000914543
0.000931911
0.000942306
0.000931238
0.000895127
0.000857264
0.000695164
0.000745841
0.000788864
0.000829379
0.000803236
0.000780613
0.000724271
0.000823841
0.000841561
0.000862186
0.000900132
0.000917535
0.000948406
0.000969834
0.000965741
0.000951626
0.000900557
0.000854619
0.000698479
0.000750781
0.000812755
0.00086279
0.000877078
0.000876922
0.000842756
0.00080987
0.000756578
0.00072445
0.000821503
0.000842595
0.000858898
0.00088453
0.000952939
0.0010316
0.00106573
0.00107093
0.00106356
0.00102548
0.000920418
0.000859218
0.000710578
0.000766776
0.000832863
0.000867828
0.000876772
0.000873069
0.000851319
0.000816157
0.000774027
0.000737236
0.000845373
0.000931252
0.00103815
0.00108703
0.00111096
0.00112034
0.00112674
0.00107467
0.000979632
0.000886766
0.00075378
0.000796835
0.000835857
0.000840776
0.000837697
0.000818085
0.000785501
0.000763603
0.000741344
0.000885339
0.000974952
0.00106337
0.00109975
0.00112318
0.00112411
0.00111451
0.00109139
0.000990837
0.000889032
0.000709042
0.000730293
0.000772832
0.00076922
0.000776676
0.000771599
0.000749483
0.000725739
0.000914777
0.00100519
0.0010321
0.00110247
0.00113588
0.00112532
0.00112871
0.00106514
0.000951582
0.000878667
0.000713617
0.000718726
0.000726662
0.00083711
0.000892708
0.000967113
0.0010253
0.00106023
0.00108816
0.00111432
0.00110924
0.00107817
0.000996865
0.000904201
0.00088455
0.00093746
0.000997914
0.00102951
0.00103845
0.00105888
0.00102829
0.000961203
0.000877943
0.000872007
0.000936377
0.000964335
0.000980215
0.000976152
0.000932082
0.000867194
0.000871364
0.000898558
0.000877945
0.00114395
0.0011479
