%time,field.header.seq,field.header.stamp,field.header.frame_id,field.x,field.y,field.z
1592043165402504075,1,1592043165350843906,,-1.2716023922,-0.57467186451,-0.866510093212
1592043165454472058,2,1592043165402873039,,-1.2715947628,-0.574673771858,-0.866517305374
1592043165556691626,3,1592043165454941034,,-1.27159941196,-0.574670791626,-0.866513669491
1592043165608534874,4,1592043165556921958,,-1.27159881592,-0.57467764616,-0.866512477398
1592043165660947674,5,1592043165609399080,,-1.27159655094,-0.574678480625,-0.866516470909
1592043165763391815,6,1592043165661557912,,-1.27159619331,-0.574676394463,-0.866513490677
1592043165815572090,7,1592043165764035940,,-1.27159535885,-0.574674546719,-0.866518378258
1592043165867379522,8,1592043165815984010,,-1.27160191536,-0.574667215347,-0.866511523724
1592043165918189332,9,1592043165867177963,,-1.27159368992,-0.574684262276,-0.866516053677
1592043165970257676,10,1592043165918498992,,-1.27160155773,-0.574678421021,-0.866511523724
1592043166021747041,11,1592043165970560073,,-1.27160048485,-0.574676454067,-0.866510331631
1592043166072959460,12,1592043166021995067,,-1.27159225941,-0.574676811695,-0.866519033909
1592043166124927989,13,1592043166073357105,,-1.27159321308,-0.574673712254,-0.866519749165
1592043166177015992,14,1592043166125365018,,-1.27160573006,-0.574675858021,-0.866509616375
1592043166279561975,15,1592043166177411079,,-1.27159750462,-0.574680328369,-0.866513490677
1592043166331011478,16,1592043166279989004,,-1.27160763741,-0.574669718742,-0.866507947445
1592043166383247710,17,1592043166331506967,,-1.27160286903,-0.574683070183,-0.866509854794
1592043166434894194,18,1592043166383454084,,-1.27160847187,-0.574667692184,-0.866503000259
1592043166486229929,19,1592043166435117006,,-1.27159202099,-0.574678599834,-0.86651968956
1592043166538175618,20,1592043166486483097,,-1.27159559727,-0.574682533741,-0.866512775421
1592043166590109147,21,1592043166538573980,,-1.27159774303,-0.574671089649,-0.866515636444
1592043166642216160,22,1592043166590491056,,-1.27160835266,-0.574678719044,-0.86650288105
1592043166694424280,23,1592043166643174886,,-1.27160346508,-0.574675619602,-0.866509079933
1592043166746283201,24,1592043166694673061,,-1.27160012722,-0.574672102928,-0.866512954235
1592043166799258368,25,1592043166746973037,,-1.27160346508,-0.574667930603,-0.866511106491
1592043166850661479,26,1592043166798991918,,-1.27159297466,-0.574675142765,-0.866518676281
1592043166905444864,27,1592043166851835012,,-1.27159953117,-0.57467353344,-0.866514205933
1592043166957441064,28,1592043166905857086,,-1.27158749104,-0.574688196182,-0.866520881653
1592043167008841681,29,1592043166957843065,,-1.27158236504,-0.574679970741,-0.866527438164
1592043167060499936,30,1592043167008975028,,-1.27159738541,-0.574671149254,-0.866514265537
1592043167112678457,31,1592043167060877084,,-1.27159869671,-0.574668049812,-0.866513073444
1592043167163983283,32,1592043167112915039,,-1.27159047127,-0.574686408043,-0.866519212723
1592043167215200766,33,1592043167164130926,,-1.27160537243,-0.574667334557,-0.866510093212
1592043167316343490,34,1592043167215399026,,-1.27159142494,-0.574673116207,-0.866521716118
1592043167368290122,35,1592043167316540002,,-1.27159130573,-0.574672579765,-0.86652380228
1592043167420701758,36,1592043167368607997,,-1.27158558369,-0.574674904346,-0.866527020931
1592043167472914354,37,1592043167421133995,,-1.27159869671,-0.574677050114,-0.866512358189
1592043167524776790,38,1592043167473088026,,-1.27160489559,-0.574679195881,-0.866506755352
1592043167626544171,39,1592043167525068044,,-1.27160191536,-0.574676454067,-0.866510689259
1592043167678644911,40,1592043167626996994,,-1.27159285545,-0.574681341648,-0.866514146328
1592043167730057857,41,1592043167679052114,,-1.2715985775,-0.574676692486,-0.866512715816
1592043167781952584,42,1592043167730304956,,-1.27159714699,-0.57468265295,-0.866512596607
1592043167834133758,43,1592043167782354116,,-1.27159643173,-0.574679434299,-0.866516053677
1592043167936877359,44,1592043167835107088,,-1.27159225941,-0.574677348137,-0.866520822048
1592043167989510023,45,1592043167937743902,,-1.27160131931,-0.574674248695,-0.86651134491
1592043168041632846,46,1592043167989896059,,-1.27159559727,-0.574670135975,-0.866516709328
1592043168093565757,47,1592043168041944026,,-1.27158820629,-0.57467097044,-0.866526126862
1592043168145565896,48,1592043168094007968,,-1.27158617973,-0.574674904346,-0.86652547121
1592043168197839673,49,1592043168146003961,,-1.27159941196,-0.574679970741,-0.866515159607
1592043168250017392,50,1592043168198414087,,-1.27159380913,-0.57467186451,-0.866517722607
1592043168351937629,51,1592043168250457048,,-1.27160441875,-0.574676036835,-0.866507470608
1592043168403956571,52,1592043168352303028,,-1.2716101408,-0.574671328068,-0.866501510143
1592043168456010928,53,1592043168404320955,,-1.27159762383,-0.574678719044,-0.866514027119
1592043168507890590,54,1592043168456264019,,-1.27159750462,-0.574676036835,-0.866512715816
1592043168609926258,55,1592043168508358001,,-1.27160036564,-0.574676811695,-0.866510510445
1592043168661734157,56,1592043168610124111,,-1.27159750462,-0.574680030346,-0.866513431072
1592043168714180643,57,1592043168662472009,,-1.2715959549,-0.574671447277,-0.866515576839
1592043168766188216,58,1592043168714546918,,-1.27159643173,-0.574673950672,-0.866518557072
1592043168818981908,59,1592043168767405033,,-1.27160000801,-0.574670135975,-0.866513371468
1592043168870786035,60,1592043168819339036,,-1.2715947628,-0.574677884579,-0.866516768932
1592043168922787471,61,1592043168871053934,,-1.27159392834,-0.574674129486,-0.866516411304
1592043168975215218,62,1592043168923270940,,-1.27159690857,-0.574685454369,-0.866512238979
1592043169026532439,63,1592043168975338935,,-1.27159535885,-0.574678719044,-0.866515278816
1592043169128357653,64,1592043169026757001,,-1.27158987522,-0.574675261974,-0.866522073746
1592043169181090875,65,1592043169129806995,,-1.2715959549,-0.574682354927,-0.866513133049
1592043169232136839,66,1592043169181212902,,-1.27160036564,-0.574670314789,-0.866510689259
1592043169283935459,67,1592043169232455968,,-1.27160012722,-0.574676513672,-0.866510689259
1592043169335696747,68,1592043169284198999,,-1.2715896368,-0.574672460556,-0.866521060467
1592043169387494776,69,1592043169335987091,,-1.27159416676,-0.574675023556,-0.86651968956
1592043169439647442,70,1592043169387919902,,-1.27159535885,-0.57467097044,-0.866513192654
1592043169492396347,71,1592043169440840959,,-1.27159702778,-0.574671626091,-0.866514801979
1592043169545251845,72,1592043169492995023,,-1.2716012001,-0.574677288532,-0.866510987282
1592043169595688080,73,1592043169544482946,,-1.27158808708,-0.574688255787,-0.866520345211
1592043169647074656,74,1592043169596127033,,-1.27159583569,-0.574686408043,-0.866513490677
1592043169698881411,75,1592043169647283077,,-1.27159571648,-0.574674904346,-0.866515278816
1592043169751907455,76,1592043169700138092,,-1.27160286903,-0.574667692184,-0.866511106491
1592043169804914887,77,1592043169753072977,,-1.2715972662,-0.574671208858,-0.866514503956
1592043169909017456,78,1592043169805949926,,-1.27159905434,-0.574679732323,-0.866510868073
1592043169960974175,79,1592043169909526109,,-1.27159106731,-0.57467597723,-0.866517901421
1592043170012147461,80,1592043169961071968,,-1.27159690857,-0.574678838253,-0.866513133049
1592043170064009817,81,1592043170012291908,,-1.27160251141,-0.574678719044,-0.866510570049
1592043170116038834,82,1592043170064342021,,-1.27158808708,-0.574684798717,-0.866519570351
1592043170170663077,83,1592043170117310047,,-1.27159261703,-0.57467675209,-0.866519808769
1592043170223010215,84,1592043170170768022,,-1.27159714699,-0.574681818485,-0.866512537003
1592043170278545701,85,1592043170222774028,,-1.27158665657,-0.574687719345,-0.866522014141
1592043170329816934,86,1592043170278275966,,-1.27159357071,-0.574672996998,-0.866516172886
1592043170382134388,87,1592043170330518007,,-1.27159166336,-0.574682414532,-0.866518855095
1592043170435179323,88,1592043170382493972,,-1.27160596848,-0.574674546719,-0.866506695747
1592043170486510254,89,1592043170434919118,,-1.27159631252,-0.574683785439,-0.86651545763
1592043170538823540,90,1592043170487184047,,-1.27160620689,-0.574671149254,-0.866504311562
1592043170590381774,91,1592043170539283990,,-1.27159798145,-0.574674189091,-0.866515219212
1592043170642584916,92,1592043170590523004,,-1.27158761024,-0.574681043625,-0.866521298885
1592043170694513635,93,1592043170642703056,,-1.27158784866,-0.574674785137,-0.86652392149
1592043170746243833,94,1592043170694685935,,-1.27159702778,-0.574675619602,-0.866515398026
1592043170798902746,95,1592043170746639966,,-1.27159428596,-0.57467764616,-0.866515994072
1592043170850771065,96,1592043170799743890,,-1.27159070969,-0.574674069881,-0.866517901421
1592043170902456050,97,1592043170851003885,,-1.27157819271,-0.574669420719,-0.866524934769
1592043170954422133,98,1592043170902728080,,-1.27159202099,-0.574684560299,-0.866518378258
1592043171006433372,99,1592043170954790115,,-1.2715908289,-0.574684083462,-0.866518497467
1592043171108449434,100,1592043171006902933,,-1.27159285545,-0.574674367905,-0.866520166397
1592043171160547000,101,1592043171108639955,,-1.27159667015,-0.574677109718,-0.866514444351
1592043171212023352,102,1592043171160324096,,-1.27159321308,-0.574672162533,-0.866516709328
1592043171265065550,103,1592043171213032960,,-1.27159047127,-0.574677944183,-0.866519570351
1592043171367060287,104,1592043171264873027,,-1.27160048485,-0.574676334858,-0.866512417793
1592043171418461101,105,1592043171366826057,,-1.27159512043,-0.574681162834,-0.866514623165
1592043171521340692,106,1592043171419610977,,-1.27159738541,-0.574680924416,-0.866514921188
1592043171573238567,107,1592043171521589994,,-1.27159202099,-0.574677467346,-0.866521477699
1592043171625456608,108,1592043171573723077,,-1.27159619331,-0.57467520237,-0.866514265537
1592043171677237175,109,1592043171625648975,,-1.27159011364,-0.574675679207,-0.866521656513
1592043171731068293,110,1592043171677891016,,-1.27160012722,-0.574674189091,-0.866512060165
1592043171782976793,111,1592043171731862068,,-1.27159285545,-0.574678242207,-0.8665137887
1592043171834671078,112,1592043171783279895,,-1.27159798145,-0.574675142765,-0.86651211977
1592043171886676132,113,1592043171835364103,,-1.27160191536,-0.574669003487,-0.866511523724
1592043171938694374,114,1592043171887017965,,-1.27159321308,-0.574678719044,-0.86651802063
1592043171990673419,115,1592043171939099073,,-1.27159667015,-0.574677884579,-0.866513133049
1592043172042636802,116,1592043171991087913,,-1.27159190178,-0.574683845043,-0.866517543793
1592043172094485844,117,1592043172043014049,,-1.2715998888,-0.574671030045,-0.866514623165
1592043172147242863,118,1592043172094940900,,-1.27158927917,-0.574682831764,-0.866520345211
1592043172198627992,119,1592043172147020101,,-1.27160108089,-0.574674665928,-0.866510331631
1592043172250141795,120,1592043172199013948,,-1.27158391476,-0.574691712856,-0.866523504257
1592043172302366708,121,1592043172250324964,,-1.27159059048,-0.574677050114,-0.866517841816
1592043172353681691,122,1592043172302139043,,-1.27159750462,-0.574675321579,-0.866512000561
1592043172406028613,123,1592043172354120969,,-1.2716012001,-0.574678659439,-0.866512537003
1592043172458061009,124,1592043172406316995,,-1.27159786224,-0.574676036835,-0.866511702538
1592043172560680946,125,1592043172459058046,,-1.27160418034,-0.574672281742,-0.866507053375
1592043172613926728,126,1592043172561845064,,-1.27160286903,-0.574678480625,-0.866507053375
1592043172666741510,127,1592043172615031957,,-1.27160179615,-0.574667394161,-0.866511583328
1592043172718507506,128,1592043172666845083,,-1.27160251141,-0.574682891369,-0.866510510445
1592043172769377520,129,1592043172718313932,,-1.27160298824,-0.57467097044,-0.86651134491
1592043172821191738,130,1592043172769550085,,-1.2715921402,-0.574671983719,-0.866518855095
1592043172873297590,131,1592043172821661949,,-1.27158808708,-0.574676096439,-0.866522431374
1592043172974782945,132,1592043172873699903,,-1.27158844471,-0.574676990509,-0.86651802063
1592043173026558192,133,1592043172975063085,,-1.27159512043,-0.574678421021,-0.866516232491
1592043173077878695,134,1592043173026750087,,-1.27159869671,-0.57467186451,-0.866512835026
1592043173130064653,135,1592043173078219890,,-1.27160179615,-0.574679374695,-0.866510212421
1592043173232205497,136,1592043173130513906,,-1.27159166336,-0.574679255486,-0.866521239281
1592043173284070077,137,1592043173232393980,,-1.27159917355,-0.574676215649,-0.866511821747
1592043173336051463,138,1592043173284454107,,-1.2716127634,-0.574670314789,-0.866502285004
1592043173388181820,139,1592043173336487054,,-1.27158987522,-0.57468020916,-0.866519868374
1592043173440273688,140,1592043173388689994,,-1.27160453796,-0.574665188789,-0.866506516933
1592043173492043271,141,1592043173440608978,,-1.2715998888,-0.574677407742,-0.866514623165
1592043173544578013,142,1592043173492438077,,-1.27159750462,-0.574678778648,-0.866512596607
1592043173595555987,143,1592043173544413089,,-1.27159798145,-0.574666082859,-0.866516590118
1592043173647324747,144,1592043173595643997,,-1.27159798145,-0.574686706066,-0.866511762142
1592043173748917429,145,1592043173647563934,,-1.27159571648,-0.574673712254,-0.866517186165
1592043173800873495,146,1592043173749234914,,-1.27159225941,-0.574681937695,-0.866519808769
1592043173852621806,147,1592043173801359891,,-1.27159965038,-0.574679255486,-0.866513133049
1592043173903735278,148,1592043173852710962,,-1.27160465717,-0.574671924114,-0.86650878191
1592043173956287464,149,1592043173903965950,,-1.27161717415,-0.574671030045,-0.866497516632
1592043174008077077,150,1592043173956015110,,-1.27159821987,-0.574679911137,-0.866511523724
1592043174059440607,151,1592043174007891893,,-1.27160155773,-0.574675798416,-0.866509079933
1592043174111746571,152,1592043174059856891,,-1.27159309387,-0.574669599533,-0.866519570351
1592043174164918576,153,1592043174112852096,,-1.27159810066,-0.574676096439,-0.866514384747
1592043174215782648,154,1592043174164743900,,-1.27159905434,-0.574681162834,-0.866514503956
1592043174317075767,155,1592043174215879917,,-1.27159142494,-0.574688196182,-0.866520106792
1592043174368739470,156,1592043174317462921,,-1.27159202099,-0.574671447277,-0.866518259048
1592043174420354738,157,1592043174368973970,,-1.2715998888,-0.574678063393,-0.866510570049
1592043174472436944,158,1592043174421257019,,-1.27159643173,-0.574678421021,-0.866515159607
1592043174524691344,159,1592043174473572969,,-1.27159869671,-0.574668288231,-0.866514623165
1592043174576183854,160,1592043174524930953,,-1.27160346508,-0.574672460556,-0.866510748863
1592043174628441587,161,1592043174576406002,,-1.27159845829,-0.574674904346,-0.866513252258
1592043174679177849,162,1592043174627875089,,-1.27159380913,-0.574681460857,-0.866516232491
1592043174731646714,163,1592043174680041074,,-1.27159249783,-0.574669420719,-0.866517841816
1592043174784075575,164,1592043174732105970,,-1.27159237862,-0.574678421021,-0.866518616676
1592043174836077108,165,1592043174784095048,,-1.27158737183,-0.574672341347,-0.866522490978
1592043174886870850,166,1592043174835859060,,-1.27159905434,-0.574671328068,-0.866515100002
1592043174938015555,167,1592043174887084960,,-1.27159321308,-0.574673593044,-0.866517603397
1592043174989162484,168,1592043174938246965,,-1.27159965038,-0.574672102928,-0.866514205933
1592043175090507044,169,1592043174989429950,,-1.2715972662,-0.574675917625,-0.866511583328
1592043175142221616,170,1592043175090652942,,-1.27159547806,-0.574674487114,-0.866518676281
1592043175494619602,171,1592043175143090009,,-1.27160954475,-0.574668467045,-0.866507232189
1592043175546504061,172,1592043175494977951,,-1.27160060406,-0.574725449085,-0.866499602795
1592043175598478700,173,1592043175546916961,,-1.27157568932,-0.574710607529,-0.86651712656
1592043175651411877,174,1592043175599700927,,-1.27083992958,-0.574563801289,-0.866661667824
1592043175704377491,175,1592043175652584075,,-1.26794970036,-0.574812173843,-0.866579592228
1592043175756318181,176,1592043175704550981,,-1.26412642002,-0.575141489506,-0.866528093815
1592043175808208872,177,1592043175756445884,,-1.25979971886,-0.575496971607,-0.866560935974
1592043175859410797,178,1592043175808346033,,-1.25552916527,-0.575792968273,-0.866583824158
1592043175911996977,179,1592043175859674930,,-1.2514936924,-0.576075673103,-0.866594731808
1592043175963310172,180,1592043175911746025,,-1.24743878841,-0.576365172863,-0.86662530899
1592043176014940534,181,1592043175963721036,,-1.24309837818,-0.576664090157,-0.866640269756
1592043176069199886,182,1592043176015079975,,-1.23904752731,-0.57693362236,-0.866652011871
1592043176117723071,183,1592043176066696882,,-1.23488044739,-0.577198684216,-0.866684734821
1592043176219622785,184,1592043176118083000,,-1.23083376884,-0.577497005463,-0.866708099842
1592043176272207620,185,1592043176220810890,,-1.22264790535,-0.578032612801,-0.866731405258
1592043176323573765,186,1592043176272401094,,-1.21847069263,-0.57833969593,-0.866739571095
1592043176374981832,187,1592043176323868989,,-1.214433074,-0.57861417532,-0.866742134094
1592043176426423358,188,1592043176375157117,,-1.21036159992,-0.578869104385,-0.866751968861
1592043176477870269,189,1592043176426808118,,-1.20623850822,-0.579142689705,-0.866797983646
1592043176528988862,190,1592043176477956056,,-1.20243263245,-0.57955378294,-0.866711616516
1592043176580776780,191,1592043176529115915,,-1.20057320595,-0.579665124416,-0.8667345047
1592043176632796936,192,1592043176581710100,,-1.20024621487,-0.579543411732,-0.866808414459
1592043176683959925,193,1592043176632991075,,-1.20104289055,-0.579397857189,-0.866659224033
1592043176735229278,194,1592043176684185028,,-1.203322649,-0.577454924583,-0.866754949093
1592043176836369006,195,1592043176735415935,,-1.20630133152,-0.574408113956,-0.86681163311
1592043176888172617,196,1592043176836616039,,-1.20997536182,-0.567432522774,-0.866833329201
1592043176945805792,197,1592043176888223886,,-1.21076154709,-0.563338220119,-0.866867542267
1592043176997854963,198,1592043176946196079,,-1.21161496639,-0.558882653713,-0.866725385189
1592043177050345380,199,1592043176998294115,,-1.21406781673,-0.556180119514,-0.86665469408
1592043177102473653,200,1592043177050685882,,-1.21795558929,-0.555815935135,-0.866751194
1592043177154380372,201,1592043177102768898,,-1.22211456299,-0.555937111378,-0.866797924042
1592043177206064072,202,1592043177154819011,,-1.22630226612,-0.55606675148,-0.866813182831
1592043177257962586,203,1592043177206132888,,-1.23045420647,-0.556205093861,-0.866790294647
1592043177359809471,204,1592043177258229017,,-1.23467576504,-0.556351482868,-0.86679905653
1592043177411479754,205,1592043177360225915,,-1.24280965328,-0.556588172913,-0.866777956486
1592043177463525754,206,1592043177411933898,,-1.24690675735,-0.556722521782,-0.866779744625
1592043177515638152,207,1592043177464026927,,-1.25111830235,-0.556850671768,-0.866792857647
1592043177567643553,208,1592043177516050100,,-1.25521981716,-0.5569678545,-0.866764783859
1592043177620054621,209,1592043177568217992,,-1.25945687294,-0.557194054127,-0.866757810116
1592043177671708662,210,1592043177620161056,,-1.2635062933,-0.557543992996,-0.866746902466
1592043177723661770,211,1592043177672135114,,-1.26772129536,-0.55808031559,-0.866717159748
1592043177775786962,212,1592043177724069118,,-1.27158796787,-0.55873465538,-0.866740584373
1592043177827618744,213,1592043177776062011,,-1.2758910656,-0.559569776058,-0.866726517677
1592043177879738391,214,1592043177828155040,,-1.2798486948,-0.560398519039,-0.866727054119
1592043177932534613,215,1592043177880196094,,-1.28399765491,-0.561296582222,-0.866755962372
1592043177983311194,216,1592043177932265043,,-1.28794229031,-0.562289893627,-0.866743028164
1592043178034722452,217,1592043177983525037,,-1.29196941853,-0.563549041748,-0.866759419441
1592043178086619334,218,1592043178035227060,,-1.2957521677,-0.564764738083,-0.866759240627
1592043178138609464,219,1592043178086944103,,-1.29973936081,-0.566213130951,-0.866735637188
1592043178190123985,220,1592043178139070987,,-1.30351436138,-0.567743599415,-0.866736888885
1592043178241379608,221,1592043178190269947,,-1.30742669106,-0.569446146488,-0.866709947586
1592043178293433642,222,1592043178241580963,,-1.31095337868,-0.571076571941,-0.866708695889
1592043178344419156,223,1592043178293214082,,-1.31478917599,-0.572999536991,-0.866705060005
1592043178396672126,224,1592043178344938039,,-1.31835055351,-0.574864208698,-0.866682767868
1592043178448510967,225,1592043178396599054,,-1.32204902172,-0.576963722706,-0.866703808308
1592043178500173077,226,1592043178448606967,,-1.32564878464,-0.579028844833,-0.86667817831
1592043178552164004,227,1592043178500610113,,-1.32921516895,-0.581253170967,-0.866680860519
1592043178605056844,228,1592043178552611112,,-1.33269679546,-0.58360004425,-0.866677880287
1592043178657531253,229,1592043178605667114,,-1.33613705635,-0.586022019386,-0.866667628288
1592043178709488353,230,1592043178657849073,,-1.33939898014,-0.588640332222,-0.866700053215
1592043178811545715,231,1592043178709930896,,-1.34211885929,-0.591663658619,-0.866721212864
1592043178863195317,232,1592043178811925888,,-1.34426665306,-0.599426805973,-0.86668407917
1592043178918460740,233,1592043178863420963,,-1.34430074692,-0.603477835655,-0.866651177406
1592043179021222242,234,1592043178918905973,,-1.34419631958,-0.607879400253,-0.866646528244
1592043179072930051,235,1592043179020941972,,-1.34236621857,-0.615778744221,-0.866781532764
1592043179127733739,236,1592043179076637983,,-1.33970105648,-0.619109690189,-0.866709411144
1592043179180735274,237,1592043179129662036,,-1.33648645878,-0.621593594551,-0.866625547409
1592043179232200010,238,1592043179180932044,,-1.3331540823,-0.623754441738,-0.866617798805
1592043179283475052,239,1592043179232453107,,-1.32942473888,-0.62599670887,-0.866670370102
1592043179335544032,240,1592043179283756971,,-1.32587015629,-0.627876758575,-0.866652548313
1592043179387620031,241,1592043179335824012,,-1.32212102413,-0.629858791828,-0.866677701473
1592043179439567383,242,1592043179387868881,,-1.31847178936,-0.63165050745,-0.866715550423
1592043179491917555,243,1592043179440287113,,-1.31479454041,-0.633420407772,-0.866702139378
1592043179593913696,244,1592043179492310047,,-1.31080698967,-0.635198354721,-0.866711854935
1592043179646113214,245,1592043179594567060,,-1.30341160297,-0.638248622417,-0.866718530655
1592043179698379915,246,1592043179646663904,,-1.29945373535,-0.639705836773,-0.86670345068
1592043179799489575,247,1592043179698126077,,-1.29547214508,-0.641043186188,-0.866721987724
1592043179850864325,248,1592043179799654006,,-1.28767240047,-0.643266797066,-0.866700530052
1592043179903003515,249,1592043179851263999,,-1.28372764587,-0.644151866436,-0.866720199585
1592043179954971820,250,1592043179903234004,,-1.27960073948,-0.644942522049,-0.866696834564
1592043180007667839,251,1592043179956043958,,-1.275411129,-0.645578205585,-0.866717278957
1592043180059819526,252,1592043180008846044,,-1.27114856243,-0.646044552326,-0.866716325283
1592043180162433006,253,1592043180060220003,,-1.26714348793,-0.646369099617,-0.866716980934
1592043180215492543,254,1592043180163635969,,-1.2588518858,-0.646992146969,-0.866729319096
1592043180267263021,255,1592043180215627908,,-1.25486922264,-0.646996736526,-0.866723835468
1592043180319400472,256,1592043180267823934,,-1.25048279762,-0.646909534931,-0.866743206978
1592043180371851613,257,1592043180320614099,,-1.24638545513,-0.646808028221,-0.866724073887
1592043180426234168,258,1592043180371973991,,-1.24212217331,-0.646708786488,-0.866730093956
1592043180477677339,259,1592043180426003932,,-1.23796617985,-0.646627247334,-0.866730749607
1592043180529920260,260,1592043180478118896,,-1.23383378983,-0.646556019783,-0.866710841656
1592043180582387237,261,1592043180530116081,,-1.22959005833,-0.646446347237,-0.86672604084
1592043180633873701,262,1592043180582758903,,-1.2254242897,-0.646342098713,-0.866742193699
1592043180685129942,263,1592043180633953094,,-1.22122192383,-0.646249830723,-0.866706073284
1592043180736726811,264,1592043180685512065,,-1.2171599865,-0.646143853664,-0.866713523865
1592043180788291307,265,1592043180737339973,,-1.2129856348,-0.646082997322,-0.866732954979
1592043180890919962,266,1592043180788659095,,-1.20977461338,-0.644965171814,-0.866620004177
1592043180942192281,267,1592043180890551090,,-1.2086802721,-0.636874139309,-0.866781592369
1592043180993827565,268,1592043180942615032,,-1.20794153214,-0.632806658745,-0.866783499718
1592043181044838609,269,1592043180993906974,,-1.20630252361,-0.628844916821,-0.866770982742
1592043181096500848,270,1592043181045164108,,-1.20396089554,-0.625615179539,-0.866740226746
1592043181148340163,271,1592043181096554994,,-1.20087349415,-0.6228723526,-0.866729021072
1592043181200109500,272,1592043181148591995,,-1.19737374783,-0.620830416679,-0.866741538048
1592043181252194878,273,1592043181200553894,,-1.19356667995,-0.618834257126,-0.866751670837
1592043181304335675,274,1592043181252739906,,-1.19030547142,-0.617086529732,-0.866677105427
1592043181355920180,275,1592043181304944038,,-1.18864500523,-0.61477202177,-0.866707980633
1592043181407386265,276,1592043181356142044,,-1.18855071068,-0.611501693726,-0.866766870022
1592043181458510759,277,1592043181407542943,,-1.18870556355,-0.60737901926,-0.86677134037
1592043181559949823,278,1592043181458796977,,-1.18890273571,-0.603574812412,-0.866744697094
1592043181611839740,279,1592043181560195922,,-1.1891657114,-0.595174729824,-0.866744339466
1592043181664635108,280,1592043181612292051,,-1.18930530548,-0.591066002846,-0.866742193699
1592043181715930979,281,1592043181664371967,,-1.18944215775,-0.587003052235,-0.866736590862
1592043181768609827,282,1592043181716806888,,-1.19089531898,-0.58409923315,-0.866577267647
1592043181820748888,283,1592043181769153118,,-1.19369804859,-0.582396626472,-0.86665391922
1592043181872304982,284,1592043181821140050,,-1.19737434387,-0.580636560917,-0.86672025919
1592043181923995984,285,1592043181872313976,,-1.20005428791,-0.579174935818,-0.866820454597
1592043181976251907,286,1592043181924683094,,-1.20135784149,-0.578988075256,-0.866691529751
1592043182028234297,287,1592043181976617097,,-1.2022203207,-0.580205976963,-0.866659522057
1592043182081295350,288,1592043182029563903,,-1.20375323296,-0.58368819952,-0.866724610329
1592043182132921248,289,1592043182081384897,,-1.2054977417,-0.587379455566,-0.866732060909
1592043182185575587,290,1592043182133318901,,-1.20734977722,-0.591279387474,-0.866725206375
1592043182237028730,291,1592043182186043977,,-1.20915794373,-0.595015108585,-0.866718709469
1592043182288849659,292,1592043182237329006,,-1.21101343632,-0.598896086216,-0.866728961468
1592043182391188907,293,1592043182289310932,,-1.21274936199,-0.602490067482,-0.866739332676
1592043182442886364,294,1592043182391278982,,-1.21636664867,-0.609844207764,-0.866722524166
1592043182494924234,295,1592043182443305969,,-1.21823465824,-0.613683700562,-0.866721868515
1592043182547116717,296,1592043182495531082,,-1.22000014782,-0.617251038551,-0.866721510887
1592043182599699046,297,1592043182547487020,,-1.22188854218,-0.621146917343,-0.866728544235
1592043182650472425,298,1592043182599412918,,-1.22357785702,-0.624676764011,-0.866729676723
1592043182701888776,299,1592043182650659084,,-1.22460985184,-0.627061128616,-0.86678892374
1592043182754207339,300,1592043182702747106,,-1.22501671314,-0.627471506596,-0.866701126099
1592043182805331003,301,1592043182754293918,,-1.22500765324,-0.627494692802,-0.8667075634
1592043182856743675,302,1592043182805608987,,-1.22542834282,-0.627637147903,-0.866627037525
1592043182907876776,303,1592043182856930017,,-1.22743487358,-0.627199172974,-0.866693675518
1592043182959884677,304,1592043182908190011,,-1.23065137863,-0.625034034252,-0.866815984249
1592043183011498665,305,1592043182960421085,,-1.23339259624,-0.622082769871,-0.866774082184
1592043183062977488,306,1592043183011957883,,-1.23594450951,-0.618488132954,-0.86671847105
1592043183114368928,307,1592043183063306093,,-1.23871517181,-0.615413606167,-0.8666664958
1592043183165586297,308,1592043183114478111,,-1.24184429646,-0.613331675529,-0.866654574871
1592043183216878244,309,1592043183165853977,,-1.24589157104,-0.612224280834,-0.86667239666
1592043183319307897,310,1592043183217092037,,-1.24985551834,-0.612275660038,-0.866685807705
1592043183370790762,311,1592043183318773984,,-1.2579754591,-0.613491356373,-0.866667807102
1592043183422498041,312,1592043183370861053,,-1.26152849197,-0.615325510502,-0.86666226387
1592043183474236549,313,1592043183422938108,,-1.26458382607,-0.618085741997,-0.866639494896
1592043183580366228,314,1592043183475204944,,-1.26713144779,-0.621644198895,-0.866657555103
1592043183632136386,315,1592043183580475091,,-1.2715908289,-0.62847340107,-0.866633713245
1592043183684584721,316,1592043183633399963,,-1.27411651611,-0.632273316383,-0.866631925106
1592043183736484050,317,1592043183685385942,,-1.27707636356,-0.635097622871,-0.866628408432
1592043183788123904,318,1592043183736584901,,-1.28062069416,-0.636325836182,-0.866673946381
1592043183890250501,319,1592043183788657903,,-1.28476977348,-0.635733306408,-0.866670429707
1592043183941808900,320,1592043183890647888,,-1.29257369041,-0.633100986481,-0.866617083549
1592043183993336144,321,1592043183942152976,,-1.296474576,-0.631415069103,-0.866620361805
1592043184044829601,322,1592043183993655920,,-1.30016171932,-0.629806280136,-0.866614758968
1592043184096485007,323,1592043184044874906,,-1.30400943756,-0.628145158291,-0.866607427597
1592043184148209687,324,1592043184097143888,,-1.30776321888,-0.626551389694,-0.866617083549
1592043184199390482,325,1592043184148358106,,-1.31160104275,-0.624915957451,-0.866602659225
1592043184251094342,326,1592043184199714899,,-1.31521511078,-0.623344182968,-0.866601228714
1592043184302618242,327,1592043184251528978,,-1.31915855408,-0.621640324593,-0.866622924805
1592043184354211297,328,1592043184302927017,,-1.3222373724,-0.619297027588,-0.866719245911
1592043184406058696,329,1592043184354393959,,-1.32415819168,-0.615819036961,-0.866659104824
1592043184458038525,330,1592043184406405925,,-1.32582247257,-0.612262010574,-0.866451203823
1592043184510439531,331,1592043184458347082,,-1.32869052887,-0.610652983189,-0.866565167904
1592043184561167379,332,1592043184510113000,,-1.33142399788,-0.61252528429,-0.866683006287
1592043184612902127,333,1592043184561340093,,-1.33133983612,-0.616086006165,-0.866918504238
1592043184714611028,334,1592043184613065004,,-1.32893371582,-0.61774545908,-0.86668908596
1592043184766007678,335,1592043184714956045,,-1.32460856438,-0.613396525383,-0.866593241692
1592043184817223076,336,1592043184766108036,,-1.3245357275,-0.609684228897,-0.866629004478
1592043184868932026,337,1592043184817306995,,-1.32457983494,-0.605468928814,-0.866633951664
1592043184922231841,338,1592043184869385957,,-1.32468223572,-0.601380586624,-0.866624414921
1592043184973791236,339,1592043184921525001,,-1.32479083538,-0.597266614437,-0.866603314877
1592043185028457392,340,1592043184973563909,,-1.32571840286,-0.593740820885,-0.866377294064
1592043185080645426,341,1592043185028986930,,-1.32801699638,-0.591480135918,-0.866539597511
1592043185132362137,342,1592043185081089019,,-1.33142185211,-0.591801464558,-0.866688370705
1592043185184265652,343,1592043185132515907,,-1.33210921288,-0.595011234283,-0.86686205864
1592043185235682845,344,1592043185184554100,,-1.32989931107,-0.597954154015,-0.866768717766
1592043185287303471,345,1592043185236305952,,-1.32675373554,-0.597483456135,-0.866561889648
1592043185339226071,346,1592043185287580966,,-1.32506716251,-0.594014406204,-0.866625010967
1592043185391990645,347,1592043185340370893,,-1.32375144958,-0.589996933937,-0.866763472557
1592043185444784888,348,1592043185393240928,,-1.32096219063,-0.587417781353,-0.866729736328
1592043185496125259,349,1592043185445015907,,-1.31733345985,-0.585372149944,-0.866711914539
1592043185547514766,350,1592043185496237039,,-1.31457960606,-0.583649933338,-0.86662876606
1592043185599069747,351,1592043185547799110,,-1.312286973,-0.580708324909,-0.866831481457
1592043185652041386,352,1592043185600409984,,-1.30951869488,-0.578779399395,-0.866763353348
1592043185704126994,353,1592043185652477025,,-1.30583119392,-0.578647315502,-0.866663753986
1592043185756141654,354,1592043185704369068,,-1.30267727375,-0.577728867531,-0.866786360741
1592043185807032118,355,1592043185755924940,,-1.29927837849,-0.576136827469,-0.866798996925
1592043185858479184,356,1592043185807231903,,-1.29579305649,-0.574545562267,-0.86674785614
1592043185910352857,357,1592043185858788013,,-1.29184556007,-0.572935223579,-0.86676222086
1592043186012461098,358,1592043185910877943,,-1.28803217411,-0.571562945843,-0.866748869419
1592043186064495172,359,1592043186012926101,,-1.28037452698,-0.569391191006,-0.866756677628
1592043186117252430,360,1592043186064901113,,-1.2761169672,-0.56844997406,-0.866737663746
1592043186168673143,361,1592043186116976022,,-1.27249717712,-0.568581044674,-0.866624593735
1592043186220786137,362,1592043186169055938,,-1.27074956894,-0.571788609028,-0.866532564163
1592043186272660333,363,1592043186221088886,,-1.27245545387,-0.574657618999,-0.866644442081
1592043186325933427,364,1592043186273833990,,-1.27620184422,-0.57571965456,-0.866732060909
1592043186376959672,365,1592043186325687885,,-1.28032338619,-0.576655387878,-0.866763055325
1592043186428931949,366,1592043186377314090,,-1.28439354897,-0.577734470367,-0.866730511189
1592043186480457077,367,1592043186429321050,,-1.28849625587,-0.579089701176,-0.866733372211
1592043186532251928,368,1592043186480623960,,-1.29223155975,-0.580569028854,-0.866722881794
1592043186635557623,369,1592043186533029079,,-1.2961435318,-0.582350850105,-0.866695165634
1592043186686727394,370,1592043186635060071,,-1.302313447,-0.586305499077,-0.866676211357
1592043186738557694,371,1592043186686952114,,-1.3050403595,-0.5892816782,-0.866567850113
1592043186790940548,372,1592043186739054918,,-1.30837535858,-0.590685009956,-0.866655886173
1592043186842500331,373,1592043186790672063,,-1.31215536594,-0.590976476669,-0.86663621664
1592043186893694246,374,1592043186842669010,,-1.31540870667,-0.592299938202,-0.86661106348
1592043186945142968,375,1592043186893940925,,-1.31735575199,-0.594683527946,-0.866772890091
1592043186997401252,376,1592043186945609092,,-1.31787443161,-0.59900033474,-0.866587162018
1592043187049371476,377,1592043186997661113,,-1.31772494316,-0.603078186512,-0.866613209248
1592043187101360462,378,1592043187049742937,,-1.31761050224,-0.607323586941,-0.866629064083
1592043187153549360,379,1592043187102262020,,-1.31751942635,-0.611666440964,-0.866649270058
1592043187205414049,380,1592043187154071092,,-1.31575596333,-0.614917516708,-0.866864025593
1592043187257478226,381,1592043187205799102,,-1.3125936985,-0.616914927959,-0.866666018963
1592043187309065267,382,1592043187257872104,,-1.30896675587,-0.618481338024,-0.866601228714
1592043187360941811,383,1592043187309288024,,-1.30492448807,-0.620192348957,-0.866629183292
1592043187415198642,384,1592043187363337993,,-1.30115377903,-0.621812283993,-0.866650164127
1592043187466560211,385,1592043187415462017,,-1.29719913006,-0.623557388783,-0.866641521454
1592043187518233813,386,1592043187466989994,,-1.29332602024,-0.625235676765,-0.866649448872
1592043187570394215,387,1592043187519143104,,-1.28940498829,-0.626715123653,-0.866687953472
1592043187621986695,388,1592043187570949077,,-1.28562891483,-0.627893447876,-0.866667211056
1592043187673691831,389,1592043187622193098,,-1.28161656857,-0.629094481468,-0.866679489613
1592043187725188024,390,1592043187674107074,,-1.27932727337,-0.628727078438,-0.866532206535
1592043187776405727,391,1592043187725361108,,-1.27820110321,-0.628191649914,-0.866805195808
1592043187827833924,392,1592043187776725053,,-1.27673494816,-0.62762349844,-0.866813957691
1592043187879638196,393,1592043187828042030,,-1.27337777615,-0.626853525639,-0.86664390564
1592043187981756207,394,1592043187879976987,,-1.26946187019,-0.625968754292,-0.866666674614
1592043188033862923,395,1592043187982053041,,-1.26149642467,-0.624171853065,-0.866670668125
1592043188085695599,396,1592043188034116029,,-1.25725543499,-0.623241424561,-0.866684377193
1592043188187629982,397,1592043188086057901,,-1.2533094883,-0.62233966589,-0.866691887379
1592043188240173330,398,1592043188188034057,,-1.24521589279,-0.620504081249,-0.866700410843
1592043188291846411,399,1592043188240000009,,-1.24123954773,-0.619564890862,-0.866685390472
1592043188343281359,400,1592043188291630029,,-1.23725771904,-0.618668377399,-0.866696357727
1592043188395299112,401,1592043188343669891,,-1.23310148716,-0.617721259594,-0.866709887981
1592043188447275069,402,1592043188395745992,,-1.22915506363,-0.616821527481,-0.866687774658
1592043188499219343,403,1592043188447865962,,-1.22495889664,-0.615863442421,-0.866703689098
1592043188550815671,404,1592043188499388933,,-1.22115540504,-0.615008890629,-0.866683363914
1592043188602975582,405,1592043188551052093,,-1.21861696243,-0.614474773407,-0.866583168507
1592043188654718378,406,1592043188603096008,,-1.21793818474,-0.614270091057,-0.866664409637
1592043188706680048,407,1592043188655103921,,-1.21828341484,-0.614420115948,-0.866641461849
1592043188758164731,408,1592043188707047939,,-1.21856224537,-0.614580214024,-0.866632759571
1592043188859908691,409,1592043188758363008,,-1.21897435188,-0.614789664745,-0.866587102413
1592043188911983611,410,1592043188860954999,,-1.22412979603,-0.617454707623,-0.866682648659
1592043188963800669,411,1592043188912290096,,-1.22801434994,-0.619214773178,-0.866647481918
1592043189015379334,412,1592043188964181900,,-1.23174488544,-0.620940685272,-0.866639554501
1592043189067743768,413,1592043189015659093,,-1.23533928394,-0.622560679913,-0.86662966013
1592043189119637600,414,1592043189067820072,,-1.2393475771,-0.624393761158,-0.866605341434
1592043189170874002,415,1592043189119791984,,-1.24319553375,-0.625269889832,-0.866648972034
1592043189222008224,416,1592043189170948982,,-1.24639070034,-0.62563586235,-0.866749584675
1592043189273829818,417,1592043189222184896,,-1.24847769737,-0.624437987804,-0.866590261459
1592043189330378325,418,1592043189275118112,,-1.25095057487,-0.622330129147,-0.86653983593
1592043189382806365,419,1592043189331212043,,-1.25502157211,-0.621284663677,-0.866593837738
1592043189485015706,420,1592043189383933067,,-1.25864040852,-0.622704565525,-0.866642475128
1592043189536305457,421,1592043189485105991,,-1.26062905788,-0.629799008369,-0.866708338261
1592043189587403144,422,1592043189536420106,,-1.258420825,-0.633242547512,-0.866750240326
1592043189690318393,423,1592043189587568998,,-1.25491249561,-0.63474136591,-0.866673648357
1592043189741918107,424,1592043189689613103,,-1.24837648869,-0.631399273872,-0.866527676582
1592043189792951467,425,1592043189741307973,,-1.24756741524,-0.627753376961,-0.866566836834
1592043189845485686,426,1592043189793653011,,-1.24749398232,-0.626453876495,-0.866629481316
1592043189896721321,427,1592043189845606088,,-1.24779999256,-0.625527083874,-0.866616487503
1592043189947830226,428,1592043189896847963,,-1.24897897243,-0.62244027853,-0.866558432579
1592043189999556938,429,1592043189948019981,,-1.25047361851,-0.618707418442,-0.866578042507
1592043190051587373,430,1592043189999979972,,-1.25207841396,-0.614786803722,-0.866595566273
1592043190103982201,431,1592043190051991939,,-1.25360774994,-0.611043214798,-0.866607546806
1592043190155621033,432,1592043190104059934,,-1.25517904758,-0.607171416283,-0.866619229317
1592043190207119828,433,1592043190156033039,,-1.25672745705,-0.60338306427,-0.866613388062
1592043190258867375,434,1592043190207274913,,-1.25832939148,-0.599433004856,-0.866606414318
1592043190310927837,435,1592043190259327888,,-1.25987029076,-0.595652520657,-0.866605937481
1592043190362922154,436,1592043190311320066,,-1.26146423817,-0.591679215431,-0.866611003876
1592043190464494662,437,1592043190363291978,,-1.26299405098,-0.587884664536,-0.866601109505
1592043190517580082,438,1592043190466242074,,-1.26603198051,-0.580314934254,-0.866604685783
1592043190568799691,439,1592043190517779111,,-1.26763725281,-0.576367735863,-0.866597115993
1592043190620319545,440,1592043190568958044,,-1.26906633377,-0.57275480032,-0.866598665714
1592043190671469752,441,1592043190620448112,,-1.26993644238,-0.570569634438,-0.866602063179
1592043190723644756,442,1592043190671675920,,-1.27007377148,-0.570341706276,-0.866599559784
1592043190775511871,443,1592043190723906040,,-1.27009153366,-0.570323824883,-0.866592228413
1592043190826695319,444,1592043190775744915,,-1.26995480061,-0.570283949375,-0.866635620594
1592043190878104645,445,1592043190826936960,,-1.26832962036,-0.570316970348,-0.866732597351
1592043190929439127,446,1592043190878204107,,-1.26526010036,-0.571453928947,-0.866567730904
1592043190981026917,447,1592043190929771900,,-1.26122331619,-0.572805583477,-0.866548478603
1592043191033091094,448,1592043190981369018,,-1.25803673267,-0.572895824909,-0.866572976112
1592043191084704051,449,1592043191033672094,,-1.25534772873,-0.570949196815,-0.866632819176
1592043191136206967,450,1592043191084908008,,-1.25190198421,-0.570518672466,-0.866511106491
1592043191187437078,451,1592043191136440992,,-1.2486345768,-0.572746753693,-0.866586506367
1592043191239645863,452,1592043191187675952,,-1.24574995041,-0.575850903988,-0.866588234901
1592043191290998368,453,1592043191239387035,,-1.24324035645,-0.57811665535,-0.866656064987
1592043191343868833,454,1592043191292062997,,-1.24089252949,-0.577373445034,-0.866650104523
1592043191395841712,455,1592043191344239950,,-1.23763942719,-0.576699078083,-0.866638123989
1592043191447998113,456,1592043191396255970,,-1.23400104046,-0.57797396183,-0.866567790508
1592043191500687390,457,1592043191448390007,,-1.23114442825,-0.581064760685,-0.866554558277
1592043191552202568,458,1592043191500458002,,-1.23014974594,-0.584793150425,-0.866540551186
1592043191603971459,459,1592043191552377939,,-1.22989797592,-0.588568925858,-0.866560101509
1592043191655965466,460,1592043191604301929,,-1.23098349571,-0.590789139271,-0.866540551186
1592043191707808021,461,1592043191656294107,,-1.23369252682,-0.591174602509,-0.86658257246
1592043191809490055,462,1592043191707910060,,-1.23747527599,-0.591283380985,-0.866604626179
1592043191861103083,463,1592043191809861898,,-1.24394571781,-0.58766824007,-0.866663813591
1592043191912786639,464,1592043191861375093,,-1.24685251713,-0.585073471069,-0.866424143314
1592043191964482728,465,1592043191913101911,,-1.25011479855,-0.584934532642,-0.866605460644
1592043192016183625,466,1592043191964618921,,-1.25347745419,-0.583031117916,-0.866606354713
1592043192118954654,467,1592043192016597986,,-1.25641310215,-0.579820156097,-0.866535186768
1592043192171625137,468,1592043192119263887,,-1.2589007616,-0.574419617653,-0.866560876369
1592043192223295366,469,1592043192171315908,,-1.25837886333,-0.574074089527,-0.866639077663
1592043192275169492,470,1592043192223356008,,-1.25650930405,-0.575014829636,-0.866587042809
1592043192326942707,471,1592043192275299072,,-1.25323021412,-0.577071547508,-0.866492152214
1592043192379130747,472,1592043192327285051,,-1.24944615364,-0.579215288162,-0.866510212421
1592043192430337685,473,1592043192379209995,,-1.24585390091,-0.581197679043,-0.866542994976
1592043192482432131,474,1592043192430644035,,-1.24215316772,-0.583317399025,-0.866545021534
1592043192584236486,475,1592043192482639074,,-1.23840928078,-0.585410296917,-0.866549491882
1592043192637337080,476,1592043192585761070,,-1.23177099228,-0.589353322983,-0.866474747658
1592043192689913721,477,1592043192637757062,,-1.23023724556,-0.590048015118,-0.866546034813
1592043192742525137,478,1592043192689640998,,-1.23004055023,-0.590050756931,-0.866582870483
1592043192795163337,479,1592043192742835044,,-1.23004436493,-0.590053021908,-0.866581439972
1592043192847267437,480,1592043192795444965,,-1.22989153862,-0.590773224831,-0.866577863693
1592043192899300672,481,1592043192847055912,,-1.2305161953,-0.594109296799,-0.866320848465
1592043192951326549,482,1592043192899719953,,-1.23313939571,-0.596075117588,-0.866511583328
1592043193004900931,483,1592043192952044963,,-1.23752439022,-0.596365690231,-0.866532325745
1592043193056795332,484,1592043193004981040,,-1.2416292429,-0.596351087093,-0.866557538509
1592043193108632449,485,1592043193057058095,,-1.2459731102,-0.596311807632,-0.866545915604
1592043193160440712,486,1592043193109081983,,-1.24993097782,-0.595556735992,-0.866554498672
1592043193212451071,487,1592043193160762071,,-1.25385820866,-0.593815028667,-0.866569936275
1592043193263933095,488,1592043193212735891,,-1.25716352463,-0.591428816319,-0.866561472416
1592043193316190149,489,1592043193264736890,,-1.26008105278,-0.588483035564,-0.866508305073
1592043193367941817,490,1592043193316248893,,-1.26284003258,-0.585304677486,-0.86649531126
1592043193419973650,491,1592043193368279933,,-1.26540374756,-0.582270145416,-0.866516172886
1592043193471952494,492,1592043193420392036,,-1.26812505722,-0.578953027725,-0.866511106491
1592043193525151829,493,1592043193473431110,,-1.27040970325,-0.575858056545,-0.86658090353
1592043193576959300,494,1592043193525337934,,-1.27146160603,-0.574738204479,-0.866538047791
1592043193679333516,495,1592043193577644109,,-1.27161407471,-0.574668109417,-0.86650788784
1592043193731202160,496,1592043193679579019,,-1.27162313461,-0.574663758278,-0.866504848003
1592043193784401911,497,1592043193732717990,,-1.27160942554,-0.574679255486,-0.866508901119
1592043193886050914,498,1592043193784648895,,-1.27160930634,-0.57466506958,-0.866509377956
1592043193937806588,499,1592043193886188030,,-1.27160596848,-0.574666798115,-0.866508424282
1592043193994173264,500,1592043193938185930,,-1.27159261703,-0.5746768713,-0.866513669491
1592043194046002338,501,1592043193994278907,,-1.27159881592,-0.574673593044,-0.866509139538
1592043194097439615,502,1592043194046439886,,-1.27158856392,-0.574670135975,-0.866512358189
1592043194150025930,503,1592043194097820997,,-1.27158010006,-0.574671268463,-0.866519629955
1592043194202470030,504,1592043194150840997,,-1.27157890797,-0.574683487415,-0.866514623165
1592043194255209472,505,1592043194202910900,,-1.2715883255,-0.574677765369,-0.866509079933
1592043194306558993,506,1592043194254987955,,-1.27156770229,-0.574677467346,-0.866521835327
1592043194358667621,507,1592043194306956052,,-1.27156877518,-0.574682891369,-0.86651712656
1592043194460519393,508,1592043194358865976,,-1.27156412601,-0.574679255486,-0.86652225256
1592043194512637698,509,1592043194460988044,,-1.27155530453,-0.574687421322,-0.866522014141
1592043194564738740,510,1592043194513077974,,-1.27154898643,-0.57468944788,-0.866526186466
1592043194670347737,511,1592043194565095901,,-1.27155423164,-0.574686408043,-0.866524636745
1592043194722300700,512,1592043194670789957,,-1.27155041695,-0.574688076973,-0.866520524025
1592043194774722283,513,1592043194722769975,,-1.27155578136,-0.574677526951,-0.866519868374
1592043194826335928,514,1592043194774774074,,-1.2715498209,-0.574681043625,-0.866523385048
1592043194877728013,515,1592043194826776027,,-1.27154839039,-0.574686467648,-0.866523265839
1592043194929735918,516,1592043194878014087,,-1.27154529095,-0.574680626392,-0.866527736187
1592043194981970463,517,1592043194930274009,,-1.27154743671,-0.574677348137,-0.866526722908
1592043195033309135,518,1592043194982357025,,-1.27155411243,-0.574685752392,-0.86652058363
1592043195084548766,519,1592043195033629894,,-1.27155387402,-0.574687898159,-0.866517722607
1592043195186237194,520,1592043195084913969,,-1.27154397964,-0.574690580368,-0.866525709629
1592043195237639104,521,1592043195186464071,,-1.27154636383,-0.574690043926,-0.866522729397
1592043195288668664,522,1592043195237726926,,-1.27155065536,-0.574686586857,-0.866519749165
1592043195340083456,523,1592043195288944959,,-1.27155900002,-0.57468521595,-0.866513133049
1592043195391529003,524,1592043195340125083,,-1.2715473175,-0.574685931206,-0.866523683071
1592043195443598206,525,1592043195391871929,,-1.27154827118,-0.574685633183,-0.866522729397
1592043195495505597,526,1592043195443883895,,-1.27154695988,-0.574682891369,-0.866523683071
1592043195547546306,527,1592043195495934963,,-1.27155017853,-0.574683904648,-0.86652380228
1592043195599588603,528,1592043195547955989,,-1.27154839039,-0.57468521595,-0.866520285606
1592043195651034790,529,1592043195600023031,,-1.27155554295,-0.574688434601,-0.86651802063
1592043195752361274,530,1592043195651356935,,-1.27154374123,-0.574685394764,-0.866525828838
1592043195803462922,531,1592043195752551078,,-1.27155148983,-0.574690580368,-0.866522312164
1592043195854710733,532,1592043195803756952,,-1.27154862881,-0.574678361416,-0.866525650024
1592043195905972700,533,1592043195854995965,,-1.27155280113,-0.574685394764,-0.86652058363
1592043195957813181,534,1592043195906172037,,-1.2715524435,-0.574679017067,-0.866522908211
1592043196060165504,535,1592043195958658933,,-1.27154421806,-0.574682474136,-0.866527974606
1592043196112260344,536,1592043196060669898,,-1.27154016495,-0.574684023857,-0.866531550884
1592043196164541248,537,1592043196112709045,,-1.2715357542,-0.574674487114,-0.866534352303
1592043196216127220,538,1592043196165015935,,-1.27154386044,-0.574677050114,-0.86652892828
1592043196268886608,539,1592043196216336011,,-1.27154517174,-0.574682056904,-0.866526544094
1592043196320373682,540,1592043196268661022,,-1.27155447006,-0.574685931206,-0.866517424583
1592043196372704932,541,1592043196320558071,,-1.27154994011,-0.57468354702,-0.866523325443
1592043196424940410,542,1592043196372876882,,-1.27155065536,-0.57468855381,-0.866522371769
1592043196477669361,543,1592043196425678014,,-1.27154350281,-0.574689686298,-0.866528987885
1592043196531063631,544,1592043196477814912,,-1.27155280113,-0.574676036835,-0.866522848606
1592043196583171333,545,1592043196531465053,,-1.27155089378,-0.574669837952,-0.866527616978
1592043196635561789,546,1592043196583415031,,-1.27154922485,-0.574690997601,-0.866522789001
1592043196686436198,547,1592043196635380029,,-1.27155649662,-0.574683785439,-0.866519510746
1592043196737933992,548,1592043196686553001,,-1.2715511322,-0.574683427811,-0.866525232792
1592043196790441415,549,1592043196738074064,,-1.27153611183,-0.574681401253,-0.866531789303
1592043196843552018,550,1592043196791644096,,-1.27154517174,-0.574683427811,-0.866527020931
1592043196895916097,551,1592043196844122886,,-1.27153968811,-0.574689507484,-0.866530060768
1592043196948162861,552,1592043196896229982,,-1.27156019211,-0.574685931206,-0.866513907909
1592043196999923751,553,1592043196948326110,,-1.2715549469,-0.57468354702,-0.866516470909
1592043197103251603,554,1592043197000335931,,-1.27154827118,-0.574692904949,-0.866521179676
1592043197155353707,555,1592043197104140996,,-1.27155828476,-0.574684262276,-0.86651211977
1592043197207363226,556,1592043197156392097,,-1.27154695988,-0.574684798717,-0.866524279118
1592043197309397822,557,1592043197207628965,,-1.27155399323,-0.574684619904,-0.866518616676
1592043197361227267,558,1592043197309612035,,-1.27155685425,-0.574679613113,-0.866519570351
1592043197413720163,559,1592043197362107038,,-1.27154481411,-0.574676811695,-0.866526186466
1592043197465967429,560,1592043197414232015,,-1.27154266834,-0.57467854023,-0.866529643536
1592043197518232869,561,1592043197466383934,,-1.27154183388,-0.574689090252,-0.866528749466
1592043197570544251,562,1592043197518685102,,-1.27155101299,-0.574680089951,-0.866520106792
1592043197672372044,563,1592043197570961952,,-1.27155017853,-0.574677228928,-0.866523206234
1592043197723754893,564,1592043197672697067,,-1.27154648304,-0.574686348438,-0.866524875164
1592043197775179323,565,1592043197724040031,,-1.2715485096,-0.574679672718,-0.866528689861
1592043197877653692,566,1592043197775336027,,-1.27155196667,-0.574677824974,-0.866521656513
1592043197929336964,567,1592043197877410888,,-1.27153861523,-0.574674010277,-0.866532564163
1592043197981779860,568,1592043197930129051,,-1.27154278755,-0.574690103531,-0.866528272629
1592043198033740056,569,1592043197982211112,,-1.27155315876,-0.574694097042,-0.86651802063
1592043198085005021,570,1592043198033931970,,-1.27154684067,-0.574675440788,-0.866526603699
1592043198136494852,571,1592043198085298061,,-1.27155506611,-0.574682414532,-0.866519987583
1592043198188498899,572,1592043198136665105,,-1.27155983448,-0.574683248997,-0.866516172886
1592043198240917707,573,1592043198188958883,,-1.27155506611,-0.574683010578,-0.866520881653
1592043198292148271,574,1592043198241070985,,-1.27154922485,-0.574687182903,-0.866524040699
1592043198344094882,575,1592043198292421102,,-1.27155387402,-0.574684560299,-0.866519808769
1592043198396254714,576,1592043198344381093,,-1.27154302597,-0.574696063995,-0.866527557373
1592043198447970212,577,1592043198396331071,,-1.27154624462,-0.574686288834,-0.866524159908
