%time,field.header.seq,field.header.stamp,field.header.frame_id,field.speed,field.vx,field.vy,field.vz
1573202708489929675,810,1573202708435483932,,0.0,-0.0,1.99999994948e-05,0.0
1573202708543257739,811,1573202708489840030,,0.0,-0.0,1.99999994948e-05,0.0
1573202708597487756,812,1573202708543256998,,0.0,-2.99999992421e-05,3.99999989895e-05,1.99999994948e-05
1573202708651507402,813,1573202708596529006,,0.0,0.0,9.99999974738e-06,-0.0
1573202708703861669,814,1573202708650873899,,0.0,9.99999974738e-06,-1.99999994948e-05,-0.0
1573202708758049233,815,1573202708703864097,,0.0,0.0,-9.99999974738e-06,-0.0
1573202708810774131,816,1573202708757123947,,0.0,0.0,-9.99999974738e-06,-0.0
1573202708914343503,817,1573202708810570955,,0.0,-9.99999974738e-06,2.99999992421e-05,9.99999974738e-06
1573202708967785450,818,1573202708914290904,,0.0,-0.0,1.99999994948e-05,0.0
1573202709021948214,819,1573202708967793941,,0.0,-9.99999974738e-06,9.99999974738e-06,0.0
1573202709075316521,820,1573202709021173954,,0.0,9.99999974738e-06,-9.99999974738e-06,-0.0
1573202709178050493,821,1573202709074434995,,0.0,0.0,-9.99999974738e-06,0.0
1573202709231414766,822,1573202709177436113,,9.99999974738e-05,3.99999989895e-05,-5.99999984843e-05,-2.99999992421e-05
1573202709284924856,823,1573202709230753898,,0.0,-1.99999994948e-05,0.0,9.99999974738e-06
1573202709338320851,824,1573202709284236907,,0.0,-0.0,9.99999974738e-06,-0.0
1573202709392921004,825,1573202709338659048,,0.0,-1.99999994948e-05,9.99999974738e-06,1.99999994948e-05
1573202709446246329,826,1573202709392287015,,0.0,-1.99999994948e-05,0.0,9.99999974738e-06
1573202709499209412,827,1573202709445352077,,0.0,1.99999994948e-05,-2.99999992421e-05,-1.99999994948e-05
1573202709552225794,828,1573202709498720884,,0.0,9.99999974738e-06,0.0,-0.0
1573202709905822944,829,1573202709552438974,,0.0,2.99999992421e-05,-9.99999974738e-06,-1.99999994948e-05
1573202709959859941,830,1573202709905488967,,0.0,-0.0,-0.0,0.0
1573202710012583332,831,1573202709958820104,,0.000699999975041,-0.000280000007479,-0.000690000015311,7.9999997979e-05
1573202710065773067,832,1573202710012031078,,0.00689999992028,-0.00138000003062,-0.00680000009015,9.99999974738e-06
1573202710119556418,833,1573202710065865039,,0.0133999995887,-0.00252000009641,-0.0131200002506,-7.9999997979e-05
1573202710173081170,834,1573202710119191884,,0.0149999996647,-0.00240000011399,-0.0148299997672,-0.000220000001718
1573202710225971260,835,1573202710172308921,,0.0142999999225,0.000260000000708,-0.0142599996179,-7.9999997979e-05
1573202710279393047,836,1573202710225461006,,0.0136000001803,0.00389000005089,-0.0129899997264,0.0
1573202710332223817,837,1573202710278579950,,0.0138999996707,0.00784000009298,-0.0115400003269,3.99999989895e-05
1573202710386438438,838,1573202710332199096,,0.0153999999166,0.0117800002918,-0.009990000166,0.0
1573202710439438547,839,1573202710385998964,,0.0179999992251,0.0161099992692,-0.0081200003624,1.99999994948e-05
1573202710494053522,840,1573202710439512014,,0.0331999994814,0.0317699983716,-0.00953000038862,9.99999974738e-06
1573202710547910724,841,1573202710493647098,,0.0388999991119,0.0385800004005,-0.00496000004932,-0.000169999999343
1573202710600135014,842,1573202710547009944,,0.0472000017762,0.0465099997818,0.00805999990553,-5.99999984843e-05
1573202710654169897,843,1573202710600370883,,0.0597999989986,0.0554400011897,0.022290000692,9.00000013644e-05
1573202710757965229,844,1573202710654270887,,0.068400003016,0.0617799982429,0.029470000416,0.000310000003083
1573202710811271227,845,1573202710757476091,,0.0737000033259,0.0648699998856,0.0350299999118,7.00000018696e-05
1573202710864602005,846,1573202710810635089,,0.0763999968767,0.0662100017071,0.0381599999964,-5.99999984843e-05
1573202710917390350,847,1573202710863809108,,0.0784000009298,0.0668300017715,0.0410499982536,-9.99999974738e-05
1573202710970279621,848,1573202710917260885,,0.0810000002384,0.0678000003099,0.0443300008774,-3.99999989895e-05
1573202711023845635,849,1573202710970334053,,0.0825000032783,0.0678000003099,0.0470600016415,-5.99999984843e-05
1573202711078008279,850,1573202711023906946,,0.0848999992013,0.0684200003743,0.0502999983728,-7.00000018696e-05
1573202711130758510,851,1573202711077088117,,0.0881000012159,0.0697999969125,0.0538000017405,-2.99999992421e-05
1573202711183996945,852,1573202711130574941,,0.0907000005245,0.0707900002599,0.0567499995232,1.99999994948e-05
1573202711287686916,853,1573202711184146881,,0.0916000008583,0.0705500021577,0.0583800002933,0.0
1573202711340853363,854,1573202711287262916,,0.0939999967813,0.0716599971056,0.0608800016344,2.99999992421e-05
1573202711394827370,855,1573202711340970039,,0.0960000008345,0.0724000036716,0.063069999218,2.99999992421e-05
1573202711447910776,856,1573202711394154071,,0.0966999977827,0.0725499987602,0.063869997859,1.99999994948e-05
1573202711501784443,857,1573202711447348117,,0.0973000004888,0.0723299980164,0.0650999993086,7.00000018696e-05
1573202711603951025,858,1573202711500982999,,0.0991000011563,0.0699499994516,0.0702600032091,5.99999984843e-05
1573202711657028513,859,1573202711603616952,,0.0992000028491,0.0622799992561,0.0772499963641,-1.99999994948e-05
1573202711710348890,860,1573202711656202077,,0.100599996746,0.0594700016081,0.0811100006104,1.99999994948e-05
1573202711763700495,861,1573202711709682941,,0.103000000119,0.0577999986708,0.0852300003171,4.99999987369e-05
1573202711816791107,862,1573202711762679100,,0.105499997735,0.0573399998248,0.0885099992156,9.99999974738e-06
1573202711869501909,863,1573202711816034078,,0.108599998057,0.0577000007033,0.0919699966908,-0.0
1573202711923267868,864,1573202711869012117,,0.111800000072,0.0553399994969,0.0971300005913,7.00000018696e-05
1573202711976890244,865,1573202711922585010,,0.110799998045,0.0514900013804,0.0981300026178,-1.99999994948e-05
1573202712029972612,866,1573202711976121902,,0.107500001788,0.0454800017178,0.0974500030279,-3.99999989895e-05
1573202712083035509,867,1573202712029205083,,0.107799999416,0.0401800014079,0.100079998374,-3.99999989895e-05
1573202712135742633,868,1573202712082298994,,0.10490000248,0.036850001663,0.0982600003481,-4.99999987369e-05
1573202712189912470,869,1573202712135766983,,0.103200003505,0.0371100008488,0.0962800011039,4.99999987369e-05
1573202712243138554,870,1573202712188963890,,0.100699998438,0.0342199988663,0.0947500020266,2.99999992421e-05
1573202712296067279,871,1573202712242331981,,0.0939999967813,0.0290099997073,0.0893800035119,9.99999974738e-06
1573202712349324936,872,1573202712295973062,,0.0863000005484,0.0226199999452,0.0833199992776,9.99999974738e-06
1573202712403822024,873,1573202712349630117,,0.0778999999166,0.0145600000396,0.0764999985695,0.000209999998333
1573202712456875789,874,1573202712403112888,,0.0683000013232,0.00443000020459,0.0681200027466,0.000110000000859
1573202712509655322,875,1573202712456243038,,0.0599000006914,-0.00467000016943,0.0597399994731,9.99999974738e-05
1573202712563175626,876,1573202712509490013,,0.0544000007212,-0.0111199999228,0.0532700009644,9.00000013644e-05
1573202712666953670,877,1573202712563215017,,0.0469000004232,-0.0169799998403,0.0437600016594,1.99999994948e-05
1573202712720422348,878,1573202712666261911,,0.0439999997616,-0.0219100005925,0.0381999984384,-1.99999994948e-05
1573202712773720141,879,1573202712719572067,,0.0430999994278,-0.0237399991602,0.0359200015664,-1.99999994948e-05
1573202712826307319,880,1573202712772593975,,0.0421000011265,-0.0244600009173,0.0342300012708,-2.99999992421e-05
1573202712930177145,881,1573202712826158046,,0.0434999987483,-0.0259399991482,0.0349499993026,9.99999974738e-05
1573202712983061938,882,1573202712929481029,,0.0410000011325,-0.0331999994814,0.0241000000387,0.0
1573202713036596373,883,1573202712983052968,,0.0416000001132,-0.0384000018239,0.0159300006926,-0.000159999995958
1573202713091099404,884,1573202713036910057,,0.0421000011265,-0.0410000011325,0.0095600001514,-0.000150000007125
1573202713145091358,885,1573202713090193986,,0.0419000014663,-0.0415100008249,0.00543999997899,-5.99999984843e-05
1573202713200385346,886,1573202713144690990,,0.042500000447,-0.0425099991262,0.000959999975748,-4.99999987369e-05
1573202713253454646,887,1573202713199493885,,0.0441000014544,-0.0439300015569,-0.00424000015482,-1.99999994948e-05
1573202713305163536,888,1573202713252577066,,0.0509000010788,-0.0480399988592,-0.0168099999428,1.99999994948e-05
1573202713358683352,889,1573202713304888010,,0.0604999996722,-0.0532100014389,-0.0287999995053,2.99999992421e-05
1573202713462441001,890,1573202713357944011,,0.0724999979138,-0.0594599992037,-0.0414800010622,2.99999992421e-05
1573202713515402383,891,1573202713461956024,,0.0841000005603,-0.064240001142,-0.0543100014329,-7.9999997979e-05
1573202713568578181,892,1573202713514997005,,0.0900999978185,-0.0663499981165,-0.0608999989927,3.99999989895e-05
1573202713622106149,893,1573202713568125009,,0.0900999978185,-0.0657700002193,-0.061629999429,2.99999992421e-05
1573202713675117727,894,1573202713621273040,,0.0905999988317,-0.0653000026941,-0.0627700015903,-9.99999974738e-06
1573202713728112799,895,1573202713674601078,,0.0916000008583,-0.0651699975133,-0.0643799975514,-1.99999994948e-05
1573202713781942249,896,1573202713728137016,,0.0926000028849,-0.0649000033736,-0.0660400018096,3.99999989895e-05
1573202713834657043,897,1573202713781390905,,0.0930999964476,-0.0642199963331,-0.0674099996686,4.99999987369e-05
1573202713888062831,898,1573202713834839105,,0.0944000035524,-0.0640000030398,-0.0693899989128,9.99999974738e-06
1573202713942290785,899,1573202713888061046,,0.0952000021935,-0.063440002501,-0.071050003171,-1.99999994948e-05
1573202713996433750,900,1573202713942292928,,0.0966000035405,-0.0630199983716,-0.0732700005174,1.99999994948e-05
1573202714049810472,901,1573202713995692014,,0.0996000021696,-0.0627899989486,-0.0772899985313,1.99999994948e-05
1573202714103182912,902,1573202714049071073,,0.0991000011563,-0.0610699988902,-0.078039996326,-2.99999992421e-05
1573202714207505509,903,1573202714102519035,,0.101099997759,-0.0609700009227,-0.0806299969554,-1.99999994948e-05
1573202714260867265,904,1573202714207667112,,0.104000002146,-0.060759998858,-0.0844200029969,3.99999989895e-05
1573202714315591054,905,1573202714261023044,,0.1053000018,-0.0601999983191,-0.086390003562,9.99999974738e-06
1573202714367684232,906,1573202714314893960,,0.106799997389,-0.0596400015056,-0.0886199995875,-3.99999989895e-05
1573202714420512122,907,1573202714367317914,,0.10869999975,-0.0595000013709,-0.0909499973059,0.0
1573202714472760693,908,1573202714419863939,,0.11060000211,-0.0592200011015,-0.0934500023723,-9.99999974738e-06
1573202714525441652,909,1573202714472126960,,0.112199999392,-0.0586699992418,-0.0956400036812,-9.99999974738e-06
1573202714579969293,910,1573202714525635004,,0.113499999046,-0.0579399988055,-0.0975600033998,-3.99999989895e-05
1573202714633286853,911,1573202714578845024,,0.114600002766,-0.0569100007415,-0.0994599983096,-5.99999984843e-05
1573202714685277208,912,1573202714632498025,,0.11779999733,-0.0558499991894,-0.103710003197,-9.00000013644e-05
1573202714789558435,913,1573202714684834957,,0.11630000174,-0.0519200004637,-0.104089997709,-4.99999987369e-05
1573202714842917380,914,1573202714789545059,,0.110899999738,-0.0417700000107,-0.102689996362,-9.99999974738e-06
1573202714896067859,915,1573202714842859983,,0.107600003481,-0.0362600013614,-0.101269997656,-4.99999987369e-05
1573202714949126413,916,1573202714896143913,,0.101700000465,-0.0291900001466,-0.0974500030279,-0.000159999995958
1573202715001873096,917,1573202714948525905,,0.0931999981403,-0.0208100005984,-0.0908100008965,-0.000110000000859
1573202715055634957,918,1573202715001868009,,0.0813999995589,-0.0110299997032,-0.0806299969554,2.99999992421e-05
1573202715108004970,919,1573202715054919958,,0.0702000036836,-0.001200000057,-0.0701899975538,5.99999984843e-05
1573202715160998315,920,1573202715108238935,,0.0601000003517,0.00646999990568,-0.0597099997103,0.000199999994948
1573202715214420492,921,1573202715160526037,,0.0513000003994,0.0124899996445,-0.049699999392,-0.00273999990895
1573202715317410774,922,1573202715213911056,,0.0410999991,0.0173000004143,-0.0370500013232,-0.0038699998986
1573202715371033275,923,1573202715317471027,,0.0309999994934,0.0259099993855,-0.0166800003499,-0.00349000003189
1573202715424157881,924,1573202715371076107,,0.034699998796,0.0342900007963,0.00347000011243,-0.00378999998793
1573202715478073826,925,1573202715424138069,,0.0430999994278,0.0396500006318,0.0164500009269,-0.00370000000112
1573202715531653406,926,1573202715477364063,,0.0515000000596,0.0434600003064,0.0273100007325,-0.00359000009485
1573202715584423554,927,1573202715530982017,,0.0577999986708,0.0458300001919,0.035000000149,-0.00371000007726
1573202715638168295,928,1573202715584348917,,0.0615999996662,0.0467999987304,0.0398700013757,-0.00377000006847
1573202715690900575,929,1573202715637644052,,0.0649000033736,0.0474900007248,0.0439999997616,-0.00381999998353
1573202715744959822,930,1573202715691334009,,0.0696000009775,0.0500699989498,0.0481499992311,-0.0039800000377
1573202715848544727,931,1573202715744133949,,0.076099999249,0.0543299987912,0.0532899983227,-0.00104000000283
1573202715901247736,932,1573202715847785949,,0.0810000002384,0.0579899996519,0.0565599985421,0.000260000000708
1573202715955058286,933,1573202715901567935,,0.0782999992371,0.0569799989462,0.0537299998105,0.000520000001416
1573202716009224792,934,1573202715955007076,,0.0698999986053,0.05034000054,0.0483900010586,0.00350999995135
1573202716062979127,935,1573202716008702993,,0.0604999996722,0.0438899993896,0.0414599999785,0.00399000011384
1573202716115851389,936,1573202716062057018,,0.0472999997437,0.0350599996746,0.0315200015903,0.00374999991618
1573202716170010475,937,1573202716115940093,,0.0335000008345,0.0241500008851,0.0229100007564,0.00380999990739
1573202716223013834,938,1573202716169414043,,0.0207000002265,0.0137900002301,0.0148999998346,0.00374999991618
1573202716276323378,939,1573202716222645998,,0.00920000020415,0.00340000004508,0.0076700001955,0.00375999999233
1573202716329943427,940,1573202716276184082,,0.00749999983236,-0.00643000006676,0.000820000015665,0.00377000006847
1573202716433537908,941,1573202716330039024,,0.0186000000685,-0.0169799998403,-0.00652999989688,0.00377999991179
1573202716486874785,942,1573202716433576107,,0.040600001812,-0.0354200005531,-0.0194400008768,0.00368000008166
1573202716540341414,943,1573202716486917972,,0.0500000007451,-0.0438200011849,-0.0238700006157,0.00331000005826
1573202716594201718,944,1573202716540453910,,0.0531999990344,-0.0466299988329,-0.0256900005043,0.000180000002729
1573202716647046517,945,1573202716593497037,,0.0529999993742,-0.0482099987566,-0.0220599994063,-0.000419999996666
1573202716700714719,946,1573202716646836996,,0.0465999990702,-0.0453100018203,-0.0108399996534,-9.99999974738e-05
1573202716754512797,947,1573202716700783967,,0.0401000007987,-0.0400899983943,-0.000369999994291,-9.00000013644e-05
1573202716807715828,948,1573202716754319906,,0.0361000001431,-0.0347400009632,0.00982000026852,-2.99999992421e-05
1573202716861108466,949,1573202716807826995,,0.035000000149,-0.0293499995023,0.0190799999982,0.0
1573202716964693233,950,1573202716861327886,,0.0370000004768,-0.0223200004548,0.0295599997044,-9.99999974738e-05
1573202717019517089,951,1573202716966227054,,0.0432000011206,-0.00762999989092,0.042500000447,4.99999987369e-05
1573202717073344564,952,1573202717019167900,,0.056099999696,0.00573999993503,0.0558300018311,-1.99999994948e-05
1573202717126650377,953,1573202717072578907,,0.0688999965787,0.0154600003734,0.0671499967575,-4.99999987369e-05
1573202717229823705,954,1573202717125649929,,0.0826999992132,0.0246600005776,0.0789199993014,0.0
1573202717283295747,955,1573202717229626893,,0.0948000028729,0.0357800014317,0.0878299996257,9.00000013644e-05
1573202717335935646,956,1573202717282593965,,0.0988000035286,0.0415100008249,0.0896100029349,4.99999987369e-05
1573202717391431212,957,1573202717336064100,,0.102399997413,0.0474000014365,0.0908199995756,2.99999992421e-05
1573202717444097015,958,1573202717390681982,,0.104999996722,0.0525700002909,0.0908600017428,-0.0
1573202717498508167,959,1573202717444308042,,0.107400000095,0.0575499981642,0.0906300023198,-2.99999992421e-05
1573202717551923394,960,1573202717497549057,,0.108499996364,0.0594200007617,0.0908199995756,0.000239999993937
1573202717604328655,961,1573202717551168918,,0.104599997401,0.0544900000095,0.0893300026655,0.000169999999343
1573202717658274099,962,1573202717604388952,,0.0917000025511,0.0443499982357,0.0802699998021,7.00000018696e-05
1573202717711951038,963,1573202717657908916,,0.0724000036716,0.0337999984622,0.0640600025654,2.99999992421e-05
1573202717815805006,964,1573202717711623907,,0.0511999987066,0.0224799998105,0.0459799990058,1.99999994948e-05
1573202717870569658,965,1573202717815181016,,0.0115999998525,-0.000579999992624,0.0115799997002,2.99999992421e-05
1573202717923920433,966,1573202717869775056,,0.0131000000983,-0.0119399996474,-0.00526000000536,2.99999992421e-05
1573202717977770007,967,1573202717923316001,,0.0329999998212,-0.0240199994296,-0.022630000487,4.99999987369e-05
1573202718030759463,968,1573202717977061986,,0.0526000000536,-0.0355000011623,-0.038750000298,4.99999987369e-05
1573202718134572808,969,1573202718030775070,,0.0702000036836,-0.0472799986601,-0.0519100017846,3.99999989895e-05
1573202718187733506,970,1573202718134011983,,0.0917000025511,-0.056510001421,-0.0722400024533,-0.0
1573202718241991828,971,1573202718187819004,,0.10490000248,-0.0603099986911,-0.0858099982142,-0.000209999998333
1573202718296122132,972,1573202718241020917,,0.110500000417,-0.0609400011599,-0.092239998281,-0.000130000000354
1573202718399329004,973,1573202718294670104,,0.111500002444,-0.0583099983633,-0.0950699970126,-7.9999997979e-05
1573202718452928035,974,1573202718399478912,,0.108099997044,-0.0499700009823,-0.095830000937,3.99999989895e-05
1573202718506640694,975,1573202718452979087,,0.106899999082,-0.0439100004733,-0.097429998219,9.99999974738e-06
1573202718560682725,976,1573202718505943059,,0.104999996722,-0.0388699993491,-0.0975100025535,-0.0
1573202718665950770,977,1573202718559511899,,0.102099999785,-0.0333099998534,-0.0965299978852,-7.00000018696e-05
1573202718718485517,978,1573202718665291070,,0.0865999981761,-0.0199100002646,-0.0842999964952,-4.99999987369e-05
1573202718772304555,979,1573202718718368053,,0.0778999999166,-0.0103700002655,-0.0771799981594,-2.99999992421e-05
1573202718825663661,980,1573202718771900892,,0.0649000033736,0.00228999997489,-0.0648199990392,-9.99999974738e-05
1573202718879343959,981,1573202718825964927,,0.054999999702,0.0121900001541,-0.0536799989641,1.99999994948e-05
1573202718933012659,982,1573202718879406929,,0.047800000757,0.0219400003552,-0.0424400009215,4.99999987369e-05
1573202718986858437,983,1573202718932502031,,0.0428999997675,0.0295000001788,-0.0311699993908,5.99999984843e-05
1573202719040214946,984,1573202718986114025,,0.041400000453,0.0389400012791,-0.0141799999401,-1.99999994948e-05
1573202719093553626,985,1573202719039544105,,0.0441999994218,0.0441699996591,-0.00240000011399,-0.0
1573202719147270382,986,1573202719093372106,,0.0500000007451,0.0492199994624,0.00870000012219,-3.99999989895e-05
1573202719199659607,987,1573202719146492004,,0.0582000017166,0.0543799996376,0.0206899996847,1.99999994948e-05
1573202719253009338,988,1573202719199640989,,0.0658999979496,0.0570599995553,0.0329600013793,4.99999987369e-05
1573202719306323556,989,1573202719252876043,,0.0688999965787,0.0561899989843,0.039960000664,1.99999994948e-05
1573202719359916257,990,1573202719305965900,,0.0724000036716,0.0547199994326,0.0474100001156,-5.99999984843e-05
1573202719414544501,991,1573202719359821081,,0.0754000023007,0.0522399991751,0.0544399991632,-7.00000018696e-05
1573202719468587909,992,1573202719414088964,,0.0803000032902,0.0505100004375,0.0623699985445,-2.99999992421e-05
1573202719521415552,993,1573202719467719078,,0.085199996829,0.0488100014627,0.0698300004005,0.0
1573202719572919535,994,1573202719521034955,,0.090499997139,0.0475299991667,0.0769999995828,-0.0
1573202719626438544,995,1573202719572567939,,0.0952000021935,0.0473399981856,0.0825899988413,-1.99999994948e-05
1573202719729067198,996,1573202719625699043,,0.10000000149,0.0481799989939,0.0876300036907,9.99999974738e-06
1573202719782287325,997,1573202719728571891,,0.100199997425,0.0496399998665,0.0870100036263,1.99999994948e-05
1573202719834789163,998,1573202719781791925,,0.0974999964237,0.0498999990523,0.0837299972773,-9.99999974738e-06
1573202719938495391,999,1573202719834928989,,0.0913000032306,0.0504099987447,0.0760700032115,-9.99999974738e-06
1573202719992580610,1000,1573202719938678979,,0.0737999975681,0.0491099990904,0.0550800003111,-9.99999974738e-06
1573202720045860560,1001,1573202719991854906,,0.0667999982834,0.0494900010526,0.044849999249,9.99999974738e-06
1573202720098741643,1002,1573202720045172929,,0.0625,0.0504699982703,0.036850001663,0.000180000002729
1573202720152675125,1003,1573202720098742961,,0.0566999986768,0.0485799983144,0.0292000006884,-0.00106999999844
1573202720205458929,1004,1573202720151813983,,0.0504000000656,0.0455799996853,0.0212500002235,-0.00341999996454
1573202720259364548,1005,1573202720204889059,,0.0476000010967,0.0431299991906,0.0199299994856,-0.00362000009045
1573202720313255050,1006,1573202720259455919,,0.0465000011027,0.0408000014722,0.0220599994063,-0.00352000002749
1573202720366596076,1007,1573202720312433004,,0.0439000017941,0.037080001086,0.0232699997723,-0.00375999999233
1573202720469358564,1008,1573202720365947961,,0.0438000001013,0.034540001303,0.0267099998891,-0.00359999993816
1573202720523581968,1009,1573202720469474077,,0.0337999984622,0.0253199990839,0.0224500000477,0.000280000007479
1573202720576457094,1010,1573202720522736072,,0.0283000003546,0.0157500002533,0.0235399994999,0.000180000002729
1573202720629406329,1011,1573202720575826883,,0.0177999995649,0.00584000023082,0.016799999401,4.99999987369e-05
1573202720682971684,1012,1573202720628726959,,0.00870000012219,-0.00481999991462,0.00725999986753,-0.000199999994948
1573202720785589912,1013,1573202720682234048,,0.0129000004381,-0.0125900004059,-0.00236000004224,0.00115000002552
1573202720839519662,1014,1573202720785852909,,0.0286999996752,-0.023429999128,-0.0162799991667,0.00340000004508
1573202720893712088,1015,1573202720839581012,,0.0401000007987,-0.0299999993294,-0.0263100005686,0.00347000011243
1573202720946200920,1016,1573202720892916917,,0.0498999990523,-0.0346399992704,-0.0357199981809,0.00352000002749
1573202721000056165,1017,1573202720946518898,,0.0593999996781,-0.0383800007403,-0.0452399998903,0.00350000010803
1573202721103821001,1018,1573202720999552011,,0.0662000030279,-0.0414899997413,-0.0514499992132,0.00344999996014
1573202721156792029,1019,1573202721102852106,,0.0712999999523,-0.0474300011992,-0.0531699992716,-0.000280000007479
1573202721209853586,1020,1573202721156785964,,0.0711999982595,-0.0471299998462,-0.0533399991691,-0.000180000002729
1573202721263883570,1021,1573202721210105895,,0.069200001657,-0.0435799993575,-0.0537200011313,-0.000119999996969
1573202721317071769,1022,1573202721263463020,,0.0627000033855,-0.0368699990213,-0.0507300011814,-0.000159999995958
1573202721370892864,1023,1573202721316987037,,0.0505000017583,-0.0273100007325,-0.0425099991262,-7.9999997979e-05
1573202721424336672,1024,1573202721370321989,,0.0285000000149,-0.012369999662,-0.0256799999624,0.0
1573202721477574843,1025,1573202721423845052,,0.0120999999344,-0.00307000009343,-0.0117100002244,0.000280000007479
1573202721530411195,1026,1573202721477020025,,0.00300000002608,0.000119999996969,-0.00301000010222,9.00000013644e-05
1573202721584234835,1027,1573202721529851913,,0.000699999975041,-0.000180000002729,0.000119999996969,-0.000679999997374
1573202721636730473,1028,1573202721583105087,,0.0038999998942,0.00129000004381,0.000230000005104,-0.00371000007726
1573202721690092903,1029,1573202721636751890,,0.0120999999344,0.00918000005186,0.00677999993786,-0.00401999987662
1573202721743737534,1030,1573202721689788103,,0.0262000001967,0.0127199999988,0.0225300006568,-0.0040600001812
1573202721798166375,1031,1573202721743887901,,0.0412999987602,0.0134899998084,0.0387800000608,-0.00400999980047
1573202721903933520,1032,1573202721798029899,,0.0526000000536,0.010169999674,0.0514700002968,-0.0038999998942
1573202721957546447,1033,1573202721903518915,,0.0582999996841,0.00176000001375,0.0581599995494,-0.00364000000991
1573202722010480480,1034,1573202721957472085,,0.0586999990046,-0.00528000015765,0.0583500005305,-0.00372999999672
1573202722063080234,1035,1573202722010018110,,0.0560000017285,-0.0111100003123,0.0547199994326,-0.00384999997914
1573202722117360622,1036,1573202722063260078,,0.054200001061,-0.0142799997702,0.052120000124,-0.00380999990739
1573202722171351783,1037,1573202722117286920,,0.0571000017226,-0.0154200000688,0.0548800006509,-0.00310000008903
1573202722225220708,1038,1573202722171302080,,0.0627999976277,-0.017899999395,0.0602100007236,-0.000180000002729
1573202722277737193,1039,1573202722224284887,,0.0658999979496,-0.0184000004083,0.0633200034499,-4.99999987369e-05
1573202722331688819,1040,1573202722277760982,,0.0656000003219,-0.0184099990875,0.0629300028086,-2.99999992421e-05
1573202722435009686,1041,1573202722331620931,,0.0619999989867,-0.0165800005198,0.0597699992359,0.000380000012228
1573202722539323601,1042,1573202722434561014,,0.0518000014126,-0.0139800002798,0.049809999764,0.00328000006266
1573202722593527836,1043,1573202722539388895,,0.0438000001013,-0.00209999992512,0.0436099991202,0.00347000011243
1573202722649015556,1044,1573202722592900991,,0.0401999987662,0.00405000010505,0.0397900007665,0.00356000009924
1573202722703062267,1045,1573202722647957086,,0.0324000008404,0.00850000046194,0.0310399997979,0.00338999996893
1573202722756541867,1046,1573202722702884912,,0.0262000001967,0.0126700000837,0.0226600002497,0.00344999996014
1573202722812518112,1047,1573202722755903959,,0.0254999995232,0.018769999966,0.0169600006193,0.00341999996454
1573202722866618260,1048,1573202722811677932,,0.0328000001609,0.026270000264,0.0194199997932,0.00343000004068
1573202722920705623,1049,1573202722866753101,,0.0397000014782,0.032389998436,0.0226499997079,0.00335999997333
1573202722974923793,1050,1573202722920908927,,0.0476000010967,0.0396800003946,0.0261300001293,0.00340000004508
1573202723076952010,1051,1573202722974047899,,0.0526000000536,0.0446499995887,0.0276200007647,0.00313000008464
1573202723130983283,1052,1573202723077099084,,0.0520999990404,0.048259999603,0.019659999758,0.000300000014249
1573202723185201617,1053,1573202723130423069,,0.0412000007927,0.040529999882,0.00756999989972,0.000260000000708
1573202723239177041,1054,1573202723185285091,,0.0306000001729,0.0305700004101,-0.00112999998964,-9.99999974738e-05
1573202723342018639,1055,1573202723238598108,,0.0219000000507,0.0217499993742,-0.0023799999617,1.99999994948e-05
1573202723396394144,1056,1573202723342061996,,0.0137000000104,0.0124599998817,0.00579999992624,-1.99999994948e-05
1573202723450251312,1057,1573202723395710945,,0.0151000004262,0.00775999994949,0.0129599999636,3.99999989895e-05
1573202723503999110,1058,1573202723449601888,,0.0104999998584,0.000110000000859,0.0104799997061,1.99999994948e-05
1573202723606704784,1059,1573202723503115892,,0.00870000012219,-0.00748000014573,0.00448000011966,3.99999989895e-05
1573202723661158691,1060,1573202723606719017,,0.0239000003785,-0.021190000698,-0.0109400004148,-9.99999974738e-06
1573202723715103304,1061,1573202723660531997,,0.0344000011683,-0.0287999995053,-0.0188200008124,-5.99999984843e-05
1573202723768392324,1062,1573202723714473009,,0.0364000014961,-0.0337399989367,-0.0131799997762,-0.0031799999997
1573202723872554433,1063,1573202723768184900,,0.035300001502,-0.0345899984241,-0.00609999988228,-0.00350000010803
1573202723925571261,1064,1573202723871927022,,0.0388000011444,-0.0375000014901,-0.00937000010163,-0.00323999999091
1573202723979344387,1065,1573202723925357103,,0.0370000004768,-0.0359000004828,-0.0083799995482,-0.00325999991037
1573202724032836142,1066,1573202723978873968,,0.0373000018299,-0.0343500003219,-0.0144999995828,-0.00184000004083
1573202724136876867,1067,1573202724032006025,,0.0399000011384,-0.0336499996483,-0.0214900001884,-0.000230000005104
1573202724190878193,1068,1573202724137029886,,0.0379000008106,-0.0248900000006,-0.0286299996078,-1.99999994948e-05
1573202724243745054,1069,1573202724190072059,,0.0384999997914,-0.0194700006396,-0.0331900008023,0.0
1573202724296799741,1070,1573202724243113040,,0.0320000015199,-0.00839000009,-0.0308400001377,4.99999987369e-05
1573202724402365939,1071,1573202724296878099,,0.0280000008643,-0.00193999998737,-0.0279300007969,-9.99999974738e-06
1573202724455188382,1072,1573202724401684045,,0.0259000007063,0.00569000001997,-0.0250899996608,0.00280999997631
1573202724508716907,1073,1573202724455388069,,0.0252999998629,0.0137200001627,-0.0210599992424,0.00300000002608
1573202724563086124,1074,1573202724508753061,,0.0318000018597,0.0306599996984,-0.00761999981478,0.00346000003628
1573202724615720694,1075,1573202724562046051,,0.0401999987662,0.0400599986315,0.00139999995008,0.00353000010364
1573202724669648118,1076,1573202724615753889,,0.0472000017762,0.0465300008655,0.00777000002563,0.00188999995589
1573202724722403743,1077,1573202724669035911,,0.0516000017524,0.0492900013924,0.0153000000864,0.000429999985499
1573202724776417258,1078,1573202724722489118,,0.0527000017464,0.0469699986279,0.0240100007504,0.0
1573202724829367412,1079,1573202724775469064,,0.0491999983788,0.042040001601,0.025510000065,-0.00182999996468
1573202724932237813,1080,1573202724828690052,,0.0467999987304,0.0375999994576,0.0275699999183,-0.00356999994256
1573202724986013379,1081,1573202724931693077,,0.0265999995172,0.0203600004315,0.0167500004172,-0.00341999996454
1573202725039454223,1082,1573202724985131978,,0.0136000001803,0.00612000003457,0.0115599995479,-0.00372999999672
1573202725143103284,1083,1573202725038760900,,0.00769999995828,-0.00652999989688,0.00179999996908,-0.00374999991618
1573202725195845828,1084,1573202725142002105,,0.0282000005245,-0.02363999933,-0.0150699997321,-0.00344999996014
1573202725249107716,1085,1573202725195141077,,0.0449000000954,-0.0358299985528,-0.0268200002611,-0.00343000004068
1573202725302261349,1086,1573202725248333930,,0.0619999989867,-0.0480399988592,-0.039090000093,-0.00349000003189
1573202725356138955,1087,1573202725302062034,,0.0780000016093,-0.0572899989784,-0.0528500005603,-0.00368999992497
1573202725408322667,1088,1573202725355107069,,0.0882000029087,-0.0626199990511,-0.0620400011539,-0.00347999995574
1573202725460971364,1089,1573202725408355951,,0.0953999981284,-0.0671700015664,-0.0677200034261,-0.00176000001375
1573202725514834003,1090,1573202725461016893,,0.103000000119,-0.0721900016069,-0.0734800025821,-0.000140000003739
1573202725567714117,1091,1573202725514489889,,0.10490000248,-0.0731600001454,-0.0752200037241,1.99999994948e-05
1573202725622348574,1092,1573202725568054914,,0.104800000787,-0.0727400034666,-0.0753900036216,3.99999989895e-05
1573202725677269242,1093,1573202725621716976,,0.1053000018,-0.0728100016713,-0.076010003686,4.99999987369e-05
1573202725730344358,1094,1573202725676497936,,0.104699999094,-0.0718000009656,-0.0761500000954,1.99999994948e-05
1573202725782944432,1095,1573202725729594945,,0.104699999094,-0.0714399963617,-0.0765699967742,-0.0
1573202725837240183,1096,1573202725783185005,,0.104199998081,-0.0707800015807,-0.0765400007367,-0.0
1573202725941678134,1097,1573202725836525917,,0.104000002146,-0.0702700018883,-0.0767100006342,-0.0
1573202725995644665,1098,1573202725941904067,,0.0961000025272,-0.0641599968076,-0.0715800002217,0.000199999994948
1573202726049273224,1099,1573202725995219945,,0.0876000002027,-0.0588099993765,-0.0647900030017,0.00309000001289
1573202726102578836,1100,1573202726048345088,,0.0777999982238,-0.0517899990082,-0.0579200014472,0.00365000008605
1573202726155332990,1101,1573202726101876020,,0.0658999979496,-0.0436699986458,-0.0491800010204,0.0035500000231
1573202726208396289,1102,1573202726155538082,,0.0507999993861,-0.036669999361,-0.0349799990654,0.00405000010505
1573202726262483142,1103,1573202726207854986,,0.0419000014663,-0.0328800007701,-0.0257500000298,0.00392000004649
1573202726314949807,1104,1573202726261521100,,0.0399999991059,-0.0303000006825,-0.0259300004691,0.0035500000231
1573202726367948353,1105,1573202726314357042,,0.0331999994814,-0.0226600002497,-0.0240299999714,0.00347000011243
1573202726421345485,1106,1573202726367551088,,0.0219000000507,-0.0138800004497,-0.0164800006896,0.00365999992937
1573202726476531096,1107,1573202726421472072,,0.0165999997407,-0.00749999983236,-0.0143200000748,0.00368999992497
1573202726529917169,1108,1573202726476125955,,0.0149999996647,-0.000269999989541,-0.0145199997351,0.00386000005528
1573202726582069951,1109,1573202726529484033,,0.0229000002146,0.00135999999475,-0.0228100009263,0.000730000028852
1573202726636827304,1110,1573202726581990957,,0.0302000008523,0.000750000006519,-0.030150000006,0.000119999996969
1573202726689160626,1111,1573202726636933088,,0.035300001502,-0.000939999998081,-0.0352700017393,0.000209999998333
1573202726741603637,1112,1573202726689235925,,0.0439999997616,-0.0020600000862,-0.0439499989152,-0.000339999998687
1573202726796577046,1113,1573202726741537094,,0.0504000000656,-0.00205000001006,-0.05034000054,-9.99999974738e-05
1573202726849112518,1114,1573202726796111106,,0.0441000014544,-0.00121999997646,-0.0440399982035,-9.99999974738e-05
1573202726903686489,1115,1573202726848546981,,0.0302000008523,-0.00158999999985,-0.0301099997014,9.99999974738e-06
1573202726958295493,1116,1573202726902976989,,0.0233999993652,0.000119999996969,-0.0234200004488,0.000150000007125
1573202727010879103,1117,1573202726957500934,,0.0215000007302,0.00132999999914,-0.0214699991047,0.000399999989895
1573202727065003552,1118,1573202727011073112,,0.0185000002384,0.000339999998687,-0.0185000002384,0.000150000007125
1573202727167409903,1119,1573202727064157009,,0.0105999996886,-0.000169999999343,-0.0105600003153,0.000119999996969
1573202727220055801,1120,1573202727167712926,,0.00329999998212,-0.000140000003739,-0.00325000006706,-9.99999974738e-06
1573202727273957495,1121,1573202727220201969,,0.000199999994948,-0.000110000000859,-0.000190000006114,-0.0
1573202727326487734,1122,1573202727273310899,,0.0,-0.0,9.99999974738e-06,-3.99999989895e-05
1573202727380037725,1123,1573202727326613903,,0.0046999999322,0.00283999997191,0.00380000006407,-0.000130000000354
1573202727483263026,1124,1573202727379601001,,0.00760000012815,0.00560999987647,0.00518999993801,0.000280000007479
1573202727536838905,1125,1573202727483269929,,0.00480000022799,0.00438999990001,-0.00200000009499,0.000260000000708
1573202727590667310,1126,1573202727536895990,,0.00820000004023,0.000609999988228,-0.00815999973565,-4.99999987369e-05
1573202727643896014,1127,1573202727589998960,,0.0054999999702,-0.000780000002123,-0.0054199998267,-0.000269999989541
1573202727746680194,1128,1573202727643335103,,0.00079999997979,-0.000140000003739,-0.000780000002123,-0.000119999996969
1573202727800030007,1129,1573202727746562004,,0.000300000014249,0.000119999996969,-0.000190000006114,-0.000119999996969
1573202727854278452,1130,1573202727800307035,,9.99999974738e-05,7.9999997979e-05,-3.99999989895e-05,-3.99999989895e-05
1573202727907274208,1131,1573202727854147911,,9.99999974738e-05,4.99999987369e-05,-1.99999994948e-05,-1.99999994948e-05
1573202727960330559,1132,1573202727906776905,,0.0,2.99999992421e-05,0.0,-9.99999974738e-06
1573202728014176291,1133,1573202727959870100,,0.0,1.99999994948e-05,9.99999974738e-06,0.0
1573202728067386030,1134,1573202728013303995,,0.0,3.99999989895e-05,9.99999974738e-06,-9.99999974738e-06
1573202728120703598,1135,1573202728066793918,,9.99999974738e-05,4.99999987369e-05,-9.99999974738e-06,-1.99999994948e-05
1573202728174832006,1136,1573202728120773077,,0.0,9.99999974738e-06,-0.0,0.0
1573202728278846655,1137,1573202728174484014,,0.0,2.99999992421e-05,-0.0,-9.99999974738e-06
1573202728331620537,1138,1573202728278091907,,0.0,2.99999992421e-05,-9.99999974738e-06,-9.99999974738e-06
1573202728384327202,1139,1573202728331502914,,9.99999974738e-05,5.99999984843e-05,-0.0,-3.99999989895e-05
1573202728486600087,1140,1573202728384226083,,0.0,0.0,9.99999974738e-06,9.99999974738e-06
1573202728540260794,1141,1573202728486788034,,0.0,0.0,9.99999974738e-06,0.0
1573202728593809137,1142,1573202728539828062,,0.0,9.99999974738e-06,9.99999974738e-06,-0.0
1573202728647456826,1143,1573202728593390941,,0.0,-9.99999974738e-06,-0.0,9.99999974738e-06
1573202728700068234,1144,1573202728646868944,,0.0,-9.99999974738e-06,2.99999992421e-05,9.99999974738e-06
1573202728754239232,1145,1573202728700020074,,0.0,0.0,-9.99999974738e-06,-0.0
1573202728807278875,1146,1573202728753384113,,0.0,1.99999994948e-05,9.99999974738e-06,-1.99999994948e-05
1573202728861259790,1147,1573202728806844949,,0.0,9.99999974738e-06,0.0,-0.0
1573202728914387420,1148,1573202728860394954,,0.0,-9.99999974738e-06,0.0,9.99999974738e-06
1573202728966942615,1149,1573202728913606882,,0.0,-1.99999994948e-05,0.0,1.99999994948e-05
1573202729020486345,1150,1573202728967046022,,0.0,-1.99999994948e-05,-9.99999974738e-06,1.99999994948e-05
1573202729074295475,1151,1573202729020133018,,0.0,9.99999974738e-06,-9.99999974738e-06,-0.0
1573202729128147505,1152,1573202729073985099,,0.0,9.99999974738e-06,0.0,-9.99999974738e-06
1573202729181560849,1153,1573202729127635955,,0.0,9.99999974738e-06,9.99999974738e-06,-9.99999974738e-06
1573202729284487105,1154,1573202729180893898,,0.0,1.99999994948e-05,-3.99999989895e-05,-9.99999974738e-06
1573202729338202380,1155,1573202729284313917,,0.0,-9.99999974738e-06,-0.0,0.0
1573202729392219865,1156,1573202729338114023,,0.0,-9.99999974738e-06,9.99999974738e-06,9.99999974738e-06
1573202729445833090,1157,1573202729391354084,,0.0,-9.99999974738e-06,9.99999974738e-06,9.99999974738e-06
1573202729498659504,1158,1573202729445185899,,0.0,9.99999974738e-06,9.99999974738e-06,-9.99999974738e-06
1573202729552839660,1159,1573202729498549938,,0.0,9.99999974738e-06,-1.99999994948e-05,-9.99999974738e-06
1573202729606970928,1160,1573202729553002119,,0.0,1.99999994948e-05,0.0,-1.99999994948e-05
1573202729659673553,1161,1573202729606614112,,0.0,9.99999974738e-06,0.0,-9.99999974738e-06
1573202729713578152,1162,1573202729659760951,,0.0,-9.99999974738e-06,9.99999974738e-06,9.99999974738e-06
1573202729817745522,1163,1573202729713006973,,0.0,-0.0,-9.99999974738e-06,9.99999974738e-06
1573202729870928677,1164,1573202729816984891,,0.0,-9.99999974738e-06,1.99999994948e-05,9.99999974738e-06
1573202729923887038,1165,1573202729870260000,,0.0,0.0,9.99999974738e-06,0.0
1573202729977420986,1166,1573202729923770904,,0.0,9.99999974738e-06,9.99999974738e-06,-0.0
1573202730029747102,1167,1573202729977328062,,0.0,0.0,-0.0,-0.0
1573202730083071897,1168,1573202730029930114,,0.0,-1.99999994948e-05,-9.99999974738e-06,9.99999974738e-06
1573202730137348081,1169,1573202730083112001,,0.0,-9.99999974738e-06,2.99999992421e-05,9.99999974738e-06
1573202730190433333,1170,1573202730136429071,,0.0,-0.0,-9.99999974738e-06,-0.0
1573202730242935123,1171,1573202730190018892,,0.0,-9.99999974738e-06,-0.0,9.99999974738e-06
1573202730296704776,1172,1573202730242851018,,0.0,9.99999974738e-06,-0.0,-9.99999974738e-06
1573202730349800692,1173,1573202730296092033,,0.0,1.99999994948e-05,0.0,-1.99999994948e-05
1573202730401602823,1174,1573202730349309921,,0.0,9.99999974738e-06,-1.99999994948e-05,-9.99999974738e-06
1573202730454834178,1175,1573202730401256084,,0.0,9.99999974738e-06,-2.99999992421e-05,-9.99999974738e-06
1573202730558634563,1176,1573202730454776048,,0.0,-1.99999994948e-05,-9.99999974738e-06,9.99999974738e-06
1573202730613043724,1177,1573202730558202981,,0.0,-0.0,-0.0,0.0
1573202730666913140,1178,1573202730613182067,,0.0,9.99999974738e-06,9.99999974738e-06,-0.0
1573202730719357161,1179,1573202730666897058,,0.0,0.0,-9.99999974738e-06,-0.0
1573202730772242281,1180,1573202730719316005,,0.0,9.99999974738e-06,0.0,-0.0
1573202730825337770,1181,1573202730771574974,,0.0,9.99999974738e-06,-9.99999974738e-06,-0.0
1573202730880891399,1182,1573202730826916933,,0.0,-9.99999974738e-06,-0.0,9.99999974738e-06
1573202730933497991,1183,1573202730879831075,,0.0,-9.99999974738e-06,-1.99999994948e-05,9.99999974738e-06
1573202730987268747,1184,1573202730933665037,,0.0,-0.0,9.99999974738e-06,0.0
1573202731041100557,1185,1573202730987446069,,0.0,9.99999974738e-06,1.99999994948e-05,-9.99999974738e-06
1573202731094534640,1186,1573202731041074991,,0.0,1.99999994948e-05,-9.99999974738e-06,-9.99999974738e-06
1573202731149375818,1187,1573202731094489097,,0.0,0.0,-9.99999974738e-06,-0.0
1573202731202969223,1188,1573202731149403095,,0.0,9.99999974738e-06,-1.99999994948e-05,-9.99999974738e-06
1573202731308098944,1189,1573202731202987909,,0.0,-0.0,-9.99999974738e-06,-0.0
1573202731360607757,1190,1573202731307192087,,0.0,-1.99999994948e-05,-9.99999974738e-06,1.99999994948e-05
1573202731415968602,1191,1573202731360553026,,0.0,-9.99999974738e-06,1.99999994948e-05,9.99999974738e-06
1573202731469850114,1192,1573202731415127992,,0.0,-0.0,-9.99999974738e-06,-0.0
1573202731523552491,1193,1573202731469995021,,0.0,-9.99999974738e-06,9.99999974738e-06,9.99999974738e-06
1573202731579419871,1194,1573202731523233890,,0.0,0.0,0.0,-0.0
1573202731633297144,1195,1573202731578562021,,0.0,-1.99999994948e-05,9.99999974738e-06,1.99999994948e-05
1573202731686803745,1196,1573202731633353948,,0.0,-1.99999994948e-05,9.99999974738e-06,9.99999974738e-06
1573202731739856619,1197,1573202731686474084,,0.0,0.0,0.0,0.0
1573202731843063627,1198,1573202731739686965,,0.0,-0.0,3.99999989895e-05,-0.0
1573202731896431674,1199,1573202731843027114,,0.0,-0.0,9.99999974738e-06,0.0
1573202731950152984,1200,1573202731895955085,,0.0,2.99999992421e-05,2.99999992421e-05,-2.99999992421e-05
1573202732003174559,1201,1573202731949209928,,0.0,1.99999994948e-05,9.99999974738e-06,-1.99999994948e-05
1573202732107155374,1202,1573202732003107070,,0.0,9.99999974738e-06,-9.99999974738e-06,-0.0
1573202732159952298,1203,1573202732106374025,,0.0,9.99999974738e-06,9.99999974738e-06,-0.0
1573202732213847368,1204,1573202732159315109,,0.0,-9.99999974738e-06,9.99999974738e-06,0.0
1573202732266556605,1205,1573202732213053941,,0.0,0.0,0.0,-0.0
1573202732320019540,1206,1573202732266580104,,0.0,9.99999974738e-06,-0.0,-9.99999974738e-06
1573202732374400313,1207,1573202732320118904,,0.0,9.99999974738e-06,-0.0,-9.99999974738e-06
1573202732429433685,1208,1573202732373451948,,0.0,9.99999974738e-06,-1.99999994948e-05,-0.0
1573202732482091351,1209,1573202732428401947,,0.0,-9.99999974738e-06,0.0,9.99999974738e-06
1573202732535245296,1210,1573202732481436967,,0.0,-1.99999994948e-05,-1.99999994948e-05,1.99999994948e-05
1573202732637784100,1211,1573202732534456968,,0.0,-1.99999994948e-05,-9.99999974738e-06,1.99999994948e-05
1573202732692008670,1212,1573202732637810945,,0.0,-1.99999994948e-05,2.99999992421e-05,9.99999974738e-06
1573202732744357876,1213,1573202732691083908,,0.0,-9.99999974738e-06,0.0,9.99999974738e-06
1573202732798034387,1214,1573202732743918895,,0.0,-9.99999974738e-06,-9.99999974738e-06,9.99999974738e-06
1573202732852998642,1215,1573202732797568082,,0.0,9.99999974738e-06,-0.0,-9.99999974738e-06
1573202733207264623,1216,1573202732852236032,,0.0,-1.99999994948e-05,9.99999974738e-06,9.99999974738e-06
1573202733260798812,1217,1573202733206672906,,0.0,-1.99999994948e-05,1.99999994948e-05,0.0
1573202733313732979,1218,1573202733260180950,,0.0,-1.99999994948e-05,1.99999994948e-05,-0.0
1573202733366525592,1219,1573202733313735961,,0.0,-1.99999994948e-05,9.99999974738e-06,0.0
1573202733422566416,1220,1573202733366211891,,0.0,-2.99999992421e-05,1.99999994948e-05,9.99999974738e-06
1573202733475000150,1221,1573202733421432018,,0.0,-2.99999992421e-05,2.99999992421e-05,9.99999974738e-06
1573202733527923411,1222,1573202733474817037,,0.0,-1.99999994948e-05,0.0,0.0
1573202733582145386,1223,1573202733527582883,,0.0,-1.99999994948e-05,2.99999992421e-05,0.0
1573202733635403328,1224,1573202733582165002,,0.0,-2.99999992421e-05,1.99999994948e-05,9.99999974738e-06
1573202733690752086,1225,1573202733635440111,,0.0,-3.99999989895e-05,1.99999994948e-05,9.99999974738e-06
1573202733744810218,1226,1573202733690200090,,0.0,-2.99999992421e-05,0.0,9.99999974738e-06
1573202733800993475,1227,1573202733745187044,,0.0,-9.99999974738e-06,-0.0,9.99999974738e-06
1573202733852967577,1228,1573202733800148963,,0.0,-1.99999994948e-05,0.0,9.99999974738e-06
1573202733905553653,1229,1573202733852664947,,0.0,-9.99999974738e-06,0.0,9.99999974738e-06
1573202733959025384,1230,1573202733905700922,,0.0,-9.99999974738e-06,-9.99999974738e-06,9.99999974738e-06
1573202734063140950,1231,1573202733959243059,,0.0,9.99999974738e-06,-2.99999992421e-05,-0.0
1573202734118282943,1232,1573202734063498973,,0.0,-9.99999974738e-06,2.99999992421e-05,9.99999974738e-06
1573202734171192319,1233,1573202734117727994,,0.0,9.99999974738e-06,-1.99999994948e-05,0.0
1573202734224826843,1234,1573202734170840024,,0.0,2.99999992421e-05,-9.99999974738e-06,-1.99999994948e-05
1573202734278415419,1235,1573202734224828958,,0.0,9.99999974738e-06,0.0,-0.0
1573202734331681258,1236,1573202734278028011,,0.0,0.0,9.99999974738e-06,0.0
1573202734385479281,1237,1573202734331332921,,0.0,9.99999974738e-06,-0.0,-9.99999974738e-06
1573202734439081402,1238,1573202734385066032,,0.0,-9.99999974738e-06,0.0,9.99999974738e-06
1573202734543080846,1239,1573202734439188957,,0.0,9.99999974738e-06,-0.0,-0.0
1573202734595670761,1240,1573202734542260885,,0.0,1.99999994948e-05,-0.0,-9.99999974738e-06
1573202734650044558,1241,1573202734595861911,,0.0,-9.99999974738e-06,9.99999974738e-06,0.0
1573202734703156082,1242,1573202734649188995,,0.0,-0.0,-9.99999974738e-06,-0.0
1573202734754315728,1243,1573202734702558040,,0.0,-9.99999974738e-06,9.99999974738e-06,0.0
1573202734806466739,1244,1573202734753999948,,0.0,-9.99999974738e-06,-0.0,9.99999974738e-06
1573202734860248198,1245,1573202734805922985,,0.0,-9.99999974738e-06,9.99999974738e-06,0.0
1573202734913103075,1246,1573202734859527111,,0.0,9.99999974738e-06,-0.0,-9.99999974738e-06
1573202734966824408,1247,1573202734912571907,,0.0,-9.99999974738e-06,9.99999974738e-06,9.99999974738e-06
1573202735022213467,1248,1573202734966566085,,0.0,1.99999994948e-05,-0.0,-9.99999974738e-06
1573202735123959754,1249,1573202735021497011,,0.0,-9.99999974738e-06,-0.0,9.99999974738e-06
1573202735176398571,1250,1573202735123974084,,0.0,-9.99999974738e-06,0.0,0.0
1573202735230253906,1251,1573202735176527976,,0.0,1.99999994948e-05,0.0,-9.99999974738e-06
1573202735285590991,1252,1573202735229861974,,0.0,1.99999994948e-05,-0.0,-9.99999974738e-06
1573202735388248094,1253,1573202735284563064,,0.0,-9.99999974738e-06,1.99999994948e-05,0.0
1573202735441563165,1254,1573202735387506008,,0.0,0.0,1.99999994948e-05,-0.0
1573202735494684028,1255,1573202735440387964,,0.0,9.99999974738e-06,-9.99999974738e-06,-9.99999974738e-06
1573202735548147997,1256,1573202735494235038,,0.0,-0.0,0.0,0.0
1573202735650708272,1257,1573202735547363042,,0.0,-9.99999974738e-06,-0.0,0.0
1573202735704181985,1258,1573202735650615930,,0.0,-9.99999974738e-06,-9.99999974738e-06,9.99999974738e-06
1573202735757564054,1259,1573202735703572034,,0.0,-0.0,0.0,0.0
1573202735810304726,1260,1573202735757127046,,0.0,0.0,-9.99999974738e-06,0.0
1573202735863832069,1261,1573202735809891939,,0.0,0.0,-9.99999974738e-06,-0.0
1573202735916471235,1262,1573202735863811016,,0.0,-9.99999974738e-06,-9.99999974738e-06,0.0
1573202735969397315,1263,1573202735915977001,,0.0,-0.0,-9.99999974738e-06,0.0
1573202736023895727,1264,1573202735969778060,,0.0,-9.99999974738e-06,-0.0,0.0
1573202736076959354,1265,1573202736022835969,,0.0,-9.99999974738e-06,9.99999974738e-06,0.0
1573202736180817830,1266,1573202736077019929,,0.0,-9.99999974738e-06,9.99999974738e-06,0.0
1573202736234441607,1267,1573202736180371999,,0.0,0.0,1.99999994948e-05,-0.0
1573202736288119187,1268,1573202736234607934,,0.0,9.99999974738e-06,9.99999974738e-06,0.0
1573202736342427652,1269,1573202736288176059,,0.0,9.99999974738e-06,-9.99999974738e-06,-9.99999974738e-06
1573202736445400596,1270,1573202736341727018,,0.0,-0.0,1.99999994948e-05,-0.0
1573202736498495350,1271,1573202736444761991,,0.0,-9.99999974738e-06,9.99999974738e-06,9.99999974738e-06
1573202736552072486,1272,1573202736498619079,,0.0,-9.99999974738e-06,0.0,9.99999974738e-06
1573202736605308590,1273,1573202736551630020,,0.0,9.99999974738e-06,9.99999974738e-06,-9.99999974738e-06
1573202736657533528,1274,1573202736604716062,,0.0,-0.0,-1.99999994948e-05,0.0
1573202736711789811,1275,1573202736658313989,,0.0,-9.99999974738e-06,9.99999974738e-06,0.0
1573202736765935057,1276,1573202736711669921,,0.0,9.99999974738e-06,-9.99999974738e-06,-0.0
1573202736818953464,1277,1573202736765261888,,0.0,-0.0,-9.99999974738e-06,0.0
1573202736924726480,1278,1573202736818964958,,0.0,-9.99999974738e-06,0.0,-0.0
1573202736978685481,1279,1573202736924897909,,0.0,-9.99999974738e-06,1.99999994948e-05,9.99999974738e-06
1573202737032357377,1280,1573202736978271007,,0.0,9.99999974738e-06,-9.99999974738e-06,-0.0
