-0.00157529
-0.00157698
-0.00157835
-0.00157959
-0.00158175
-0.00157578
-0.00157482
-0.0015748
-0.00157474
-0.00157468
-0.00157368
-0.00157462
-0.00157456
-0.00157443
-0.00157538
-0.00157391
-0.00157381
-0.00157371
-0.00157362
-0.00157349
-0.00157387
-0.00157373
-0.0015737
-0.00157369
-0.00157458
-0.00157455
-0.00157439
-0.00157413
-0.00157356
-0.00125403
-0.00144031
-0.00144391
-0.00144706
-0.00145022
-0.00145384
-0.00145745
-0.00146108
-0.00146471
-0.00146833
-0.00147151
-0.00147422
-0.00156959
-0.00125963
-0.00126122
-0.00139081
-0.00153377
-0.0015591
-0.00156093
-0.00157023
-0.00157254
-0.00157512
-0.00157635
-0.00157821
-0.00157803
-0.0015767
-0.00157624
-0.00157577
-0.00157343
-0.00157484
-0.00157295
-0.00157291
-0.00157286
-0.00157096
-0.0015728
-0.00157045
-0.00157229
-0.00157038
-0.00157268
-0.00157074
-0.00157258
-0.0015702
-0.00157205
-0.00157011
-0.00157195
-0.00156955
-0.00157185
-0.00157038
-0.00157176
-0.00157307
-0.00157031
-0.00157123
-0.00157025
-0.00157163
-0.00156972
-0.00157202
-0.00157054
-0.00157286
-0.00157047
-0.00157235
-0.0015709
-0.0015723
-0.00157089
-0.00157229
-0.00157087
-0.00157274
-0.00157272
-0.00157271
-0.00157267
-0.00157253
-0.0015724
-0.00157227
-0.00157027
-0.00157167
-0.00157245
-0.00157282
-0.00157276
-0.00157635
-0.00156998
-0.00157225
-0.0012556
-0.00125725
-0.00141609
-0.00141876
-0.00142234
-0.00142592
-0.00142952
-0.00143311
-0.00143671
-0.00147603
-0.0014783
-0.00148192
-0.00148555
-0.00148917
-0.0014928
-0.00149597
-0.00149869
-0.00156363
-0.00156591
-0.00156822
-0.00126273
-0.00133642
-0.00133914
-0.00134272
-0.00134589
-0.00134905
-0.00135267
-0.00135628
-0.00135991
-0.00136351
-0.00136712
-0.00137027
-0.00137343
-0.00137704
-0.00138061
-0.00138419
-0.00138775
-0.00153513
-0.00153784
-0.00154145
-0.00154505
-0.00154866
-0.00155182
-0.001555
-0.00155728
-0.00156657
-0.00156886
-0.0015705
-0.00157234
-0.0015731
-0.00157434
-0.00157618
-0.00157424
-0.00157607
-0.00157547
-0.00157583
-0.00157393
-0.00157579
-0.00157393
-0.00157533
-0.001573
-0.00157487
-0.00157297
-0.00156974
-0.00157159
-0.00156927
-0.0015711
-0.00156967
-0.00157105
-0.0015701
-0.00156913
-0.00156908
-0.00156902
-0.00156938
-0.00156883
-0.00156866
-0.00156854
-0.00156894
-0.00156751
-0.00156888
-0.00156737
-0.00156831
-0.00156919
-0.00156728
-0.00156865
-0.00156725
-0.00156907
-0.00156906
-0.00156996
-0.00156859
-0.0015704
-0.00156993
-0.00156715
-0.00156943
-0.0015693
-0.00156962
-0.00156991
-0.00156968
-0.00157106
-0.00157049
-0.00157187
-0.00157042
-0.0015718
-0.00157079
-0.00157217
-0.00157209
-0.00157384
-0.00157403
-0.0014231
-0.00142622
-0.0014298
-0.00143339
-0.00143697
-0.00144012
-0.00144326
-0.00144687
-0.00145048
-0.00145409
-0.0014577
-0.00146131
-0.00146493
-0.00146811
-0.00147126
-0.00147489
-0.00147851
-0.00148168
-0.00156632
-0.00156936
-0.00125932
-0.00139871
-0.00140183
-0.0014054
-0.00140896
-0.00141251
-0.00141475
-0.00150048
-0.00150274
-0.00150637
-0.00150997
-0.00151358
-0.00151674
-0.00155635
-0.00155862
-0.0015618
-0.00126634
-0.00126881
-0.00127125
-0.00130428
-0.00130785
-0.00131099
-0.00131413
-0.0013177
-0.00132126
-0.00132484
-0.0013284
-0.00133195
-0.00133463
-0.00152121
-0.00153786
-0.00154324
-0.00154952
-0.00155043
-0.00126503
-0.00155974
-0.00156246
-0.00156474
-0.00126209
-0.00156593
-0.00156866
-0.00156944
-0.0015702
-0.00157249
-0.00157055
-0.00157238
-0.00157272
-0.00157305
-0.00157491
-0.00157029
-0.00157257
-0.00157486
-0.00157026
-0.00157209
-0.00156979
-0.00157207
-0.00156978
-0.00157115
-0.00156929
-0.00157112
-0.00156609
-0.00156837
-0.00156606
-0.00156827
-0.00156643
-0.0015668
-0.00156821
-0.00156707
-0.00156798
-0.00156639
-0.00156775
-0.00156674
-0.00156765
-0.00156655
-0.00156647
-0.00156641
-0.00125724
-0.00156636
-0.00156817
-0.00156627
-0.00156715
-0.00156851
-0.0015671
-0.00156802
-0.00125678
-0.00156807
-0.00156653
-0.00156836
-0.00156683
-0.00156866
-0.00156675
-0.00156858
-0.0015694
-0.00157071
-0.00157013
-0.00157198
-0.00157047
-0.00157232
-0.00157037
-0.00157175
-0.00157298
-0.0015733
-0.00157366
-0.00157445
-0.00157801
-0.00157703
-0.00157344
-0.00157528
-0.00143592
-0.00143907
-0.00144312
-0.00156941
-0.00157215
-0.00140263
-0.00140485
-0.00140842
-0.00141197
-0.00141553
-0.0014191
-0.00142133
-0.00148347
-0.00148574
-0.00148934
-0.0014925
-0.00149566
-0.00149927
-0.00150287
-0.00150513
-0.00155993
-0.00156221
-0.00156447
-0.00126294
-0.00126496
-0.0013679
-0.00137059
-0.00137417
-0.00137731
-0.00138044
-0.00138401
-0.00138758
-0.00139115
-0.00139471
-0.00139693
-0.00151853
-0.00152079
-0.00152394
-0.00152708
-0.00153068
-0.00153428
-0.00153877
-0.00154146
-0.00154506
-0.00154866
-0.00155182
-0.00155454
-0.00127321
-0.00127606
-0.00127933
-0.00128296
-0.00128657
-0.00129009
-0.0012936
-0.00129716
-0.0013007
-0.00130429
-0.00154144
-0.00129412
-0.00130444
-0.00130673
-0.00151438
-0.00151663
-0.00152067
-0.00152381
-0.0015274
-0.00153098
-0.00153412
-0.00155162
-0.00155521
-0.00155793
-0.00144119
-0.00144298
-0.00146178
-0.00146808
-0.00147166
-0.00147437
-0.00148245
-0.0014847
-0.00155911
-0.00156228
-0.00126303
-0.00156305
-0.00156577
-0.00156653
-0.00156788
-0.00156688
-0.00156868
-0.00156905
-0.00156985
-0.00157122
-0.00156668
-0.00156802
-0.00156618
-0.00156891
-0.00156706
-0.00156889
-0.00156701
-0.00156839
-0.00156653
-0.00156837
-0.00156606
-0.00156288
-0.00156011
-0.00156239
-0.00125882
-0.00156277
-0.0015646
-0.0015627
-0.00156499
-0.00156353
-0.00156582
-0.00156347
-0.00156529
-0.00125925
-0.00126105
-0.00156522
-0.00156605
-0.00156788
-0.00156504
-0.00156403
-0.00156495
-0.00156305
-0.00156532
-0.00156339
-0.00156522
-0.00156378
-0.00156517
-0.00125972
-0.00156326
-0.0015651
-0.00126011
-0.00156362
-0.00156503
-0.00156358
-0.00156451
-0.00156307
-0.0015649
-0.00156486
-0.00125871
-0.00126049
-0.00156531
-0.00156571
-0.00156345
-0.00156528
-0.00156522
-0.00125847
-0.00126038
-0.00156462
-0.00125947
-0.00156585
-0.00125981
-0.00156567
-0.0015647
-0.00156638
-0.00156702
-0.001568
-0.00156652
-0.00156835
-0.00125826
-0.00156867
-0.00156864
-0.00156626
-0.00156853
-0.00156749
-0.00156931
-0.00157115
-0.0015701
-0.00157193
-0.00157043
-0.00157228
-0.00157308
-0.00157257
-0.00157389
-0.00157428
-0.00157515
-0.0015756
-0.00157424
-0.00157562
-0.00157291
-0.0015752
-0.00125627
-0.0015693
-0.00157158
-0.00125587
-0.00140961
-0.00141227
-0.00141584
-0.0014194
-0.00142296
-0.00142653
-0.00142966
-0.00143279
-0.00143653
-0.00144088
-0.00144493
-0.00144718
-0.00145077
-0.00145438
-0.00145753
-0.00146068
-0.0014643
-0.00146791
-0.00147152
-0.00147512
-0.00147738
-0.00156347
-0.00156575
-0.00125934
-0.00126193
-0.00137816
-0.00138081
-0.00138438
-0.00138796
-0.00139151
-0.00139507
-0.00139862
-0.0014013
-0.00150692
-0.00151008
-0.00151367
-0.00151726
-0.0015204
-0.00152354
-0.00152579
-0.00155629
-0.00155809
-0.00126651
-0.00126893
-0.00127133
-0.00131198
-0.00131421
-0.00131777
-0.00132134
-0.00132492
-0.00132848
-0.00133203
-0.0013356
-0.00133918
-0.00134232
-0.00134546
-0.00134906
-0.00135264
-0.00135622
-0.00135982
-0.00136342
-0.00136611
-0.00153696
-0.00153593
-0.00153816
-0.00154174
-0.00154488
-0.00154802
-0.00127591
-0.00128
-0.0012823
-0.00129
-0.00129315
-0.00129586
-0.00139837
-0.00140865
-0.00141517
-0.0014202
-0.00142229
-0.00142511
-0.00143316
-0.00143539
-0.00143986
-0.00148651
-0.0014892
-0.00149144
-0.00149729
-0.00149953
-0.00150312
-0.00150536
-0.00154474
-0.00154831
-0.00155145
-0.00155506
-0.00155731
-0.00126543
-0.00126919
-0.00127156
-0.0014547
-0.00145738
-0.00146097
-0.00146455
-0.00146768
-0.00155538
-0.00155852
-0.00156124
-0.00127342
-0.0012748
-0.00126278
-0.00126562
-0.00126797
-0.00155885
-0.00156201
-0.00156472
-0.00126011
-0.00126199
-0.00155964
-0.00156235
-0.00156506
-0.00156044
-0.00156269
-0.00156585
-0.00156349
-0.0015653
-0.00155983
-0.00156255
-0.00125995
-0.0015598
-0.00156252
-0.00156523
-0.0012597
-0.00126161
-0.00155933
-0.00156248
-0.00156519
-0.00125958
-0.00126197
-0.00126437
-0.0015593
-0.00156245
-0.00156471
-0.00125984
-0.00126254
-0.00155971
-0.00156242
-0.00125965
-0.00126103
-0.00155652
-0.00155879
-0.00156104
-0.00126143
-0.00155559
-0.00155831
-0.00155283
-0.00155509
-0.00155869
-0.00156096
-0.00155547
-0.00155863
-0.0015609
-0.00155855
-0.00156171
-0.00155939
-0.00156165
-0.00156203
-0.00126352
-0.00156193
-0.00156418
-0.00126215
-0.00156048
-0.00156229
-0.00156039
-0.0015622
-0.00155984
-0.00156122
-0.00155886
-0.00156157
-0.00155969
-0.00156195
-0.00155962
-0.00156143
-0.00126202
-0.00155998
-0.00156181
-0.00155991
-0.00156175
-0.00155898
-0.00156125
-0.00155939
-0.0015621
-0.00156209
-0.00125994
-0.00126131
-0.00156206
-0.00156435
-0.00126148
-0.00156249
-0.00156433
-0.00156204
-0.00155975
-0.00156201
-0.00156232
-0.00156264
-0.0012617
-0.00156295
-0.00156478
-0.00156282
-0.00156225
-0.00156453
-0.00156306
-0.00156444
-0.001563
-0.00125779
-0.00156338
-0.00156522
-0.00156515
-0.00156323
-0.0015655
-0.00156778
-0.0015663
-0.0012573
-0.00156393
-0.00156489
-0.00156612
-0.00156734
-0.00156827
-0.0015672
-0.00156859
-0.00156941
-0.00156937
-0.00156977
-0.00157206
-0.00157016
-0.00157244
-0.00157424
-0.00157058
-0.00157241
-0.00157055
-0.00157284
-0.00157012
-0.0015724
-0.00125653
-0.00125851
-0.00142687
-0.00142956
-0.00143314
-0.00143672
-0.00144028
-0.00144388
-0.00144747
-0.00144973
-0.00156925
-0.0012588
-0.00141298
-0.00141565
-0.00141875
-0.00142231
-0.00142587
-0.00142944
-0.00143302
-0.00143661
-0.00144018
-0.00144378
-0.00144737
-0.00145096
-0.00145412
-0.00145726
-0.00146087
-0.00146447
-0.00146807
-0.0015661
-0.00125897
-0.00139189
-0.00139457
-0.00139811
-0.00140166
-0.00140519
-0.00140784
-0.00147917
-0.00148232
-0.00148547
-0.00148862
-0.00149222
-0.00149581
-0.00149807
-0.00155936
-0.00156163
-0.00126602
-0.00133891
-0.00134244
-0.00134601
-0.00134956
-0.00135316
-0.00135629
-0.00135941
-0.00136298
-0.00136656
-0.00137013
-0.0013737
-0.00137637
-0.00152758
-0.00153026
-0.00154591
-0.00154861
-0.00155222
-0.00155492
-0.00127287
-0.00127574
-0.00127952
-0.00128316
-0.00128674
-0.00129028
-0.00129373
-0.00129725
-0.0013008
-0.00130394
-0.00130707
-0.00131019
-0.00133012
-0.00134297
-0.00134522
-0.0013573
-0.00135997
-0.0013631
-0.00137115
-0.00137384
-0.00137652
-0.001381
-0.00138501
-0.00138768
-0.0013926
-0.00139481
-0.00139703
-0.00152773
-0.00153087
-0.00153444
-0.00153802
-0.0015416
-0.00154653
-0.00144755
-0.00145024
-0.00145293
-0.00146948
-0.00147172
-0.00147532
-0.00147889
-0.00148113
-0.00155223
-0.00127668
-0.00127988
-0.00128308
-0.00128623
-0.00128983
-0.00140835
-0.00141191
-0.00141549
-0.00141904
-0.00142259
-0.00142617
-0.00142973
-0.0014333
-0.00143686
-0.00144043
-0.00144399
-0.00144622
-0.00148248
-0.00148517
-0.00148876
-0.00149234
-0.00149592
-0.0014995
-0.00150219
-0.00152496
-0.0015272
-0.00153077
-0.00153433
-0.0015379
-0.00154148
-0.00154506
-0.00154864
-0.00126985
-0.00127266
-0.00127594
-0.00127916
-0.00128279
-0.0012864
-0.0012891
-0.00144404
-0.0014467
-0.00145026
-0.00145384
-0.0014574
-0.00146098
-0.00146456
-0.00146813
-0.00147171
-0.0014753
-0.00147888
-0.001482
-0.00154495
-0.00154853
-0.00155212
-0.0015557
-0.0012644
-0.00126967
-0.00127154
-0.00154887
-0.00155201
-0.00155559
-0.00155784
-0.00126022
-0.00126212
-0.00126596
-0.00154965
-0.0015519
-0.00155548
-0.00155862
-0.00126014
-0.00126218
-0.00155268
-0.00155537
-0.00155896
-0.00156167
-0.00126011
-0.00126216
-0.00126413
-0.00155174
-0.00155533
-0.00155803
-0.00126205
-0.00126447
-0.00154814
-0.00155172
-0.0015553
-0.001558
-0.00126378
-0.00126484
-0.00154587
-0.0015481
-0.00155169
-0.00155527
-0.00155751
-0.00126583
-0.00154538
-0.00154807
-0.00155166
-0.00155524
-0.00155748
-0.00126347
-0.00126544
-0.00126839
-0.00154848
-0.00155162
-0.0015552
-0.0015579
-0.00126301
-0.00126553
-0.00126791
-0.00154799
-0.00155158
-0.00155472
-0.00126303
-0.0012655
-0.0012674
-0.00154303
-0.00154525
-0.00154839
-0.00155153
-0.00155379
-0.00126252
-0.00126501
-0.00153895
-0.00154163
-0.0015452
-0.00154834
-0.00155104
-0.00126294
-0.00126491
-0.00154291
-0.00154514
-0.00154873
-0.00155187
-0.00155367
-0.00126587
-0.0015491
-0.0015518
-0.00155494
-0.00155262
-0.00155532
-0.00155757
-0.0012657
-0.00155569
-0.00155884
-0.00126701
-0.00155648
-0.00155874
-0.00126582
-0.00126827
-0.00155551
-0.00155865
-0.00126576
-0.00155585
-0.00155856
-0.00126668
-0.00155532
-0.00155801
-0.00126355
-0.00126448
-0.00155163
-0.00155524
-0.00140953
-0.00141221
-0.00141579
-0.00141951
-0.00142293
-0.00142651
-0.00142965
-0.00143278
-0.00143635
-0.00143993
-0.00144351
-0.00144708
-0.00145066
-0.00145423
-0.00145648
-0.00155247
-0.00155517
-0.00155787
-0.00126645
-0.00126748
-0.00140187
-0.00140515
-0.00140858
-0.00141215
-0.00141571
-0.00141929
-0.00142286
-0.00142644
-0.00143004
-0.00143315
-0.00143629
-0.00143986
-0.00144344
-0.00144701
-0.0015551
-0.00155779
-0.00126482
-0.00140583
-0.00140851
-0.00141209
-0.00141565
-0.00141924
-0.0014228
-0.00142638
-0.00142997
-0.0014331
-0.00144115
-0.00144338
-0.00144606
-0.00155547
-0.00155817
-0.00126538
-0.00140263
-0.00140441
-0.00140844
-0.00141201
-0.00141559
-0.00141917
-0.00142275
-0.00142632
-0.0014299
-0.00143347
-0.00143661
-0.00143974
-0.00155585
-0.0015581
-0.00140568
-0.00140836
-0.00141195
-0.00141552
-0.00141955
-0.00142267
-0.00142625
-0.00142983
-0.0014334
-0.00143698
-0.00144011
-0.00144324
-0.00144727
-0.00145174
-0.00145263
-0.00155355
-0.00155535
-0.00155717
-0.0012633
-0.00140521
-0.00140833
-0.00141191
-0.00141549
-0.00141907
-0.00142264
-0.00142621
-0.00142978
-0.00143337
-0.00143695
-0.00144008
-0.00144321
-0.00144588
-0.00145394
-0.00145707
-0.00155307
-0.0015553
-0.00155756
-0.00140832
-0.00141189
-0.00141547
-0.00141904
-0.00142263
-0.00142619
-0.00142976
-0.00143336
-0.00143693
-0.0014405
-0.00144362
-0.00144677
-0.00145034
-0.00145259
-0.00145706
-0.00155574
-0.00155845
-0.00126323
-0.00126513
-0.00141814
-0.00142306
-0.00142619
-0.00142963
-0.00143335
-0.00143603
-0.00155618
-0.00155843
-0.00126311
-0.00126626
-0.00141812
-0.00155886
-0.00156068
-0.0014257
-0.00155704
-0.00155885
-0.00156068
-0.0015561
-0.00155838
-0.00143894
-0.00155642
-0.00155913
-0.00141018
-0.00141243
-0.00141555
-0.00141913
-0.00142182
-0.00143032
-0.00143167
-0.00144015
-0.00144328
-0.00144687
-0.00155673
-0.001559
-0.00126287
-0.0015566
-0.00155886
-0.00156112
-0.00155872
-0.00156098
-0.00155905
-0.00155853
-0.00156125
-0.00155935
-0.00156116
-0.00125953
-0.00126145
-0.00155974
-0.00156154
-0.00156055
-0.00156236
-0.00156419
-0.00156228
-0.00156263
-0.0015649
-0.00156254
-0.00156332
-0.00125839
-0.00156548
-0.00156536
-0.00156661
-0.00156615
-0.00156614
-0.00156794
-0.00156563
-0.00156835
-0.00156648
-0.00156875
-0.00156689
-0.00156872
-0.00125819
-0.00142036
-0.00142258
-0.00142616
-0.00142973
-0.00143328
-0.00143684
-0.00144042
-0.00144401
-0.00144714
-0.00145027
-0.00145386
-0.00145746
-0.00146015
-0.00156643
-0.00156827
-0.0012604
-0.00140649
-0.00140871
-0.00141181
-0.00141535
-0.00141891
-0.00142243
-0.0014251
-0.00145107
-0.00145377
-0.00145736
-0.00146096
-0.00146456
-0.00146816
-0.00147176
-0.0015633
-0.00156557
-0.00139484
-0.00139838
-0.00140194
-0.00140546
-0.00140899
-0.0014112
-0.00147167
-0.00147527
-0.00147885
-0.001482
-0.00148514
-0.00148873
-0.0015593
-0.00156201
-0.00156426
-0.00136485
-0.00136708
-0.00137062
-0.00137418
-0.00137729
-0.00138039
-0.00138393
-0.00138748
-0.00139013
-0.00149985
-0.00150299
-0.00150658
-0.00150928
-0.00154991
-0.00155215
-0.00155529
-0.00155755
-0.00127
-0.00127243
-0.00127432
-0.00131102
-0.00131414
-0.00131771
-0.00132125
-0.00132479
-0.00132832
-0.00133186
-0.00133539
-0.00153204
-0.00153428
-0.00153787
-0.00154145
-0.00154413
-0.00132921
-0.00133101
-0.00129419
-0.00129703
-0.00130027
-0.00130394
-0.00130623
-0.00134606
-0.00134962
-0.00135318
-0.00135674
-0.00135986
-0.00136298
-0.00136654
-0.00137011
-0.00137367
-0.00137723
-0.00138079
-0.00138435
-0.0013879
-0.00139145
-0.00139501
-0.00139856
-0.00140168
-0.00140481
-0.00150398
-0.00150668
-0.00151025
-0.00151381
-0.00151693
-0.00152006
-0.00152317
-0.00129161
-0.00129356
-0.00139869
-0.00140136
-0.00140492
-0.00140846
-0.00141202
-0.00141558
-0.00141912
-0.00142268
-0.00142623
-0.00142979
-0.00143336
-0.00143691
-0.00144048
-0.00144269
-0.00148514
-0.00148871
-0.00149229
-0.00149587
-0.00149945
-0.00150303
-0.0015066
-0.00151017
-0.00151373
-0.0015173
-0.00152041
-0.00152353
-0.0015271
-0.00153066
-0.00153423
-0.0015378
-0.00154137
-0.00127296
-0.00127574
-0.00127946
-0.0012831
-0.00128676
-0.00128905
-0.00142047
-0.00142268
-0.00142623
-0.00142978
-0.00143334
-0.0014369
-0.00144046
-0.00144402
-0.00144712
-0.00145025
-0.0014538
-0.00145737
-0.00146095
-0.00146451
-0.00146809
-0.00147166
-0.00147523
-0.00147882
-0.00148239
-0.00148553
-0.00148865
-0.00149222
-0.0014958
-0.00149937
-0.00150161
-0.00152744
-0.00153056
-0.00153413
-0.00153769
-0.00154126
-0.00154484
-0.00154707
-0.00126889
-0.0012722
-0.00127589
-0.0012791
-0.00143419
-0.00143686
-0.00144042
-0.00144397
-0.00144708
-0.00145019
-0.00145375
-0.00145732
-0.00146088
-0.00146445
-0.00146802
-0.00147159
-0.00147517
-0.00147874
-0.00148231
-0.00148588
-0.00148901
-0.00149214
-0.00153803
-0.00154115
-0.00154473
-0.00154787
-0.00126566
-0.00126942
-0.00127263
-0.00127584
-0.00127857
-0.00144436
-0.00144746
-0.00145057
-0.00145369
-0.00145724
-0.00146081
-0.00146438
-0.00146794
-0.00147152
-0.00147508
-0.00147865
-0.00148222
-0.00148535
-0.00154105
-0.00154462
-0.0015482
-0.00155089
-0.00126609
-0.00126938
-0.00127262
-0.00127493
-0.00144874
-0.00145098
-0.00145409
-0.00145721
-0.00146077
-0.00146434
-0.00146791
-0.00147149
-0.00147505
-0.00147816
-0.00153832
-0.001541
-0.00154457
-0.00154815
-0.0015383
-0.00154097
-0.00154455
-0.00126647
-0.00126931
-0.00127261
-0.00127443
-0.00153561
-0.00153696
-0.00126634
-0.00126917
-0.00127255
-0.00127437
-0.0014558
-0.00145671
-0.00153469
-0.00153826
-0.00154139
-0.00154407
-0.00126948
-0.00127282
-0.00127566
-0.00153154
-0.00153466
-0.00153823
-0.00154135
-0.0015436
-0.00127028
-0.00127263
-0.00127634
-0.0012796
-0.00153462
-0.00153819
-0.00154131
-0.00154445
-0.00154668
-0.00126982
-0.00127266
-0.00127634
-0.00127914
-0.00145213
-0.00145301
-0.0014566
-0.00153236
-0.00153458
-0.00153815
-0.00154172
-0.00154485
-0.00126936
-0.0012727
-0.001275
-0.00143737
-0.00144003
-0.00144225
-0.00145118
-0.00145341
-0.00152873
-0.00153097
-0.00153453
-0.0015381
-0.00154122
-0.00127639
-0.00126661
-0.00126896
-0.00127231
-0.0014324
-0.00143641
-0.00153091
-0.00153448
-0.00153715
-0.00126666
-0.00126898
-0.00127185
-0.00141626
-0.0014234
-0.00142654
-0.00142965
-0.00143277
-0.0014359
-0.00144081
-0.00144349
-0.00144617
-0.00144973
-0.00153085
-0.00153442
-0.00153799
-0.00154111
-0.00126896
-0.00140505
-0.0014086
-0.00141217
-0.00141574
-0.00141931
-0.00142287
-0.00142644
-0.00143001
-0.00143314
-0.00143626
-0.00143984
-0.0014434
-0.00144697
-0.00145055
-0.00145413
-0.00145769
-0.00146082
-0.00153214
-0.00153435
-0.00153792
-0.00154149
-0.00154507
-0.00154732
-0.00126887
-0.00138938
-0.00139026
-0.00139472
-0.00139784
-0.0014014
-0.00140495
-0.00140852
-0.00141208
-0.00141565
-0.00141922
-0.00142278
-0.00142635
-0.00142993
-0.0014335
-0.00143664
-0.00143974
-0.00144332
-0.00144689
-0.00145046
-0.00145404
-0.0014576
-0.00146118
-0.00146475
-0.00146833
-0.0014719
-0.00147459
-0.00147771
-0.00154188
-0.001545
-0.00154859
-0.00155083
-0.00126721
-0.00126928
-0.00127123
-0.00138527
-0.00138793
-0.00139148
-0.00139505
-0.00139861
-0.00140174
-0.00140486
-0.00140842
-0.001412
-0.00141554
-0.00141911
-0.00142268
-0.00142626
-0.00142984
-0.00143342
-0.00143698
-0.00144011
-0.00144322
-0.00144681
-0.00145037
-0.00145395
-0.00145751
-0.00146108
-0.00146467
-0.00146824
-0.00147182
-0.0014754
-0.00147852
-0.00148164
-0.00148432
-0.00148788
-0.00154537
-0.0015485
-0.00155209
-0.001269
-0.00127197
-0.00137849
-0.00138069
-0.00138425
-0.00138781
-0.00139137
-0.00139492
-0.0013985
-0.00140208
-0.0014052
-0.00140831
-0.00141187
-0.00141544
-0.00141901
-0.00142258
-0.00142615
-0.00142973
-0.00143331
-0.00143688
-0.00144045
-0.00144358
-0.00144671
-0.00145028
-0.00145385
-0.00145743
-0.001461
-0.00146458
-0.00146816
-0.00147173
-0.0014753
-0.00147888
-0.001482
-0.00148378
-0.00154616
-0.00154841
-0.00155198
-0.00155468
-0.00127021
-0.00127267
-0.00127504
-0.00137035
-0.00137346
-0.00137701
-0.00138058
-0.00138413
-0.00138767
-0.00139124
-0.00139483
-0.00139838
-0.00140196
-0.00140553
-0.00140909
-0.00141222
-0.00141534
-0.00141892
-0.00142248
-0.00142605
-0.00142964
-0.00143321
-0.00143679
-0.00144036
-0.00144393
-0.00144751
-0.00145063
-0.00145375
-0.00145732
-0.00146091
-0.00146448
-0.00146807
-0.00147164
-0.00147521
-0.00147878
-0.00148236
-0.00154518
-0.00154832
-0.0015519
-0.00126924
-0.0012726
-0.00127452
-0.00136086
-0.00136354
-0.00136709
-0.00137066
-0.00137378
-0.0013769
-0.00138043
-0.001384
-0.00138755
-0.00139111
-0.00139469
-0.00139826
-0.00140182
-0.00140539
-0.00140897
-0.00141254
-0.00141566
-0.00141879
-0.00142236
-0.00142594
-0.00142951
-0.00143309
-0.00143668
-0.00144025
-0.00144382
-0.00144739
-0.00145097
-0.0014541
-0.00145722
-0.0014608
-0.00146437
-0.00146796
-0.00147153
-0.00147511
-0.00147867
-0.00148224
-0.00148583
-0.00148939
-0.00149163
-0.00154554
-0.00154822
-0.00155181
-0.00155404
-0.00126921
-0.00127266
-0.00135721
-0.00135988
-0.00136344
-0.00136699
-0.00137055
-0.00137411
-0.00137766
-0.00138076
-0.00138388
-0.00138744
-0.00139101
-0.00139457
-0.00139813
-0.0014017
-0.00140528
-0.00140886
-0.00141242
-0.001416
-0.00141912
-0.00142225
-0.00142582
-0.0014294
-0.00143297
-0.00143655
-0.00144014
-0.0014437
-0.00144728
-0.00145085
-0.00145444
-0.00145756
-0.00146069
-0.00146427
-0.00146785
-0.00147141
-0.00147499
-0.00147856
-0.00148213
-0.00148571
-0.00148928
-0.00149285
-0.00149597
-0.0014991
-0.00154499
-0.00154813
-0.00155171
-0.00126917
-0.00127209
-0.00135758
-0.00135978
-0.00136334
-0.0013669
-0.00137045
-0.001374
-0.00137755
-0.00138111
-0.00138466
-0.00138778
-0.00139089
-0.00139446
-0.00139802
-0.0014016
-0.00140517
-0.00140875
-0.00141232
-0.00141589
-0.00141945
-0.00142303
-0.00142616
-0.00142928
-0.00143285
-0.00143644
-0.00144001
-0.00144359
-0.00144716
-0.00145073
-0.00145433
-0.0014579
-0.00146103
-0.00146415
-0.00146773
-0.0014713
-0.00147488
-0.00147845
-0.00148203
-0.0014856
-0.00148917
-0.00149275
-0.00149632
-0.00149944
-0.00150257
-0.00150614
-0.0015097
-0.00151327
-0.00151683
-0.00153599
-0.00153822
-0.00154134
-0.00154446
-0.00154806
-0.00126964
-0.00127204
-0.00135706
-0.00135968
-0.00136323
-0.00136678
-0.00137034
-0.0013739
-0.00137745
-0.001381
-0.00138457
-0.00138812
-0.00139124
-0.00139437
-0.00139794
-0.00140151
-0.00140508
-0.00140776
-0.00141893
-0.00145826
-0.0014614
-0.00146453
-0.00146766
-0.00147124
-0.00147481
-0.00147838
-0.00148195
-0.00148553
-0.00148911
-0.00149268
-0.00149625
-0.00149983
-0.00150295
-0.00150607
-0.00150964
-0.00151321
-0.00151677
-0.00152033
-0.00152406
-0.00152746
-0.00153949
-0.00154172
-0.00154485
-0.00154799
-0.00155067
-0.00126948
-0.00127242
-0.00134983
-0.0013525
-0.00135604
-0.00135959
-0.00136316
-0.0013667
-0.00137026
-0.00137382
-0.00137737
-0.00138093
-0.0013845
-0.00138805
-0.00139161
-0.00139474
-0.00139785
-0.00140008
-0.00140455
-0.00145061
-0.00145418
-0.00145775
-0.00146133
-0.00146491
-0.00146804
-0.00147117
-0.00147476
-0.00147834
-0.0014819
-0.00148548
-0.00148905
-0.00149262
-0.0014962
-0.00149976
-0.00150334
-0.00150646
-0.00150958
-0.00151225
-0.00151627
-0.00154255
-0.00154523
-0.00154837
-0.0015515
-0.00126889
-0.00127266
-0.00127509
-0.00134932
-0.00135244
-0.00135598
-0.00135952
-0.00136307
-0.00136662
-0.0013702
-0.00137375
-0.00137731
-0.00138086
-0.00138443
-0.001388
-0.00139156
-0.00139512
-0.00139825
-0.00140138
-0.00140406
-0.00143624
-0.00143938
-0.00144786
-0.00145054
-0.00145412
-0.00145769
-0.00146128
-0.00146486
-0.00146844
-0.00147157
-0.0014747
-0.00147828
-0.00148185
-0.00148542
-0.001489
-0.00149257
-0.00149614
-0.00149971
-0.00150327
-0.00154561
-0.00154874
-0.00155188
-0.00155366
-0.00140174
-0.00140621
-0.00144332
-0.0014469
-0.00145047
-0.0014539
-0.00145718
-0.00155404
-0.00126891
-0.00127188
-0.00135327
-0.00135593
-0.00135947
-0.00136301
-0.00136656
-0.00137013
-0.00137369
-0.00137724
-0.00138082
-0.00138437
-0.00138792
-0.00139148
-0.00139505
-0.00139819
-0.00140041
-0.00145451
-0.00145897
-0.00146122
-0.00146479
-0.00146836
-0.00147149
-0.00147462
-0.00147821
-0.00148178
-0.00148536
-0.00148893
-0.0014925
-0.00149608
-0.00149964
-0.0015032
-0.00154599
-0.00154866
-0.0015518
-0.00126944
-0.00135456
-0.00135633
-0.00135942
-0.00136297
-0.00136651
-0.00137007
-0.00137362
-0.00137718
-0.00138073
-0.0013843
-0.00138784
-0.00139142
-0.00139498
-0.00139856
-0.00140168
-0.00140392
-0.00141778
-0.00144548
-0.00144996
-0.00145443
-0.00145755
-0.00146114
-0.00146471
-0.00146829
-0.00147187
-0.001475
-0.00147813
-0.0014817
-0.00148528
-0.00148885
-0.00149242
-0.00149599
-0.00149956
-0.00150314
-0.00150671
-0.00151027
-0.00151339
-0.00151518
-0.00154502
-0.0015486
-0.00155174
-0.00126639
-0.00126906
-0.00135674
-0.00135984
-0.00136294
-0.00136649
-0.00137004
-0.00137359
-0.00137715
-0.0013807
-0.00138427
-0.00138782
-0.00139139
-0.00139495
-0.00139852
-0.00140209
-0.0014477
-0.00145037
-0.00145886
-0.00146109
-0.00146467
-0.00146825
-0.00147183
-0.0014754
-0.00147853
-0.00148166
-0.00148524
-0.00148881
-0.00149239
-0.00149596
-0.00149953
-0.00150309
-0.00150666
-0.00151024
-0.0015138
-0.00151692
-0.00152004
-0.0015392
-0.00154143
-0.001545
-0.00154859
-0.00155127
-0.00126644
-0.00126801
-0.00135449
-0.00135671
-0.00135981
-0.00136293
-0.00136646
-0.00137003
-0.00137357
-0.00137711
-0.0013807
-0.00138427
-0.00138779
-0.00139136
-0.00139494
-0.00139852
-0.00140207
-0.00140521
-0.00141191
-0.00145438
-0.00145765
-0.00146109
-0.00146467
-0.00146824
-0.00147181
-0.00147539
-0.00147852
-0.00148166
-0.00148523
-0.0014888
-0.00149238
-0.00149595
-0.00149952
-0.0015031
-0.00150666
-0.00150978
-0.00154856
-0.00155214
-0.00155439
-0.00126886
-0.0013567
-0.00135977
-0.0013629
-0.00136645
-0.00137001
-0.00137356
-0.00137712
-0.00138068
-0.00138423
-0.0013878
-0.00139136
-0.00139493
-0.00139851
-0.00140208
-0.00140521
-0.00140833
-0.0014119
-0.00141547
-0.00141994
-0.00142127
-0.00143023
-0.00143782
-0.0014405
-0.00144365
-0.00144677
-0.00145035
-0.00145393
-0.00145751
-0.00146109
-0.00146467
-0.00146825
-0.00147182
-0.00147541
-0.00147853
-0.00148166
-0.00148523
-0.00148881
-0.00149239
-0.00149596
-0.00149952
-0.00154854
-0.00155212
-0.00155482
-0.00126883
-0.00127124
-0.00135667
-0.00136022
-0.00136332
-0.00136644
-0.00136998
-0.00137354
-0.00137712
-0.00138066
-0.00138422
-0.00138778
-0.00139135
-0.00139492
-0.0013985
-0.00140207
-0.00140519
-0.00140831
-0.00141189
-0.00141545
-0.00141992
-0.0014226
-0.00142618
-0.00142976
-0.00143335
-0.00143691
-0.0014405
-0.00144362
-0.00144676
-0.00145034
-0.00145392
-0.0014575
-0.00146108
-0.00146466
-0.00146824
-0.00147182
-0.0014754
-0.00147853
-0.00148165
-0.00148522
-0.00148879
-0.00149237
-0.00149594
-0.00154942
-0.0015521
-0.00155569
-0.00126662
-0.00126805
-0.00135709
-0.00136019
-0.00136329
-0.00136641
-0.00136996
-0.00137352
-0.00137708
-0.00138064
-0.0013842
-0.00138775
-0.00139132
-0.00139489
-0.00139847
-0.00140205
-0.00140562
-0.00140874
-0.00141185
-0.00141542
-0.001419
-0.00142258
-0.0014275
-0.00142974
-0.00143332
-0.0014369
-0.00144048
-0.0014436
-0.00144674
-0.00145033
-0.0014539
-0.00145749
-0.00146106
-0.00146465
-0.00146822
-0.00147179
-0.00147537
-0.00147851
-0.00148163
-0.00148521
-0.00148877
-0.00149235
-0.00149592
-0.00149904
-0.0015494
-0.00155209
-0.00155524
-0.00126838
-0.00136063
-0.00136372
-0.00136682
-0.00136993
-0.00137349
-0.00137705
-0.0013806
-0.00138416
-0.00138772
-0.00139129
-0.00139485
-0.00139843
-0.00140198
-0.00140557
-0.00140868
-0.00141181
-0.00141539
-0.00141896
-0.00142254
-0.00142612
-0.00142969
-0.00143328
-0.00143686
-0.00144043
-0.00144356
-0.00144669
-0.00145028
-0.00145385
-0.00145743
-0.001461
-0.00146459
-0.00146816
-0.00147175
-0.00147532
-0.0014789
-0.00148201
-0.00148515
-0.00148872
-0.00149229
-0.00149586
-0.00149943
-0.00150256
-0.00150524
-0.00154891
-0.00155205
-0.00155431
-0.00126832
-0.00136004
-0.00136358
-0.00136713
-0.00137068
-0.00137381
-0.00137692
-0.00138049
-0.00138405
-0.00138759
-0.00139116
-0.00139472
-0.0013983
-0.00140186
-0.00140542
-0.00140901
-0.00141257
-0.0014157
-0.00141882
-0.00142242
-0.00142598
-0.00142956
-0.00143314
-0.00143672
-0.00144074
-0.00144387
-0.00144745
-0.00145058
-0.00145371
-0.0014573
-0.00146087
-0.00146445
-0.00146803
-0.00147161
-0.00147519
-0.00147876
-0.00148233
-0.00148591
-0.00148903
-0.00149216
-0.00149573
-0.0014993
-0.00150288
-0.00150644
-0.00150867
-0.00151491
-0.00154834
-0.00155192
-0.00155462
-0.00126671
-0.00135679
-0.00135989
-0.00136344
-0.001367
-0.00137056
-0.00137412
-0.00137767
-0.00138079
-0.0013839
-0.00138745
-0.00139102
-0.00139459
-0.00139817
-0.00140171
-0.0014053
-0.00140841
-0.00141244
-0.00141735
-0.00142361
-0.00142585
-0.00142855
-0.00143346
-0.00143659
-0.00144507
-0.00144746
-0.0014509
-0.00145447
-0.0014576
-0.00146074
-0.00146433
-0.00146791
-0.00147148
-0.00147505
-0.00147863
-0.0014822
-0.00148577
-0.00148935
-0.00149247
-0.0014956
-0.00149917
-0.00150275
-0.00150542
-0.00154865
-0.00155178
-0.00155494
-0.00126596
-0.00126835
-0.00135621
-0.00135977
-0.00136332
-0.00136688
-0.00137043
-0.001374
-0.00137754
-0.0013811
-0.00138423
-0.00138735
-0.00139091
-0.00139447
-0.00139804
-0.00140161
-0.00140519
-0.00140874
-0.00141232
-0.0014159
-0.00141947
-0.00142305
-0.00142618
-0.00142931
-0.00143289
-0.00143646
-0.00144005
-0.00144363
-0.0014472
-0.00145078
-0.00145436
-0.00145794
-0.00146107
-0.0014642
-0.00146779
-0.00147137
-0.00147494
-0.00147851
-0.00148209
-0.00148566
-0.00148923
-0.00149191
-0.00154896
-0.00155165
-0.00155479
-0.00126555
-0.00126795
-0.00135652
-0.00135963
-0.00136319
-0.00136675
-0.0013703
-0.00137386
-0.00137741
-0.00138098
-0.00138453
-0.00138811
-0.00139123
-0.00139435
-0.00139791
-0.00140148
-0.00140505
-0.00140863
-0.0014122
-0.00141578
-0.00141936
-0.00142294
-0.0014265
-0.00142962
-0.00143276
-0.00143635
-0.00143994
-0.00144351
-0.00144708
-0.00145066
-0.00145425
-0.00145782
-0.0014614
-0.00146453
-0.00146766
-0.00147124
-0.00147482
-0.00147839
-0.00148196
-0.00148553
-0.00148823
-0.00149179
-0.0015515
-0.0015551
-0.00126645
-0.00126788
-0.00136046
-0.00136312
-0.00136667
-0.00137023
-0.00137379
-0.00137734
-0.00138091
-0.00138446
-0.00138802
-0.00139157
-0.00139471
-0.00139783
-0.00140141
-0.00140497
-0.00140854
-0.00141212
-0.00141568
-0.00141928
-0.00142284
-0.00142642
-0.00142998
-0.00143312
-0.00143625
-0.00143982
-0.0014434
-0.00144698
-0.00145057
-0.00145414
-0.00145772
-0.0014613
-0.00146486
-0.00146801
-0.00147114
-0.00147471
-0.00147828
-0.00148186
-0.00148498
-0.00148855
-0.00155228
-0.00155498
-0.00155723
-0.00126539
-0.00137111
-0.00137377
-0.00137733
-0.00138088
-0.00138444
-0.00138801
-0.00139156
-0.00139513
-0.00139826
-0.00140138
-0.00140495
-0.00140852
-0.00141209
-0.00141566
-0.00141923
-0.00142281
-0.00142639
-0.00142996
-0.00143308
-0.00143622
-0.0014398
-0.00144336
-0.00144694
-0.00145052
-0.00145409
-0.00145767
-0.00146124
-0.00146482
-0.0014684
-0.00147152
-0.00147465
-0.00147822
-0.0014818
-0.00148537
-0.00148761
-0.00155266
-0.00155537
-0.00138216
-0.00138439
-0.00138794
-0.00139151
-0.00139509
-0.00139821
-0.00140133
-0.00140488
-0.00140846
-0.00141203
-0.0014156
-0.00141918
-0.00142275
-0.00142632
-0.00142989
-0.00143348
-0.00143661
-0.00143972
-0.0014433
-0.00144688
-0.00145046
-0.00145403
-0.0014576
-0.00146118
-0.00146476
-0.00146833
-0.00147147
-0.00147593
-0.00147727
-0.00155304
-0.00155529
-0.00155755
-0.00137107
-0.00137372
-0.00137728
-0.00138039
-0.00147325
-0.0014746
-0.00147905
-0.00148173
-0.00148485
-0.00137144
-0.00137367
-0.00137722
-0.00138078
-0.00138435
-0.0013879
-0.00139146
-0.00139502
-0.0013986
-0.00140172
-0.00140483
-0.0014084
-0.00141196
-0.00141554
-0.00141911
-0.00142268
-0.00142626
-0.00142984
-0.00143341
-0.001437
-0.00144012
-0.00144324
-0.00144682
-0.00145039
-0.00145397
-0.00145756
-0.00146113
-0.00146471
-0.00146828
-0.00147185
-0.00147543
-0.00147855
-0.00148033
-0.00155611
-0.00155836
-0.00126434
-0.00137808
-0.00138074
-0.00138431
-0.00138786
-0.00139143
-0.00139501
-0.00139856
-0.00140169
-0.0014048
-0.00140838
-0.00141195
-0.00141551
-0.00141908
-0.00142265
-0.00142622
-0.00142981
-0.00143338
-0.00143696
-0.00144008
-0.00144321
-0.00144678
-0.00145036
-0.00145393
-0.00145752
-0.00146109
-0.00146422
-0.00155603
-0.00155873
-0.00126318
-0.00126486
-0.00138562
-0.00138783
-0.0013914
-0.00139496
-0.00139854
-0.0014021
-0.00140522
-0.00140835
-0.0014119
-0.00141546
-0.00141903
-0.0014226
-0.00142619
-0.00142975
-0.00143334
-0.0014369
-0.00144047
-0.00144361
-0.00144673
-0.0014503
-0.00145388
-0.00145701
-0.00146014
-0.00155909
-0.00156136
-0.0013949
-0.00139848
-0.00140204
-0.00140559
-0.00140872
-0.00141183
-0.0014154
-0.00141896
-0.00142253
-0.00142611
-0.00142968
-0.00143325
-0.00143682
-0.0014404
-0.00144397
-0.00144711
-0.00145022
-0.00145692
-0.001559
-0.00140642
-0.00140908
-0.0014122
-0.00141532
-0.00141889
-0.00142246
-0.00142603
-0.00142959
-0.00143318
-0.00143674
-0.00144032
-0.00144389
-0.00144746
-0.00145058
-0.0014537
-0.00145595
-0.0015589
-0.00156116
-0.00140988
-0.00141256
-0.00141567
-0.00141879
-0.00142238
-0.00142593
-0.0014295
-0.00143308
-0.00143665
-0.00144022
-0.00144379
-0.00144736
-0.00144959
-0.0014536
-0.00156011
-0.00156148
-0.00126168
-0.00141336
-0.00141604
-0.00142006
-0.00142228
-0.00142584
-0.00142942
-0.00143299
-0.00143656
-0.00143968
-0.00144458
-0.00156227
-0.00125968
-0.00126102
-0.00142711
-0.00142932
-0.00143289
-0.00143601
-0.00156261
-0.00142345
-0.00142656
-0.00142968
-0.00143281
-0.00143638
-0.00143995
-0.00144351
-0.00156253
-0.00156479
-0.00142653
-0.00142965
-0.00143276
-0.00143635
-0.00143991
-0.00144348
-0.00144704
-0.00156248
-0.0015643
-0.0014207
-0.00142292
-0.00142649
-0.0014296
-0.00143273
-0.00143629
-0.00143985
-0.00144343
-0.001447
-0.00145056
-0.00145415
-0.00156291
-0.00156427
-0.00125864
-0.00126056
-0.00141709
-0.0014193
-0.00142285
-0.0014264
-0.00142997
-0.00143353
-0.00143666
-0.00143978
-0.00144336
-0.00144693
-0.00145051
-0.00145408
-0.00145765
-0.00146124
-0.00146481
-0.00156285
-0.00140811
-0.00141256
-0.00141568
-0.00141923
-0.00142279
-0.00142634
-0.0014299
-0.00143347
-0.00143704
-0.00144016
-0.00144328
-0.00144686
-0.00145043
-0.00145401
-0.0014576
-0.00146118
-0.00146476
-0.00146789
-0.00156282
-0.00156466
-0.00140273
-0.00140495
-0.0014085
-0.00141205
-0.0014156
-0.00141916
-0.00142271
-0.00142629
-0.00142984
-0.00143341
-0.00143697
-0.00144007
-0.0014432
-0.00144677
-0.00145035
-0.00145393
-0.00145753
-0.00146111
-0.00146468
-0.00146828
-0.00147187
-0.00147499
-0.00156325
-0.00156508
-0.00139246
-0.00139513
-0.0013982
-0.00140132
-0.00140486
-0.0014084
-0.00141194
-0.00141549
-0.00141859
-0.00146194
-0.00146463
-0.00146823
-0.00147181
-0.0014754
-0.00147854
-0.00148167
-0.00156237
-0.00156463
-0.00126473
-0.00138084
-0.00138439
-0.00138793
-0.00139149
-0.00139501
-0.00139857
-0.00140208
-0.00140474
-0.00147535
-0.00147848
-0.00148162
-0.00148521
-0.0014888
-0.00149148
-0.00155701
-0.0015588
-0.00156151
-0.00126658
-0.00126805
-0.0013643
-0.00136652
-0.00137006
-0.0013736
-0.00137713
-0.00138068
-0.00138422
-0.00138777
-0.00139131
-0.00149231
-0.0014959
-0.00149948
-0.00150306
-0.00150531
-0.00154986
-0.0015521
-0.00155568
-0.00155794
-0.00126718
-0.00126913
-0.00127202
-0.00133253
-0.00133516
-0.00133872
-0.00134224
-0.00134579
-0.00134934
-0.00135288
-0.00135642
-0.00135997
-0.00136311
-0.00151105
-0.00151374
-0.00151731
-0.00152044
-0.00152356
-0.00152712
-0.0015307
-0.00153427
-0.00153783
-0.00154141
-0.00154498
-0.00154812
-0.00127622
-0.00127943
-0.00128307
-0.00128674
-0.00129029
-0.00129388
-0.00129736
-0.00130045
-0.00130357
-0.00130709
-0.0013093
-0.00130715
-0.00131123
-0.00131798
-0.0013211
-0.00132468
-0.00132826
-0.00133183
-0.00133537
-0.00133804
-0.00134207
-0.00129687
-0.00130059
-0.00130426
-0.00130745
-0.00131016
-0.0013432
-0.00134588
-0.001349
-0.00135255
-0.00135609
-0.00135962
-0.0013632
-0.00136676
-0.00137031
-0.00137386
-0.00137741
-0.00138096
-0.0013845
-0.00138804
-0.00139159
-0.00139468
-0.00139692
-0.00129051
-0.00129335
-0.00129707
-0.00137745
-0.001381
-0.00138455
-0.00138809
-0.00139163
-0.00139474
-0.00139785
-0.0014014
-0.00140494
-0.00140849
-0.00141204
-0.0014156
-0.00141869
-0.00150339
-0.00150651
-0.00151008
-0.00151364
-0.00151721
-0.00152076
-0.00152388
-0.00152567
-0.00128096
-0.00128323
-0.00128641
-0.00128964
-0.00129294
-0.00139162
-0.00139473
-0.00139782
-0.00140137
-0.00140492
-0.00140847
-0.00141201
-0.00141555
-0.0014191
-0.00142266
-0.0014262
-0.00142974
-0.00143242
-0.00149571
-0.00149928
-0.00150285
-0.00150641
-0.00150997
-0.00151354
-0.0015171
-0.00152066
-0.00152422
-0.00152779
-0.0015309
-0.00153402
-0.00153625
-0.0012804
-0.00128313
-0.0012868
-0.00129007
-0.00129285
-0.0013982
-0.0014013
-0.00140484
-0.00140841
-0.00141194
-0.00141548
-0.00141903
-0.00142259
-0.00142613
-0.00142969
-0.00143324
-0.00143679
-0.00144035
-0.00144258
-0.00148713
-0.00148937
-0.00149249
-0.00149562
-0.00149919
-0.00150275
-0.00150632
-0.00150988
-0.00151344
-0.001517
-0.00152056
-0.00152412
-0.00152768
-0.00153124
-0.00153436
-0.00153748
-0.00127677
-0.00127947
-0.00128313
-0.00128637
-0.00128964
-0.00129195
-0.00139859
-0.0014017
-0.0014048
-0.00140834
-0.0014119
-0.00141544
-0.00141898
-0.00142254
-0.00142609
-0.00142965
-0.0014332
-0.00143675
-0.00144031
-0.00144387
-0.00144697
-0.00147877
-0.00148219
-0.00148576
-0.00148934
-0.00149246
-0.00149558
-0.00149915
-0.00150271
-0.00150628
-0.00150984
-0.0015134
-0.00151696
-0.00152051
-0.00152407
-0.00152763
-0.00153119
-0.00153476
-0.00153698
-0.00127631
-0.00127954
-0.00128325
-0.00128646
-0.00128833
-0.00139633
-0.00139856
-0.00140211
-0.00140521
-0.00140832
-0.00141187
-0.00141541
-0.00141896
-0.00142252
-0.00142606
-0.00142961
-0.00143317
-0.00143674
-0.00144028
-0.00144384
-0.00144741
-0.00145097
-0.00145408
-0.0014572
-0.00146076
-0.00146433
-0.00146789
-0.00147147
-0.00147504
-0.00147862
-0.00148219
-0.00148576
-0.00148933
-0.00149244
-0.00149557
-0.00149914
-0.0015027
-0.00150625
-0.00152181
-0.00152404
-0.00152759
-0.00153116
-0.00153383
-0.00127627
-0.00127951
-0.00128321
-0.00128646
-0.0013954
-0.00139851
-0.00140205
-0.00140563
-0.00140871
-0.00141182
-0.00141537
-0.00141891
-0.00142248
-0.00142601
-0.00142957
-0.00143312
-0.00143669
-0.00144025
-0.00144381
-0.00144736
-0.00145092
-0.00145403
-0.00145805
-0.00146073
-0.0014643
-0.00146787
-0.00147145
-0.00147502
-0.00147859
-0.00148216
-0.00148573
-0.00148931
-0.00149287
-0.001496
-0.00149822
-0.00152446
-0.00152756
-0.00153113
-0.00127708
-0.00127942
-0.0012831
-0.001402
-0.00140556
-0.0014091
-0.00141223
-0.0014153
-0.00141885
-0.00142242
-0.00142597
-0.00142953
-0.00143307
-0.00143664
-0.0014402
-0.00144377
-0.00144731
-0.00145089
-0.00145446
-0.00145757
-0.00146069
-0.00146427
-0.00146784
-0.00147141
-0.00147498
-0.00147856
-0.00148213
-0.0014857
-0.00148928
-0.00149283
-0.00149596
-0.00149907
-0.00151818
-0.00152042
-0.00152397
-0.00152754
-0.00152976
-0.00128679
-0.00128999
-0.00129183
-0.00139536
-0.00139846
-0.00140201
-0.00150131
-0.00151464
-0.00151553
-0.00128287
-0.00128656
-0.00129018
-0.00129341
-0.00129621
-0.00139219
-0.00139484
-0.0013984
-0.00140196
-0.0014055
-0.00140904
-0.00141216
-0.00141526
-0.00141882
-0.00142238
-0.00142592
-0.00142948
-0.00143305
-0.0014366
-0.00144016
-0.00144372
-0.00144728
-0.00145085
-0.00145441
-0.00145799
-0.0014611
-0.00146423
-0.0014678
-0.00147138
-0.00147495
-0.00147852
-0.00148209
-0.00148565
-0.00148922
-0.00149279
-0.00149636
-0.00149946
-0.00150259
-0.00150615
-0.0015097
-0.00151326
-0.00151682
-0.00152037
-0.00152393
-0.00152749
-0.00153106
-0.00128054
-0.00128281
-0.00128653
-0.00129024
-0.00129344
-0.00129573
-0.0013819
-0.00138411
-0.00138766
-0.00139121
-0.00139476
-0.00139832
-0.00140185
-0.00140541
-0.00140896
-0.00141252
-0.00141606
-0.00141918
-0.00142229
-0.00142585
-0.00142942
-0.00143297
-0.00143655
-0.00144009
-0.00144366
-0.00144723
-0.00145035
-0.00145481
-0.00145837
-0.00146105
-0.00146417
-0.00146775
-0.00147133
-0.0014749
-0.00147846
-0.00148203
-0.0014856
-0.00148917
-0.00149274
-0.0014963
-0.00149987
-0.00150298
-0.00150609
-0.00150965
-0.00151321
-0.00151677
-0.00152032
-0.00152389
-0.00152745
-0.00153057
-0.00142978
-0.0014329
-0.00143557
-0.00144405
-0.00144717
-0.0014494
-0.00145519
-0.00145788
-0.00146145
-0.00146369
-0.00152695
-0.00127922
-0.00128296
-0.00128659
-0.00129029
-0.00129256
-0.00137068
-0.00137378
-0.00137689
-0.00138044
-0.00138399
-0.00138754
-0.00139108
-0.00139464
-0.00139819
-0.00140174
-0.0014053
-0.00140886
-0.00141242
-0.00141598
-0.00141953
-0.00142265
-0.00142579
-0.00142801
-0.00144719
-0.00146502
-0.00146771
-0.00147127
-0.00147485
-0.00147842
-0.00148199
-0.00148555
-0.00148913
-0.00149269
-0.00149626
-0.00149982
-0.00150337
-0.00150649
-0.0015096
-0.00151316
-0.00151671
-0.00152028
-0.00152383
-0.00127417
-0.00127605
-0.00127934
-0.00128304
-0.0012858
-0.00136082
-0.00136349
-0.00136703
-0.00137058
-0.00137413
-0.00137724
-0.00138034
-0.0013839
-0.00138743
-0.00139099
-0.00139454
-0.00139809
-0.00140167
-0.00140522
-0.00140878
-0.00141235
-0.0014159
-0.00141947
-0.00142302
-0.00142615
-0.00142928
-0.001433
-0.00143641
-0.00143999
-0.00144355
-0.00144712
-0.00145069
-0.00145427
-0.00145785
-0.00146141
-0.00146454
-0.00146767
-0.00147124
-0.00147482
-0.00147838
-0.00148194
-0.00148551
-0.00148908
-0.00149265
-0.00149621
-0.00149977
-0.00150289
-0.00150645
-0.00151
-0.00151311
-0.00151667
-0.00152022
-0.00152378
-0.00152734
-0.00127379
-0.00127616
-0.00127944
-0.00135362
-0.00135629
-0.00135983
-0.00136337
-0.00136695
-0.00137048
-0.00137402
-0.00137758
-0.00138112
-0.00138468
-0.00138778
-0.0013909
-0.00139445
-0.00139801
-0.00140159
-0.00140516
-0.0014087
-0.00141226
-0.00141449
-0.00141941
-0.00142163
-0.00143769
-0.00143904
-0.00144349
-0.00144796
-0.00145152
-0.0014542
-0.00145777
-0.00146134
-0.00146493
-0.00146805
-0.00147119
-0.00147475
-0.00147832
-0.00148188
-0.00148545
-0.00148902
-0.00149258
-0.00149615
-0.00149971
-0.00150327
-0.00150684
-0.00150994
-0.00151305
-0.00151661
-0.00152016
-0.00152372
-0.00152728
-0.0012724
-0.0012757
-0.00127852
-0.00134909
-0.00135263
-0.00135618
-0.00135973
-0.00136327
-0.00136682
-0.00137038
-0.00137392
-0.00137747
-0.00138104
-0.00138456
-0.00138813
-0.00139124
-0.00139436
-0.00139793
-0.0014015
-0.00146261
-0.00146485
-0.00146843
-0.00147155
-0.00147468
-0.00147825
-0.00148181
-0.00148538
-0.00148894
-0.00149251
-0.00149608
-0.00149964
-0.0015032
-0.00150677
-0.00151032
-0.00151343
-0.00151654
-0.00152011
-0.00152367
-0.00152722
-0.00153034
-0.00127275
-0.00127611
-0.00127892
-0.00134236
-0.00134546
-0.001349
-0.00135255
-0.00135609
-0.00135963
-0.00136318
-0.00136673
-0.00137028
-0.00137382
-0.00137737
-0.00138092
-0.00138447
-0.00138758
-0.00139205
-0.00147594
-0.0014795
-0.00148173
-0.0014853
-0.00148887
-0.00149243
-0.001496
-0.00149956
-0.00150312
-0.00150669
-0.00151025
-0.00151381
-0.00151693
-0.00152004
-0.00152361
-0.00152717
-0.00153073
-0.0015343
-0.00153786
-0.00154008
-0.00127315
-0.00127603
-0.00127886
-0.0013396
-0.00134267
-0.00134624
-0.00134977
-0.00135287
-0.00135598
-0.00135952
-0.00136306
-0.00136662
-0.00137017
-0.00137371
-0.00137728
-0.00138083
-0.00138349
-0.00148611
-0.00148967
-0.00149235
-0.00149592
-0.00149949
-0.00150305
-0.00150662
-0.00151018
-0.00151375
-0.00151731
-0.00152042
-0.00152354
-0.0015271
-0.00153067
-0.00153423
-0.00153778
-0.00154136
-0.00154358
-0.00127393
-0.0012763
-0.00127957
-0.00128192
-0.00133192
-0.00133547
-0.001339
-0.00134254
-0.00134609
-0.00134962
-0.00135316
-0.00135671
-0.00135982
-0.00136294
-0.00136649
-0.00137003
-0.00137359
-0.00137671
-0.00148557
-0.00148869
-0.00149226
-0.00149582
-0.0014994
-0.00150297
-0.00150653
-0.00151009
-0.00151366
-0.00151722
-0.00152078
-0.00152389
-0.00152701
-0.00153058
-0.00153413
-0.00153769
-0.00154126
-0.00154437
-0.00127693
-0.00127973
-0.001283
-0.00128623
-0.00131533
-0.00131754
-0.00132108
-0.00132462
-0.00132818
-0.00133172
-0.00133528
-0.00133883
-0.00134237
-0.00134591
-0.00134946
-0.00135301
-0.00135657
-0.00136011
-0.00136367
-0.00136679
-0.00136857
-0.00148548
-0.00148861
-0.00149217
-0.00149574
-0.00149931
-0.00150288
-0.00150643
-0.00151
-0.00151356
-0.00151713
-0.00152069
-0.00152425
-0.00152736
-0.00153048
-0.00153404
-0.0015376
-0.00154117
-0.00154339
-0.00127646
-0.00127972
-0.00128298
-0.0012853
-0.00131256
-0.00131479
-0.00131833
-0.00132143
-0.00132453
-0.00132807
-0.00133161
-0.00133517
-0.00133871
-0.00134226
-0.0013458
-0.00134935
-0.00135289
-0.00135642
-0.00135911
-0.00149296
-0.00149564
-0.0014992
-0.00150277
-0.00150634
-0.00150991
-0.00151347
-0.00151704
-0.00152059
-0.00152415
-0.00152772
-0.00153127
-0.00153439
-0.0015375
-0.00154108
-0.00154374
-0.001276
-0.00127972
-0.00128298
-0.00132182
-0.00132492
-0.00132801
-0.00133157
-0.00133511
-0.00133864
-0.00134218
-0.00134572
-0.00134924
-0.0013528
-0.00135544
-0.00150267
-0.00150623
-0.0015098
-0.00151336
-0.00151693
-0.00152049
-0.00152406
-0.00152761
-0.00153118
-0.00153474
-0.00153786
-0.00154098
-0.0015432
-0.00127353
-0.0012759
-0.00127826
-0.00133279
-0.00133502
-0.00133855
-0.00134209
-0.00134563
-0.00134917
-0.00135269
-0.00135579
-0.0015204
-0.00152397
-0.00152753
-0.00153109
-0.00153422
-0.00128012
-0.00128291
-0.0013231
-0.00132531
-0.00132839
-0.00133104
-0.00127349
-0.00127587
-0.0012796
-0.00128239
-0.00131901
-0.00132168
-0.00132521
-0.00132873
-0.00133227
-0.00133579
-0.00133889
-0.00134198
-0.00134552
-0.00134906
-0.00135261
-0.00135527
-0.00152345
-0.00153103
-0.00153459
-0.00153771
-0.00127574
-0.0012795
-0.00128319
-0.00131227
-0.00131448
-0.001318
-0.00132152
-0.00132506
-0.00132859
-0.00133214
-0.00133568
-0.0013392
-0.00134274
-0.00134584
-0.00134806
-0.00151403
-0.00151686
-0.00152027
-0.00152384
-0.0015274
-0.00153096
-0.00153453
-0.00153809
-0.00154076
-0.00127648
-0.00127929
-0.00128303
-0.00128625
-0.00130815
-0.00131078
-0.00131433
-0.00131788
-0.00132139
-0.00132493
-0.00132848
-0.00133203
-0.00133558
-0.00133911
-0.00134266
-0.00134622
-0.00150684
-0.00150997
-0.00151309
-0.00151665
-0.00152021
-0.00152378
-0.00152734
-0.0015309
-0.00153446
-0.00153802
-0.00154159
-0.00154381
-0.00127374
-0.0012761
-0.00127936
-0.00128265
-0.0013157
-0.00131787
-0.00132138
-0.00132494
-0.00132848
-0.001332
-0.00133554
-0.00133909
-0.00134263
-0.00134618
-0.00134973
-0.00135197
-0.00150678
-0.00151035
-0.00151347
-0.00151658
-0.00152014
-0.00152371
-0.00152727
-0.00153083
-0.00153439
-0.00153795
-0.00154152
-0.00154419
-0.00127286
-0.00127619
-0.00128036
-0.00131919
-0.00132142
-0.00132494
-0.00132847
-0.00133199
-0.00133553
-0.00133907
-0.0013426
-0.00134613
-0.00134968
-0.00135278
-0.00151696
-0.00152008
-0.00152363
-0.0015272
-0.00153076
-0.00153433
-0.00153788
-0.00154145
-0.0012728
-0.00127616
-0.00127851
-0.00132496
-0.00132847
-0.00133199
-0.00133552
-0.00133905
-0.0013426
-0.00134612
-0.00134965
-0.00135319
-0.00152361
-0.00152717
-0.00153073
-0.0015343
-0.00153742
-0.00127
-0.00127238
-0.00127573
-0.00127807
-0.00132537
-0.00132844
-0.00133198
-0.00133548
-0.00133903
-0.00134257
-0.00134608
-0.00134962
-0.00135274
-0.00151158
-0.00151379
-0.00151692
-0.00152003
-0.0015236
-0.00152716
-0.00153072
-0.00153429
-0.00153784
-0.00154142
-0.00154498
-0.00127279
-0.00127613
-0.00127847
-0.00132133
-0.00132485
-0.00132839
-0.00133192
-0.00133546
-0.00133899
-0.00134253
-0.00134607
-0.00134962
-0.00135316
-0.00150308
-0.00150665
-0.00151022
-0.00151379
-0.0015169
-0.00152002
-0.00152359
-0.00152714
-0.00153071
-0.00153427
-0.00153783
-0.0015414
-0.00154497
-0.00127313
-0.00127599
-0.00127925
-0.0013164
-0.0013213
-0.00132481
-0.00132834
-0.00133189
-0.00133542
-0.00133895
-0.00134251
-0.00134605
-0.00134959
-0.00135312
-0.00149951
-0.00150307
-0.00150665
-0.00151021
-0.00151378
-0.00151689
-0.00152001
-0.00152357
-0.00152713
-0.00153069
-0.00153425
-0.00153782
-0.00154138
-0.00154495
-0.00154763
-0.00126995
-0.0012728
-0.00127612
-0.00127801
-0.00132217
-0.00132482
-0.00132834
-0.00133188
-0.0013354
-0.00133896
-0.0013425
-0.00134604
-0.00134957
-0.00135312
-0.00135534
-0.00150083
-0.00150305
-0.00150662
-0.0015102
-0.00151376
-0.00151732
-0.00152044
-0.00152356
-0.00152712
-0.00153067
-0.00153424
-0.0015378
-0.00154136
-0.00154493
-0.00154762
-0.00127038
-0.0012728
-0.00127566
-0.00132881
-0.0013319
-0.00133542
-0.00133896
-0.00134249
-0.00134601
-0.00134955
-0.00135308
-0.00135665
-0.00135885
-0.00150435
-0.00150702
-0.00151014
-0.00151371
-0.00151728
-0.00152039
-0.00152351
-0.00152707
-0.00153064
-0.0015342
-0.00153775
-0.00154132
-0.00154489
-0.00154713
-0.00126979
-0.00127269
-0.00127509
-0.0013296
-0.00133178
-0.00133531
-0.00133884
-0.00134237
-0.0013459
-0.00134942
-0.00135296
-0.00135651
-0.00151046
-0.00151313
-0.00151714
-0.0015207
-0.00152427
-0.00152739
-0.0015305
-0.00153407
-0.00153763
-0.0015412
-0.00154476
-0.00126922
-0.00127261
-0.00127502
-0.0013281
-0.00133162
-0.00133514
-0.00133867
-0.00134221
-0.00134573
-0.00134927
-0.00135282
-0.00135503
-0.00150721
-0.00150989
-0.00151345
-0.00151701
-0.00152058
-0.00152413
-0.0015277
-0.00153127
-0.00153438
-0.0015375
-0.00154106
-0.00154463
-0.00154687
-0.00126994
-0.00127238
-0.00127525
-0.00132219
-0.00132528
-0.00132881
-0.00133189
-0.00133498
-0.0013385
-0.00134205
-0.00134558
-0.00134913
-0.00135266
-0.00149369
-0.00149638
-0.0014995
-0.00150263
-0.00150619
-0.00150976
-0.00151332
-0.00151688
-0.00152044
-0.00152401
-0.00152757
-0.00153112
-0.00153469
-0.00153825
-0.00154137
-0.00154449
-0.00154717
-0.00126942
-0.00134591
-0.00134901
-0.00135256
-0.00135476
-0.00149
-0.00149356
-0.00149624
-0.00149981
-0.00150293
-0.00150606
-0.00150963
-0.0015123
-0.00154255
-0.00154525
-0.00154836
-0.00127227
-0.00127516
-0.0013225
-0.00132515
-0.00132868
-0.00133221
-0.00133573
-0.00133927
-0.00134239
-0.00134416
-0.00151409
-0.00151675
-0.00152031
-0.00152387
-0.00152743
-0.001531
-0.00153455
-0.00153811
-0.00154078
-0.00126942
-0.00127185
-0.00132955
-0.00133219
-0.0013357
-0.00133924
-0.00134278
-0.00134587
-0.00134897
-0.0013525
-0.00135606
-0.00135871
-0.00148676
-0.00148915
-0.00149257
-0.00149614
-0.00149971
-0.00150327
-0.00150684
-0.00150997
-0.00151308
-0.00151664
-0.0015202
-0.00152376
-0.00152732
-0.00153088
-0.00153443
-0.00153799
-0.00154155
-0.00154512
-0.00154869
-0.00155093
-0.00126889
-0.00127183
-0.00133707
-0.00133928
-0.00134237
-0.00134546
-0.00134899
-0.00135252
-0.00135606
-0.0013596
-0.00136314
-0.00136669
-0.00136935
-0.00148938
-0.00149251
-0.00149608
-0.00149965
-0.00150321
-0.00150678
-0.00151034
-0.00151345
-0.00151657
-0.00152013
-0.0015237
-0.00152725
-0.00153082
-0.00153437
-0.00153793
-0.00154148
-0.00154506
-0.00154863
-0.00155086
-0.00126656
-0.001269
-0.00127093
-0.00134012
-0.00134277
-0.00134587
-0.00134894
-0.00135247
-0.001356
-0.00135955
-0.00136308
-0.00136663
-0.00136929
-0.00148663
-0.00148888
-0.00149244
-0.00149602
-0.00149959
-0.00150315
-0.00150671
-0.00151028
-0.00151384
-0.00151696
-0.00152008
-0.00152363
-0.00152719
-0.00153075
-0.0015343
-0.00153786
-0.00154142
-0.00154499
-0.00154856
-0.00155124
-0.0012665
-0.00126895
-0.00127088
-0.00133962
-0.00134271
-0.00134623
-0.00134932
-0.00135242
-0.00135594
-0.00135947
-0.00136301
-0.00136656
-0.00136967
-0.00148213
-0.00148525
-0.00148882
-0.00149239
-0.00149596
-0.00149952
-0.00150308
-0.00150666
-0.00151021
-0.00151378
-0.00151689
-0.00152001
-0.00152356
-0.00152668
-0.00154267
-0.00154492
-0.00154849
-0.00155206
-0.0015543
-0.00126636
-0.00126929
-0.00127172
-0.00134045
-0.00134267
-0.0013462
-0.00134974
-0.00135325
-0.00135634
-0.00135946
-0.00136299
-0.00136654
-0.0013701
-0.00137366
-0.00137631
-0.00146601
-0.00146824
-0.00147182
-0.00147539
-0.00147851
-0.00148163
-0.00148519
-0.00148877
-0.00149234
-0.00149591
-0.00149947
-0.00150303
-0.0015066
-0.00150883
-0.00154841
-0.00155199
-0.00155422
-0.00126641
-0.00126843
-0.00134618
-0.00134971
-0.00135325
-0.00135633
-0.00135943
-0.00136298
-0.00136652
-0.00137008
-0.00137361
-0.00137716
-0.00138071
-0.00138383
-0.0014588
-0.00146192
-0.00146461
-0.00146817
-0.00147176
-0.00147532
-0.00147889
-0.00148202
-0.00148514
-0.00148871
-0.00149228
-0.00149586
-0.00149941
-0.00150253
-0.00154968
-0.0015519
-0.00155549
-0.00126594
-0.0012679
-0.00135321
-0.00135631
-0.0013594
-0.00136295
-0.00136649
-0.00137004
-0.00137357
-0.00137713
-0.00138067
-0.00138424
-0.00138778
-0.00139134
-0.00145381
-0.0014587
-0.00146095
-0.00146453
-0.0014681
-0.00147167
-0.00147524
-0.0014788
-0.00148237
-0.0014855
-0.00148862
-0.00149219
-0.00149575
-0.00149931
-0.00150288
-0.00155268
-0.00155538
-0.00126606
-0.00135759
-0.00135981
-0.00136291
-0.00136645
-0.00136998
-0.00137351
-0.00137708
-0.00138063
-0.00138417
-0.00138773
-0.00139128
-0.00139484
-0.0013984
-0.00140197
-0.00140464
-0.00145772
-0.00146086
-0.00146443
-0.001468
-0.00147157
-0.00147515
-0.00147872
-0.00148229
-0.00148585
-0.00148898
-0.00149209
-0.00149565
-0.00149922
-0.00150234
-0.0015517
-0.00155528
-0.00126553
-0.00136017
-0.00136372
-0.00136681
-0.00136992
-0.00137345
-0.00137699
-0.00138054
-0.0013841
-0.00138764
-0.00139121
-0.00139475
-0.00139832
-0.00140188
-0.00140545
-0.00140811
-0.00145139
-0.00145494
-0.00145718
-0.00146075
-0.00146433
-0.0014679
-0.00147148
-0.00147505
-0.00147862
-0.0014822
-0.00148575
-0.00148932
-0.00149288
-0.00149601
-0.00149912
-0.00150178
-0.00155561
-0.00155831
-0.00126495
-0.00136098
-0.00136365
-0.00136719
-0.00137029
-0.00137337
-0.00137694
-0.00138048
-0.00138402
-0.00138759
-0.00139113
-0.00139469
-0.00139824
-0.00140179
-0.00140536
-0.00140891
-0.00141159
-0.00141871
-0.00144148
-0.00144283
-0.00144727
-0.00145084
-0.00145442
-0.00145754
-0.00146067
-0.00146424
-0.00146781
-0.00147138
-0.00147496
-0.00147853
-0.0014821
-0.00148567
-0.00148923
-0.00149235
-0.00155594
-0.00155865
-0.00136446
-0.00136712
-0.00137066
-0.00137376
-0.00137686
-0.0013804
-0.00138396
-0.0013875
-0.00139105
-0.0013946
-0.00139816
-0.00140171
-0.00140526
-0.00140883
-0.00141239
-0.00141595
-0.00141953
-0.00142264
-0.00142531
-0.00143692
-0.00144003
-0.00144361
-0.00144718
-0.00145076
-0.00145433
-0.0014579
-0.00146103
-0.00146416
-0.00146773
-0.0014713
-0.00147487
-0.00147844
-0.00148201
-0.00148557
-0.00155628
-0.00155853
-0.0015608
-0.00126476
-0.00137061
-0.00137416
-0.00137726
-0.00138034
-0.00138389
-0.00138743
-0.00139099
-0.00139454
-0.00139809
-0.00140164
-0.0014052
-0.00140874
-0.00141232
-0.00141588
-0.00141943
-0.00142167
-0.00144709
-0.00145068
-0.00145425
-0.00145781
-0.00146139
-0.00146452
-0.00146764
-0.00147122
-0.00147478
-0.00147835
-0.00148192
-0.00148461
-0.00148816
-0.00155844
-0.00156069
-0.00137727
-0.00138037
-0.0013839
-0.00138744
-0.00139099
-0.00139453
-0.00139807
-0.00140164
-0.00140518
-0.00140874
-0.00141229
-0.00141584
-0.00141942
-0.00142297
-0.00145063
-0.00145419
-0.00145777
-0.00146135
-0.00146492
-0.00146805
-0.00147117
-0.00147475
-0.00147832
-0.00148189
-0.00148546
-0.00148903
-0.00155661
-0.00155888
-0.00156069
-0.00138124
-0.00138389
-0.00138744
-0.00139098
-0.00139452
-0.00139807
-0.00140163
-0.00140517
-0.00140871
-0.00141227
-0.00141581
-0.00141893
-0.00145772
-0.0014613
-0.00146487
-0.00146844
-0.00147157
-0.0014747
-0.00147827
-0.00148184
-0.00148541
-0.00148898
-0.00149255
-0.00155882
-0.00156108
-0.00138076
-0.00138386
-0.00138739
-0.00139092
-0.00139448
-0.00139801
-0.00140156
-0.00140511
-0.00140865
-0.0014122
-0.00141531
-0.00146839
-0.00147151
-0.00147465
-0.00147821
-0.00148179
-0.00148537
-0.00148893
-0.0014925
-0.00149562
-0.00155923
-0.00156103
-0.00126207
-0.00137493
-0.00137757
-0.00138111
-0.00138466
-0.00138775
-0.00139085
-0.0013944
-0.00139794
-0.00140148
-0.00140503
-0.00140872
-0.00141081
-0.00146968
-0.00147192
-0.00147504
-0.00147817
-0.00148175
-0.00148532
-0.00148889
-0.00149246
-0.0015592
-0.00156147
-0.00126306
-0.00126505
-0.00136776
-0.00137042
-0.00137393
-0.00137749
-0.00138104
-0.00138457
-0.00138812
-0.00139122
-0.00139432
-0.00139786
-0.00140096
-0.00147677
-0.00147857
-0.00148171
-0.00148528
-0.00148886
-0.00149243
-0.00149512
-0.00155692
-0.00155917
-0.00156188
-0.00126588
-0.00135971
-0.00136325
-0.00136678
-0.00137033
-0.00137385
-0.00137741
-0.00138096
-0.00138451
-0.00138803
-0.00139067
-0.00148526
-0.00148883
-0.00149242
-0.00149599
-0.00149912
-0.00155605
-0.00155875
-0.00156056
-0.00126942
-0.00127086
-0.00134989
-0.00135253
-0.00135606
-0.00135963
-0.0013632
-0.00136671
-0.00137024
-0.00137378
-0.00137729
-0.00138083
-0.00149327
-0.00149596
-0.00149953
-0.00150311
-0.00150666
-0.00150891
-0.00154938
-0.00155206
-0.0015552
-0.00126998
-0.00127281
-0.00127612
-0.00127845
-0.0013298
-0.00133199
-0.00133555
-0.00133908
-0.00134262
-0.00134615
-0.00134969
-0.00135323
-0.00135635
-0.00135943
-0.00136253
-0.00150709
-0.00151021
-0.00151378
-0.0015169
-0.00152001
-0.00152357
-0.00152713
-0.0015307
-0.00153426
-0.00153782
-0.00154138
-0.00154495
-0.00154807
-0.00127399
-0.00127626
-0.00127949
-0.00128269
-0.00128632
-0.00128993
-0.00129352
-0.00129708
-0.00130066
-0.00130421
-0.00130775
-0.00131131
-0.00131481
-0.00131791
-0.00132102
-0.00132456
-0.0013281
-0.00133077
-0.00131198
-0.00131422
-0.00131779
-0.00132136
-0.00132494
-0.00132852
-0.0013321
-0.00133566
-0.00133921
-0.00134232
-0.00130035
-0.00130357
-0.00130716
-0.00131079
-0.00131438
-0.00131796
-0.00132154
-0.0013251
-0.00132867
-0.00133223
-0.00133578
-0.00133888
-0.00134199
-0.00134553
-0.00134907
-0.00135262
-0.00135616
-0.00135971
-0.00136325
-0.00136682
-0.00137036
-0.00137391
-0.00129485
-0.00129717
-0.0013004
-0.00130361
-0.00130724
-0.00131041
-0.0013358
-0.00133846
-0.001342
-0.00134554
-0.0013491
-0.00135264
-0.00135617
-0.00135972
-0.00136326
-0.00136679
-0.00137035
-0.0013739
-0.00137745
-0.00138099
-0.00138453
-0.00138807
-0.00129474
-0.00129711
-0.00130082
-0.00130405
-0.00130586
-0.00134905
-0.00135259
-0.00135614
-0.00135967
-0.00136322
-0.00136676
-0.0013703
-0.00137384
-0.00137739
-0.00138092
-0.00138446
-0.00138802
-0.00139155
-0.0013951
-0.00129379
-0.00129697
-0.00130072
-0.00130397
-0.00130581
-0.00134989
-0.00135255
-0.00135609
-0.00135963
-0.00136316
-0.00136672
-0.00137025
-0.0013738
-0.00137734
-0.00138088
-0.00138441
-0.00138796
-0.00139151
-0.00139504
-0.00129017
-0.00129342
-0.00129707
-0.0013007
-0.00130433
-0.00130751
-0.00134896
-0.00135251
-0.00135607
-0.00135959
-0.00136313
-0.00136668
-0.00137021
-0.00137376
-0.0013773
-0.00138084
-0.00138438
-0.00138792
-0.00139147
-0.00139456
-0.00150626
-0.00150982
-0.00151338
-0.00151694
-0.00152004
-0.00128973
-0.00129337
-0.00129703
-0.0013007
-0.00130431
-0.00130746
-0.00131061
-0.00131284
-0.0013476
-0.00134937
-0.00135247
-0.00135601
-0.00135954
-0.00136308
-0.00136664
-0.00137017
-0.00137371
-0.00137725
-0.00138078
-0.00138433
-0.00138786
-0.00139141
-0.00139362
-0.00149999
-0.00150268
-0.00150623
-0.0015098
-0.00151335
-0.0015169
-0.00152045
-0.00152266
-0.00129371
-0.00129695
-0.00130057
-0.00130421
-0.00130741
-0.00130968
-0.00134977
-0.00135243
-0.00135595
-0.00135949
-0.00136304
-0.00136658
-0.00137012
-0.00137367
-0.00137718
-0.00138073
-0.00138428
-0.00138781
-0.00139137
-0.00139359
-0.00150308
-0.00150619
-0.00150975
-0.00151286
-0.00151686
-0.00129809
-0.00130045
-0.00130416
-0.00130784
-0.00134972
-0.00135281
-0.00135591
-0.00135944
-0.00136297
-0.00136651
-0.00137005
-0.00137358
-0.00137713
-0.00138067
-0.0013842
-0.00138776
-0.00139043
-0.00129763
-0.00130042
-0.00130412
-0.00130733
-0.00133543
-0.00133897
-0.00134251
-0.00134606
-0.00134961
-0.00135313
-0.00135668
-0.0013602
-0.0013633
-0.00136639
-0.00136994
-0.00137349
-0.00137703
-0.00138013
-0.00129395
-0.00129669
-0.00130034
-0.00130402
-0.00130767
-0.00131127
-0.00131485
-0.00131797
-0.00132109
-0.00132465
-0.00132819
-0.00133174
-0.00133527
-0.00133881
-0.00134234
-0.00134588
-0.00134941
-0.00135296
-0.00135651
-0.00136005
-0.00136359
-0.00136715
-0.00128766
-0.00128996
-0.00129316
-0.00129679
-0.00130039
-0.001304
-0.00130753
-0.00131111
-0.0013147
-0.00131826
-0.00132179
-0.00132489
-0.00132802
-0.00133156
-0.00133511
-0.00133864
-0.00134218
-0.00134574
-0.00134927
-0.00135283
-0.0013564
-0.00135906
-0.00150377
-0.00150822
-0.0012832
-0.0012868
-0.00129004
-0.00129322
-0.00129682
-0.00130039
-0.00130394
-0.00130747
-0.00131102
-0.00131459
-0.00131814
-0.00132172
-0.00132524
-0.0013288
-0.0013319
-0.00133499
-0.00133854
-0.00134208
-0.00134562
-0.00134919
-0.00135184
-0.00128039
-0.00128314
-0.00128684
-0.00129001
-0.00129317
-0.00129675
-0.00130031
-0.00130385
-0.00130742
-0.00131097
-0.00131453
-0.0013181
-0.00132165
-0.00132519
-0.00132873
-0.00133227
-0.00133537
-0.00133846
-0.00134201
-0.00134555
-0.00128076
-0.00128309
-0.00128675
-0.00129038
-0.00129353
-0.00129668
-0.00130028
-0.00130386
-0.00130742
-0.00131099
-0.00131452
-0.00131805
-0.0013216
-0.00132513
-0.00132865
-0.00133219
-0.00133573
-0.00133927
-0.00128069
-0.00128299
-0.00128667
-0.00129031
-0.00129347
-0.00129665
-0.00130021
-0.00130377
-0.00130734
-0.0013109
-0.00131444
-0.00131797
-0.0013215
-0.00132503
-0.00132856
-0.00133209
-0.00133561
-0.00133783
-0.00128375
-0.00128649
-0.00129014
-0.00129375
-0.00129736
-0.00130049
-0.00130362
-0.00130718
-0.00131071
-0.00131424
-0.0013178
-0.00132131
-0.00132486
-0.00132838
-0.00128993
-0.00129354
-0.00129713
-0.00130071
-0.00130429
-0.0013078
-0.00131094
-0.00131359
-0.00128714
-0.00128985
-0.00129345
-0.00129707
-0.00130061
-0.00130414
-0.00130768
-0.00131079
-0.00128619
-0.00128981
-0.0012934
-0.00129699
-0.00130053
-0.00130411
-0.00130767
-0.00131118
-0.00131473
-0.00131829
-0.00128474
-0.00128659
-0.00128973
-0.00129337
-0.00129694
-0.00130051
-0.00130407
-0.00130763
-0.00131117
-0.0013147
-0.00131823
-0.00132135
-0.00128424
-0.00128653
-0.0012897
-0.0012933
-0.0012969
-0.00130046
-0.00130402
-0.00130756
-0.00131108
-0.00131461
-0.00131726
-0.00128686
-0.00129003
-0.00129319
-0.00129677
-0.00130034
-0.00130387
-0.00130741
-0.0013105
-0.00128811
-0.00128993
-0.00129311
-0.00129669
-0.00130024
-0.00130375
-0.0013064
-0.00128448
-0.00128679
-0.00128997
-0.00129312
-0.00129666
-0.0013002
-0.00130371
-0.00130727
-0.00131084
-0.00131394
-0.00127863
-0.00128314
-0.00128679
-0.00128996
-0.00129309
-0.00129664
-0.0013002
-0.00130375
-0.00130729
-0.00131083
-0.00131436
-0.00131745
-0.00128037
-0.00128312
-0.00128679
-0.00128996
-0.00129312
-0.0012967
-0.00130026
-0.00130379
-0.00130734
-0.00131088
-0.00131439
-0.00131791
-0.00132143
-0.00127992
-0.00128318
-0.00128682
-0.00129
-0.00129312
-0.00129672
-0.00130027
-0.00130381
-0.00130734
-0.00131085
-0.00131437
-0.0013179
-0.0013214
-0.00132362
-0.00128033
-0.00128311
-0.00128678
-0.00128995
-0.00129308
-0.00129665
-0.00130021
-0.00130375
-0.00130726
-0.00131077
-0.00131428
-0.0013178
-0.00128301
-0.00128668
-0.00129034
-0.00129348
-0.0012966
-0.00130015
-0.00130365
-0.00130714
-0.00131065
-0.00131421
-0.00131822
-0.00127986
-0.00128308
-0.00128677
-0.00129036
-0.00129348
-0.00129661
-0.00130012
-0.00130363
-0.00130717
-0.00131069
-0.00131423
-0.0013178
-0.00132043
-0.0012771
-0.00127941
-0.00128311
-0.00128674
-0.00129033
-0.00129391
-0.00129703
-0.00130014
-0.00130368
-0.00130723
-0.00131075
-0.00131427
-0.0013178
-0.00132134
-0.00132485
-0.00132705
-0.00127652
-0.00127933
-0.001283
-0.00128665
-0.00129026
-0.00129385
-0.00129696
-0.00130008
-0.00130362
-0.00130714
-0.00131067
-0.00131419
-0.00131771
-0.00132121
-0.00132474
-0.00132783
-0.00127641
-0.0012792
-0.00128289
-0.00128654
-0.00129016
-0.00129373
-0.0012973
-0.00130085
-0.00130436
-0.00130744
-0.00131052
-0.00131403
-0.00131754
-0.00132107
-0.0013246
-0.00127715
-0.00127946
-0.00128273
-0.00128636
-0.00129
-0.00129358
-0.00129714
-0.00130066
-0.00130417
-0.00130769
-0.00131119
-0.00131471
-0.00131825
-0.00132044
-0.00127704
-0.00127978
-0.00128304
-0.00128625
-0.00128987
-0.00129346
-0.001297
-0.00130049
-0.00130396
-0.0013075
-0.00131103
-0.00131455
-0.00131809
-0.00132074
-0.00127378
-0.00127611
-0.00127984
-0.00128304
-0.00128623
-0.00128895
-0.00129384
-0.00129694
-0.00130044
-0.00130396
-0.00130749
-0.00131103
-0.00131455
-0.00131808
-0.00132161
-0.00132514
-0.0013278
-0.00127376
-0.00127614
-0.00127987
-0.00128308
-0.00130759
-0.00131111
-0.00131464
-0.00131815
-0.00132168
-0.00132519
-0.0013287
-0.00133223
-0.00133531
-0.00127286
-0.00127616
-0.00127988
-0.00131197
-0.00131461
-0.00131813
-0.00132163
-0.00132515
-0.00132867
-0.00133219
-0.00133571
-0.00133837
-0.00127283
-0.00127616
-0.00127851
-0.00131147
-0.00131454
-0.00131806
-0.00132158
-0.00132508
-0.0013286
-0.00133212
-0.00133565
-0.00133784
-0.00152845
-0.00153067
-0.00153424
-0.00153779
-0.0015409
-0.0012732
-0.00127609
-0.00127887
-0.00130874
-0.00131093
-0.00131446
-0.00131797
-0.00132149
-0.00132502
-0.00132855
-0.00133206
-0.00133561
-0.00133871
-0.0015106
-0.00151372
-0.00151728
-0.00152083
-0.00152394
-0.00152705
-0.00153061
-0.00153416
-0.00153773
-0.00154127
-0.00154483
-0.0012699
-0.00127228
-0.00127516
-0.00131487
-0.00131796
-0.00132149
-0.00132502
-0.00132855
-0.00133206
-0.00133559
-0.00133911
-0.00134265
-0.00150431
-0.00150654
-0.0015101
-0.00151365
-0.00151721
-0.00152076
-0.00152387
-0.00152699
-0.00153054
-0.00153408
-0.00153765
-0.0015412
-0.00154475
-0.00154788
-0.00127704
-0.00131225
-0.00131312
-0.00126945
-0.00127232
-0.00127473
-0.0013193
-0.0013215
-0.00132502
-0.00132856
-0.00133206
-0.0013356
-0.00133911
-0.00134264
-0.00134617
-0.00134969
-0.00150644
-0.00151
-0.00151356
-0.00151712
-0.00152067
-0.00152422
-0.00152777
-0.00153089
-0.00153399
-0.00153754
-0.0015411
-0.00154465
-0.00154822
-0.00155091
-0.00126897
-0.00127233
-0.00132898
-0.00133206
-0.00133557
-0.0013391
-0.00134262
-0.00134613
-0.00134967
-0.00135319
-0.00135585
-0.00150412
-0.00150634
-0.0015099
-0.00151346
-0.00151701
-0.00152057
-0.00152412
-0.00152767
-0.00153123
-0.00153478
-0.00153789
-0.00154101
-0.00154455
-0.00154812
-0.00126697
-0.00126898
-0.00127142
-0.00133201
-0.00133553
-0.00133904
-0.00134256
-0.00134608
-0.00134959
-0.00135312
-0.00135665
-0.00150357
-0.00150625
-0.0015098
-0.00151336
-0.00151692
-0.00152047
-0.00152402
-0.00152757
-0.00153113
-0.00153468
-0.00153822
-0.00154134
-0.00154444
-0.00154801
-0.00155157
-0.00155383
-0.00135965
-0.00149414
-0.00149636
-0.00149948
-0.00150125
-0.00155236
-0.00155415
-0.00126644
-0.0012689
-0.00127087
-0.00133236
-0.00133543
-0.00133895
-0.00134247
-0.00134601
-0.00134952
-0.00135306
-0.00135658
-0.00135879
-0.00150304
-0.00150616
-0.00150971
-0.00151326
-0.00151683
-0.00152037
-0.00152393
-0.00152748
-0.00153014
-0.00154522
-0.00154835
-0.00155056
-0.00126643
-0.00126931
-0.00133182
-0.00133533
-0.00133885
-0.00134237
-0.0013459
-0.00134942
-0.00135299
-0.00135649
-0.00136007
-0.00136269
-0.00148914
-0.00149271
-0.00149627
-0.00149983
-0.00150295
-0.00150606
-0.00150962
-0.00151318
-0.00151673
-0.00151895
-0.00154556
-0.00154869
-0.00155181
-0.00155449
-0.00126634
-0.00126877
-0.00133619
-0.00133882
-0.00134234
-0.00134589
-0.00134941
-0.00135292
-0.00135647
-0.00135999
-0.00136354
-0.00136708
-0.00148639
-0.00148995
-0.00149262
-0.00149619
-0.00149975
-0.00150331
-0.00150642
-0.00150954
-0.00151309
-0.00151664
-0.00154904
-0.00155216
-0.00155529
-0.00126607
-0.00126837
-0.00134283
-0.0013459
-0.00134945
-0.00135297
-0.00135651
-0.00136003
-0.00136356
-0.00136711
-0.00137064
-0.00137417
-0.00149259
-0.00149615
-0.00149972
-0.00150328
-0.00150683
-0.00150995
-0.00151307
-0.00151662
-0.00154945
-0.00155213
-0.00155481
-0.00126839
-0.00135038
-0.001353
-0.00135652
-0.00136006
-0.00136358
-0.00136711
-0.00137064
-0.00137418
-0.00137727
-0.00137948
-0.00149611
-0.00149967
-0.00150324
-0.0015068
-0.00151035
-0.00151346
-0.00151658
-0.00152013
-0.00152279
-0.00154986
-0.00155209
-0.00155567
-0.00126592
-0.00134677
-0.00134943
-0.00135293
-0.00135646
-0.00136001
-0.00136353
-0.00136706
-0.0013706
-0.00137414
-0.00137767
-0.0014974
-0.00149964
-0.0015032
-0.00150676
-0.00151033
-0.00151344
-0.00151654
-0.0015201
-0.00152364
-0.00154983
-0.00155205
-0.00155563
-0.00155789
-0.00126684
-0.00126827
-0.00134271
-0.00134578
-0.00134931
-0.00135283
-0.00135636
-0.00135989
-0.00136343
-0.00136697
-0.0013705
-0.00137315
-0.00149604
-0.00149961
-0.00150317
-0.00150673
-0.00151029
-0.00151384
-0.00151695
-0.00151961
-0.00154935
-0.00155203
-0.0015556
-0.00126661
-0.00126902
-0.00127137
-0.00133509
-0.00133863
-0.00134215
-0.00134568
-0.00134921
-0.00135273
-0.00135627
-0.0013598
-0.00136334
-0.00136599
-0.00149689
-0.00149958
-0.00150314
-0.0015067
-0.00151026
-0.00151381
-0.00151692
-0.00151869
-0.00154532
-0.00154845
-0.00155201
-0.00155514
-0.00126884
-0.00127264
-0.00132308
-0.00132528
-0.00132838
-0.00133147
-0.00133499
-0.00133852
-0.00134204
-0.00134557
-0.00134909
-0.00135263
-0.00135618
-0.0015009
-0.00150313
-0.00150669
-0.00151025
-0.00151381
-0.00151692
-0.00152002
-0.00152358
-0.00152713
-0.00153068
-0.00153424
-0.00153822
-0.00154134
-0.00154489
-0.00154845
-0.00155202
-0.00155427
-0.00127281
-0.00133222
-0.00133576
-0.00133928
-0.0013424
-0.00134551
-0.00134815
-0.00151068
-0.0015138
-0.00151691
-0.00152002
-0.00152358
-0.00152713
-0.00153069
-0.00153424
-0.0015378
-0.00154136
-0.00154491
-0.00154759
-0.00127612
-0.00127983
-0.00130035
-0.0013039
-0.00130657
-0.00131459
-0.0013181
-0.00132165
-0.00132518
-0.0013287
-0.00128029
-0.00128304
-0.00128669
-0.00129029
-0.00129386
-0.001297
-0.00130013
-0.00130369
-0.00130724
-0.00131079
-0.00131433
-0.00131785
-0.00132139
-0.00132492
-0.00132803
-0.0013122
-0.00131445
-0.00131803
-0.00132162
-0.00132516
-0.00132871
-0.00133227
-0.00133448
-0.00130769
-0.00131085
-0.00131443
-0.001318
-0.00132157
-0.00132512
-0.00132868
-0.00133224
-0.00133576
-0.00133886
-0.00134197
-0.00134552
-0.00130762
-0.00131079
-0.00131438
-0.00131794
-0.00132152
-0.00132507
-0.00132863
-0.00133217
-0.00133573
-0.00133926
-0.00134237
-0.00134547
-0.00134812
-0.00131069
-0.00131427
-0.00131785
-0.00132141
-0.00132498
-0.00132853
-0.00133209
-0.00133566
-0.00133921
-0.00134276
-0.00134587
-0.00131465
-0.0013178
-0.00132137
-0.00132494
-0.00132852
-0.00133207
-0.00133563
-0.00133917
-0.00134273
-0.00134582
-0.00131149
-0.00131419
-0.00131779
-0.00132138
-0.00132496
-0.00132851
-0.00133206
-0.00133559
-0.00133914
-0.00134269
-0.00134624
-0.00134847
-0.00131103
-0.00131418
-0.00131777
-0.00132135
-0.00132491
-0.00132846
-0.001332
-0.00133556
-0.00133909
-0.00134266
-0.0013462
-0.00130917
-0.00131097
-0.0013141
-0.00131767
-0.00132125
-0.00132481
-0.00132834
-0.00133189
-0.00129076
-0.00129208
-0.00128627
-0.00128987
-0.00129341
-0.00129697
-0.00130054
-0.00130407
-0.0012831
-0.00128628
-0.00128989
-0.00129345
-0.00129702
-0.00130056
-0.00130406
-0.00130758
-0.00131024
-0.00127989
-0.00128263
-0.00128627
-0.00128988
-0.00129345
-0.00129699
-0.00130054
-0.00130402
-0.00130753
-0.00130972
-0.00128074
-0.00128304
-0.0012862
-0.00128982
-0.00129338
-0.00129694
-0.00130044
-0.00130393
-0.00130699
-0.00127982
-0.00128305
-0.00128624
-0.00128987
-0.00129342
-0.00129692
-0.0013004
-0.00130386
-0.00130739
-0.00131048
-0.00127663
-0.00127941
-0.00128266
-0.00128624
-0.00128983
-0.00129334
-0.00129685
-0.00130037
-0.00130389
-0.0013074
-0.00131093
-0.00131447
-0.00131755
-0.00127612
-0.00127983
-0.00128303
-0.00128623
-0.00128977
-0.00129333
-0.00129687
-0.00130042
-0.00130393
-0.00130747
-0.00131098
-0.0013145
-0.00131801
-0.00132152
-0.00132503
-0.00132723
-0.00127329
-0.00127612
-0.00127983
-0.00128303
-0.00128485
-0.0013013
-0.00130395
-0.00130747
-0.00131097
-0.00131446
-0.00131797
-0.00132148
-0.001325
-0.0013285
-0.00127279
-0.0012761
-0.00127982
-0.0013043
-0.00130736
-0.00131086
-0.00131436
-0.00131788
-0.00132138
-0.00132489
-0.0013284
-0.00133059
-0.0015319
-0.00153457
-0.00153812
-0.00154168
-0.00127267
-0.00127598
-0.00127971
-0.00130373
-0.00130723
-0.00131075
-0.00131427
-0.00131777
-0.00132127
-0.00132479
-0.0013283
-0.00152072
-0.00152382
-0.00152737
-0.00153092
-0.00153447
-0.00153801
-0.00154157
-0.00154379
-0.00127077
-0.00127265
-0.001276
-0.00127835
-0.00130146
-0.00130365
-0.00130719
-0.00131071
-0.00131421
-0.00131773
-0.00132126
-0.00132477
-0.00132828
-0.00133179
-0.00133443
-0.00152019
-0.00152375
-0.00152729
-0.00153085
-0.00153438
-0.00153793
-0.00154148
-0.00154503
-0.00154727
-0.00127031
-0.00133229
-0.00133536
-0.00133887
-0.00134108
-0.00152016
-0.00152372
-0.00152726
-0.00153082
-0.00153435
-0.0015379
-0.00154145
-0.001545
-0.00154768
-0.00127272
-0.00127558
-0.00131431
-0.00131782
-0.00132132
-0.00132484
-0.00132834
-0.00133053
-0.00126983
-0.00127223
-0.00127599
-0.00127827
-0.00132183
-0.00132489
-0.0013284
-0.00133191
-0.00133541
-0.00133892
-0.00134244
-0.00134596
-0.00134862
-0.00152457
-0.00152723
-0.00153078
-0.00153432
-0.00153787
-0.00154142
-0.00154496
-0.00154809
-0.0012689
-0.00127226
-0.00127507
-0.00132134
-0.00132485
-0.00132834
-0.00133184
-0.00133537
-0.00133886
-0.00134238
-0.001345
-0.00152719
-0.00153074
-0.00153429
-0.00153783
-0.00154139
-0.00154493
-0.00154805
-0.00127026
-0.00127264
-0.00127504
-0.00131463
-0.00131769
-0.00132121
-0.00132471
-0.00132822
-0.00133173
-0.00133524
-0.00133875
-0.00134096
-0.0015214
-0.00152361
-0.00152716
-0.0015307
-0.00153425
-0.00153779
-0.00154136
-0.0015449
-0.00154758
-0.00127288
-0.00127576
-0.00127857
-0.00130521
-0.00130784
-0.00131134
-0.00131442
-0.00131751
-0.00132102
-0.00132454
-0.00132806
-0.00133159
-0.00152047
-0.00152358
-0.00152713
-0.00153068
-0.00153423
-0.00153777
-0.00154134
-0.00154355
-0.00127599
-0.00127928
-0.00128293
-0.00128654
-0.00129013
-0.00129366
-0.00129716
-0.0013006
-0.00130415
-0.00130767
-0.00131118
-0.00131472
-0.00131824
-0.00132132
-0.00153645
-0.00128302
-0.00128614
-0.00128972
-0.00129324
-0.00129681
-0.00130839
-0.00131108
-0.00128666
-0.0012898
-0.00129337
-0.00129691
-0.00129955
-0.001283
-0.00128617
-0.00128975
-0.00129331
-0.00129685
-0.00130035
-0.00130253
-0.00128337
-0.00128655
-0.0012897
-0.00129325
-0.00129677
-0.00130027
-0.00128016
-0.00128335
-0.00128652
-0.00128968
-0.00129323
-0.00129669
-0.00129974
-0.00127744
-0.00127973
-0.00128338
-0.00128656
-0.00128964
-0.00129319
-0.00129669
-0.0013002
-0.00130376
-0.00130727
-0.0013108
-0.00128012
-0.00128333
-0.00128648
-0.00128964
-0.00129321
-0.00129677
-0.0013003
-0.00130384
-0.00130737
-0.00131088
-0.0013144
-0.00131789
-0.00132007
-0.00127697
-0.00127972
-0.00128336
-0.00128653
-0.00128967
-0.00129322
-0.00129676
-0.00130029
-0.00130381
-0.00130732
-0.00131082
-0.00131433
-0.00131783
-0.00127688
-0.00127966
-0.0012833
-0.00128689
-0.00129
-0.00129312
-0.00129664
-0.00130018
-0.00130369
-0.00130717
-0.00131067
-0.00131288
-0.00128042
-0.00128317
-0.00128679
-0.00129034
-0.00129383
-0.00129735
-0.00130087
-0.00130352
