%time,field.header.seq,field.header.stamp,field.header.frame_id,field.linear_x,field.linear_y,field.linear_z
1572943300936741279,1,1572943300832106113,,4.67707504868e-05,2.32913334912e-05,4.39841387561e-05
1572943300990189031,2,1572943300937021017,,-5.70091069676e-05,1.19305996122e-05,-3.93945265387e-05
1572943301042786613,3,1572943300990950107,,2.73952355201e-05,4.7208792239e-05,0.000161455813213
1572943301096380677,4,1572943301042977094,,-5.4287022067e-05,-3.47155837517e-05,-6.84981860104e-05
1572943301149525947,5,1572943301097071886,,-0.000105084043753,-5.74486239202e-06,-9.91953347693e-05
1572943301202263989,6,1572943301149755954,,4.99745947309e-05,4.1143000999e-05,3.74402661691e-05
1572943301255087831,7,1572943301201765060,,5.30058096047e-05,4.72883630209e-06,5.99407794653e-05
1572943301309890294,8,1572943301255353927,,8.78829087014e-05,-7.11035027052e-05,-5.60036351089e-05
1572943301362707375,9,1572943301308798074,,-9.71325789578e-05,-3.45500666299e-05,-0.000135505630169
1572943301466566257,10,1572943301363317012,,5.68632458453e-05,3.66405911336e-05,8.01090573077e-05
1572943301519651118,11,1572943301467320919,,-4.49445287813e-05,-3.30209695676e-05,-6.95983762853e-05
1572943301573467275,12,1572943301520232915,,-2.11176775338e-05,-3.65646992577e-05,-4.79488626297e-05
1572943301676664765,13,1572943301573648929,,5.40984510735e-05,6.59877405269e-05,0.000117431234685
1572943301730534686,14,1572943301677156925,,-4.47646998509e-05,-2.96127873298e-05,-7.63132484281e-05
1572943301784467401,15,1572943301731082916,,8.64047979121e-05,1.89554484678e-05,3.37888341164e-05
1572943301839740672,16,1572943301785016059,,6.28617199254e-05,-2.06056593015e-05,3.13316668326e-05
1572943301892445201,17,1572943301839143991,,-8.4736791905e-05,1.18995367302e-05,7.29132370907e-05
1572943301945763966,18,1572943301892015933,,1.45460926433e-05,8.02842114354e-05,4.33548921137e-05
1572943302000354806,19,1572943301946738004,,7.94485968072e-05,-1.03158126876e-05,-8.88316208147e-05
1572943302054211321,20,1572943302000786066,,-0.000114644426503,-8.9165972895e-05,-0.000111292516522
1572943302107125255,21,1572943302054568052,,-3.34835094691e-05,-1.23853087644e-05,3.43735264323e-05
1572943302160404403,22,1572943302107214927,,4.01982724725e-05,4.84235242766e-05,9.94413567241e-05
1572943302263147411,23,1572943302160702943,,-2.47523757935e-06,-2.84947182081e-05,-3.70906527678e-05
1572943302316653712,24,1572943302263226032,,3.93102054659e-05,2.23508268391e-05,-2.90883817797e-05
1572943302370561551,25,1572943302317107915,,-8.14042359707e-05,-6.30229260423e-05,-8.19813503767e-05
1572943302424355365,26,1572943302370965003,,-1.48353674376e-05,-2.44171824306e-05,2.68300991593e-05
1572943302478472644,27,1572943302424726963,,0.000439579191152,5.0291288062e-05,-9.12184168556e-06
1572943302532071538,28,1572943302478905916,,3.44158411281e-06,-5.96829750066e-06,1.51058466145e-05
1572943302586153392,29,1572943302532601118,,8.58724251884e-06,-1.31029892145e-05,-0.000125372462207
1572943302639993219,30,1572943302586652994,,-3.53991599695e-05,-3.11967633024e-05,-4.21666336479e-05
1572943302743113650,31,1572943302640696048,,6.54723553453e-05,4.46734629804e-05,5.78901854169e-05
1572943302798062257,32,1572943302743591070,,3.67008251487e-05,-1.93038176803e-05,-9.28239896894e-05
1572943302851056028,33,1572943302797632932,,0.000149715255247,3.35998847731e-05,4.61761192128e-05
1572943302904715493,34,1572943302851500034,,-0.000118960299005,-2.55544200627e-05,-2.49039294431e-05
1572943302958606185,35,1572943302905066967,,-6.66202322464e-05,-2.00718795895e-06,-3.21028928738e-05
1572943303011500496,36,1572943302958993911,,7.42001720937e-05,1.59270621225e-05,8.11887657619e-05
1572943303064473874,37,1572943303011745929,,8.88663198566e-05,9.3545022537e-06,8.58461353346e-05
1572943303118092212,38,1572943303064585924,,-1.66498412e-05,2.57831288764e-05,4.87734214403e-05
1572943303171697677,39,1572943303118391990,,1.60474701261e-05,7.38927110433e-06,-4.98973386129e-05
1572943303274630270,40,1572943303171670913,,-2.46283093475e-06,6.62295351503e-05,7.80615227995e-05
1572943303327894939,41,1572943303274959087,,7.21744436305e-05,-2.0988371034e-05,3.30542643496e-05
1572943303381477246,42,1572943303327984094,,5.73011820961e-05,6.45207692287e-05,8.33680605865e-05
1572943303435371439,43,1572943303381827116,,-1.23085883388e-05,-2.55291488429e-05,3.38587342412e-05
1572943303489039417,44,1572943303436003923,,0.000363067665603,2.35376719502e-05,-2.91462165478e-05
1572943303591804917,45,1572943303489365100,,4.33108434663e-05,-1.71087849594e-05,-1.81336436071e-05
1572943303645220175,46,1572943303592087984,,0.000384985061828,2.88722503683e-06,5.15752035426e-05
1572943303698906499,47,1572943303646132946,,0.000328625377733,4.17915871367e-05,-7.619378448e-05
1572943303752783628,48,1572943303699238061,,1.38982695717e-05,6.47246997687e-05,6.02251247983e-06
1572943303806594451,49,1572943303753207921,,0.00011230281234,-2.1890287826e-05,5.4216132412e-05
1572943303860396705,50,1572943303807096004,,1.06048591988e-05,-1.69944669324e-05,3.03089291265e-05
1572943303914580476,51,1572943303860969066,,-7.17872353562e-06,-1.53201096964e-06,-1.32648465296e-05
1572943303968598228,52,1572943303915056943,,7.50406252337e-05,4.06935032515e-05,4.6249801926e-06
1572943304071543766,53,1572943303969259977,,2.12756890505e-06,-4.53714164905e-06,-5.08382872795e-05
1572943304124863689,54,1572943304071975946,,-5.57267703698e-05,-7.37015798222e-05,2.90943535219e-06
1572943304178796349,55,1572943304125348091,,2.01374332391e-05,-1.32780223794e-05,-1.65799065144e-05
1572943304234002499,56,1572943304179191112,,-1.96917653739e-07,1.70750081452e-05,2.37635322264e-05
1572943304288841128,57,1572943304235008001,,2.28058567586e-07,1.17047575259e-05,2.8724069125e-05
1572943304341214973,58,1572943304289251089,,-8.07637989055e-05,1.39049716381e-05,-4.15605354647e-05
1572943304394593491,59,1572943304341280937,,3.10444556817e-05,1.01042542155e-06,6.19262863211e-08
1572943304448524800,60,1572943304395121097,,3.35122877004e-06,-2.25733292609e-05,-4.39616960648e-05
1572943304502639684,61,1572943304449073076,,1.79742146429e-05,-5.2458159189e-05,4.04398524552e-05
1572943304606964861,62,1572943304503401041,,0.000140577278216,1.26047789308e-05,-4.51988744317e-05
1572943304660575489,63,1572943304607460975,,-0.00024973571999,-3.94602539018e-05,-0.000103854123154
1572943304714403857,64,1572943304660912036,,-6.29659625702e-05,-5.33325110155e-05,-9.19129452086e-05
1572943304768581959,65,1572943304714740037,,0.000102597812656,4.56185807707e-05,6.32804949419e-05
1572943304822324830,66,1572943304769071102,,-5.30233046447e-05,2.89075505862e-05,3.30101938744e-05
1572943304878001239,67,1572943304824661016,,-5.35049584869e-05,3.78420986635e-06,-2.95066183753e-05
1572943304931986476,68,1572943304878632068,,-3.73785624106e-05,6.60939040245e-05,3.9306920371e-05
1572943304985580372,69,1572943304932512044,,1.99063451873e-05,1.03175025288e-05,6.54148777812e-07
1572943305089790088,70,1572943304985999107,,2.8158798159e-05,-4.29736610386e-05,-5.54188918613e-05
1572943305144228237,71,1572943305090210914,,3.46816123056e-05,-3.48358735209e-05,-1.96422183762e-06
1572943305198600725,72,1572943305144782066,,2.44439179369e-05,5.97484495302e-06,3.52797105734e-05
1572943305252568134,73,1572943305199043989,,0.0015674715396,9.65837389231e-05,-3.61433048965e-05
1572943305307835690,74,1572943305253403902,,9.19993399293e-05,-2.64056870947e-06,1.21845334888e-06
1572943305361042934,75,1572943305308063983,,-0.000103510152258,-1.03630272861e-05,-7.68156751292e-05
1572943305414314628,76,1572943305361645936,,-1.36465996547e-05,-1.7723672272e-06,-2.88086666842e-05
1572943305468646920,77,1572943305414599895,,-5.43763853784e-05,1.65268193086e-05,1.75861241587e-05
1572943305570956726,78,1572943305468080997,,6.45121617708e-05,4.76183522551e-05,9.74884897005e-05
1572943305624874722,79,1572943305572025060,,-2.86310005322e-05,-4.46693920821e-05,-8.29605560284e-05
1572943305677838704,80,1572943305624921083,,-5.55298793188e-05,-3.69202025468e-05,-4.73751497339e-05
1572943305730989771,81,1572943305677999019,,4.21083059337e-05,1.5467616322e-05,1.37284623634e-05
1572943305784622984,82,1572943305731348037,,2.68060193775e-05,2.82087730739e-05,2.44327256951e-05
1572943305839156949,83,1572943305785135030,,1.54530553118e-05,3.69749905076e-05,1.75254972419e-05
1572943305891747507,84,1572943305838702917,,1.2003332813e-05,-6.16662555331e-06,-4.25882681157e-05
1572943305945810081,85,1572943305892443895,,7.18016308383e-05,-6.10287088421e-07,8.1567770394e-05
1572943305999329692,86,1572943305946253061,,-3.43310530297e-05,-5.53701793251e-05,1.40655502037e-05
1572943306105246683,87,1572943306000158071,,-1.78632908501e-05,6.82806421537e-06,-2.7311309168e-05
1572943306159596199,88,1572943306105766057,,2.09341724258e-05,-1.65672881849e-05,-8.55817688716e-07
1572943306213417169,89,1572943306159746885,,0.00148793763947,1.93164469238e-05,-5.32746926183e-05
1572943306266599867,90,1572943306214123010,,4.05668979511e-05,3.54326693923e-05,2.22110738832e-05
1572943306320458950,91,1572943306266978979,,1.91941689991e-05,1.66973095475e-05,-0.000133036999614
1572943306374637477,92,1572943306320281028,,-4.21937838837e-05,-8.84272139956e-06,4.68202269985e-05
1572943306427170116,93,1572943306375257968,,1.65847613971e-05,7.67367055232e-06,-1.53762994159e-06
1572943306480812681,94,1572943306427414894,,-7.93356448412e-05,-5.067890379e-05,2.29120851145e-05
1572943306583255375,95,1572943306481301069,,-3.36362463713e-05,6.65604311507e-05,6.46452099318e-05
1572943306636455215,96,1572943306583353996,,-5.5807755416e-05,-2.88106639346e-05,-1.56368987518e-05
1572943306690109601,97,1572943306636763095,,1.18253983601e-05,-8.63391596795e-06,5.19958921359e-05
1572943306743942793,98,1572943306690675973,,0.000125322956592,3.43045321642e-05,-6.10438928561e-06
1572943306798021775,99,1572943306744570016,,-6.47584383842e-05,-8.7226380856e-06,-5.7467550505e-05
1572943306853595168,100,1572943306798378944,,-0.000284964713501,-1.57687572937e-05,-1.12765724225e-06
1572943306906060438,101,1572943306853634119,,5.03912378917e-05,5.08657030878e-05,4.2722622311e-05
1572943306958667910,102,1572943306906426906,,5.66171693208e-05,8.2496972027e-06,3.35544900736e-05
1572943307011841849,103,1572943306959028959,,-5.66366979911e-05,-2.177064016e-05,-2.85208407149e-05
1572943307066016786,104,1572943307012450933,,1.76898611244e-05,-4.12443660025e-05,-2.61066488747e-05
1572943307119687429,105,1572943307066342115,,-0.000108488326077,1.24324724311e-05,-3.00254778267e-05
1572943307173289799,106,1572943307120260000,,9.24266787479e-05,1.32586665131e-05,1.43314018715e-05
1572943307227473049,107,1572943307173928022,,6.08296140854e-05,-1.07076639324e-05,-2.66423114681e-07
1572943307281364560,108,1572943307227827072,,-1.63157037605e-05,1.65174697031e-05,1.9738859919e-05
1572943307335988224,109,1572943307282124996,,-1.95400589291e-05,4.41632328148e-05,5.84908739256e-05
1572943307688700147,110,1572943307335283041,,-5.79925927013e-06,2.73633504548e-05,-6.13347147009e-05
1572943307743099356,111,1572943307689429998,,2.35434199567e-05,-6.2084851379e-05,-2.12313461816e-05
1572943307796218974,112,1572943307743347883,,-0.000108348322101,-8.92722528079e-06,-9.30760870688e-06
1572943307848922416,113,1572943307796389102,,2.34127546719e-05,2.14571955439e-05,5.49715332454e-05
1572943307902825728,114,1572943307849473953,,-5.62788736715e-05,6.39561476419e-05,9.54854258453e-05
1572943307957187604,115,1572943307903652906,,9.45459250943e-05,0.000130140266265,0.000187565965462
1572943308010993160,116,1572943307957386016,,0.000140493386425,0.000106221414171,7.62488634791e-05
1572943308064024357,117,1572943308010423898,,4.40565236204e-06,1.05974104372e-05,-2.64718491962e-05
1572943308117705288,118,1572943308064497947,,-3.51477974618e-05,3.57683456969e-05,0.000100319928606
1572943308171477528,119,1572943308118551969,,4.25938960689e-05,8.23595109978e-05,0.000163588454598
1572943308225133479,120,1572943308172454118,,6.98767908034e-05,9.12568575586e-05,0.000111197557999
1572943308278466643,121,1572943308225570917,,0.000108400519821,-0.000126730723423,0.00294843013398
1572943308331341159,122,1572943308278795003,,-0.0016771274386,-0.000251801859122,0.0164417661726
1572943308384722954,123,1572943308331540107,,-0.000191824728972,8.54852187331e-05,0.0199744123966
1572943308439077468,124,1572943308385292053,,0.000357433833415,0.000190344362636,0.0202529076487
1572943308493070090,125,1572943308439264059,,0.000416427559685,7.47361555113e-05,0.0213734917343
1572943308547118046,126,1572943308493375062,,-6.35879769106e-05,0.000213634644751,0.0203894004226
1572943308600792673,127,1572943308546968936,,5.88579678151e-05,4.63206342829e-05,0.0196358431131
1572943308654486081,128,1572943308601047039,,0.000372920709196,0.000209327830817,0.0203907489777
1572943308707389886,129,1572943308654934883,,0.000207261895412,3.05204121105e-05,0.0208362005651
1572943308760704824,130,1572943308707622051,,-7.75829539634e-05,-6.30132444712e-06,0.0202437825501
1572943308815295523,131,1572943308761746883,,0.00013236279483,-3.78157824343e-06,0.0199342407286
1572943308868808280,132,1572943308815541028,,0.000139750962262,-3.86753072235e-06,0.0207173265517
1572943308922672858,133,1572943308869386911,,-0.000145991958561,-6.46570842946e-05,0.0199990030378
1572943308976793709,134,1572943308923171043,,-0.00014657372958,-2.87606217171e-05,0.0198811534792
1572943309030564447,135,1572943308977615118,,0.000103581471194,6.54330724501e-05,0.0198815725744
1572943309084192641,136,1572943309030900955,,-3.99100354116e-05,2.48630203714e-05,0.02041917108
1572943309137712698,137,1572943309084990978,,-0.000181146810064,9.30657697609e-05,0.0200529396534
1572943309241637106,138,1572943309137777090,,0.000114786584163,-1.42714543472e-05,0.019860278815
1572943309296044218,139,1572943309242357015,,-0.000629022018984,-3.46293163602e-05,0.0188033804297
1572943309348506327,140,1572943309296477079,,-6.52045628158e-06,-3.31339069817e-05,0.0158293414861
1572943309400545848,141,1572943309348644971,,0.000357267999789,-0.000117301984574,0.0116709377617
1572943309454113442,142,1572943309400815963,,6.76951094647e-05,-0.000174823464477,0.00978238973767
1572943309506755703,143,1572943309454809904,,0.000193866842892,8.88495014806e-06,0.010360956192
1572943309558892629,144,1572943309506961107,,-9.62539998e-05,-2.5180323064e-05,0.0100711528212
1572943309610827214,145,1572943309558908939,,-0.00033769881702,-2.8748279874e-05,0.00939111970365
1572943309663682102,146,1572943309610857963,,-0.000219088120502,3.64435145457e-05,0.00950608309358
1572943309717528888,147,1572943309663917064,,-0.000182964256965,5.91619209445e-05,0.00989156309515
1572943309820514334,148,1572943309718081951,,0.000217242399231,2.06000149774e-05,0.0101561062038
1572943309874012669,149,1572943309820871114,,8.70682197274e-05,0.000115825023386,0.00999310798943
1572943309928460691,150,1572943309874712944,,1.76489766091e-06,5.41906665603e-05,0.0100161423907
1572943309982634765,151,1572943309928865909,,-7.82160987001e-06,-6.79052100168e-05,0.00995075609535
1572943310036919190,152,1572943309982856035,,-0.000231374622672,-0.000106958606921,0.00991584081203
1572943310091864102,153,1572943310038242101,,-0.000267710740445,-0.000135047273943,0.0100638214499
1572943310145737036,154,1572943310092264890,,-6.64899052936e-05,5.08111370436e-05,0.0100054573268
1572943310199591673,155,1572943310146161079,,-9.42897258938e-06,-3.10692157655e-05,0.00962784606963
1572943310253440235,156,1572943310199703931,,5.18920642207e-05,4.4489002903e-05,0.0101665202528
1572943310307221323,157,1572943310253772020,,0.000223351453315,-2.66667793767e-05,0.0102078290656
1572943310360962295,158,1572943310307738065,,-1.66532445292e-05,0.000105382496258,0.00974113121629
1572943310415000883,159,1572943310361804962,,-0.000123389239889,-4.44578981842e-05,0.00972962286323
1572943310469133810,160,1572943310415741920,,4.37705239165e-05,-5.63253706787e-05,0.009915699251
1572943310573606559,161,1572943310469887018,,1.84101702416e-06,2.06790264201e-05,0.0100475763902
1572943310626594579,162,1572943310574225902,,6.8839683081e-05,6.85732156853e-05,0.0102919004858
1572943310680178101,163,1572943310626857042,,0.000109250067908,1.22008932522e-05,0.00998821854591
1572943310734310547,164,1572943310680891990,,2.38579978031e-05,7.47330268496e-05,0.00978688150644
1572943310786570515,165,1572943310734728097,,9.51397814788e-05,1.21404527818e-05,0.0100241517648
1572943310840586164,166,1572943310786819934,,-0.000369223009329,-2.03533340937e-06,0.0100915925577
1572943310893323931,167,1572943310840774059,,-0.000179388633114,4.87045035698e-05,0.00958802364767
1572943310946972693,168,1572943310893560886,,0.000121066143038,-0.000121699587908,0.00974731706083
1572943311001049327,169,1572943310947799921,,0.000193708474399,-8.62907472765e-05,0.0102973841131
1572943311055019862,170,1572943311001768112,,-0.000170187122421,5.51278681087e-05,0.0100406548008
1572943311109133637,171,1572943311055651903,,3.86282545151e-06,1.31386632347e-05,0.0103956805542
1572943311163015381,172,1572943311109590053,,0.000119621981867,6.73469839967e-05,0.0101536316797
1572943311266202213,173,1572943311163460016,,-2.40058488998e-05,-8.77131751622e-05,0.0100162364542
1572943311318915576,174,1572943311266441106,,0.000212857703445,1.58319380716e-05,0.0100541366264
1572943311372265566,175,1572943311319030046,,-2.33990540437e-05,1.93270698219e-05,0.0100227640942
1572943311426011745,176,1572943311372750043,,0.000159750328748,3.64260013157e-05,0.0101097291335
1572943311479531562,177,1572943311426357984,,0.00030126151978,-1.07552168629e-05,0.00999381393194
1572943311583997327,178,1572943311479775905,,-0.000156205540407,9.51683614403e-05,0.0100835738704
1572943311638205447,179,1572943311584832906,,-0.000198899841052,-5.34293649253e-05,0.00990778952837
1572943311691861643,180,1572943311639285087,,0.000129038904561,-8.66628688527e-05,0.0100584989414
1572943311795544018,181,1572943311692291021,,0.000213005070691,6.81094606989e-05,0.0101508032531
1572943311848098364,182,1572943311795650959,,0.000157640926773,0.000146249643876,0.0101267946884
1572943311900794132,183,1572943311848427057,,0.000100002122053,-5.47305789951e-05,0.0101607888937
1572943311954307603,184,1572943311901267051,,8.67450216901e-05,-0.000119003816508,0.0100108273327
1572943312009376754,185,1572943311954530954,,7.28792074369e-05,1.3686289094e-05,0.00993715319782
1572943312112743814,186,1572943312008814096,,-6.74185648677e-05,-5.80508894927e-05,0.010041885078
1572943312166743831,187,1572943312113110065,,-0.000469233782496,2.67764971795e-05,0.00944898929447
1572943312220690958,188,1572943312167258977,,0.00129219167866,-7.16455615475e-05,0.00828286260366
1572943312275515822,189,1572943312220822095,,0.000406212755479,7.295524847e-05,0.0114335035905
1572943312328009098,190,1572943312274673938,,-0.000979309319519,2.79403775494e-05,0.0176825225353
1572943312381378490,191,1572943312327538013,,-0.000207810822758,-0.000202882481972,0.0198266897351
1572943312435203283,192,1572943312381918907,,-0.000350638467353,-0.000120344273455,0.0199182573706
1572943312488676239,193,1572943312435708999,,-0.000106174491521,4.09350977861e-05,0.0193566642702
1572943312542251052,194,1572943312489715099,,5.61963724977e-06,-8.15603634692e-05,0.0197134744376
1572943312596282728,195,1572943312542716026,,-1.96880992007e-05,4.880513643e-06,0.0202814526856
1572943312651525141,196,1572943312598345041,,-3.07815207634e-05,6.68424327159e-05,0.0203266143799
1572943312704611067,197,1572943312651978015,,1.09164648165e-05,0.000108969885332,0.020427916199
1572943312758060510,198,1572943312704687118,,-3.1331415812e-05,5.23693961441e-05,0.0197961144149
1572943312811731742,199,1572943312758261919,,-0.000282401277218,5.88134789723e-05,0.0194845739752
1572943312915852053,200,1572943312812489032,,4.23591991421e-05,-6.05777058809e-05,0.0205003712326
1572943312969553737,201,1572943312916152954,,-0.000164343087818,3.21261322824e-05,0.0200156848878
1572943313023228035,202,1572943312969731092,,-6.8946108513e-05,3.0585892091e-05,0.0203458685428
1572943313076994705,203,1572943313023971080,,0.000226642936468,-7.77922468842e-05,0.0197606552392
1572943313180847009,204,1572943313077408075,,-0.000384545943234,-4.18734271079e-05,0.020220965147
1572943313234768450,205,1572943313181314945,,0.000170721468749,-4.4430285925e-05,0.0201886668801
1572943313288204630,206,1572943313235330104,,1.99494788831e-05,-2.71423141385e-05,0.0194132737815
1572943313342434944,207,1572943313288706064,,-0.000185921526281,0.000149481216795,0.0175438504666
1572943313395938549,208,1572943313342684030,,8.62095112097e-05,-1.25791684695e-05,0.0112686147913
1572943313450834114,209,1572943313397399902,,-0.000194605701836,-1.03608435893e-05,0.0098747657612
1572943313503577615,210,1572943313451106071,,6.36896584183e-05,-0.000100463767012,0.009910043329
1572943313556661702,211,1572943313503710985,,0.000183620562893,-2.04714688152e-05,0.0102308932692
1572943313610645865,212,1572943313556910037,,0.000140969787026,-1.20680442706e-05,0.0101458495483
1572943313664796028,213,1572943313611219882,,-0.000249987206189,-3.42509811162e-05,0.00993208400905
1572943313718539201,214,1572943313665116071,,-0.000173867636477,2.07727880479e-05,0.009989769198
1572943313772447988,215,1572943313719057083,,-6.41066435492e-05,-9.10059534363e-05,0.00994239933789
1572943313826236749,216,1572943313772627115,,3.33926655003e-05,-4.32858687418e-05,0.0101169645786
1572943313881529368,217,1572943313826622009,,-2.0663590476e-05,2.2929854822e-05,0.0100955218077
1572943313934287126,218,1572943313882028102,,4.37439775851e-05,7.51721890992e-05,0.0100077530369
1572943313988049578,219,1572943313934883117,,0.000144716716022,0.000125567472423,0.0100548407063
1572943314040529185,220,1572943313987546920,,0.000185761891771,5.28725140612e-05,0.0101641835645
1572943314143439258,221,1572943314039892911,,-0.000193861444131,-1.59002993314e-05,0.0100343581289
1572943314197134770,222,1572943314143713951,,4.85985729028e-05,1.86790803127e-05,0.00988460425287
1572943314251266255,223,1572943314197567939,,4.36409209215e-05,6.33338868283e-06,0.0101115396246
1572943314305392423,224,1572943314252008914,,0.000111361579911,8.19251818029e-06,0.00987331662327
1572943314411006394,225,1572943314305927991,,2.0470642994e-06,-5.34866630915e-05,0.0101342899725
1572943314465334751,226,1572943314411736011,,-0.000132864515763,-3.27621273755e-05,0.00980403739959
1572943314519260641,227,1572943314466049909,,-0.000129017338622,-0.000104263948742,0.0101105393842
1572943314573263799,228,1572943314519630908,,0.000187615660252,-6.61926533212e-05,0.0101680541411
1572943314626414769,229,1572943314573568105,,-4.18484269176e-05,-6.93760157446e-05,0.00997854489833
1572943314679721915,230,1572943314626610040,,0.000196337277885,-8.34618113004e-05,0.00991622824222
1572943314733132351,231,1572943314680592060,,5.82274515182e-05,-9.48590386542e-05,0.0100179119036
1572943314786951563,232,1572943314733445882,,9.65347353485e-05,1.23799895846e-06,0.0102670155466
1572943314891789823,233,1572943314787122011,,-6.66870910209e-05,6.65456718707e-06,0.00995782483369
1572943314946282164,234,1572943314890939950,,3.45960979757e-05,5.46396258869e-05,0.0101069072261
1572943314997527455,235,1572943314944998025,,0.000276190054137,5.52978708583e-05,0.010529473424
1572943315051163909,236,1572943314997989892,,2.1774751076e-05,-1.77264646481e-05,0.00982401985675
1572943315105933744,237,1572943315051702976,,5.73035613343e-05,5.05411444465e-05,0.00991094578058
1572943315159062361,238,1572943315105304956,,-1.54425742949e-05,3.2715335692e-05,0.00984659232199
1572943315213192540,239,1572943315160545110,,0.000160331459483,-1.09992670332e-05,0.0100977765396
1572943315267055798,240,1572943315213679075,,3.16589307658e-06,5.17617045261e-05,0.0103391818702
1572943315320919552,241,1572943315267555952,,-0.000194883177755,-6.63309356241e-06,0.010076857172
1572943315374846215,242,1572943315321219921,,-9.32706097956e-05,-2.76254140772e-05,0.00992599129677
1572943315428617310,243,1572943315375200033,,0.000160313516972,-6.84076712787e-06,0.00991311576217
1572943315483047390,244,1572943315429267883,,3.12769116135e-05,5.34023674845e-05,0.00985222030431
1572943315535809192,245,1572943315483288049,,4.84663542011e-05,-2.12803970498e-05,0.00977972894907
1572943315590043423,246,1572943315536346912,,0.000104559665488,8.21201028884e-05,0.00989347230643
1572943315693794309,247,1572943315590435981,,1.46353022501e-05,-4.95797794429e-05,0.0098602194339
1572943315749111184,248,1572943315695784091,,9.62393751252e-05,-2.97526930808e-05,0.00984210707247
1572943315802840227,249,1572943315749572992,,-0.000240072477027,-2.2160127628e-05,0.00966705661267
1572943315856805622,250,1572943315803339004,,-0.000185299388249,4.85862401547e-05,0.0099092675373
1572943315910637514,251,1572943315857070922,,0.000264276517555,4.78952060803e-05,0.0103517277166
1572943315964499794,252,1572943315911169052,,0.000396296905819,6.76516310705e-06,0.0100008677691
1572943316018512204,253,1572943315964951992,,0.000182695323019,4.01274337491e-05,0.0101532973349
1572943316071403938,254,1572943316018985986,,-2.23038550757e-05,-5.90849158471e-05,0.0101518342271
1572943316125078712,255,1572943316071506023,,-0.00020030370797,-7.04070180291e-06,0.00995562598109
1572943316227727868,256,1572943316125405073,,0.00021598454623,2.70669443125e-05,0.0031581253279
1572943316280469523,257,1572943316227997064,,5.21460287928e-06,2.61447239609e-05,3.50650880137e-05
1572943316334316350,258,1572943316280981063,,0.000110632092401,4.27383238275e-05,6.44279998596e-06
1572943316388800641,259,1572943316334813117,,0.000123043631902,4.31031367043e-05,5.6268672779e-05
1572943316490459191,260,1572943316388139009,,1.67137550307e-05,-2.12768663914e-05,-3.01845848298e-05
1572943316544042441,261,1572943316490665912,,-8.90879964572e-05,-5.68792238482e-05,-0.000104322200059
1572943316596470498,262,1572943316544507026,,-2.76798291452e-05,-1.47524542626e-05,2.22798971663e-05
1572943316650001631,263,1572943316596559047,,0.000112017216452,-3.93070586142e-05,-5.04919671585e-06
1572943316703557959,264,1572943316650419950,,6.62220118102e-05,-1.169803636e-05,-6.63081809762e-05
1572943316757963595,265,1572943316704224109,,-0.000107575739094,-3.1729152397e-05,-6.86604325892e-05
1572943316811324125,266,1572943316758311986,,-0.000108895561425,7.15730220691e-06,2.7542542739e-05
1572943316865485250,267,1572943316811934947,,2.82929922832e-05,2.76023092738e-05,-5.05309299115e-06
1572943316971976801,268,1572943316865823030,,2.57754345512e-05,3.6375304262e-06,1.48849248944e-05
1572943317025859013,269,1572943316972258090,,-1.83112424565e-05,5.22471164004e-05,3.8047273847e-05
1572943317079823697,270,1572943317026196956,,8.76205231179e-05,-1.25692149595e-05,-4.23347264586e-05
1572943317133679275,271,1572943317080234050,,-8.52234879858e-05,-2.40376393776e-05,-1.42251201396e-05
1572943317187670579,272,1572943317134216070,,-0.000114565365948,-7.40824034438e-05,-0.000102309903014
1572943317241531928,273,1572943317188190937,,-0.000226035874221,1.55327816174e-05,-1.74871256604e-05
1572943317295167190,274,1572943317241806030,,-4.82084360556e-05,2.54597562162e-05,2.32909605984e-05
1572943317349664353,275,1572943317295676946,,8.47379669722e-06,2.34719209402e-05,1.16550054372e-05
1572943317456473147,276,1572943317350456953,,-4.23962810601e-05,-2.71913941106e-05,-0.000123120014905
1572943317509365757,277,1572943317456079006,,-8.1071855675e-05,-6.0054637288e-05,-2.07515768125e-05
1572943317563339378,278,1572943317510003089,,-0.000299257109873,-2.26217853196e-05,6.16809666099e-06
1572943317617187023,279,1572943317564022064,,-2.09098798223e-05,-8.77703030255e-07,-5.21937690792e-05
1572943317671179193,280,1572943317616885900,,-7.04027552274e-05,4.54482178611e-05,8.9850895165e-05
1572943317724113681,281,1572943317670527935,,2.09718436963e-05,2.57483334281e-05,3.04229015455e-05
1572943317777742258,282,1572943317724744081,,0.00026558857644,5.26646817889e-06,0.000145698490087
1572943317831293895,283,1572943317778143882,,-9.0073372121e-05,-2.91469732474e-05,3.0480323403e-06
1572943317885608620,284,1572943317832098960,,-0.000203711824724,-9.87784951576e-05,-0.000207901743124
1572943317989192797,285,1572943317885838985,,0.000123115270981,0.000128275612951,0.000203735893592
1572943318042318201,286,1572943317989893913,,-0.000112928166345,-2.68541425612e-05,-6.73268223181e-05
1572943318095817778,287,1572943318042937994,,-7.90552003309e-05,-6.10888964729e-05,-8.87512724148e-05
1572943318151032515,288,1572943318096867084,,-3.20650251524e-05,3.99514065066e-05,6.65699626552e-05
1572943318205444717,289,1572943318151608943,,-4.71470193588e-05,-7.38413727959e-05,-1.84804357559e-05
1572943318259650717,290,1572943318206399917,,-4.86261751576e-06,-3.53576360794e-05,7.71941176936e-06
1572943318312640657,291,1572943318259928941,,-0.000676079478581,-5.15482934134e-05,-7.01011158526e-05
1572943318367579580,292,1572943318313076019,,0.000106129235064,3.44538348145e-05,6.80934317643e-05
1572943318420006014,293,1572943318366647958,,-2.25625371968e-05,5.9875928855e-06,1.56779642566e-05
1572943318473045188,294,1572943318420568943,,6.07160836807e-05,3.62408500223e-05,5.51617195015e-05
1572943318525857659,295,1572943318473443984,,-4.47859207497e-07,-1.63637341757e-05,-4.95883905387e-05
1572943318579252982,296,1572943318526026010,,-6.25000466243e-05,-2.08970550375e-06,-2.55280720012e-05
1572943318632770642,297,1572943318579747915,,-1.49567576955e-05,1.77817801159e-05,4.05571845477e-05
1572943318735942751,298,1572943318632838010,,-0.000440797768533,-1.46835427586e-05,1.99558216991e-05
1572943318788958555,299,1572943318735579967,,1.67415983015e-05,3.26985536958e-05,2.94564360956e-05
1572943318842999968,300,1572943318789479017,,4.98699373566e-05,-2.51764213317e-05,3.83639126085e-05
1572943318896909752,301,1572943318843511104,,4.14347960032e-05,8.63904369908e-06,2.74641079159e-05
1572943318951203007,302,1572943318897284030,,7.20814350643e-05,-4.96034735988e-05,-6.40532744001e-05
1572943319006520631,303,1572943318953213930,,6.83885227772e-05,1.55927791639e-05,4.81866445625e-05
1572943319060239623,304,1572943319007014989,,1.10797682282e-05,3.5154800571e-05,3.98831070925e-05
1572943319114148906,305,1572943319060645103,,-0.000134353074827,-2.8609743822e-05,-7.61588817113e-05
1572943319168481740,306,1572943319114871025,,-0.000685928273015,-3.28695932694e-05,3.47778222931e-05
1572943319222257138,307,1572943319168566942,,-9.65152867138e-05,2.13757066376e-05,2.33731043409e-06
1572943319275411552,308,1572943319222345113,,-0.00209923298098,-4.78866968479e-06,9.09511145437e-05
1572943319331076886,309,1572943319275881052,,-2.66514289251e-05,-1.21977541312e-06,-1.87917412404e-05
1572943319433477831,310,1572943319330235958,,1.46669581227e-05,9.30169517233e-06,4.3103020289e-05
1572943319488043578,311,1572943319434736013,,-2.62639623543e-05,3.46780507243e-05,-1.00251227195e-05
1572943319541760636,312,1572943319488277912,,-0.000116524854093,3.14291355608e-06,-2.53905386671e-06
1572943319595113648,313,1572943319541734933,,-5.20488574693e-05,-1.7390546418e-05,-4.2935305828e-05
1572943319648779871,314,1572943319595416069,,0.000131140899612,-4.12398367189e-05,-7.97681786935e-05
1572943319702404886,315,1572943319649483919,,-0.000136483358801,1.54780153139e-07,-9.51249967329e-06
1572943319755512712,316,1572943319702637910,,-0.000162268741406,-4.94168198202e-05,-8.24670860311e-05
1572943319809375200,317,1572943319755923986,,2.16216503759e-05,2.61480618065e-05,-8.5004930952e-06
1572943319862859043,318,1572943319809689044,,1.53084183694e-05,1.7880131054e-05,5.29340977664e-05
1572943319966925536,319,1572943319863270998,,2.80840104097e-05,2.50617340498e-05,-4.31315629612e-06
1572943320020781590,320,1572943319967585086,,-0.000125495367683,-1.55158777488e-05,-8.2337675849e-05
1572943320074026556,321,1572943320021280050,,7.21187734598e-06,3.83738261007e-05,-1.63730682345e-08
1572943320126921179,322,1572943320074126005,,-4.16719412897e-05,-8.29816926853e-05,-0.000146505961311
1572943320182839184,323,1572943320127469062,,0.000270088377874,-4.72480351164e-05,-3.45354674209e-05
1572943320235240200,324,1572943320181163072,,6.36758559267e-05,-3.03117012663e-05,3.65381529264e-05
1572943320287898326,325,1572943320234580039,,1.86997440323e-05,-1.07129935714e-05,1.31646593218e-05
1572943320340784256,326,1572943320288292884,,-5.82664652029e-05,4.23718702223e-05,9.92426503217e-05
1572943320444406308,327,1572943320341012001,,7.62551790103e-05,1.33358025778e-05,-1.4336111235e-05
1572943320497830424,328,1572943320444516897,,-0.000118309457321,-1.25309752548e-05,-7.14029956725e-05
1572943320551827436,329,1572943320498647928,,4.51634696219e-05,1.75605855475e-05,5.30199868081e-05
1572943320906861237,330,1572943320552196025,,0.000306820438709,-1.20813929243e-05,-4.24090503657e-05
1572943320959846493,331,1572943320907543897,,0.000106917301309,9.57243446464e-06,3.13231103064e-05
1572943321014192169,332,1572943320960645914,,8.36324761622e-05,0.00011120209092,0.000156686277478
1572943321067279741,333,1572943321014808893,,-0.000166737911059,2.3745236831e-05,3.31317414748e-06
1572943321120051349,334,1572943321067610979,,-8.82010208443e-05,8.93693286343e-05,1.71178835444e-05
1572943321172645818,335,1572943321120286941,,6.39874633634e-05,-1.19246851682e-05,-1.99157984753e-05
1572943321226262496,336,1572943321173129081,,0.00209409440868,-8.89457733138e-05,-0.000101660632936
1572943321280434341,337,1572943321227127075,,-0.000141266631545,-5.08923258167e-05,-8.7187247118e-05
1572943321333999993,338,1572943321280740976,,8.10571782495e-06,-5.08843986609e-05,-9.45353749557e-05
1572943321388010360,339,1572943321334505081,,6.55341063975e-05,2.23476035899e-05,0.00010938700143
1572943321440550418,340,1572943321388560056,,6.95575217833e-05,5.34350292583e-05,0.000170842336956
1572943321543872587,341,1572943321440670967,,-7.12166875019e-05,-7.46368959881e-06,-5.90045528952e-05
1572943321597931069,342,1572943321544286966,,9.01415041881e-05,-1.38236910061e-05,-2.94928995572e-05
1572943321650231307,343,1572943321598269939,,-0.000188125646673,4.23731544288e-05,-2.3693953608e-06
1572943321702775355,344,1572943321650536060,,-8.89217553777e-05,-2.84854122583e-05,-0.000123084450024
1572943321757094860,345,1572943321703391075,,-6.3954925281e-05,1.04585860754e-05,6.82454765411e-06
1572943321811713798,346,1572943321758243083,,-8.9253167971e-05,8.42841927806e-07,-7.16425201972e-05
1572943321865331218,347,1572943321812191009,,-0.000225430034334,2.11039387068e-05,-6.65131883579e-05
1572943321919421103,348,1572943321866183042,,8.5055049567e-05,-3.86782558053e-05,-1.25294100144e-05
1572943322023649666,349,1572943321919979095,,0.000202876413823,5.9196674556e-05,0.000140128002386
1572943322077849709,350,1572943322024135112,,3.23815256706e-05,-4.85359851154e-06,2.03358613362e-05
1572943322132145376,351,1572943322078468084,,1.61572097568e-05,-1.76307949005e-05,-1.54271674546e-05
1572943322186736189,352,1572943322133260965,,-4.93422448926e-05,-5.44369831914e-05,-0.000117657480587
1572943322241015627,353,1572943322187515974,,0.000120010678074,9.27341825445e-05,0.000119914140669
1572943322293907970,354,1572943322241211891,,-2.43600916292e-05,-0.000112237641588,-0.000135276291985
1572943322347229758,355,1572943322294058084,,2.43712338488e-06,-1.32609102366e-07,-2.44073798967e-05
1572943322401286480,356,1572943322347995042,,-1.09839913875e-06,-3.8321509237e-06,-1.47666760313e-05
1572943322504733787,357,1572943322401665925,,-4.59857874375e-05,3.08884182232e-07,-5.40562286915e-05
1572943322559662569,358,1572943322505496978,,4.21576487497e-06,2.06924996746e-05,5.3104624385e-05
1572943322613272101,359,1572943322559757947,,0.000130687127239,4.88568512083e-05,9.53643320827e-05
1572943322667663446,360,1572943322613392114,,3.49540414391e-06,3.03600991174e-05,2.53349007835e-05
1572943322721374626,361,1572943322667968034,,-0.000265888520516,-0.000110583481728,-0.000182971372851
1572943322825064526,362,1572943322721590042,,0.000130254644318,9.69657921814e-05,0.000152583103045
1572943322878967302,363,1572943322825330972,,-0.000166754543898,4.87881625304e-05,9.36949982133e-06
1572943322932769447,364,1572943322879312038,,-6.39437057544e-05,3.90210516343e-05,5.30591823917e-05
1572943323035298639,365,1572943322931930065,,8.91232048161e-05,1.25428159663e-05,-4.78317178931e-06
1572943323088032021,366,1572943323035469055,,-1.01456880657e-05,-6.92126996e-05,-9.87212042673e-05
1572943323141746625,367,1572943323088455915,,9.74225768005e-05,4.26506085205e-05,8.33568337839e-05
1572943323195087645,368,1572943323142623901,,-4.40084804723e-05,1.8286102204e-05,1.35391919684e-05
1572943323248746769,369,1572943323195241928,,-6.80816156091e-05,-0.000106287785457,-0.000118148891488
1572943323302539818,370,1572943323249161958,,-2.92388085654e-06,5.81565363973e-05,5.74102814426e-05
1572943323357581129,371,1572943323304080009,,5.10325953655e-05,0.000100378638308,9.73637943389e-05
1572943323411267671,372,1572943323358239889,,-5.98909400651e-06,-2.72737925116e-05,-4.87735524075e-05
1572943323465920340,373,1572943323411770105,,-2.89465933747e-05,-8.45684990054e-05,-3.46285560227e-05
1572943323517770038,374,1572943323465179920,,6.95516746418e-06,-7.01806493453e-05,-2.69714000751e-05
1572943323571368293,375,1572943323517992973,,0.000103488520836,6.9332701969e-05,0.00013918307377
1572943323623931877,376,1572943323571816921,,0.000324807333527,5.31056321051e-05,1.85981534742e-05
1572943323678349067,377,1572943323624136924,,3.8019893509e-06,5.8922872995e-05,1.59135724971e-05
1572943323731996369,378,1572943323678666114,,-6.27703557257e-05,-7.88741381257e-05,-0.000146411723108
1572943323835826667,379,1572943323732431888,,-6.51133996143e-06,6.59235520288e-05,8.45687682158e-05
1572943323889424769,380,1572943323835987091,,2.55991817539e-05,-2.62779849436e-05,7.79700203566e-05
1572943323943990737,381,1572943323889934062,,2.89696199616e-05,7.53942076699e-05,2.82558994513e-05
1572943323997168504,382,1572943323944509029,,-2.05780906981e-05,1.41742987125e-06,-4.69236947538e-05
1572943324099916940,383,1572943323996764898,,-8.04563314887e-05,1.16021474241e-05,-3.79545199394e-05
1572943324154686036,384,1572943324100537061,,-5.81500426051e-05,6.97034010955e-06,7.59001995903e-05
1572943324208194644,385,1572943324154762029,,-5.5436979892e-05,-9.51717720454e-06,-6.10278366366e-05
1572943324312481943,386,1572943324208908081,,-3.89648885175e-05,-4.82198120153e-05,-7.57009111112e-05
1572943324368368639,387,1572943324312534093,,3.12561423925e-05,3.23065905832e-05,-1.50993000716e-05
1572943324422321809,388,1572943324368879079,,0.000106130843051,-1.76688047304e-06,-5.71603595745e-05
1572943324477541815,389,1572943324422966957,,-6.08740701864e-05,1.06194866021e-05,8.2858139649e-05
1572943324530494697,390,1572943324476794004,,6.47556007607e-05,3.50009613612e-05,0.000116712442832
1572943324584249875,391,1572943324531102895,,3.84279555874e-05,0.000101994221041,9.80486365734e-05
1572943324638592527,392,1572943324585078001,,0.000141769211041,0.00010356096027,0.000110721382953
1572943324691271385,393,1572943324639061927,,-1.10632927317e-05,-3.87747568311e-05,-5.70225056435e-05
1572943324794579717,394,1572943324691325902,,-3.25338442053e-05,-3.69766712538e-05,-3.68682449334e-05
1572943324847767439,395,1572943324795227050,,0.000111825494969,2.28956487263e-05,6.73687027302e-05
1572943324901510797,396,1572943324847889900,,7.39050519769e-05,-2.12011655094e-05,-3.56216951332e-05
1572943324955378923,397,1572943324901818990,,1.04489181467e-05,-1.91805120267e-05,4.93515035487e-05
1572943325009258112,398,1572943324955420017,,-3.53737123078e-05,1.50488731379e-05,2.67957220785e-05
1572943325063195970,399,1572943325009496927,,-6.12623698544e-05,5.06075230078e-05,-8.73977114679e-05
1572943325117240827,400,1572943325064727067,,1.24118387248e-05,-5.75867816224e-05,-6.97858195053e-05
1572943325170937293,401,1572943325117455959,,3.85237690352e-05,-6.8019671744e-06,7.61229675845e-05
1572943325225227242,402,1572943325171587944,,0.000136173417559,3.80432029488e-05,9.31805261644e-05
1572943325329082112,403,1572943325225502967,,-6.999821926e-05,8.82171298144e-06,1.73247753992e-05
1572943325382402233,404,1572943325329751014,,-3.6963938328e-05,-3.91030080209e-05,-0.000112547524623
1572943325435293165,405,1572943325382514953,,-9.48411543504e-05,-1.38902316849e-06,-8.79976141732e-06
1572943325489268232,406,1572943325436013936,,-0.000155561792781,-5.62268214708e-05,-5.26685216755e-05
1572943325543132596,407,1572943325489712953,,0.000119625343359,0.000105162711407,0.000132254208438
1572943325596996775,408,1572943325543430089,,-0.000140552787343,-8.77739148564e-05,-0.000118882177048
1572943325652138213,409,1572943325597836017,,7.17912698747e-05,4.67540230602e-05,0.000114280970593
1572943325706002305,410,1572943325652658939,,1.88170690762e-06,-3.97686344513e-05,1.02375800282e-07
1572943325759538021,411,1572943325706373929,,-7.32895132387e-05,-9.83490463113e-06,-3.12647316605e-05
1572943325813706573,412,1572943325760288000,,-5.46014707652e-05,-5.20062822034e-05,-5.76371130592e-05
1572943325867524726,413,1572943325814007043,,-4.92040453537e-05,-3.48688045051e-05,-5.84617446293e-05
1572943325922294022,414,1572943325868495941,,-0.000844742928166,5.21595175087e-05,4.1667073674e-05
1572943325976470998,415,1572943325922698974,,-5.38928288734e-05,2.47308871621e-05,-6.63816172164e-06
1572943326079922309,416,1572943325976675987,,1.58925122378e-05,-1.67606704053e-05,2.62039102381e-05
1572943326134061734,417,1572943326080620050,,6.64827166474e-05,-5.42913912795e-05,-3.67756620108e-05
1572943326187274000,418,1572943326134711027,,-0.000248178781476,-6.51429991194e-06,6.64932013024e-05
1572943326240838438,419,1572943326187535047,,2.26830179599e-05,4.88577061333e-05,-1.86705328815e-05
1572943326295730856,420,1572943326241461038,,9.18402074603e-05,0.000108903106593,0.000127207313199
1572943326349383354,421,1572943326296108961,,-1.06158104245e-05,4.77044741274e-05,4.3248237489e-05
1572943326403760289,422,1572943326349917888,,-2.97494934784e-05,-8.98633588804e-05,-0.000155166213517
1572943326456116770,423,1572943326403389930,,6.93222536938e-05,3.76185630557e-06,-7.75261980834e-07
1572943326508723357,424,1572943326456402063,,-7.46292425902e-06,-2.23672723223e-05,1.07405312519e-05
1572943326561428402,425,1572943326509027957,,4.84927804791e-05,-1.1819831343e-05,-6.07737683822e-06
1572943326615078904,426,1572943326561790943,,6.39962818241e-05,1.34904830702e-05,6.0231553789e-07
1572943326668999732,427,1572943326615524053,,1.45547764987e-05,6.60480145598e-05,6.17749901721e-05
1572943326723384159,428,1572943326669775962,,2.9944581911e-05,4.7045366955e-05,0.00011832191376
1572943326826471994,429,1572943326723684072,,-3.97553376388e-05,8.78045011632e-06,-5.61135220778e-06
1572943326879805795,430,1572943326826477050,,-3.79830235033e-05,-5.02662805957e-05,-2.55245340668e-05
1572943326933726311,431,1572943326879928112,,-0.000128970263177,-2.01112725335e-05,-0.000121495606436
1572943326987726416,432,1572943326934098958,,-7.10858694219e-06,2.24172490562e-05,1.32529285111e-05
1572943327040455654,433,1572943326988212108,,2.39355122176e-05,-1.97236859094e-05,-3.71591304429e-05
1572943327094139607,434,1572943327040674924,,-3.33460739057e-05,4.30492182204e-05,7.40532195778e-05
1572943327147643775,435,1572943327094497919,,6.65153784212e-05,6.69032078804e-06,4.83652183902e-05
1572943327201522400,436,1572943327148277044,,4.91746577609e-05,-1.94572057808e-05,5.13977138326e-05
1572943327304390734,437,1572943327201900959,,0.00011367861589,5.93482254772e-05,7.37519367249e-05
1572943327359161975,438,1572943327305645942,,-4.68171347165e-05,-3.06298570649e-05,-8.67498747539e-05
1572943327412158157,439,1572943327359548091,,-1.05342442112e-05,7.63983916841e-05,0.000129151638248
1572943327464744634,440,1572943327411848068,,1.42727287766e-06,4.834603169e-05,2.44200982706e-05
1572943327517275646,441,1572943327465163946,,-4.03737140005e-05,-1.55756333697e-05,-7.3889241321e-05
1572943327570528052,442,1572943327517524957,,-4.29844949394e-05,-7.76864835643e-05,-6.70045483275e-05
1572943327623349245,443,1572943327570293903,,0.000105411869299,-1.0452724382e-05,-5.52624769625e-05
1572943327676359704,444,1572943327624366044,,5.70941701881e-05,-3.33188618242e-05,2.0683681214e-05
1572943327727858550,445,1572943327676559925,,4.49187209597e-05,2.6211830118e-05,0.000110177148599
1572943327778985454,446,1572943327727926969,,-7.50614271965e-05,7.70103997638e-06,4.79031677969e-06
1572943327830242425,447,1572943327779079914,,7.65984259488e-06,-6.27910558251e-05,-2.81421635009e-05
1572943327883944545,448,1572943327830300092,,5.376363697e-05,7.78431276558e-05,7.05469647073e-05
1572943327937544134,449,1572943327884270906,,-9.62092690315e-06,7.88134093455e-06,-6.19253114564e-05
1572943327990797304,450,1572943327938146114,,4.02535515605e-05,-7.02129982528e-05,-2.24321320275e-05
1572943328094130803,451,1572943327990991115,,9.43839695537e-05,4.11633518524e-05,3.24878055835e-05
1572943328147871254,452,1572943328094778060,,-2.89664676529e-05,-3.92624970118e-05,-1.83332322194e-05
1572943328201114982,453,1572943328148509025,,-2.90858733933e-05,-2.9485905543e-05,-7.01924145687e-05
1572943328255124426,454,1572943328201411008,,-5.31578916707e-05,-4.19740354118e-05,-7.62440249673e-05
1572943328309691871,455,1572943328255740880,,-1.10894570753e-05,-2.21899790631e-06,2.53959515248e-05
1572943328364072500,456,1572943328309334039,,-4.89830163133e-05,5.37894775334e-05,0.000101499361335
1572943328417999760,457,1572943328364705085,,7.21799951862e-05,1.40618317346e-06,-5.5550441175e-05
1572943328471858973,458,1572943328418459892,,-0.000155351532158,5.26778458152e-05,8.0874262494e-05
1572943328576705697,459,1572943328472815036,,5.74855439481e-05,3.32495983457e-05,7.51005791244e-05
1572943328629333356,460,1572943328576771020,,0.000141757904203,-4.89639242005e-05,5.31721598236e-05
1572943328682159418,461,1572943328629458904,,3.08293692797e-06,1.11641084004e-05,-7.73614374339e-05
1572943328735653376,462,1572943328682513952,,-5.53973914066e-05,7.72562780185e-05,-2.54823644354e-05
1572943328788394746,463,1572943328735974073,,1.08604408524e-05,2.35918014369e-05,8.74315810506e-05
1572943328842121429,464,1572943328788578987,,-0.000251058809226,-7.8420034697e-06,3.98211304855e-05
1572943328895209667,465,1572943328842708110,,-4.3831198127e-05,-9.83913469099e-06,-6.53842216707e-05
1572943328948768008,466,1572943328895677089,,8.77340571606e-05,4.9714501074e-05,0.000150241961819
1572943329002520070,467,1572943328948991060,,7.67517412896e-05,-6.26990149613e-05,1.02373669506e-05
1572943329106477128,468,1572943329002866029,,-0.000162986747455,-5.60582702747e-05,-3.95965471398e-05
1572943329159153903,469,1572943329106532096,,-7.23752964404e-06,7.36977381166e-06,-2.60811084445e-05
1572943329213227893,470,1572943329159740924,,-6.49648472972e-06,1.31065974074e-06,-5.08502962475e-05
1572943329267222773,471,1572943329213762998,,-5.13566701557e-05,-2.35371080635e-05,-3.98647789552e-05
1572943329321028132,472,1572943329267244100,,-2.5232139933e-07,-4.05172613682e-05,5.44331196579e-05
1572943329376871953,473,1572943329321572065,,4.44206270913e-05,1.43121196743e-05,0.000127514926135
1572943329430116864,474,1572943329377404928,,-0.000285575428279,-0.000119598815218,-0.000231942263781
1572943329483354978,475,1572943329430486917,,-8.99001097423e-05,-1.72128420672e-05,-4.26934129791e-05
1572943329587370191,476,1572943329484361886,,-0.000187929472304,1.59701394296e-05,1.37576907946e-05
1572943329642011056,477,1572943329587636947,,8.82204767549e-05,-5.47631389054e-05,-2.28674180107e-05
1572943329694691283,478,1572943329641242027,,5.79228799324e-05,4.37000198872e-06,9.80315016932e-05
1572943329748509831,479,1572943329695067882,,-2.76061982731e-05,8.02601934993e-05,7.60930925026e-05
