%time,field.header.seq,field.header.stamp,field.header.frame_id,field.linear_x,field.linear_y,field.linear_z
1572930300026969421,1356,1572930299973663091,,4.84610609419e-05,-4.0778559196e-05,-6.48072309559e-05
1572930300080802718,1357,1572930300027647972,,6.90041488269e-05,1.29332047436e-05,6.61734229652e-05
1572930300134095490,1358,1572930300081260919,,2.00634826797e-06,-3.20103526974e-06,6.03559929004e-05
1572930300187493239,1359,1572930300134610891,,-4.65627363155e-06,4.19200441684e-05,2.81451357296e-05
1572930300240767059,1360,1572930300188312053,,0.00203207670711,0.000137571492814,-7.23921257304e-05
1572930300294186043,1361,1572930300241096973,,-2.1916375772e-05,4.53376269434e-05,-2.86379381578e-05
1572930300398025696,1362,1572930300294661998,,-3.51081653207e-05,-2.1423918497e-06,8.24640301289e-06
1572930300450729392,1363,1572930300398458957,,8.19081687951e-05,2.12781742448e-05,3.78259428544e-05
1572930300503771228,1364,1572930300451040029,,-7.89158511907e-05,-4.7807197916e-06,1.11046338134e-05
1572930300557258518,1365,1572930300504151105,,-1.56081823661e-05,-6.62050297251e-05,-0.000107950312668
1572930300610189802,1366,1572930300557871103,,2.50258744927e-05,-4.76318155052e-06,-6.48476052447e-05
1572930300664893584,1367,1572930300610344886,,6.29271744401e-05,3.07168120344e-05,5.41278532182e-05
1572930300717514547,1368,1572930300665955066,,5.63605462958e-05,-4.10756547353e-05,3.22948690155e-05
1572930300769512682,1369,1572930300717611074,,0.00010111611482,-1.66326281033e-05,-2.90138723358e-06
1572930300823039742,1370,1572930300769920110,,3.68680521206e-05,-7.0234433224e-05,-5.88219554629e-05
1572930300876836002,1371,1572930300823726892,,3.81285317417e-05,2.02904811886e-05,5.17638109159e-05
1572930300931000378,1372,1572930300877841949,,-6.46018015686e-05,-5.45613547729e-05,-8.06273892522e-05
1572930300984425928,1373,1572930300931304931,,-0.000143521392602,2.27377877309e-05,-9.22130639083e-05
1572930301038163893,1374,1572930300984916925,,-3.37221681548e-05,3.59368641512e-05,-3.24779539369e-05
1572930301092110127,1375,1572930301038644075,,6.76291665513e-06,-2.79996083918e-06,-0.000126364509924
1572930301195427784,1376,1572930301092575073,,-5.73255929339e-05,3.22399973811e-05,9.82161946013e-05
1572930301249617035,1377,1572930301196130037,,-0.000832511694171,-5.82197790209e-05,9.54448623816e-05
1572930301303617049,1378,1572930301250243902,,-0.000126941129565,1.41344171425e-05,-3.39523103321e-05
1572930301357356913,1379,1572930301304014921,,-1.56124078785e-05,-7.4811136983e-06,-6.99835145497e-05
1572930301410739512,1380,1572930301357754945,,1.96733653866e-05,-1.71524970938e-05,9.49374734773e-05
1572930301466141524,1381,1572930301412605047,,-0.000184308693861,-1.52912052727e-05,3.69376793969e-05
1572930301519950931,1382,1572930301466528892,,-3.57585349775e-07,-1.84294804058e-05,-7.60035545682e-05
1572930301574005291,1383,1572930301520524024,,-5.02307739225e-05,2.72310717264e-05,3.72860922653e-05
1572930301679302176,1384,1572930301574585914,,2.17097494897e-05,-2.28332883125e-05,-1.01826872196e-05
1572930301730998155,1385,1572930301679757118,,0.000172564774402,5.87169415667e-05,0.000102067941043
1572930301783918220,1386,1572930301731139898,,1.02132353277e-05,-8.55575672176e-06,0.000113940353913
1572930301838161206,1387,1572930301784948110,,-5.158868953e-05,-3.92868641939e-05,-0.000108681844722
1572930301892343165,1388,1572930301838701963,,-2.56597159023e-05,2.79434207187e-05,-2.14959854929e-05
1572930301945824994,1389,1572930301892631053,,4.18369127146e-05,-9.89297859633e-06,-1.97905810637e-05
1572930301999867319,1390,1572930301946439027,,-1.82380917977e-05,-3.89681263187e-05,-8.58831772348e-05
1572930302053731664,1391,1572930302000524044,,3.14000280923e-05,-5.12573569722e-05,-1.42777134897e-05
1572930302107441071,1392,1572930302054280042,,2.11667920667e-05,4.23248275183e-05,9.72124325926e-05
1572930302210005704,1393,1572930302107841014,,-3.59771584044e-05,-2.33421615121e-05,-4.98684712511e-05
1572930302263466817,1394,1572930302210216045,,-6.98964722687e-05,-1.8378628738e-05,-8.24302551337e-05
1572930302317716942,1395,1572930302264381885,,-0.00159754278138,-0.000130419371999,5.65817608731e-05
1572930302371395582,1396,1572930302317991018,,-7.91531783761e-06,-6.2791068558e-06,-1.44147261381e-05
1572930302424797444,1397,1572930302371551036,,-1.71436640812e-05,5.15171268489e-05,0.000101560777694
1572930302478380184,1398,1572930302425312042,,-3.44171567122e-05,-8.17345426185e-05,-8.04310111562e-05
1572930302531583204,1399,1572930302478606939,,-4.49770550404e-06,-2.82542951027e-05,-4.25873404311e-05
1572930302586936853,1400,1572930302532288074,,9.33511255425e-05,2.13385010284e-06,6.33387899143e-05
1572930302640857401,1401,1572930302587338924,,-2.05373689823e-05,6.53856841382e-05,9.22744147829e-05
1572930302744370030,1402,1572930302641335010,,2.81310331047e-05,-9.31359463721e-05,-0.000119941061712
1572930302798453535,1403,1572930302745156049,,1.1671696484e-05,6.66662235744e-05,6.40109137748e-05
1572930302851385138,1404,1572930302797835111,,-9.58934288064e-06,-1.71039428096e-05,1.3773667888e-05
1572930302905106215,1405,1572930302851434946,,-6.92954708938e-05,-1.18249238312e-06,-9.02079846128e-05
1572930302958973358,1406,1572930302905509948,,7.04205958755e-05,3.46057531715e-05,5.44436852579e-06
1572930303011738456,1407,1572930302959379911,,-2.5124525564e-05,-2.55613758782e-05,-1.90863993339e-05
1572930303063494163,1408,1572930303011296033,,-0.00708769774064,-0.000571238866542,0.000237054031459
1572930303116133572,1409,1572930303063755035,,2.41050256591e-05,-3.79996095035e-06,4.93357265441e-06
1572930303169617664,1410,1572930303116435050,,-8.78033824847e-05,-9.77000945568e-06,-5.68778341403e-05
1572930303273813255,1411,1572930303170248031,,6.53838433209e-05,2.30550031119e-05,9.77672243607e-05
1572930303327407510,1412,1572930303274425029,,-4.6467125685e-06,8.14680788608e-06,2.35341794905e-05
1572930303381188321,1413,1572930303327994108,,6.19920174358e-05,6.25073589617e-05,6.38592973701e-05
1572930303434171184,1414,1572930303381829977,,6.06619141763e-05,-6.0528414906e-05,-2.03061517823e-05
1572930303487061826,1415,1572930303434603929,,-0.000198072753847,-0.000102329911897,-9.07824723981e-05
1572930303540237652,1416,1572930303487204074,,0.000129988547997,-1.03308448161e-05,-6.97059076629e-05
1572930303593089444,1417,1572930303540699958,,1.17263607535e-05,0.00010375661077,7.23522607586e-05
1572930303645809731,1418,1572930303593391895,,-4.44851502834e-05,1.70014609466e-05,9.29671368795e-05
1572930303698835733,1419,1572930303645952939,,-6.17161640548e-05,-5.0963000831e-05,-8.48280615173e-05
1572930303752276186,1420,1572930303699229001,,-0.000143048702739,-1.42671410686e-06,-8.8602580945e-05
1572930303807244783,1421,1572930303754678964,,5.7718516473e-05,-2.53754787991e-05,4.01302440878e-06
1572930303860165421,1422,1572930303807776927,,7.99694316811e-05,1.93648907043e-06,4.9971309636e-05
1572930303913375496,1423,1572930303860513925,,1.4756683413e-05,-2.21962200158e-05,-3.27375273628e-05
1572930304017322113,1424,1572930303914134025,,9.76904630079e-05,-2.68262338068e-05,-2.65075577772e-05
1572930304074008391,1425,1572930304019474029,,-0.000123308302136,4.36693790107e-06,-4.59741713712e-05
1572930304126779606,1426,1572930304073168039,,-0.000100560348073,-2.21520240302e-05,-0.000121109376778
1572930304181941674,1427,1572930304127382040,,-1.41295568028e-05,1.66862791957e-05,-3.28829119098e-05
1572930304234533305,1428,1572930304182137966,,0.000101722995169,9.20489110285e-05,0.000141051714309
1572930304287624127,1429,1572930304234761953,,-4.56660200143e-06,-4.13361594838e-05,-3.19085811498e-05
1572930304341411272,1430,1572930304287996053,,4.64568665848e-06,3.39033358614e-05,4.47582242487e-05
1572930304395703332,1431,1572930304341869115,,5.80036021347e-06,-1.59286610142e-05,-6.69714645483e-05
1572930304449449636,1432,1572930304396048069,,7.55046057748e-05,-2.38690245169e-05,5.79867919441e-05
1572930304503709605,1433,1572930304450051069,,-2.06643085221e-06,3.34492360707e-05,5.21658294019e-05
1572930304555933044,1434,1572930304504021883,,-7.38763919799e-05,-3.2308173104e-05,-0.000100525539892
1572930304608988422,1435,1572930304555948972,,-4.14340065618e-05,-7.49814716983e-05,-2.17003325815e-05
1572930304663339984,1436,1572930304609359979,,5.32997546543e-05,4.73864048445e-07,-7.4895171565e-05
1572930304717348860,1437,1572930304662942886,,7.68331810832e-05,4.77531057186e-06,-6.28722500551e-06
1572930304769646506,1438,1572930304717714071,,-0.000325610308209,-3.62146295174e-07,-3.13063287649e-06
1572930304822625672,1439,1572930304769866943,,-1.32262794068e-05,1.12605403046e-05,-2.92591630568e-05
1572930304875232590,1440,1572930304822081089,,-0.00038936448982,-9.64020819083e-06,7.33862907509e-05
1572930304979452996,1441,1572930304875825881,,0.000127988925669,9.22168692341e-05,0.000282838591374
1572930305083380141,1442,1572930304980062007,,2.10224588955e-05,-7.63856733101e-05,-0.000142558244988
1572930305136540326,1443,1572930305083786010,,-0.000144583565998,6.24101130597e-06,-0.000118797805044
1572930305189788998,1444,1572930305136585950,,4.25444777647e-05,5.33053462277e-05,4.70688137284e-05
1572930305242239873,1445,1572930305190217971,,2.15172149183e-05,-7.37572690923e-06,-5.09235687787e-05
1572930305295610709,1446,1572930305242314100,,7.2952178698e-07,7.68326799516e-07,3.06964684569e-05
1572930305348953591,1447,1572930305297065019,,-6.97978175594e-05,-2.11086480704e-05,-7.91018537711e-05
1572930305402002187,1448,1572930305349046945,,8.19304477773e-05,-2.22871385631e-05,7.7657878137e-06
1572930305455454044,1449,1572930305402723073,,5.08460398123e-05,3.63067119906e-05,1.81714694918e-05
1572930305508958047,1450,1572930305455576896,,-0.000188108169823,6.22603110969e-05,-7.69955950091e-05
1572930305563417302,1451,1572930305509174108,,-4.96315406053e-05,-7.23815755919e-05,-7.72735438659e-05
1572930305617604709,1452,1572930305563956975,,0.000106560764834,5.27028932993e-05,0.000191499420907
1572930305671410192,1453,1572930305618123054,,9.25710846786e-05,0.000104561862827,0.0001157690931
1572930305725436159,1454,1572930305671818017,,-0.000142836172017,-5.00051537529e-05,-0.000184999589692
1572930305827962847,1455,1572930305725545883,,5.48813768546e-05,4.21830554842e-05,-9.92833975033e-06
1572930305881322816,1456,1572930305828257083,,-9.44579369389e-05,-3.8176876842e-05,1.68328142536e-08
1572930305935182609,1457,1572930305881746053,,0.0004354758712,8.94932691153e-06,5.31096738996e-05
1572930305988575105,1458,1572930305935512065,,0.000184449614608,3.83848164347e-05,0.000147600308992
1572930306041742289,1459,1572930305988828897,,-5.28158816451e-05,1.67134021467e-05,-3.6154378904e-05
1572930306095188141,1460,1572930306041939973,,2.05319665838e-05,-1.70382918441e-05,2.18778150156e-05
1572930306148531521,1461,1572930306095169067,,0.000115170718345,-2.24439518206e-05,5.15043466294e-05
1572930306200963421,1462,1572930306149111032,,-0.00118898705114,-6.35075921309e-05,5.41371355212e-06
1572930306303777797,1463,1572930306201086044,,-4.2946285248e-05,-1.64029479492e-05,-4.75710621686e-05
1572930306357445697,1464,1572930306304338932,,-5.71315576963e-05,-1.672192775e-05,4.92825392939e-06
1572930306410885507,1465,1572930306357765913,,7.85623797128e-06,-4.35981310147e-05,-0.000130010943394
1572930306464695863,1466,1572930306411499977,,4.02648001909e-05,2.5718474717e-05,2.24982031796e-05
1572930306518685771,1467,1572930306465536117,,1.99125661311e-05,5.00963178638e-05,0.000119265183457
1572930306572303221,1468,1572930306519258022,,-6.71925226925e-05,-4.24566314905e-05,-8.91431991477e-05
1572930306926413759,1469,1572930306573255062,,2.1636227757e-05,-6.84357000864e-05,-7.30658066459e-05
1572930306980164518,1470,1572930306926798105,,-0.000369194982341,2.78164425254e-05,-0.000265353271971
1572930307034836803,1471,1572930306981669902,,-0.000145403289935,0.000772687082645,-0.00427521718666
1572930307089662673,1472,1572930307035320043,,0.000388973334339,0.00048171414528,-0.00846883747727
1572930307144960415,1473,1572930307090764999,,-3.13959135383e-05,-5.73864053877e-05,-0.0101836044341
1572930307197292025,1474,1572930307145312070,,-0.000597546633799,-1.3897867575e-05,-0.00985996425152
1572930307251942090,1475,1572930307197515964,,-0.000623288855422,0.000133307796204,-0.0100292386487
1572930307306228031,1476,1572930307252449989,,-0.000682270503603,0.00010820938769,-0.01035114564
1572930307359660656,1477,1572930307306487083,,-0.000449651415693,0.00022885944054,-0.00983946304768
1572930307413334755,1478,1572930307360033035,,-0.000493727624416,0.000214204090298,-0.0098002133891
1572930307466566663,1479,1572930307413929939,,-0.000624331762083,0.000204180381843,-0.00973910745233
1572930307519404654,1480,1572930307466233015,,-0.000937081757002,0.000119966898637,-0.0101695721969
1572930307573959525,1481,1572930307520004034,,-0.00101753917988,0.000230778648984,-0.00997604802251
1572930307629023121,1482,1572930307574753999,,-0.00490996288136,-7.4681447586e-05,-0.00979248993099
1572930307682384332,1483,1572930307629184007,,-0.00163049250841,0.000230443940382,-0.00966444890946
1572930307736154908,1484,1572930307682864904,,-0.000657046271954,0.000395863607991,-0.0100378254429
1572930307789360000,1485,1572930307736735105,,-0.00105413247366,0.000276400649454,-0.0102691687644
1572930307842282657,1486,1572930307789858102,,-0.00179625244346,0.000293268734822,-0.00949301477522
1572930307895146820,1487,1572930307842607021,,-0.000833581725601,0.000315113255056,-0.0101786619052
1572930307948905233,1488,1572930307895284891,,-0.00080518447794,0.000228089789744,-0.0102198300883
1572930308002617893,1489,1572930307949058055,,-0.000955983181484,0.000250112439971,-0.010362084955
1572930308056071079,1490,1572930308003177881,,-0.00112059235107,0.000217281427467,-0.0107747353613
1572930308110439633,1491,1572930308056963920,,-0.000907502602786,0.000429533538409,-0.00963218789548
1572930308164729256,1492,1572930308111830949,,-0.000451670901384,0.000399963930249,-0.00960588827729
1572930308218043411,1493,1572930308164861917,,-0.000693994166795,0.000372394773876,-0.0102705182508
1572930308271377651,1494,1572930308218420028,,-0.000797882268671,0.000355016964022,-0.0101507604122
1572930308325030605,1495,1572930308272131919,,-0.000872918928508,0.000207692457479,-0.0103802066296
1572930308378872753,1496,1572930308325452089,,-0.00067031069193,0.00023734018032,-0.00975675322115
1572930308432678921,1497,1572930308379148006,,-0.00060807436239,0.000213279723539,-0.0100402738899
1572930308485771655,1498,1572930308432816982,,-0.00071139994543,0.000253757840255,-0.0102077173069
1572930308539946492,1499,1572930308486612081,,-0.000893001328222,0.000336832687026,-0.00990456622094
1572930308643871599,1500,1572930308540158987,,-0.000698668824043,0.000279775937088,-0.0101497741416
1572930308696984334,1501,1572930308643374919,,-0.000721421150956,0.000209395089769,-0.0101471915841
1572930308752713710,1502,1572930308697920083,,-0.000853972625919,0.000234590683249,-0.00988452881575
1572930308806412576,1503,1572930308753200054,,-0.000882419699337,2.44999282586e-05,-0.0103028686717
1572930308860889114,1504,1572930308806894063,,-0.00062795705162,0.000200048642,-0.0100705130026
1572930308915108335,1505,1572930308861499071,,-0.000625505228527,0.000241139685386,-0.00994792487472
1572930308968566435,1506,1572930308915386915,,-0.000478152389405,0.000427976017818,-0.00961174536496
1572930309022069404,1507,1572930308969252109,,-0.000809070304967,0.000407752813771,-0.00997583568096
1572930309074475747,1508,1572930309022192001,,-0.000934743788093,0.000101600002381,-0.0103944195434
1572930309128194201,1509,1572930309074827909,,-0.000477344408864,0.000309768191073,-0.00941604468971
1572930309181998627,1510,1572930309128586053,,-0.000722472323105,0.00025245611323,-0.00993229448795
1572930309235950385,1511,1572930309182609081,,-0.00073489517672,0.000326218898408,-0.010052440688
1572930309289535401,1512,1572930309236321926,,-0.000781809736509,0.000359111989383,-0.00997460726649
1572930309392797453,1513,1572930309290098905,,-0.000449134706287,0.000259516207734,-0.0100768208504
1572930309445423023,1514,1572930309393138885,,-0.000755536661018,0.000324091990478,-0.0099979210645
1572930309498421269,1515,1572930309445965051,,-0.000790947233327,0.000271105935099,-0.0103198625147
1572930309552102554,1516,1572930309498730897,,-0.000842858396936,0.000392027781345,-0.00976091623306
1572930309605893159,1517,1572930309552496910,,-0.000758403737564,0.000212141996599,-0.00994632579386
1572930309711266734,1518,1572930309606283903,,-0.000604681961704,0.00024355117057,-0.00993904098868
1572930309765184813,1519,1572930309711760044,,-0.000638524477836,0.000269235286396,-0.00991231109947
1572930309819175350,1520,1572930309765746116,,-0.000535463856068,0.00023547282035,-0.0100310090929
1572930309872188023,1521,1572930309819813013,,-0.000657432363369,0.000180724018719,-0.0104079553857
1572930309925737420,1522,1572930309872545957,,-0.000529403972905,0.00011719862232,-0.0101566603407
1572930309979241431,1523,1572930309925837993,,-0.000801466580015,0.000258550950093,-0.0101277912036
1572930310033542562,1524,1572930309979902029,,-0.000911958282813,0.000295845820801,-0.010279327631
1572930310085477982,1525,1572930310033317089,,-0.000736337853596,0.000216971748159,-0.0101865353063
1572930310139022440,1526,1572930310085515975,,-0.000508569297381,0.000262952322373,-0.00993365515023
1572930310243271550,1527,1572930310139731884,,-0.00068229297176,0.000368795124814,-0.00994662288576
1572930310295420169,1528,1572930310243417978,,-0.000516143336426,0.00032308686059,-0.0100290048867
1572930310348084712,1529,1572930310295713901,,-0.000668538676109,0.000343061663443,-0.0102112591267
1572930310400587154,1530,1572930310348402976,,-0.000605232780799,0.00034871918615,-0.00984111335129
1572930310454347069,1531,1572930310401006937,,-0.000689646869432,0.000189069964108,-0.010098583065
1572930310507897045,1532,1572930310454591035,,-0.000641846098006,0.000332714873366,-0.0101530756801
1572930310560763599,1533,1572930310508405923,,-0.000545639719348,0.00038233367377,-0.0096960188821
1572930310614017590,1534,1572930310560959100,,-0.000612832023762,0.000301699183183,-0.00999370403588
1572930310668008171,1535,1572930310614643096,,-0.00061321107205,0.000173274849658,-0.010293232277
1572930310720872107,1536,1572930310668478012,,-0.000600584840868,0.000270383054158,-0.0100121386349
1572930310774508374,1537,1572930310721393108,,-0.000866340647917,0.000181490846444,-0.0100327311084
1572930310828249028,1538,1572930310774892091,,-0.000681225326844,0.000258436630247,-0.0101274466142
1572930310880855285,1539,1572930310828870058,,-0.000442940247012,0.000185489436262,-0.00984022859484
1572930310984355224,1540,1572930310881033897,,-0.00115421437658,0.000205210482818,-0.0101941013709
1572930311038285372,1541,1572930310984760999,,-0.00157850165851,0.00020353232685,-0.00989670585841
1572930311091133753,1542,1572930311038528919,,-0.000521968060639,0.000280928710708,-0.00976317934692
1572930311145014936,1543,1572930311091576099,,0.00121913803741,0.000404888181947,-0.0099545000121
1572930311197796865,1544,1572930311145049095,,-0.000845405971631,0.000182925359695,-0.0102029684931
1572930311251022366,1545,1572930311198054075,,-0.000885528046638,0.00028421607567,-0.0101315854117
1572930311306398956,1546,1572930311253176927,,-0.000395883020246,0.000325341912685,-0.00993802770972
1572930311360280539,1547,1572930311306916952,,-0.000391781213693,0.000443423632532,-0.00989837944508
1572930311414262680,1548,1572930311361025094,,-0.000582145527005,0.00031296222005,-0.00992541201413
1572930311518263755,1549,1572930311414649963,,-0.000832644698676,0.000372999958927,-0.0101129794493
1572930311571716435,1550,1572930311518218040,,-0.000645684369374,0.000152631226229,-0.0100232865661
1572930311624487256,1551,1572930311571165084,,-0.000688395346515,0.000139677693369,-0.0100157409906
1572930311677567197,1552,1572930311624856948,,-0.000527144991793,0.000251868303167,-0.0101158749312
1572930311731435432,1553,1572930311677782058,,-0.000673153146636,0.000363800034393,-0.00974999554455
1572930311784390158,1554,1572930311731801986,,-0.000658454198856,0.000348311848938,-0.00963832158595
1572930311837126269,1555,1572930311785233974,,-0.000463393545942,0.000300484651234,-0.0101012596861
1572930311890465674,1556,1572930311837229013,,-0.000697682553437,0.00028735093656,-0.00997460074723
1572930311943597613,1557,1572930311890862941,,-0.000724290322978,0.000245798961259,-0.0101165184751
1572930311997161083,1558,1572930311943974971,,-0.000736835296266,0.00031801086152,-0.00994498934597
1572930312049715050,1559,1572930311997901916,,1.32815657707e-05,0.000352955044946,-0.00986293610185
1572930312103227544,1560,1572930312050051927,,-0.000629185291473,0.000358345132554,-0.00975964777172
1572930312155478734,1561,1572930312103542089,,-0.00393577897921,-4.87734432681e-05,-0.00995275937021
1572930312208821432,1562,1572930312155666112,,-0.000679334043525,0.000356898759492,-0.0100875645876
1572930312261292316,1563,1572930312209327936,,-0.000479198497487,0.000334543903591,-0.010071028024
1572930312315250797,1564,1572930312261363983,,-0.000410740321968,0.000235715488088,-0.00976538006216
1572930312367775644,1565,1572930312315387010,,-0.000512397789862,0.00028090676642,-0.00990937463939
1572930312420259811,1566,1572930312368053913,,-0.000669254513923,0.000281238782918,-0.0100432122126
1572930312473504276,1567,1572930312420420885,,-0.000796373176854,0.000324293185258,-0.0100746210665
1572930312526050938,1568,1572930312472830057,,-0.00064414559165,0.000308506714646,-0.0101171806455
1572930312579879179,1569,1572930312526469945,,-0.000567611132283,0.000380753044738,-0.00988486316055
1572930312632774109,1570,1572930312580118894,,-0.000377111689886,0.0004358383012,-0.00987373758107
1572930312685531856,1571,1572930312633233070,,-0.000639374309685,0.000311188661726,-0.00994843803346
1572930312739303448,1572,1572930312686156988,,-0.000610506802332,0.000209688339964,-0.00999767053872
1572930312793145703,1573,1572930312740029096,,-0.000490141334012,0.000123618738144,-0.0102847190574
1572930312847464197,1574,1572930312793622970,,-0.00064036535332,0.000168177604792,-0.0100568532944
1572930312901992814,1575,1572930312848721027,,-0.000634480442386,0.000248004420428,-0.0101501671597
1572930312956740367,1576,1572930312902548074,,-0.00175722758286,0.000127383755171,-0.0098861977458
1572930313011417739,1577,1572930312956718921,,-0.000462840689579,0.000322866835631,-0.00996430777013
1572930313065934105,1578,1572930313012391090,,-0.000512281665578,0.000342463492416,-0.00984613317996
1572930313119405059,1579,1572930313065932989,,-0.000518918444868,0.000361364567652,-0.00974846910685
1572930313173261789,1580,1572930313119867086,,-0.00064358045347,0.000288488896331,-0.0100811170414
1572930313226612597,1581,1572930313173886060,,-0.000705157232005,0.000159263203386,-0.0101959593594
1572930313280613776,1582,1572930313226777076,,-0.000770050450228,0.000291251781164,-0.00995408464223
1572930313335584876,1583,1572930313280976057,,-0.000403949379688,0.000455292378319,-0.00963139161468
1572930313390846008,1584,1572930313337331056,,-0.000734250235837,0.00020937397494,-0.0102598611265
1572930313444324004,1585,1572930313390882968,,-0.000621457351372,0.00037438023719,-0.00998021010309
1572930313500579995,1586,1572930313444667100,,-0.000619357218966,0.000379746314138,-0.00991014111787
1572930313552969487,1587,1572930313499706983,,-0.000579384912271,0.000311206444167,-0.00994614325464
1572930313605962885,1588,1572930313553421020,,-0.000581973639783,0.000186328659765,-0.0101458625868
1572930313659411221,1589,1572930313606256008,,-0.000713134882972,0.000272252567811,-0.00970589183271
1572930313714503067,1590,1572930313659878969,,-0.000850221375003,0.000341909239069,-0.00997601635754
1572930313766537207,1591,1572930313714616060,,-0.000460422132164,0.000379974168027,-0.0100788781419
1572930313818510952,1592,1572930313766644954,,-0.000188962992979,0.00021966866916,-0.00989855267107
1572930313870695931,1593,1572930313818753004,,-0.000877431419212,0.000396376970457,-0.00996900442988
1572930313924078034,1594,1572930313870901107,,-0.000635253498331,0.00030776267522,-0.00993882399052
1572930313976936534,1595,1572930313924758911,,-0.000730053987354,0.000252340454608,-0.0102357910946
1572930314030475518,1596,1572930313977128982,,-0.000692414527293,0.000248236552579,-0.00996287353337
1572930314133020314,1597,1572930314030510902,,-0.000610649469309,0.000251284363912,-0.00989743787795
1572930314186520328,1598,1572930314133474111,,-0.000509963952936,0.000340667320415,-0.0102217691019
1572930314240912708,1599,1572930314187453985,,-0.00031752709765,0.000248200725764,-0.00998606532812
1572930314345221500,1600,1572930314241460084,,-0.000504086026922,0.000250129232882,-0.00986524485052
1572930314399732653,1601,1572930314345383882,,-0.000805367657449,0.000286903610686,-0.0100692193955
1572930314452739524,1602,1572930314400279998,,-0.000780345348176,0.000318444945151,-0.0103855207562
1572930314506010947,1603,1572930314453090906,,-0.000551588658709,0.000241386704147,-0.0102958008647
1572930314559576105,1604,1572930314506895065,,-0.00045835977653,0.000339785619872,-0.00976884830743
1572930314613304450,1605,1572930314559719085,,-0.000383492821129,0.00040900107706,-0.009710887447
1572930314667058834,1606,1572930314614707946,,-0.000595830264501,0.000370187131921,-0.0101310843602
1572930314719999942,1607,1572930314667584896,,-0.000698299205396,0.000310641888063,-0.0100045548752
1572930314775506683,1608,1572930314720205068,,-0.000594784796704,0.000259508786257,-0.00981295015663
1572930314831504612,1609,1572930314775646924,,-0.000449167884653,0.000220145739149,-0.0098649347201
1572930314883640015,1610,1572930314830482006,,-0.000462074851384,0.000156508991495,-0.0100936712697
1572930314936492860,1611,1572930314883825063,,-0.000481599010527,0.000318101840094,-0.0100172832608
1572930314989708636,1612,1572930314936618089,,-0.000391500914702,0.000392546091462,-0.00987565331161
1572930315043566160,1613,1572930314990319967,,-0.000423336983658,0.00037749382318,-0.00989546068013
1572930315097647607,1614,1572930315043994903,,-0.000523349212017,0.000221671361942,-0.00990615226328
1572930315149469533,1615,1572930315096957921,,-0.000880311243236,0.000243425296503,-0.0102277472615
1572930315202875818,1616,1572930315149969100,,-0.000625097076409,0.000229819896049,-0.00988298188895
1572930315255833537,1617,1572930315203804016,,-0.000545427377801,0.000287779112114,-0.00983107928187
1572930315308588540,1618,1572930315256009101,,-0.000482216390083,0.00029157748213,-0.0099097955972
1572930315362170987,1619,1572930315309223890,,-0.000524186936673,0.000261200970272,-0.00968913827091
1572930315465750069,1620,1572930315362287044,,-0.000572345976252,0.000359760277206,-0.0100968517363
1572930315519796295,1621,1572930315466326951,,-0.000415697897552,0.000373615534045,-0.00977093540132
1572930315572125286,1622,1572930315520194053,,-0.000544374925084,0.000285746733425,-0.00994641613215
1572930315675569702,1623,1572930315572453022,,-0.000646657310426,0.000305758760078,-0.010195675306
1572930315729017729,1624,1572930315676121950,,-0.000309383030981,0.000333297299221,-0.00983979832381
1572930315782561783,1625,1572930315729219913,,-0.000319504499203,0.000331939168973,-0.00977911986411
1572930315836571267,1626,1572930315782883882,,-0.000509276345838,0.000347711116774,-0.0098258620128
1572930315890098761,1627,1572930315836601972,,-0.000525359122548,0.000206931435969,-0.0096458280459
1572930315944113842,1628,1572930315890561103,,-0.000568924820982,0.000255164981354,-0.0102199614048
1572930316000138544,1629,1572930315945327997,,-0.00061186455423,0.000276773731457,-0.0100171584636
1572930316053911214,1630,1572930316000669002,,-0.00062005140353,0.000227537209867,-0.0101194195449
1572930316107888282,1631,1572930316054435014,,0.000362887425581,0.000357871613232,-0.0101399477571
1572930316211620108,1632,1572930316108401060,,-0.000598695420194,0.000360707723303,-0.00973637122661
1572930316266878619,1633,1572930316212467908,,-0.000351398863131,0.000273366924375,-0.0100629115477
1572930316320923352,1634,1572930316266985893,,-0.000490076898132,0.000313642609399,-0.0100704357028
1572930316373826192,1635,1572930316320442914,,-0.000685461855028,0.000326999288518,-0.010116356425
1572930316427250141,1636,1572930316374386072,,-0.000664262275677,0.000312909425702,-0.00977016519755
1572930316480836118,1637,1572930316428215980,,-0.000431406020653,0.000259780703345,-0.0101252086461
1572930316534106834,1638,1572930316480917930,,-0.000412588677136,0.000314188451739,-0.00959629938006
1572930316588886475,1639,1572930316534607887,,-0.00039822171675,0.00037944043288,-0.00984894298017
1572930316692746630,1640,1572930316589091062,,-0.00037980437628,0.000422381359385,-0.00970886927098
1572930316746125252,1641,1572930316693250894,,-0.000480693095597,0.000318195845466,-0.0101405195892
1572930316799720618,1642,1572930316746819019,,-0.000378665979952,0.000229486991884,-0.00996793992817
1572930316854553645,1643,1572930316799930095,,-0.000510917394422,0.000275106518529,-0.00982293859124
1572930316909902834,1644,1572930316855386018,,-0.000687947263941,0.000301333959214,-0.00980351865292
1572930317013971931,1645,1572930316910162925,,4.34812027379e-05,0.000344286556356,-0.00963238906115
1572930317067148961,1646,1572930317014157056,,-0.000628073175903,-0.00131209334359,0.00351446634158
1572930317122077709,1647,1572930317067451953,,-0.00165966339409,-0.00132674956694,0.0136261275038
1572930317174355246,1648,1572930317121092081,,-0.000253954989603,3.80772034987e-05,0.0195322874933
1572930317228417467,1649,1572930317174969911,,0.000336296303431,8.77999627846e-05,0.0206204988062
1572930317282313413,1650,1572930317228830099,,0.00106075278018,7.06158680259e-05,0.0200571157038
1572930317335011907,1651,1572930317281851053,,0.00123566773254,0.000104573606222,0.0199197344482
1572930317388881727,1652,1572930317335483074,,0.00140506459866,-0.000166627476574,0.017201397568
1572930317442409468,1653,1572930317389367103,,0.00175780034624,-0.000147121347254,0.0126251820475
1572930317495333233,1654,1572930317441838026,,0.00128195376601,-0.000168411366758,0.0105642359704
1572930317548087778,1655,1572930317494692087,,0.000873370154295,-0.000394105940359,0.00997417513281
1572930317601950703,1656,1572930317548264026,,0.00081582646817,-0.000307998765493,0.0101505331695
1572930317655778608,1657,1572930317602129936,,0.000836664054077,-0.000341422535712,0.0101762972772
1572930317758936285,1658,1572930317656476974,,0.00101798959076,-0.000429415260442,0.00992490537465
1572930317812620866,1659,1572930317759351015,,0.000568812771235,-0.000348870438756,0.0102499881759
1572930317866247909,1660,1572930317813113927,,0.000485782540636,-0.000502086593769,0.00975026097149
1572930317919727337,1661,1572930317867296934,,0.000686340208631,-0.000405878236052,0.0102279819548
1572930317972222590,1662,1572930317920047998,,0.00066346762469,-0.000435121386545,0.0106473062187
1572930318026007248,1663,1572930317972793102,,0.000613460550085,-0.000435673748143,0.0100160818547
1572930318080244666,1664,1572930318026714086,,0.00125359161757,-0.000311202311423,0.010086379014
1572930318133930167,1665,1572930318080631017,,0.00073494942626,-0.000302888714941,0.00998646300286
1572930318187898257,1666,1572930318134447097,,0.000832187186461,-0.000304401793983,0.0102076698095
1572930318241325929,1667,1572930318188065052,,0.00082289770944,-0.000300952669932,0.0102071547881
1572930318295872885,1668,1572930318241904020,,0.000518935208675,-0.000302784901578,0.0100397858769
1572930318349450361,1669,1572930318296281099,,0.000716290262062,-0.000304972287267,0.0100419837981
1572930318403683897,1670,1572930318349939107,,0.000674356764648,-0.000261352659436,0.0102950865403
1572930318456155330,1671,1572930318404149055,,0.000686967454385,-0.000245217379415,0.0102007370442
1572930318510909269,1672,1572930318456322908,,0.000705026905052,-0.000218697066884,0.0101428385824
1572930318615307502,1673,1572930318511894941,,0.000719209783711,-0.000231680605793,0.00992556102574
1572930318669066530,1674,1572930318615674018,,0.000574078585487,-0.00028697506059,0.0102105308324
1572930318721751515,1675,1572930318669388055,,0.000402122590458,-0.000326461537043,0.00984442513436
1572930318775157022,1676,1572930318721956968,,0.00038318100269,-0.000367119937437,0.00962270516902
1572930318877948926,1677,1572930318775660991,,0.000738517846912,-0.000305766065139,0.0101763568819
1572930318931460033,1678,1572930318878297090,,0.000804820971098,-0.000278662337223,0.0101361889392
1572930318985448080,1679,1572930318931853055,,0.000507066724822,-0.000271494907793,0.0101121906191
1572930319039155791,1680,1572930318985594987,,0.000607946654782,-0.000295072211884,0.0094856377691
1572930319093894008,1681,1572930319039699077,,0.000594197539613,-0.000285640417133,0.0101022329181
1572930319148177427,1682,1572930319094736099,,0.000485510245198,-0.000434131827205,0.00971175543964
1572930319202976995,1683,1572930319148534059,,0.000895285455044,-0.000367462751456,0.00986473634839
1572930319255623217,1684,1572930319202349901,,0.000718346273061,-0.000332481693476,0.0103542366996
1572930319309922164,1685,1572930319256304025,,0.000571946031414,-0.000309914903482,0.0097615160048
1572930319362596124,1686,1572930319310131072,,0.000795715488493,-0.000152296124725,0.0103477211669
1572930319415938251,1687,1572930319362590074,,0.00058566610096,-0.000204015756026,0.0100093716756
1572930319469976877,1688,1572930319416388988,,0.000620581675321,-0.000225199037232,0.0100741656497
1572930319524024846,1689,1572930319470714092,,0.000542282301467,-0.000231718251598,0.010045834817
1572930319578186212,1690,1572930319524554014,,0.000585595611483,-0.000344423693605,0.00988783687353
1572930319631800605,1691,1572930319578672885,,0.000526514602825,-0.000281117449049,0.00958401244134
1572930319686062834,1692,1572930319632656097,,0.000596839410719,-0.000285265909042,0.00997349899262
1572930319740038887,1693,1572930319686436891,,0.000647958659101,-0.000195502812858,0.0100584840402
1572930319794015927,1694,1572930319740369081,,0.00057593814563,-0.000231944024563,0.0101464875042
1572930319898646211,1695,1572930319794729948,,0.000706550257746,-0.00044592746417,0.00994615536183
1572930319953314600,1696,1572930319900074005,,0.0024389885366,6.79496042721e-06,0.00979458726943
1572930320007605083,1697,1572930319953857898,,0.000533788115717,-0.000413878471591,0.00978399068117
1572930320060520653,1698,1572930320008097887,,0.000600985367782,-0.000332088209689,0.0100538209081
1572930320113992705,1699,1572930320060911893,,0.000564467918593,-0.000175674678758,0.00986271165311
1572930320168067868,1700,1572930320114767074,,0.000753326632548,-0.000334251031745,0.00983209349215
1572930320221357205,1701,1572930320168617963,,0.000625481945463,-0.000293878518278,0.00993919093162
1572930320274325278,1702,1572930320221545934,,0.000646750209853,-0.000354636111297,0.00992026180029
1572930320327750903,1703,1572930320274739027,,0.000484809395857,-0.000356337201083,0.0096593350172
1572930320432119163,1704,1572930320328416109,,0.00072141981218,-0.000306256959448,0.0101782232523
1572930320485793804,1705,1572930320431740999,,0.000700936769135,-0.000224502509809,0.00993266142905
1572930320538232840,1706,1572930320485972881,,0.000582190230489,-0.000142458738992,0.010284408927
1572930320641840480,1707,1572930320538791894,,0.000638744793832,-0.000349735375494,0.00992172211409
1572930320697025802,1708,1572930320642088890,,0.000666766893119,-0.000250023644185,0.0102014448494
1572930320750573627,1709,1572930320696187019,,0.000523880124092,-0.000256992410868,0.00997158233076
1572930320805738333,1710,1572930320751569032,,0.000567837327253,-0.000348714296706,0.00986884534359
1572930320859840896,1711,1572930320806230068,,0.000662590959109,-0.000327073445078,0.0100579289719
1572930320913660068,1712,1572930320860153913,,0.000705007580109,-0.000112132445793,0.00998737756163
1572930320967826931,1713,1572930320914334058,,0.000517888751347,-0.000280702981399,0.010363990441
1572930321021770699,1714,1572930320968393087,,0.000586986367125,-0.000265950831817,0.00955493748188
1572930321075867871,1715,1572930321022489070,,0.000528196396772,-0.000351383641828,0.00950773060322
1572930321178874874,1716,1572930321076364040,,0.000610636547208,-0.00041390323895,0.010336978361
1572930321232400098,1717,1572930321179122924,,0.000682607234921,-7.22071126802e-05,0.0102294599637
1572930321286010327,1718,1572930321232656002,,0.000629722315352,-0.000295710196951,0.0100514823571
1572930321339779813,1719,1572930321286539077,,0.000768752128351,-0.000334214942995,0.00977087486535
1572930321393140895,1720,1572930321340514898,,0.000923182000406,-0.000204375639441,0.0102777061984
1572930321445714889,1721,1572930321393328905,,0.000955063907895,-0.000254381651757,0.0101470956579
1572930321498490809,1722,1572930321445992946,,0.000442285119789,-0.000248300435487,0.00960435159504
1572930321552275157,1723,1572930321498861074,,0.000427798338933,-0.00023860350484,0.00980308931321
1572930321605189290,1724,1572930321552690029,,0.00356045830995,6.41848309897e-05,0.0101213622838
1572930321657901924,1725,1572930321605520963,,0.000664972059894,-0.000303825596347,0.00997776724398
1572930321710527364,1726,1572930321658076047,,0.000483265379444,-0.000217097476707,0.00988971814513
1572930321764113288,1727,1572930321710944890,,0.00125213235151,-0.000312836113153,0.00914590060711
1572930321817924355,1728,1572930321764622926,,0.00111357739661,-0.000322344887536,0.0148705430329
1572930321871625472,1729,1572930321818353891,,-3.23197018588e-05,-0.000535353203304,0.0175527594984
1572930321975873150,1730,1572930321872286081,,0.000852509983815,-0.000759616785217,0.0196365024894
1572930322030376123,1731,1572930321977441072,,0.000747088808566,-0.000562458997592,0.0189674124122
1572930322084727718,1732,1572930322031234979,,0.000801794056315,-0.000548563257325,0.0151288034394
1572930322138540261,1733,1572930322085238933,,0.000883838918526,-0.000590617419221,0.0129679888487
1572930322241578019,1734,1572930322139163017,,0.000343708205037,-0.000197814049898,0.00986461807042
1572930322294612390,1735,1572930322241928100,,0.000830065109767,-0.000317877333146,0.010156063363
1572930322349081728,1736,1572930322295135974,,0.000575179758016,-0.00024627635139,0.0101028839126
1572930322401849529,1737,1572930322349355936,,0.000695798138622,-0.000301533436868,0.00964178331196
1572930322506287658,1738,1572930322402211904,,0.000417687784648,-0.000208361365367,0.0102614564821
1572930322560027899,1739,1572930322507644891,,-0.00151903717779,-0.000490132486448,0.010154212825
1572930322613750273,1740,1572930322560111999,,0.000575457408559,-0.000418295821873,0.00975895207375
1572930322667831441,1741,1572930322614161014,,0.000841486267745,-0.00029817133327,0.0099248252809
1572930322720333490,1742,1572930322667165994,,0.000710232008714,-0.000189671918633,0.0101890359074
1572930322775399665,1743,1572930322720649957,,0.000602152838837,-0.000316118646879,0.00994087476283
1572930322828686167,1744,1572930322775566101,,0.000533712736797,-0.000302605476463,0.00989848561585
1572930322881762452,1745,1572930322829338073,,0.000505510310177,-0.000227000346058,0.0100249256939
1572930322934748204,1746,1572930322882121086,,0.000475811801152,-0.000387131993193,0.0100051378831
1572930323038977667,1747,1572930322935468912,,0.000570299162064,-0.000307893322315,0.00991039536893
1572930323091454049,1748,1572930323038156986,,0.00085896422388,-0.000367017986719,0.00993155688047
1572930323145278431,1749,1572930323091921091,,0.000679945282172,-0.000282260094536,0.0100476862863
1572930323198961293,1750,1572930323145664930,,0.000628466834314,-0.000225624753512,0.00998582411557
1572930323302020724,1751,1572930323199266910,,0.000510169600602,-0.000252362107858,0.0100149987265
1572930323355267555,1752,1572930323302479982,,0.000690254499204,-0.000287600123556,0.0102995466441
1572930323409198271,1753,1572930323355602025,,0.000756166526116,-0.000270056916634,0.0100048398599
1572930323462132681,1754,1572930323409208059,,0.000703748664819,-0.000175767359906,0.00987242441624
1572930323515885456,1755,1572930323462438106,,0.000615265395027,-0.00025287855533,0.010161829181
1572930323571201472,1756,1572930323517271995,,0.000674586335663,-0.000323655171087,0.0101336734369
1572930323624245953,1757,1572930323571487903,,0.000678882992361,-0.000249578006333,0.0100806513801
1572930323676979807,1758,1572930323624524116,,0.000518328568432,-0.000317415629979,0.00983500760049
1572930323729677110,1759,1572930323677275896,,0.0004610127653,-0.000184041040484,0.00994689296931
1572930323783377976,1760,1572930323729923963,,0.000343545660144,-0.000300395942759,0.00954699516296
1572930323837017464,1761,1572930323783636093,,0.000806100433692,-0.000411253451603,0.00993840396404
1572930323890859820,1762,1572930323837279081,,0.000873130047694,-0.000192239574972,0.00943730678409
1572930323944017970,1763,1572930323891446113,,0.000961351441219,-0.000236838532146,0.00974189955741
1572930323996771081,1764,1572930323944390058,,0.00058900017757,-0.000307908019749,0.0103131653741
1572930324050657632,1765,1572930323997143030,,0.000739520124625,-0.00039299603668,0.00997985992581
1572930324105810817,1766,1572930324052529096,,0.000585545494687,-0.000303937704302,0.00993860885501
1572930324160127616,1767,1572930324106111049,,0.000511187419761,-0.000303387118038,0.00996326189488
1572930324213702943,1768,1572930324159837961,,0.000535558909178,-0.000332885771058,0.00985306780785
1572930324317034249,1769,1572930324214042901,,0.00110209861305,-0.00026747782249,0.0100426580757
1572930324368872647,1770,1572930324316437005,,0.000893848249689,-0.000193306463188,0.00986291468143
1572930324422504673,1771,1572930324369131088,,0.0005590787041,-0.000281876244117,0.00999551080167
1572930324476463850,1772,1572930324422646045,,0.000443943077698,-0.000384136830689,0.0100932279602
1572930324530268000,1773,1572930324476952075,,0.000557647319511,-0.000176623114385,0.0100218160078
1572930324633353664,1774,1572930324530787944,,0.000684856087901,-0.000216634944081,0.0100087793544
1572930324687432198,1775,1572930324633744955,,0.000692286179401,-0.000187820114661,0.00976358167827
1572930324740021196,1776,1572930324687715053,,0.000720614392776,-0.000145359663293,0.0103245768696
1572930324793465332,1777,1572930324740324020,,0.000800081936177,-0.000241869362071,0.0104130730033
1572930324847567957,1778,1572930324793823003,,0.000720028416254,-0.000391230976675,0.0100215449929
1572930324901374695,1779,1572930324848134040,,0.000602504820563,-0.000362543447409,0.010131075047
1572930324955062075,1780,1572930324901792049,,0.00051539146807,-0.000302793981973,0.00978033896536
1572930325008106766,1781,1572930324955424070,,0.000594141427428,-0.000355155847501,0.00978213455528
1572930325061726631,1782,1572930325008601903,,0.000692566449288,-0.000282188819256,0.0100497938693
1572930325116186824,1783,1572930325062385082,,0.00169982819352,-0.000174444867298,0.00983223505318
1572930325169351383,1784,1572930325115782022,,0.000622213468887,-0.000266387389274,0.0101643083617
1572930325222184778,1785,1572930325169774055,,0.000610660819802,-0.000252688390901,0.0101412041113
1572930325275814922,1786,1572930325222482919,,0.000513204024173,-0.000296141515719,0.00998447276652
1572930325329022757,1787,1572930325276298046,,0.000653961265925,-0.000303581211483,0.0100074224174
1572930325382270054,1788,1572930325329427003,,0.000767576682847,-0.000288901879685,0.0101299947128
1572930325437404519,1789,1572930325383228063,,0.000471487350296,-0.000247962103458,0.00987953972071
1572930325491544775,1790,1572930325437916040,,0.000751050771214,-0.000151005602675,0.0102404383942
1572930325544005762,1791,1572930325491661071,,0.000847431423608,-0.000201038608793,0.0100502818823
1572930325596472116,1792,1572930325544594049,,0.000906842469703,-0.000235340878135,0.0102834058926
1572930325649407990,1793,1572930325596616029,,0.000576878490392,-0.000164137454703,0.0101274270564
1572930325702941002,1794,1572930325649739980,,0.000573497905862,-0.000414632959291,0.00986244250089
1572930325756571700,1795,1572930325703357934,,0.000537722720765,-0.000261523993686,0.00973007641733
1572930325810093242,1796,1572930325756843090,,0.000608578498941,-0.000204194395337,0.0100170895457
1572930325863867488,1797,1572930325810525894,,0.000627892150078,-0.000290765281534,0.00990134105086
1572930325967839326,1798,1572930325864444971,,0.000841189990751,-0.000248478288995,0.0098523683846
1572930326021276841,1799,1572930325967863082,,0.000873866432812,-0.000221857073484,0.0102638592944
1572930326075523133,1800,1572930326022058963,,0.000635198201053,-0.000253644975601,0.00982936285436
1572930326129656027,1801,1572930326075954914,,0.000501775008161,-0.000343908759532,0.00972457043827
1572930326182853945,1802,1572930326129913091,,0.000450614286819,-0.000313728058245,0.010042173788
1572930326238089863,1803,1572930326184643030,,0.000745986006223,-0.000241848931182,0.00985503476113
1572930326291733368,1804,1572930326238539934,,0.000989218009636,-0.000319662271068,0.0102597801015
1572930326344995982,1805,1572930326292469978,,0.000982809928246,-0.000235369458096,0.00995364785194
1572930326448791243,1806,1572930326345398902,,0.000830148754176,-0.000250279612374,0.00983508303761
1572930326502869397,1807,1572930326449671983,,0.000274337537121,-0.000136368355015,0.00674211559817
1572930326557290190,1808,1572930326503511905,,0.000532460864633,-8.17331383587e-05,0.0026094946079
1572930326611165830,1809,1572930326557790040,,0.000420009804657,1.11484814624e-05,0.000599799561314
1572930326664867308,1810,1572930326611511945,,-2.83145345747e-05,-3.33475827574e-06,2.56136718235e-05
1572930326718904642,1811,1572930326665117025,,0.000130753818667,-1.87825662579e-05,6.85571694703e-06
1572930326772117745,1812,1572930326718971014,,-0.000117943134683,-5.18598426424e-06,-4.07307707064e-05
1572930326825705312,1813,1572930326772504091,,2.92932345474e-05,8.6942791313e-06,4.35013134847e-05
1572930326879279946,1814,1572930326826112985,,0.000179311537067,8.46104921948e-06,-1.74136202986e-05
1572930326934199476,1815,1572930326879756927,,9.5011520898e-05,-1.4279894458e-05,-6.8392684625e-05
1572930326989160325,1816,1572930326935842037,,-5.58569045097e-05,7.64336073189e-06,-4.81138813484e-05
1572930327042187061,1817,1572930326989763021,,-2.14141964534e-05,-3.64303523384e-05,-3.32616073138e-05
1572930327094832782,1818,1572930327042484045,,-4.32345368608e-05,1.44329414979e-05,-4.01146207878e-05
1572930327148799495,1819,1572930327095187902,,1.335516572e-05,7.73053761804e-05,8.52029625094e-05
1572930327201876448,1820,1572930327149296045,,2.51370347542e-05,-7.81552007538e-05,-0.000106679159217
1572930327254274836,1821,1572930327201941013,,-2.51504625339e-05,-1.25374772324e-05,3.85187877328e-06
1572930327307289530,1822,1572930327254578113,,-1.27464818434e-05,3.91827816202e-05,5.40284418094e-05
1572930327360480907,1823,1572930327307710886,,4.41358715761e-05,-3.98070951633e-05,2.50389075518e-06
1572930327464361040,1824,1572930327361038923,,-0.000191019600607,6.84293481754e-05,-1.84073196579e-05
1572930327517003578,1825,1572930327464898109,,5.49921496713e-05,-9.5481183962e-05,-8.00504931249e-05
1572930327570050358,1826,1572930327517460107,,1.91022008948e-05,-3.21417610394e-05,-7.2382921644e-05
1572930327622812772,1827,1572930327570187091,,-0.000871953612659,-4.51103223895e-05,3.9997343265e-05
1572930327727584176,1828,1572930327623485088,,4.06357685279e-06,-1.82664516615e-05,-1.81981056357e-06
1572930327780538318,1829,1572930327728137969,,-9.66518127825e-05,-2.28313037951e-05,-8.94891782082e-05
1572930327833260738,1830,1572930327780827045,,-4.61330237158e-05,-3.78976947104e-05,-0.000151404979988
1572930327889621118,1831,1572930327833595991,,6.76307172398e-05,3.85588755307e-05,0.0001555152121
1572930327993180386,1832,1572930327888768911,,9.51342153712e-05,3.67709362763e-05,6.40989383101e-05
1572930328297722516,1833,1572930327994013071,,-0.000133000445203,-6.14081873209e-05,-0.000151942716911
1572930328350487240,1834,1572930328297956943,,6.20522550889e-05,2.70606669801e-05,-1.22835281218e-05
1572930328404372192,1835,1572930328350800991,,0.00175303861033,0.000160658208188,-1.23863646877e-05
1572930328456613815,1836,1572930328404993057,,5.8571140471e-06,8.56294791447e-05,0.000155409157742
1572930328508648241,1837,1572930328456871986,,6.54773020869e-06,4.82755640405e-05,5.63034918741e-05
1572930328561822912,1838,1572930328508949995,,-6.37746197754e-05,-2.5180668672e-05,2.32335751207e-05
1572930328615287505,1839,1572930328561264038,,0.000461455027107,3.18607162626e-05,-3.27003326674e-05
1572930328667635455,1840,1572930328614490985,,-1.22215597003e-05,-4.85849377583e-05,-3.45465014107e-05
1572930328721655807,1841,1572930328667846918,,2.81623088085e-05,-2.46234703809e-05,-1.89700640476e-05
1572930328775344676,1842,1572930328721807956,,-5.03625778947e-05,2.31973772316e-05,3.65625346603e-05
1572930328828121962,1843,1572930328775417089,,-2.09014742723e-05,1.97990884772e-05,2.61195236817e-05
1572930328931618461,1844,1572930328828408002,,-0.00021521349845,-2.44062939601e-05,-0.000111246328743
1572930328985262694,1845,1572930328932101964,,0.000184918855666,1.48809167513e-05,9.99785188469e-05
1572930329038300218,1846,1572930328985882043,,0.00746737467125,0.000508159340825,-0.000251237303019
1572930329091145312,1847,1572930329038724899,,-0.000127808772959,-3.10720643029e-05,-4.43699282187e-05
1572930329143931140,1848,1572930329091604948,,0.0120137818158,0.000949934241362,-0.000390321045415
1572930329197917092,1849,1572930329144452095,,6.46372645861e-05,8.541639545e-05,0.000121337150631
1572930329251562681,1850,1572930329198187112,,3.08273070004e-06,-3.25450832861e-06,-4.60479668618e-06
1572930329305013039,1851,1572930329252274990,,-2.97916676573e-06,-2.05290598387e-05,2.18236664296e-06
1572930329356492583,1852,1572930329304410934,,8.97763748071e-05,4.00897588406e-05,5.79163715884e-05
1572930329459617706,1853,1572930329356643915,,-0.00014731840929,-6.88703512424e-05,-0.000160881114425
1572930329513052924,1854,1572930329460099935,,-1.82599105756e-05,4.80393100588e-05,8.49214629852e-05
1572930329566533574,1855,1572930329513597011,,-0.00101639085915,-5.99289160164e-05,1.43905754157e-05
1572930329620896597,1856,1572930329567204952,,4.30872350989e-05,-5.25387731614e-05,-2.45461142185e-05
1572930329723937908,1857,1572930329621099948,,-0.000550547032617,-2.93648281513e-05,2.23465358431e-05
1572930329778497753,1858,1572930329724312067,,-0.000107947118522,3.83489395972e-06,-1.82331623364e-05
1572930329832149364,1859,1572930329778994083,,-6.8522800575e-05,-1.1686709513e-05,-9.33257706492e-06
1572930329884836187,1860,1572930329831645011,,3.15600445902e-05,-5.77765131311e-05,-5.95244273427e-05
1572930329988752480,1861,1572930329885265111,,1.58220227604e-05,-2.98628577866e-07,1.38469476951e-05
1572930330042581801,1862,1572930329989226102,,-3.76094430976e-05,1.0882650713e-05,3.49876281689e-05
1572930330096705792,1863,1572930330043262004,,-1.77337678906e-05,1.44155601447e-05,-2.7910400604e-05
1572930330200420015,1864,1572930330096856117,,-3.04121549561e-05,2.7645188311e-05,2.14094816329e-05
1572930330253838051,1865,1572930330200645923,,-0.0004272024089,-3.76992793463e-05,2.75138809229e-05
1572930330307807462,1866,1572930330254379987,,-4.46773665317e-05,-1.06078350655e-05,-2.56280418398e-05
1572930330361726137,1867,1572930330308259010,,3.39068210451e-05,-1.0055881603e-06,4.80046219309e-05
1572930330415217943,1868,1572930330361974954,,-9.39089150052e-05,-1.22554556583e-05,1.22282449411e-06
1572930330519490990,1869,1572930330416126012,,5.97050666329e-06,-3.03947053908e-05,2.80197691609e-05
1572930330572472017,1870,1572930330519824981,,5.24526003574e-05,3.58110737579e-05,1.54485715029e-05
1572930330625810615,1871,1572930330572570085,,3.39060352417e-05,3.86753454222e-05,4.95965934988e-07
1572930330677620369,1872,1572930330625869989,,-1.69233117049e-05,-1.52475522555e-05,3.0979767871e-06
1572930330780682312,1873,1572930330677299022,,-0.00118772988208,-4.85855962324e-05,7.95973610366e-05
1572930330833982832,1874,1572930330780782938,,0.000189643717022,7.39229653846e-05,9.88166211755e-05
1572930330887988435,1875,1572930330834655046,,6.1271355662e-05,-2.38394568441e-05,7.36377332942e-05
1572930330942139181,1876,1572930330888588905,,-0.000106865001726,-3.5272911191e-05,-8.38907944853e-05
1572930330996257141,1877,1572930330942693948,,8.0003947005e-06,2.31202920986e-05,-4.49182043667e-05
1572930331051280118,1878,1572930330998044013,,-1.59914852702e-05,-3.82028993045e-05,-1.00159149952e-05
1572930331105315271,1879,1572930331051887035,,-1.15478087537e-05,-1.42811568367e-05,1.77124584297e-05
1572930331158984161,1880,1572930331105739116,,3.28786853743e-07,-3.53021314368e-05,-4.02952064178e-05
1572930331213184195,1881,1572930331159461975,,6.79350778228e-05,-3.3430311305e-05,3.99665987061e-05
1572930331266993866,1882,1572930331213831901,,-9.1303827503e-06,-1.2489498431e-06,-1.43444958667e-05
1572930331320690816,1883,1572930331267685890,,-0.000122150755487,7.75941080065e-05,5.97788093728e-05
