0.00609337
0.00608237
0.00608713
0.00609356
0.00609817
0.00610624
0.00611724
0.00612524
0.00610863
0.00611162
0.00611616
0.00611763
0.00608407
0.00608724
0.00609367
0.00610013
0.00610482
0.0061129
0.00611747
0.00612985
0.00614289
0.00615251
0.00641899
0.00642864
0.00644148
0.00645438
0.00646568
0.00647697
0.00648987
0.00650279
0.00651572
0.00652861
0.00653986
0.00655121
0.00656413
0.00657696
0.00658983
0.00660272
0.00661555
0.00662678
0.006638
0.00665082
0.00666363
0.00667638
0.00668753
0.00676352
0.00677632
0.00678909
0.00680029
0.00681145
0.00682108
0.00610184
0.00610604
0.00611561
0.00611046
0.00611849
0.00611182
0.00611827
0.00612469
0.00611642
0.00611133
0.00611441
0.00612245
0.00612727
0.00611913
0.006119
0.00612034
0.0061183
0.00611623
0.00608108
0.00608747
0.00608253
0.00609061
0.00609377
0.00610176
0.0061065
0.00611453
0.00611931
0.0061305
0.00642823
0.00644111
0.00645395
0.00646686
0.00647815
0.00648938
0.00650226
0.00651516
0.00652806
0.00654096
0.00655222
0.0065635
0.00657637
0.00658925
0.00660215
0.006615
0.00662782
0.00663901
0.00665019
0.00666299
0.00667575
0.00668851
0.00670126
0.00671239
0.00613352
0.00614311
0.00615692
0.00616851
0.00618132
0.00619411
0.00629193
0.00630317
0.006316
0.00632888
0.00634172
0.00635462
0.00636747
0.00637875
0.00638997
0.00640286
0.00641254
0.00669395
0.00670192
0.00671465
0.00672579
0.00673701
0.00674977
0.0067625
0.00677526
0.00678802
0.00680078
0.00681305
0.00682549
0.00611931
0.00612731
0.00611136
0.00611777
0.00611147
0.00611467
0.00610834
0.00611481
0.00610831
0.00610812
0.00611453
0.00610794
0.00611597
0.00610983
0.00611518
0.00611378
0.0061265
0.00612948
0.0061293
0.00612005
0.00612737
0.0061206
0.00612195
0.00612673
0.0061232
0.00612643
0.00612979
0.00612166
0.00612645
0.00612149
0.00612468
0.00612299
0.00612286
0.00612273
0.00613047
0.00612394
0.00613195
0.00612257
0.00613006
0.00612174
0.00612816
0.00612152
0.00612633
0.00612289
0.00612609
0.00612262
0.00612582
0.00612239
0.00612717
0.00612675
0.0061201
0.00612809
0.00612128
0.00612779
0.00612089
0.00612723
0.00612219
0.00612345
0.00612109
0.00612588
0.00612105
0.00612581
0.00611938
0.00612578
0.00611929
0.00611926
0.00612213
0.00611868
0.00611684
0.00611502
0.00609659
0.00610214
0.00609385
0.00608563
0.00609203
0.00608375
0.00609014
0.00608356
0.00608834
0.00608173
0.00608147
0.00608126
0.0060893
0.00608432
0.00609299
0.00610348
0.00609701
0.00610502
0.00611464
0.00610816
0.00611778
0.00612573
0.00612093
0.00613054
0.00614011
0.00651734
0.00652688
0.00654448
0.0065525
0.00656536
0.00657813
0.00658937
0.00660057
0.0066118
0.00663909
0.00614328
0.00615604
0.0061656
0.00627258
0.00628059
0.0062918
0.00630301
0.00631581
0.00632865
0.00634147
0.00635434
0.00636718
0.00638
0.00639124
0.0064025
0.00641537
0.00671872
0.00672673
0.00673949
0.00675062
0.00676179
0.00677455
0.00678729
0.00680007
0.00681279
0.00682548
0.00683819
0.00684614
0.00616867
0.00618146
0.00619263
0.00620383
0.00621662
0.00622941
0.00624224
0.00625504
0.00626784
0.00628068
0.00681508
0.00682792
0.0068375
0.00684868
0.00686142
0.00687409
0.00688678
0.00689947
0.00691212
0.00692164
0.00697479
0.00698264
0.00717457
0.0071816
0.00719404
0.00615983
0.00614196
0.00612419
0.00613209
0.00612744
0.00611946
0.00612114
0.00612756
0.00611955
0.00612912
0.00612094
0.00612893
0.00612237
0.00612877
0.00612211
0.00612021
0.0061231
0.00612592
0.00613409
0.00613727
0.00613307
0.00613707
0.00613183
0.00613976
0.00613312
0.00614112
0.0061328
0.00614079
0.00613374
0.00613848
0.00613503
0.00613947
0.00613937
0.00613284
0.00613923
0.00613107
0.00614067
0.00613097
0.00614057
0.00613084
0.00613722
0.00613226
0.0061371
0.00613527
0.00614312
0.00613645
0.00614454
0.00613451
0.0061442
0.00613268
0.00614225
0.00613248
0.00614043
0.00613224
0.00613862
0.00613405
0.00614
0.00613317
0.00613449
0.00614087
0.00613301
0.0061421
0.00613365
0.00614323
0.00613176
0.00613968
0.00613143
0.00613942
0.00612308
0.0061311
0.00613145
0.00613232
0.00613863
0.00613222
0.0061402
0.00613216
0.00614107
0.00613048
0.00613841
0.00612243
0.00613043
0.00612238
0.00612878
0.00612243
0.00612718
0.0061287
0.00613008
0.00613802
0.00612187
0.00612986
0.00613941
0.00612163
0.00612963
0.00613757
0.0061208
0.00612782
0.00612251
0.00611023
0.00611669
0.0061084
0.00611638
0.00610665
0.00611298
0.00610542
0.00610445
0.00610386
0.00610784
0.00611466
0.00609844
0.0061064
0.00611757
0.00609655
0.00610616
0.00611891
0.00609481
0.00610596
0.00611393
0.00609296
0.00610412
0.00609268
0.00610386
0.0060957
0.00610371
0.0061061
0.00611309
0.00611945
0.006129
0.00613216
0.00614171
0.00720205
0.0061465
0.00615601
0.00616555
0.0062819
0.00629309
0.00630102
0.00632976
0.00634093
0.00635376
0.00636653
0.00637935
0.00639213
0.00640337
0.00641454
0.00642738
0.00644018
0.00645302
0.00646584
0.0064787
0.00649152
0.00650272
0.00651083
0.00652683
0.00653803
0.00657808
0.00660056
0.00661821
0.00662616
0.00665183
0.00666455
0.00667731
0.00669012
0.00670122
0.00671235
0.00672512
0.00673772
0.00675048
0.00676315
0.00677591
0.00678547
0.00719887
0.00617198
0.00618154
0.00619268
0.00620386
0.00621666
0.00622941
0.0062422
0.00625498
0.00626619
0.0068525
0.00686351
0.00687468
0.00688581
0.00689844
0.00691091
0.00692354
0.00718741
0.00719645
0.00692791
0.00693733
0.00694989
0.0069625
0.00697504
0.00698711
0.00699827
0.00701085
0.00702317
0.007034
0.00713696
0.00714711
0.00715884
0.00717142
0.00718508
0.00620467
0.00616778
0.00617889
0.0061468
0.0061547
0.00616267
0.0061369
0.00614327
0.00615279
0.00613379
0.00614175
0.00613229
0.0061386
0.0061323
0.0061371
0.00613286
0.00613709
0.0061353
0.00614008
0.00613011
0.00612979
0.00613109
0.00613236
0.00613194
0.00613835
0.00613486
0.00613805
0.00614332
0.00614615
0.00614749
0.00615224
0.00614502
0.00615446
0.00614489
0.00615126
0.00614296
0.00615091
0.00614738
0.00614572
0.00615208
0.00614557
0.00615192
0.006147
0.00615178
0.0061469
0.0061533
0.0061436
0.00615316
0.00614341
0.00615234
0.00614324
0.00615119
0.00614945
0.00615411
0.0061569
0.00614864
0.00615496
0.00614679
0.00615632
0.00614497
0.00615453
0.00614522
0.00615259
0.00614267
0.00615225
0.00614726
0.00615359
0.00615482
0.0061626
0.00615435
0.00616228
0.00614607
0.0061556
0.00616353
0.00614575
0.00615685
0.00616484
0.00614383
0.00615338
0.00614257
0.00615308
0.00614502
0.00615248
0.00614655
0.00615607
0.00614698
0.00615601
0.00616498
0.0061448
0.0061559
0.00614317
0.00615272
0.00613519
0.00614312
0.00615111
0.00613258
0.0061431
0.00613508
0.00614302
0.0061444
0.0061508
0.00614577
0.00615372
0.00614397
0.00615347
0.00613311
0.00614213
0.00615169
0.00613208
0.00614162
0.00612225
0.00613021
0.00612993
0.0061221
0.00612792
0.00612279
0.00613071
0.00611939
0.00612737
0.00611752
0.00612716
0.00610931
0.00611723
0.00610909
0.00611542
0.00611835
0.00611958
0.00612394
0.00612871
0.00613165
0.00613962
0.00612035
0.00613146
0.00611052
0.00611847
0.00612804
0.00611026
0.00611822
0.0061262
0.0061101
0.00611806
0.0061276
0.00611792
0.00613064
0.00613863
0.00719777
0.00612266
0.00613158
0.00614333
0.00615506
0.00616393
0.00651898
0.00652862
0.00653977
0.00655101
0.00656378
0.0065766
0.00658937
0.00660218
0.00661493
0.00662772
0.00664049
0.00665165
0.00666285
0.00667562
0.00668832
0.00669781
0.00718693
0.00719745
0.00614806
0.00615605
0.00616873
0.00618146
0.00619255
0.00636762
0.00637872
0.00639152
0.00640428
0.006417
0.00642826
0.00643945
0.0064523
0.00646507
0.00647789
0.00649071
0.00650351
0.00651633
0.00652757
0.00653876
0.0065516
0.00656439
0.00657721
0.00659002
0.00660279
0.00661558
0.00662674
0.00663798
0.00665077
0.00666354
0.0066763
0.00668902
0.00670176
0.00671446
0.00672723
0.0067383
0.00674935
0.00676203
0.00677477
0.00678424
0.00718399
0.00719463
0.00617194
0.00618147
0.00619418
0.0062053
0.00621647
0.00622922
0.00624195
0.00625478
0.00626752
0.00627547
0.00630737
0.00631696
0.00632333
0.00679179
0.00680124
0.00681389
0.00682502
0.00683613
0.0068488
0.00686141
0.00687411
0.00688512
0.00717425
0.00718486
0.00719163
0.00693615
0.00694877
0.00696147
0.00697421
0.00698673
0.00699925
0.0070118
0.00716134
0.0071716
0.00718039
0.00699221
0.00700007
0.00701103
0.00702204
0.0070357
0.00704749
0.00706053
0.00707314
0.00708578
0.00709872
0.00711023
0.00712363
0.00713413
0.007147
0.00716069
0.0062078
0.00618523
0.00619318
0.00620583
0.00621849
0.0062312
0.00624231
0.00616901
0.00618009
0.00619277
0.00615533
0.00616639
0.00617815
0.00650424
0.00651646
0.00652765
0.00653881
0.00655159
0.00656439
0.00657717
0.00658994
0.00660272
0.00661554
0.00662675
0.0066379
0.00665067
0.00666344
0.00667617
0.00668889
0.00670162
0.0067143
0.00672718
0.00673832
0.00674947
0.00676222
0.00677499
0.00678769
0.00680041
0.00681305
0.00682577
0.00683686
0.00614656
0.00615446
0.00616241
0.00614498
0.00615451
0.00614344
0.00615138
0.00614259
0.00614985
0.00614151
0.0061366
0.00613979
0.00613625
0.00614051
0.00614225
0.00614347
0.00615141
0.00614473
0.00615266
0.00614424
0.0061468
0.00615316
0.00615441
0.00616223
0.0061557
0.00616357
0.00615858
0.00616489
0.0061604
0.00616776
0.00615758
0.00616707
0.00615725
0.00616673
0.00615533
0.0061664
0.00615841
0.00616632
0.0061583
0.00616619
0.00615815
0.00616861
0.00615959
0.00616755
0.00615947
0.00616744
0.00617532
0.00615821
0.00616724
0.0061762
0.00718687
0.00615755
0.00616704
0.00653714
0.00656263
0.00658012
0.00658492
0.00660404
0.00661521
0.00662799
0.00663914
0.00665028
0.00666774
0.00667576
0.00668378
0.00718656
0.00615901
0.0061669
0.00652907
0.0065418
0.00655135
0.00656412
0.00657685
0.00658644
0.00660397
0.00661517
0.0066279
0.00663895
0.00665017
0.00666127
0.00667722
0.00668681
0.00669951
0.00718766
0.00719284
0.00615881
0.00616676
0.00617465
0.00653371
0.00653846
0.00655594
0.00656396
0.00657665
0.00658944
0.00660221
0.00661501
0.0066277
0.00664046
0.00665161
0.00666278
0.00667228
0.00718911
0.00616801
0.00617682
0.00656821
0.00657621
0.00658896
0.0066025
0.00661461
0.00662734
0.00663998
0.00665278
0.00666091
0.0066766
0.00616134
0.00616925
0.00617711
0.00654413
0.00655687
0.00656487
0.00657605
0.00658882
0.00660153
0.0066143
0.0066271
0.0066398
0.0066525
0.00666525
0.0066764
0.00668437
0.00616901
0.00617849
0.00651686
0.00652802
0.00654079
0.00655354
0.00656474
0.00657585
0.00658862
0.00660141
0.00661419
0.00662692
0.00663969
0.00665241
0.00666512
0.00667624
0.00668734
0.00670004
0.00671121
0.00616088
0.00616878
0.00617985
0.00651503
0.00652783
0.00654059
0.00655339
0.00656457
0.00657571
0.00658851
0.00660126
0.00661405
0.00662676
0.0066395
0.00665223
0.00666496
0.0066777
0.00668876
0.00669993
0.00671258
0.00672542
0.00673494
0.00718474
0.00615892
0.00616844
0.00617875
0.00647639
0.00649012
0.00650198
0.00651475
0.00652752
0.00654029
0.00655308
0.00656587
0.00657706
0.00658822
0.006601
0.00661377
0.00662648
0.00663922
0.00665192
0.0066647
0.00667738
0.00668939
0.00670028
0.0067123
0.00672502
0.00673533
0.00717765
0.00718482
0.00719284
0.00615855
0.00616808
0.00647776
0.00648893
0.00650169
0.00651439
0.0065272
0.00654
0.00655273
0.00656553
0.00657835
0.0065895
0.00660062
0.00661339
0.00662609
0.00663887
0.00665159
0.00666438
0.00667708
0.00668977
0.0067024
0.00671355
0.00672308
0.00718414
0.00719329
0.00615996
0.00616784
0.00649028
0.00650143
0.00651362
0.00652692
0.00653974
0.00655247
0.00656524
0.00657802
0.00659079
0.00660196
0.00661313
0.00662588
0.00663859
0.00665131
0.00666406
0.00667676
0.00668939
0.00670212
0.00671326
0.00718578
0.00719258
0.00616755
0.00617711
0.00651391
0.00652668
0.00653944
0.00655309
0.00656481
0.00657754
0.00659031
0.00660307
0.00661507
0.0066261
0.00663808
0.00665084
0.00666357
0.00667627
0.00668898
0.0067007
0.0071903
0.0061695
0.00617825
0.00651602
0.00652687
0.00653896
0.00655102
0.00656428
0.00657704
0.00658979
0.00660256
0.00661529
0.00662803
0.00663914
0.00665033
0.00666304
0.0066758
0.00668851
0.00669801
0.00616988
0.00617777
0.00650338
0.00651613
0.00652891
0.00654011
0.00655128
0.00656399
0.00657678
0.00658951
0.00660224
0.00661496
0.00662778
0.00663894
0.00665006
0.00666278
0.00667553
0.00668826
0.00669935
0.00616955
0.00617905
0.0064919
0.00650306
0.00651585
0.00652859
0.00653978
0.00655096
0.00656371
0.00657644
0.00658923
0.00660194
0.00661466
0.00662748
0.00664025
0.0066514
0.00666252
0.00667527
0.00668795
0.00670063
0.00671333
0.00672286
0.00718233
0.00615971
0.00616921
0.0061803
0.00647887
0.00649
0.00650277
0.00651553
0.0065283
0.00654106
0.00655227
0.00656341
0.00657616
0.00658891
0.00660168
0.00661447
0.00662715
0.00663992
0.00665261
0.00666374
0.00667486
0.00668762
0.0067003
0.00671305
0.00672578
0.00673852
0.00717398
0.00718412
0.0061594
0.00616892
0.00618
0.00645628
0.00646426
0.00647699
0.00648977
0.00650248
0.00651523
0.00652806
0.00654081
0.00655354
0.0065647
0.0065759
0.00658863
0.0066014
0.00661411
0.00662688
0.00663963
0.00665235
0.00666506
0.00667617
0.00668732
0.00670005
0.00671275
0.00672552
0.00673822
0.00718633
0.00719262
0.00615837
0.00616882
0.00617678
0.00646896
0.00647694
0.0064897
0.00650347
0.00651611
0.0065279
0.00654067
0.00655344
0.00656457
0.00657571
0.00658852
0.00660129
0.00661402
0.00662675
0.0066395
0.0066522
0.00666495
0.00667765
0.00668878
0.00669994
0.00671162
0.00718434
0.00719206
0.00616876
0.00617666
0.0065325
0.00654048
0.00655325
0.00656596
0.00657715
0.00658835
0.00660103
0.00661385
0.0066266
0.00663933
0.00665205
0.00666475
0.00667588
0.00718646
0.0061709
0.00618029
0.00663758
0.0061686
0.00617969
0.00615905
0.00616857
0.00617965
0.00659923
0.00615743
0.00616852
0.00615579
0.00616625
0.00718695
0.00719171
0.00615574
0.00616525
0.00718631
0.00719141
0.00615709
0.00616662
0.00719119
0.00616007
0.00616799
0.00617591
0.00615983
0.00616778
0.00617887
0.00615588
0.00616684
0.00617545
0.00614635
0.00615432
0.00616383
0.00613657
0.00614449
0.00615561
0.00718793
0.00719303
0.00613628
0.0061442
0.00615213
0.00718583
0.0071948
0.00613427
0.00614313
0.00718745
0.00719406
0.00614342
0.00615134
0.00719108
0.00613374
0.00614324
0.00615434
0.00718785
0.00613128
0.00614296
0.0061533
0.00612995
0.00614106
0.00612181
0.00612977
0.00613927
0.00612156
0.0061295
0.0061374
0.00612452
0.00613159
0.0061392
0.00717358
0.00613508
0.00614143
0.00614591
0.00615383
0.00614416
0.00615688
0.00616477
0.00613436
0.00614392
0.00615662
0.00616769
0.00718613
0.00613255
0.00614367
0.00615637
0.00616902
0.00718283
0.00613395
0.00614347
0.00615621
0.00616887
0.00617682
0.00717393
0.00718429
0.00719276
0.00614494
0.00615606
0.00616875
0.00617985
0.00652463
0.00654217
0.00655337
0.00656455
0.00657576
0.00658853
0.00660128
0.00661403
0.00662682
0.00663957
0.00665237
0.00666514
0.00667624
0.00668734
0.00670004
0.00671281
0.00672551
0.00673346
0.00717366
0.00718422
0.00719468
0.00615763
0.00616943
0.00618144
0.0061941
0.00620521
0.00621631
0.00622901
0.00624168
0.00632267
0.00632901
0.00634017
0.00635293
0.00636563
0.00637837
0.0063911
0.00640388
0.00641664
0.00642942
0.00644238
0.00645233
0.00646441
0.0064772
0.00649
0.00650276
0.00651443
0.00652817
0.00654096
0.00655371
0.0065649
0.00657612
0.0065889
0.00660169
0.00661444
0.00662719
0.00663994
0.00665277
0.00666397
0.00667505
0.00668777
0.00670173
0.00671347
0.0067262
0.00673884
0.00675153
0.00676423
0.00677616
0.00678711
0.00679808
0.00681192
0.00682451
0.00716328
0.00717266
0.0071837
0.00619894
0.00620525
0.00621636
0.00622905
0.00624177
0.00625447
0.00626715
0.00627988
0.00629261
0.00630535
0.00631814
0.00632929
0.00634045
0.00635323
0.00636119
0.00679051
0.00680001
0.00681268
0.00682534
0.00683797
0.00685062
0.0068633
0.00687591
0.00688852
0.00689797
0.00715116
0.00715963
0.00717185
0.0068914
0.00689925
0.00691189
0.00692454
0.00693713
0.00694963
0.00696228
0.00697491
0.00698278
0.0070532
0.00705808
0.00713672
0.00714842
0.00716035
0.0071673
0.00702425
0.00703673
0.00704927
0.00706175
0.00707427
0.00708529
0.00709654
0.00710962
0.00712276
0.00713575
0.00714765
0.00715436
0.00705939
0.00707197
0.00708459
0.00709759
0.00711054
0.0071205
0.00620542
0.00621808
0.00623073
0.00624342
0.00625608
0.00626715
0.00627822
0.00629087
0.00630358
0.00631627
0.00632896
0.00633852
0.00617183
0.00618068
0.00619238
0.00620435
0.0062177
0.00622557
0.00638083
0.00639202
0.00640474
0.00641591
0.00642706
0.00643979
0.00645242
0.00646519
0.00647797
0.00649074
0.00650305
0.00651603
0.00652886
0.00653996
0.00655114
0.00656392
0.00657667
0.00658945
0.00660225
0.006615
0.0066278
0.00663894
0.0066501
0.00666287
0.00667559
0.00668837
0.00670103
0.00671384
0.00672657
0.00673931
0.00675202
0.00676313
0.00677424
0.00678694
0.00679965
0.00681237
0.00682501
0.00683874
0.00685068
0.00686261
0.0068744
0.00688638
0.00689802
0.00690953
0.00692373
0.00693636
0.00694743
0.00696157
0.00616871
0.00617977
0.00619084
0.00650629
0.00651582
0.00652857
0.00654131
0.00655249
0.00656364
0.00657637
0.00658915
0.00660191
0.00661468
0.00662744
0.00664017
0.00665136
0.00666251
0.00667521
0.00668792
0.00670067
0.0067134
0.00672615
0.00673887
0.00675156
0.00676426
0.00677534
0.00678646
0.00679919
0.00681184
0.00682287
0.00616716
0.00617984
0.00659052
0.00660168
0.00661441
0.00662717
0.00663989
0.00665269
0.0066638
0.00667492
0.00668767
0.00670036
0.00671309
0.00672577
0.00673852
0.00675124
0.00676077
0.00615773
0.00616723
0.00617513
0.00615524
0.00616358
0.00615437
0.00616231
0.00614628
0.00615419
0.00614608
0.006154
0.00614646
0.0061537
0.00614853
0.00615489
0.00615774
0.00615898
0.00616374
0.00615532
0.00616482
0.00615653
0.00616444
0.00615949
0.00616582
0.00719402
0.00616776
0.00617869
0.00616989
0.00617939
0.00618732
0.00661879
0.00616965
0.00617914
0.00618861
0.00655332
0.00656447
0.00657721
0.00658835
0.00660106
0.00661383
0.00662655
0.00663932
0.00665198
0.00666471
0.00667742
0.00668954
0.00670125
0.00670755
0.0061741
0.0061804
0.00619076
0.00648627
0.00650694
0.00651582
0.00652763
0.00654035
0.00655307
0.00656581
0.00657782
0.0065888
0.00660083
0.00661358
0.00662631
0.00663907
0.00665178
0.00666447
0.00667716
0.00668991
0.00670104
0.00671214
0.00672486
0.00673755
0.00674919
0.00675818
0.00617343
0.00618131
0.00619395
0.00620184
0.00647924
0.00649038
0.00650157
0.00651429
0.006527
0.0065397
0.00655244
0.00656519
0.00657792
0.0065907
0.0066018
0.006613
0.00662568
0.00663839
0.00665112
0.00666385
0.00667657
0.00668926
0.00670194
0.00671467
0.0067258
0.00673691
0.00674958
0.00676232
0.00617309
0.00618096
0.00619201
0.00644082
0.00645353
0.00646627
0.006479
0.00649014
0.00650131
0.00651402
0.00652675
0.00653946
0.00655222
0.00656495
0.00657763
0.00659043
0.00660319
0.00661432
0.00662544
0.00663815
0.00665092
0.00666356
0.00667626
0.00668901
0.00670169
0.0067144
0.0067271
0.00673819
0.00674928
0.00676201
0.00677469
0.00678258
0.00617276
0.00618064
0.00619169
0.00644052
0.00645321
0.00646599
0.00647871
0.00649142
0.00650258
0.0065137
0.00652648
0.00653914
0.00655194
0.00656461
0.00657746
0.00659019
0.00660294
0.00661564
0.00662679
0.0066379
0.00665062
0.0066633
0.00667608
0.00668872
0.00670151
0.00671415
0.0067269
0.00673962
0.00675065
0.00676176
0.00677446
0.0067871
0.00679498
0.00617266
0.00618054
0.00619159
0.00642927
0.0064404
0.00645312
0.0064659
0.00647861
0.00649132
0.00650408
0.00651522
0.00652636
0.00653912
0.00655187
0.00656458
0.00657734
0.00659011
0.0066028
0.00661555
0.00662669
0.00663782
0.00665053
0.0066633
0.00667594
0.00668864
0.00670128
0.00671408
0.00672671
0.00673953
0.00675056
0.00676166
0.00677434
0.00678698
0.00679654
0.00717835
0.00718428
0.00617259
0.00618046
0.00619309
0.0064403
0.00645299
0.00646571
0.00647846
0.00649118
0.00650393
0.00651509
0.0065262
0.00653898
0.0065517
0.00656444
0.0065772
0.00658994
0.0066027
0.00661545
0.00662654
0.0066377
0.00665043
0.00666313
0.00667582
0.00668857
0.00670121
0.00671391
0.00672666
0.00673936
0.006752
0.00676313
0.00677424
0.00678373
0.00718415
0.00618031
0.00619296
0.00620342
0.00644171
0.00645355
0.00646559
0.00647834
0.00649105
0.00650382
0.00651653
0.00652771
0.00653886
0.0065516
0.0065643
0.00657707
0.00658983
0.00660256
0.00661535
0.00662801
0.00663914
0.00665026
0.006663
0.00667571
0.00668844
0.00670114
0.00671383
0.00672653
0.00673921
0.00675189
0.00676298
0.0067741
0.00678572
0.00718479
0.00618016
0.00619282
0.00620231
0.0064194
0.00642734
0.00644012
0.00645281
0.00646551
0.00647826
0.00649104
0.0065038
0.00651653
0.00652768
0.00653881
0.00655157
0.0065643
0.00657699
0.00658983
0.00660258
0.00661533
0.00662808
0.00663915
0.00665031
0.00666302
0.00667575
0.00668847
0.00670113
0.00671388
0.00672656
0.00673928
0.00675197
0.00676309
0.00677417
0.00678687
0.00679951
0.00680896
0.00718671
0.00618162
0.00619271
0.00620219
0.00637803
0.00639704
0.00640344
0.0064146
0.0064273
0.00644001
0.00645272
0.00646553
0.00647824
0.006491
0.00650375
0.00651489
0.00652609
0.00653884
0.00655157
0.00656428
0.00657705
0.00658985
0.00660253
0.00661535
0.00662808
0.00663918
0.00665033
0.00666308
0.00667576
0.00668844
0.0067011
0.00671385
0.0067266
0.0067393
0.00675198
0.0067631
0.00677419
0.00678682
0.00679944
0.00681218
0.00682482
0.00683273
0.00718175
0.00618207
0.00619253
0.00620517
0.00627161
0.00627957
0.00629068
0.00630333
0.00631603
0.00632875
0.00634238
0.00635411
0.00636682
0.00637951
0.00639226
0.00640427
0.00641522
0.00642725
0.00643999
0.00645273
0.00646546
0.00647823
0.00649097
0.0065037
0.00651648
0.00652762
0.00653877
0.00655151
0.00656427
0.00657702
0.00658977
0.00660252
0.0066153
0.006628
0.00663915
0.00665028
0.00666307
0.00667574
0.00668848
0.00670118
0.00671393
0.00672664
0.00673929
0.00675202
0.00676306
0.00677419
0.00678685
0.00679949
0.00681217
0.00682484
0.00683639
0.00684843
0.00717456
0.00718109
0.00617966
0.00619233
0.0062034
0.00626036
0.00626832
0.00628103
0.00629212
0.00630322
0.00631591
0.00632862
0.00634131
0.006354
0.00636669
0.00637941
0.00639214
0.00640486
0.00641598
0.00642713
0.00643988
0.00645262
0.00646541
0.00647814
0.00649084
0.00650362
0.00651638
0.00652754
0.00653929
0.00655148
0.00656896
0.00657371
0.00659125
0.00659764
0.0066614
0.00669005
0.00670118
0.00671384
0.00672661
0.00673929
0.00675202
0.00676305
0.00677415
0.00678678
0.00679949
0.00681214
0.00682482
0.00683741
0.00684845
0.00717296
0.00717867
0.00617953
0.00619219
0.00620327
0.0062587
0.00626822
0.00628086
0.00629195
0.00630308
0.00631575
0.00632846
0.00634118
0.00635387
0.00636658
0.00637927
0.00639199
0.00640473
0.00641585
0.00642701
0.00643975
0.00645249
0.00646525
0.00647805
0.00649078
0.00650356
0.00651627
0.00652427
0.00653543
0.00659271
0.00659751
0.0066676
0.00667082
0.00669314
0.00670163
0.0067138
0.0067265
0.00673918
0.00675179
0.00676449
0.00677564
0.00678672
0.00679937
0.00681203
0.00682473
0.00683739
0.00684687
0.00717496
0.00718072
0.00618095
0.00619202
0.00620468
0.00621576
0.00629817
0.00631716
0.00632825
0.00634096
0.00635365
0.00636637
0.00637909
0.00639182
0.00640452
0.00641727
0.00642842
0.00643956
0.00645232
0.00646508
0.00647782
0.00649062
0.00650337
0.00651611
0.00652725
0.0065432
0.00654957
0.00667864
0.00668814
0.00670091
0.00671359
0.00672632
0.00673906
0.0067517
0.00676438
0.00677551
0.00678656
0.00679921
0.00681196
0.00682451
0.00683716
0.00684987
0.00685934
0.00717465
0.00718374
0.00618279
0.00619171
0.00620436
0.00621599
0.00631374
0.00633118
0.00634058
0.0063533
0.006366
0.00637874
0.00639146
0.00640417
0.0064169
0.00642896
0.00643989
0.00645195
0.0064647
0.00647745
0.0064902
0.00650295
0.00651573
0.00652848
0.00654125
0.00655242
0.00656288
0.00657637
0.00658917
0.00659712
0.00664014
0.00664812
0.00666467
0.00667419
0.00668781
0.00670054
0.00671325
0.00672595
0.00673864
0.00675136
0.006764
0.00677668
0.00678866
0.00679956
0.00681155
0.00682421
0.00683685
0.00684949
0.00685838
0.00717624
0.00718235
0.00618187
0.00619136
0.00620401
0.00621351
0.00633071
0.00634027
0.00635297
0.0063657
0.0063784
0.00639113
0.00640383
0.00641659
0.00642935
0.00644204
0.00645324
0.00646442
0.00647717
0.00648991
0.00650266
0.0065154
0.00652817
0.00653772
0.00655049
0.00669064
0.0067002
0.00671302
0.00672572
0.00673843
0.00675106
0.00676369
0.00677646
0.00678912
0.00680015
0.00681132
0.00682395
0.00683661
0.00684924
0.00686181
0.00717707
0.00718065
0.00618482
0.00619271
0.00620378
0.00621329
0.00630829
0.00631784
0.00633054
0.00634166
0.00635278
0.0063655
0.0063782
0.00639093
0.00640369
0.00641639
0.00642912
0.00644188
0.00645304
0.00646419
0.00647695
0.0064897
0.00650248
0.00651046
0.00671752
0.00672549
0.00673821
0.00675092
0.00676359
0.00677628
0.00678898
0.00680164
0.00681274
0.00682384
0.00683634
0.00684913
0.00686174
0.00687433
0.00718051
0.00618621
0.00619406
0.00620514
0.00621463
0.00628113
0.00629223
0.00630494
0.00631765
0.00633035
0.00634147
0.00635257
0.00636527
0.00637802
0.00639078
0.00640347
0.00641621
0.00642894
0.00644173
0.00645444
0.00646555
0.00647674
0.00648952
0.00650228
0.00674126
0.00675073
0.00676343
0.00677609
0.00678877
0.00680149
0.00681411
0.0068252
0.00683627
0.0068489
0.00686151
0.00687414
0.00717491
0.00718081
0.0061834
0.00619373
0.0062064
0.00621742
0.00622389
0.00625536
0.00626725
0.00627928
0.00629198
0.00630467
0.00631735
0.00633007
0.00634276
0.00635478
0.0063657
0.00637774
0.00639047
0.00640319
0.00641593
0.00642867
0.00644142
0.00645413
0.0064662
0.00647749
0.00648774
0.00674019
0.00675041
0.00676308
0.00677578
0.00678848
0.00680116
0.00681381
0.0068258
0.00683666
0.00684866
0.00686126
0.00687388
0.00688407
0.00717278
0.00618071
0.00619335
0.00620444
0.00624559
0.00625356
0.00626627
0.00627895
0.00629162
0.00630431
0.00631697
0.00632972
0.00634241
0.00635514
0.00636628
0.00637739
0.00639015
0.00640289
0.00641562
0.00642836
0.00644107
0.00645385
0.00646656
0.00672942
0.00673739
0.00675007
0.00676277
0.00677547
0.00678815
0.00680076
0.0068134
0.00682605
0.00683869
0.00684982
0.00686089
0.00687028
0.0068813
0.0071659
0.0071737
0.00618047
0.00619311
0.00620579
0.00623585
0.00624219
0.00625332
0.00626602
0.00627869
0.00629138
0.00630405
0.00631673
0.00632945
0.00634215
0.00635486
0.00636754
0.00637871
0.00638987
0.00640258
0.00641534
0.0064281
0.00644083
0.00645352
0.00646633
0.0064791
0.00651568
0.00671959
0.00672596
0.00673697
0.00674979
0.0067624
0.00677512
0.00678783
0.00680051
0.00681319
0.00682582
0.00683844
0.00685113
0.00686216
0.00687162
0.0071713
0.00718015
0.00618343
0.0061929
0.00620557
0.00621661
0.00623087
0.00624196
0.0062562
0.00626573
0.00627839
0.0062916
0.00630378
0.00631647
0.00632916
0.00634185
0.00635459
0.00636729
0.00638
0.00639118
0.00640231
0.00641506
0.00642779
0.00644053
0.00645331
0.00646604
0.0064788
0.00649158
0.00650275
0.00671457
0.00672722
0.00673838
0.00674949
0.00676215
0.00677485
0.00678755
0.00680021
0.00681284
0.0068255
0.00683814
0.00685075
0.00686343
0.0068729
0.00717236
0.00718247
0.00618461
0.00619247
0.00620514
0.00621777
0.006229
0.00630662
0.00631682
0.00632869
0.00634139
0.0063541
0.00636682
0.00637954
0.00639226
0.0064043
0.00641527
0.00642728
0.00644005
0.00645281
0.00646555
0.00647832
0.00649107
0.00650383
0.00651583
0.00670453
0.006714
0.00672673
0.00673942
0.00675144
0.00676234
0.00677435
0.006787
0.00679968
0.00681234
0.00682496
0.00683763
0.0068503
0.0068622
0.00687072
0.00717406
0.00718183
0.00618412
0.00619198
0.00620465
0.00621568
0.00629647
0.00630443
0.00631551
0.0063282
0.00634092
0.00635366
0.00636636
0.00637907
0.00639178
0.00640457
0.00641728
0.00642843
0.00643957
0.0064523
0.00646507
0.00647787
0.00649062
0.00670562
0.00671357
0.00672629
0.00673899
0.00675174
0.0067644
0.00677557
0.00678664
0.00679925
0.00681194
0.00682455
0.00683723
0.00684984
0.00686252
0.00687197
0.00717447
0.00718168
0.00619167
0.00620433
0.00621694
0.00622485
0.00627076
0.0062803
0.00629301
0.00630568
0.00631681
0.00632793
0.00634065
0.00635334
0.00636603
0.00637877
0.00639153
0.00640425
0.00641696
0.00642814
0.00643932
0.00645205
0.00646481
0.00647754
0.00648559
0.00672922
0.00673878
0.00675146
0.00676414
0.00677684
0.00678797
0.006799
0.00681168
0.00682433
0.00683703
0.00684965
0.0068623
0.00687319
0.00619135
0.00620401
0.00621665
0.00622769
0.00625463
0.00626734
0.00628003
0.00629273
0.00630545
0.00631809
0.00632924
0.00634033
0.00635307
0.00636576
0.00637849
0.00639121
0.00640392
0.00641671
0.00642942
0.00644058
0.00645173
0.00646451
0.00647245
0.00673848
0.00675109
0.00676384
0.00677654
0.00678922
0.0068003
0.00681133
0.00682405
0.00683669
0.00684928
0.00686191
0.00687452
0.00688247
0.00716438
0.00716849
0.00618631
0.00619261
0.00620372
0.00621635
0.00622898
0.00624167
0.00625438
0.00626711
0.00627981
0.00629248
0.00630515
0.00631787
0.00633053
0.00634165
0.00635277
0.00636551
0.00637822
0.00639094
0.0064037
0.00641641
0.00642915
0.00644188
0.00645148
0.00675093
0.00676354
0.00677626
0.00678892
0.00680155
0.00681264
0.00682375
0.00683641
0.006849
0.00686166
0.00687425
0.00716071
0.00717274
0.00618214
0.00619411
0.00620519
0.00621531
0.0062289
0.0062416
0.00625432
0.00626703
0.0062797
0.00629237
0.00630508
0.00631777
0.00633045
0.00634159
0.00635268
0.00636537
0.00637812
0.00639087
0.00640358
0.00641633
0.00642904
0.00644181
0.00645386
0.00646413
0.00647681
0.0064895
0.00649907
0.0065134
0.00667745
0.00671571
0.0067253
0.006738
0.00675078
0.00676343
0.00677613
0.00678876
0.00680141
0.00681343
0.00682425
0.00683622
0.00684883
0.00686147
0.00687191
0.00716142
0.00717268
0.00618297
0.00619402
0.0062051
0.00621615
0.00622882
0.00624152
0.00625422
0.00626687
0.00627954
0.00629224
0.0063049
0.00631758
0.00633032
0.00634301
0.00635414
0.00636524
0.00637795
0.00639069
0.00640343
0.00641614
0.0064289
0.00644161
0.00645435
0.00646555
0.0064767
0.00648948
0.00650223
0.00651497
0.0065261
0.00668219
0.00668858
0.00669975
0.0067125
0.0067252
0.00673785
0.0067506
0.00676328
0.00677582
0.00678848
0.00680112
0.00681389
0.00682652
0.0068376
0.00684868
0.00686182
0.00717176
0.00718074
0.00618453
0.00619397
0.00620594
0.00621677
0.00622807
0.00624145
0.00624939
0.00632064
0.00633111
0.00634283
0.00635396
0.00636507
0.0063778
0.00639052
0.00640326
0.00641597
0.00642869
0.00644145
0.00645419
0.00646536
0.00647654
0.00648929
0.00650204
0.00651478
0.00652752
0.00654025
0.00655304
0.00656581
0.00657786
0.00658876
0.00660086
0.00661358
0.00662632
0.00663929
0.00665179
0.00666453
0.00667728
0.00668997
0.00670112
0.00671219
0.00672493
0.00673767
0.00675031
0.00676298
0.00677566
0.00678834
0.00680098
0.00681364
0.00682628
0.00683826
0.00684684
0.00717543
0.00718194
0.00618599
0.00619389
0.00620653
0.00621756
0.00634274
0.00635387
0.00636496
0.00637767
0.00639039
0.00640315
0.00641586
0.00642863
0.00644136
0.00645415
0.00646691
0.00647801
0.00648917
0.00650197
0.00651468
0.00652743
0.00654016
0.00655294
0.00656569
0.00657842
0.00658954
0.00660074
0.00661353
0.00662626
0.00663897
0.00665172
0.00666449
0.00667719
0.00668992
0.00670104
0.00671214
0.00672484
0.00673757
0.00675025
0.00676293
0.00677563
0.00678831
0.00680092
0.00681354
0.00682622
0.00683887
0.0071746
0.00718201
0.00618596
0.00619386
0.0062065
0.00632207
0.00633005
0.00634271
0.00635384
0.00636494
0.00637767
0.00639039
0.00640315
0.00641584
0.0064286
0.00644134
0.00645412
0.00646686
0.00647801
0.00648918
0.00650192
0.0065147
0.0065274
0.00654018
0.00655298
0.00656571
0.00657844
0.00658958
0.00660554
0.00661351
0.00662628
0.00663901
0.00665169
0.00666444
0.00667719
0.00668992
0.00670098
0.00671216
0.00672482
0.00673764
0.00675022
0.00676286
0.00677565
0.00678831
0.00680099
0.0068136
0.00682621
0.00683887
0.00684839
0.00717654
0.00718207
0.00618117
0.00619382
0.00620646
0.00621434
0.00632212
0.00632948
0.00634271
0.00635385
0.00636493
0.00637764
0.00639038
0.00640312
0.00641586
0.0064286
0.00644134
0.00645407
0.00646683
0.00647799
0.00648915
0.00650194
0.00651469
0.0065274
0.00654017
0.00655295
0.00656568
0.00657846
0.00658961
0.00660075
0.00661348
0.00662621
0.00663893
0.00665168
0.00666446
0.00667716
0.00668988
0.00670101
0.00671213
0.00672481
0.00673758
0.00675026
0.00676292
0.00677562
0.00678827
0.00680095
0.00681357
0.00682625
0.00683886
0.00684836
0.00717336
0.00718096
0.00617211
0.0061811
0.00619375
0.00620404
0.00626661
0.00628025
0.006292
0.00630467
0.00631736
0.00633005
0.00634273
0.00635384
0.00636496
0.00637766
0.00639035
0.00640308
0.00641581
0.00642854
0.00644132
0.00645406
0.00646681
0.00647795
0.00648911
0.00650185
0.00651462
0.0065274
0.00654015
0.00655292
0.00656567
0.00657838
0.00658953
0.0066007
0.00661344
0.00662616
0.00663892
0.00665163
0.00666434
0.00667706
0.00668981
0.00670248
0.00671364
0.00672481
0.00673749
0.00675015
0.00676285
0.00677554
0.00678822
0.0068009
0.00681352
0.00682613
0.00683813
0.00684839
0.00716242
0.00717229
0.00718205
0.00617154
0.00618104
0.00619369
0.0062016
0.00625706
0.00626661
0.0062793
0.00629196
0.00630465
0.0063173
0.00633
0.00634269
0.00635382
0.00636491
0.00637765
0.00639031
0.00640302
0.00641579
0.0064285
0.00644126
0.006454
0.00646677
0.00647792
0.00648908
0.00650186
0.00651462
0.0065274
0.00654012
0.00655285
0.00656563
0.00657838
0.00658951
0.00660067
0.00661343
0.00662611
0.00663883
0.00665163
0.00666431
0.00667706
0.00668981
0.00670091
0.00671203
0.00672473
0.0067375
0.00675016
0.00676286
0.00677559
0.00678815
0.00680086
0.00681354
0.00682613
0.00683883
0.00684674
0.00716315
0.00717194
0.00718103
0.0061729
0.00618083
0.00619347
0.00620138
0.00626633
0.00627902
0.00629643
0.00630277
0.00632025
0.00632975
0.00634241
0.00635511
0.00636943
0.0063774
0.00639009
0.0064028
0.00641552
0.00642828
0.00644099
0.00645375
0.0064665
0.00647926
0.00649039
0.00650159
0.00651439
0.0065271
0.00653988
0.00655256
0.00656529
0.00657814
0.00659086
0.00660204
0.00661318
0.00662591
0.00663866
0.00665143
0.00666411
0.00667679
0.00668954
0.0067022
0.00671483
0.00672611
0.00673724
0.00674989
0.00676258
0.00677528
0.00678793
0.00680054
0.00681327
0.00682593
0.00683379
0.00717132
0.00718369
0.00618221
0.00619326
0.00620433
0.00638184
0.00638976
0.00640252
0.00641526
0.006428
0.00644073
0.00645347
0.0064662
0.00647896
0.00649172
0.00650286
0.00651402
0.00652682
0.00653955
0.00655231
0.00656501
0.00657779
0.00659052
0.00660332
0.00661448
0.00662565
0.00663834
0.00665107
0.00666379
0.00667654
0.0066892
0.0067019
0.0067146
0.00672579
0.00673692
0.00674962
0.00676221
0.00677496
0.00678759
0.00680032
0.00681291
0.00682554
0.00683348
0.00717426
0.0071829
0.00618516
0.00619305
0.00620411
0.00641972
0.00642767
0.0064404
0.00645314
0.0064659
0.00647861
0.00649139
0.00650254
0.00651372
0.00652643
0.00653923
0.00655196
0.00656472
0.00657742
0.0065902
0.00660295
0.0066157
0.00662682
0.00663797
0.0066507
0.00666338
0.00667613
0.00668885
0.00670154
0.00671426
0.00672694
0.00673967
0.00675074
0.00676182
0.00677453
0.00678721
0.00679987
0.00681096
0.00718061
0.0061722
0.00618084
0.00619281
0.00620227
0.00642806
0.00644009
0.00645282
0.0064656
0.00647831
0.00649106
0.00650385
0.006515
0.00652617
0.00653892
0.00655168
0.00656443
0.00657716
0.0065899
0.00660264
0.00661539
0.00662813
0.00663928
0.0066504
0.00666315
0.00667585
0.00668854
0.00670128
0.00671394
0.00672668
0.00673938
0.00675207
0.00676315
0.00677425
0.00678692
0.0067996
0.00680913
0.00717828
0.00718218
0.00617012
0.00617962
0.00619228
0.00620018
0.00642845
0.00643953
0.00645227
0.00646505
0.00647783
0.00649055
0.00650327
0.00651606
0.00652884
0.00653996
0.0065511
0.00656388
0.00657667
0.00658941
0.00660216
0.00661493
0.00662766
0.00664036
0.00665153
0.00666266
0.00667536
0.00668807
0.00670072
0.00671347
0.00672618
0.0067389
0.00675156
0.00676426
0.00677685
0.00678796
0.00679912
0.00681182
0.0071762
0.00718542
0.00616668
0.00617931
0.00619037
0.00645197
0.0064647
0.00647749
0.00649022
0.00650296
0.00651573
0.00652847
0.00654124
0.00655241
0.00656355
0.0065763
0.00658903
0.00660178
0.00661456
0.00662728
0.00664001
0.00665276
0.00666386
0.00667501
0.00668776
0.00670045
0.00671315
0.00672587
0.00673858
0.00675123
0.00676391
0.0067766
0.00678925
0.00680032
0.00717309
0.00718051
0.00615844
0.00616796
0.00617742
0.00646908
0.0064771
0.00648982
0.00650257
0.00651535
0.00652809
0.00654082
0.00655358
0.00656476
0.00657588
0.00658865
0.00660134
0.00661408
0.00662681
0.00663959
0.0066523
0.00666502
0.00667771
0.00668888
0.00669998
0.00671266
0.00672541
0.00673811
0.00675079
0.00676343
0.00677293
0.0071644
0.00717143
0.00717844
0.00614841
0.00615645
0.00616692
0.00647836
0.00648935
0.00650211
0.00651485
0.00652759
0.00654034
0.00655308
0.00656581
0.00657785
0.0065888
0.00660085
0.00661357
0.00662628
0.00663903
0.00665176
0.00666447
0.00667721
0.00668921
0.00670104
0.00671284
0.00672485
0.00673755
0.00675023
0.00676136
0.00677099
0.00716394
0.00717263
0.00718262
0.00615765
0.00616985
0.00617667
0.00652712
0.00653988
0.00655259
0.00656537
0.00657808
0.00659088
0.00660203
0.00661308
0.00662584
0.00663859
0.00665136
0.00666403
0.00667675
0.00668948
0.00670216
0.00671487
0.00672599
0.00673712
0.00674659
0.00717335
0.00718407
0.00616064
0.00616857
0.00617961
0.00655387
0.00656502
0.00657775
0.00659053
0.00660326
0.00661439
0.00662551
0.00663828
0.0066509
0.0066637
0.00667645
0.00668911
0.00670179
0.00671452
0.00717641
0.00718217
0.00615792
0.00616829
0.00618091
0.00618894
0.00656637
0.00657591
0.00659254
0.00660286
0.0066156
0.00662675
0.00663788
0.0066506
0.00666333
0.00667606
0.00668772
0.00717451
0.00718198
0.00614742
0.00615533
0.00616797
0.00617591
0.00656919
0.00657708
0.00658981
0.00660261
0.00661537
0.006628
0.00663921
0.00665035
0.0066631
0.00667578
0.00668849
0.0066964
0.00717091
0.0061456
0.00615511
0.00616619
0.00658007
0.00658961
0.00660239
0.0066151
0.00662785
0.00663898
0.0066501
0.00666284
0.00667554
0.00668513
0.00669934
0.00671372
0.00716588
0.00716954
0.00614377
0.00615487
0.00616434
0.00659412
0.00660209
0.00661482
0.00662758
0.00664038
0.00664983
0.00667529
0.00668959
0.00715959
0.00716712
0.00614496
0.00615447
0.00616396
0.00657769
0.00658966
0.00660067
0.006616
0.00662716
0.00664009
0.00664884
0.0066779
0.00715103
0.00716003
0.00717069
0.00717932
0.00614775
0.00615567
0.00616515
0.00657903
0.00658857
0.00660126
0.00661401
0.00662679
0.00663947
0.0066522
0.00666493
0.00715177
0.00716002
0.0071719
0.00718058
0.00616015
0.00616806
0.00617594
0.00660099
0.00661376
0.00662647
0.0066392
0.00665193
0.00667571
0.00716126
0.00717146
0.00718023
0.0061695
0.00617898
0.00619166
0.00620431
0.00621216
0.00665967
0.00716247
0.00717296
0.00718332
0.00617401
0.00618036
0.00619145
0.00620409
0.00621451
0.00655128
0.00656559
0.00657834
0.00658957
0.00660076
0.00661411
0.00662617
0.00663823
0.00665268
0.00666433
0.00667699
0.0066897
0.00670243
0.00671359
0.00671992
0.00716392
0.00717195
0.00718027
0.0061817
0.00619278
0.00620384
0.00621648
0.00622439
0.0065035
0.00651463
0.00652743
0.00654022
0.00655297
0.00656573
0.00657689
0.0065881
0.00660087
0.00661358
0.00662635
0.00663906
0.00665183
0.00666449
0.00667722
0.00668995
0.0067011
0.00671224
0.00672492
0.00673758
0.00675026
0.00676287
0.00677555
0.00678349
0.00716081
0.00716925
0.00618312
0.0061942
0.00620531
0.00621635
0.00622901
0.00624165
0.00644616
0.00645414
0.0064669
0.00647806
0.00648923
0.00650202
0.00651482
0.00652758
0.00654038
0.00655311
0.00656591
0.00657707
0.00658828
0.00660101
0.00661376
0.00662654
0.00663935
0.00665208
0.00666478
0.00667749
0.00668863
0.00669978
0.00671251
0.00672525
0.00673789
0.00675054
0.00676316
0.00677584
0.00678854
0.00680124
0.00681381
0.00682651
0.00683601
0.0071492
0.00715953
0.00716861
0.00618618
0.0061941
0.00620521
0.00621628
0.00622893
0.00624163
0.00625427
0.00626691
0.00627954
0.00635717
0.00636515
0.00637789
0.0063906
0.00640334
0.00641606
0.00642882
0.00644153
0.00645434
0.0064655
0.00647667
0.0064895
0.00650221
0.00651505
0.00653095
0.00653574
0.00673973
0.00675078
0.0067635
0.0067762
0.0067889
0.00680154
0.00681399
0.00682525
0.00683626
0.00684881
0.00686153
0.00713634
0.00714641
0.00716004
0.00716848
0.00621627
0.00622897
0.00624165
0.00625434
0.00626698
0.00627964
0.00629231
0.00630501
0.00631703
0.00633041
0.00634155
0.00635268
0.00636543
0.00637813
0.00639084
0.0064036
0.00641636
0.00642911
0.00643862
0.00680202
0.00681143
0.00682406
0.00683692
0.00684959
0.0068622
0.00687481
0.00688739
0.006899
0.00691288
0.00692542
0.00693642
0.00707704
0.00708644
0.00709821
0.00711102
0.00712239
0.00713378
0.0071471
0.00715799
0.00690272
0.00691054
0.0069231
0.00693572
0.00694833
0.00696087
0.00697346
0.00698608
0.00699875
0.00703868
0.00704845
0.00705999
0.00707307
0.00708582
0.0070985
0.00710991
0.0071213
0.00713427
0.0071444
0.00698911
0.00699855
0.00700968
0.00702234
0.00703522
0.00704657
0.00706422
0.0070735
0.00708613
0.00709901
0.00711039
0.00712179
0.00712998
0.00620981
0.00621766
0.00623097
0.00624293
0.0062556
0.00626823
0.00628086
0.00629192
0.00630299
0.00631562
0.00632827
0.00634099
0.0063537
0.00636643
0.00637811
0.00639173
0.00640447
0.00641721
0.00642837
0.00643947
0.00690227
0.00691179
0.00692284
0.00693543
0.00694802
0.00696059
0.00697362
0.00698636
0.00699817
0.00701174
0.00702433
0.00703694
0.00704943
0.00706048
0.00710177
0.00710984
0.00619715
0.00620506
0.00621767
0.00623028
0.00623977
0.00636941
0.00637892
0.00639164
0.00640437
0.00641706
0.00642822
0.00643932
0.00645206
0.00646482
0.00647756
0.00649032
0.00649988
0.00682914
0.00683712
0.0068498
0.00686239
0.00687498
0.00688761
0.00690018
0.00691278
0.00692532
0.00693789
0.00694574
0.00619246
0.00620509
0.00621769
0.00640902
0.00641694
0.00642966
0.00644085
0.00645199
0.00646468
0.00647744
0.00649016
0.00650287
0.00651563
0.00652836
0.00654112
0.0065523
0.00656344
0.00657617
0.00658413
0.00676713
0.00677661
0.00678931
0.00680036
0.00681145
0.00682406
0.0068367
0.00684934
0.00686193
0.00687454
0.00688715
0.00689975
0.00690761
0.00618147
0.0061925
0.00620513
0.00644074
0.00645189
0.00646461
0.00647733
0.00649006
0.0065028
0.00651554
0.00652825
0.00654099
0.00655213
0.00656328
0.00657603
0.00658879
0.00660152
0.0066143
0.00662703
0.00663972
0.00665249
0.00666518
0.00667637
0.00668747
0.00670016
0.00671287
0.00672555
0.00673828
0.00675094
0.00676364
0.00677635
0.00678901
0.00680169
0.00681273
0.00682376
0.0068364
0.00684901
0.00686158
0.00687265
0.00616942
0.00617986
0.00619157
0.00645667
0.00646459
0.00647731
0.00649063
0.00650268
0.00651539
0.00652811
0.00654086
0.00655359
0.0065647
0.00657587
0.00658859
0.00660136
0.00661409
0.0066268
0.00663951
0.00665226
0.00666501
0.00667701
0.00668796
0.00669997
0.00671264
0.00672531
0.00673803
0.00675071
0.00676342
0.0067761
0.00678877
0.00680139
0.00681335
0.00682417
0.00683511
0.00684566
0.0061686
0.00617963
0.00618756
0.00649447
0.0065024
0.00651512
0.00652786
0.00654057
0.00655335
0.00656604
0.00657716
0.00658833
0.00660106
0.00661377
0.00662652
0.00663923
0.00665196
0.00666465
0.0066774
0.00669011
0.00670122
0.00671232
0.00672503
0.00673775
0.00675042
0.0067631
0.0067758
0.00678842
0.00680105
0.00681369
0.00682154
0.00616683
0.00617788
0.00650376
0.00651493
0.00652767
0.00654039
0.00655308
0.00656582
0.00657695
0.0065881
0.00660081
0.00661357
0.00662628
0.00663901
0.00665171
0.00666449
0.0066772
0.00668986
0.00670098
0.00671212
0.0067248
0.00673753
0.00675021
0.00676287
0.00677551
0.00678817
0.00680079
0.00681185
0.00615871
0.00616664
0.00617457
0.0065274
0.00654011
0.00655285
0.00656557
0.00657835
0.00658944
0.00660058
0.00661329
0.00662605
0.00663873
0.00665149
0.0066642
0.00667691
0.00668964
0.00670232
0.00671344
0.00672455
0.00673721
0.00674994
0.0067626
0.00677526
0.00678788
0.00616002
0.00616882
0.00617438
0.00653986
0.00655249
0.00656521
0.00657793
0.00659066
0.00660269
0.00661361
0.00662562
0.00663838
0.00665111
0.00666384
0.00667656
0.00668927
0.00670197
0.00671467
0.00672663
0.00673757
0.00674954
0.0067622
0.00677485
0.00678377
0.00616122
0.0061691
0.00617699
0.00652823
0.0065394
0.00655209
0.00656481
0.00657754
0.00659025
0.00660299
0.00661572
0.00662687
0.00663798
0.00665071
0.00666344
0.00667617
0.00668888
0.00670163
0.00671423
0.00672698
0.00673966
0.00675076
0.00676184
0.00677446
0.00678712
0.00679501
0.00616878
0.00617668
0.00651525
0.00652639
0.00653913
0.00655186
0.00656455
0.00657727
0.00659002
0.00660276
0.00661547
0.00662663
0.0066377
0.00665039
0.00666314
0.00667589
0.00668863
0.00670131
0.006714
0.00672672
0.00673947
0.00675209
0.00676317
0.00677427
0.00678689
0.00679791
0.00617003
0.00617949
0.00649274
0.00650387
0.00651502
0.00652613
0.00653887
0.00655163
0.00656432
0.00657703
0.00658976
0.00660247
0.00661525
0.00662798
0.00663907
0.00665022
0.00666295
0.00667566
0.00668836
0.00670107
0.0067138
0.00672649
0.00673921
0.00675185
0.00676447
0.00677557
0.0067866
0.00679927
0.00681031
0.00617114
0.00618062
0.00618989
0.00643983
0.0064525
0.00646637
0.00647809
0.00649082
0.00650355
0.00651626
0.00652827
0.00653922
0.00655124
0.00656395
0.00657667
0.00658943
0.00660214
0.00661487
0.00662759
0.00664032
0.00665146
0.0066626
0.00667532
0.00668803
0.00670074
0.00671344
0.00672613
0.00673879
0.00675148
0.00676411
0.00677677
0.00678876
0.00679959
0.00681156
0.00682346
0.00683354
0.00718905
0.00617076
0.00618023
0.00618966
0.00641584
0.00642692
0.00643963
0.00645235
0.00646508
0.0064778
0.00649051
0.00650323
0.00651601
0.0065287
0.00653987
0.00655096
0.00656367
0.00657643
0.00658912
0.00660185
0.0066146
0.00662735
0.00664006
0.00665279
0.00666392
0.00667507
0.00668776
0.00670055
0.00671319
0.00672585
0.00673849
0.00675115
0.00676385
0.00677649
0.00678919
0.00680022
0.00681129
0.00682399
0.00683656
0.00684447
0.00719301
0.00617212
0.00618002
0.00619104
0.00642035
0.00642833
0.00643946
0.00645215
0.00646486
0.00647763
0.00649032
0.00650303
0.00651579
0.0065285
0.00654122
0.00655235
0.00656348
0.00657626
0.00658895
0.0066017
0.00661448
0.00662716
0.00663989
0.00665258
0.00666533
0.00667641
0.00668756
0.00670031
0.00671298
0.00672566
0.00673829
0.00675105
0.0067637
0.00677638
0.00678909
0.00680168
0.00681265
0.0068238
0.00683642
0.00684903
0.0068569
0.00718764
0.0061814
0.00619232
0.00620347
0.00641698
0.00642973
0.00644141
0.00645185
0.00646457
0.00647732
0.00649005
0.00650276
0.00651546
0.00652821
0.00654093
0.00655298
0.0065639
0.00657591
0.00658865
0.00660142
0.00661415
0.00662686
0.00663957
0.0066523
0.00666502
0.00667699
0.00668791
0.00669993
0.00671262
0.00672533
0.006738
0.00675071
0.00676336
0.0067761
0.00678875
0.00680133
0.00681402
0.00682507
0.00683613
0.0068488
0.00686036
0.00686927
0.00718517
0.00719325
0.00619358
0.00620477
0.00621737
0.00622931
0.00623779
0.00636905
0.00637856
0.00639223
0.00640402
0.00641672
0.00642945
0.00644116
0.00645319
0.00646435
0.00647704
0.00648978
0.00650253
0.00651523
0.00652796
0.00654069
0.00655343
0.00656455
0.00657571
0.00658844
0.00660118
0.00661234
0.00662664
0.00663937
0.0066521
0.0066648
0.00667749
0.00668869
0.00669972
0.00671246
0.0067251
0.00673783
0.00675051
0.0067632
0.00677595
0.00678858
0.00680124
0.00681392
0.00682495
0.00683604
0.00684866
0.00686134
0.00687395
0.006885
0.00717834
0.00718555
0.0061949
0.00620442
0.00621701
0.00622966
0.00624227
0.00627075
0.00628497
0.00629287
0.0063055
0.00631819
0.00632923
0.00634032
0.00635302
0.00636566
0.00637836
0.00639107
0.00640377
0.00641647
0.00642919
0.00644188
0.006453
0.00646414
0.00647688
0.00648959
0.00650235
0.00651509
0.00652782
0.00654058
0.00655331
0.00656654
0.0066916
0.00671389
0.00672501
0.00673774
0.00675041
0.00676317
0.0067758
0.00678851
0.00680117
0.00681385
0.00682646
0.00683748
0.00684855
0.00686126
0.00687387
0.00688642
0.00689749
0.00717825
0.00718183
0.00619615
0.0062041
0.0062167
0.00622934
0.00624195
0.00625461
0.00626726
0.0062799
0.00629258
0.00630526
0.00631789
0.00632988
0.00634076
0.00635277
0.00636545
0.00637813
0.00639082
0.00640352
0.00641618
0.00642894
0.00644167
0.00645435
0.0064655
0.00647667
0.00649045
0.00650143
0.00651325
0.00675338
0.00676451
0.00677559
0.00678826
0.00680088
0.00681361
0.00682622
0.00683884
0.0068499
0.00686098
0.00687359
0.00688614
0.00689874
0.00690663
0.0071764
0.0071808
0.00620818
0.00621763
0.00622867
0.00624129
0.00625398
0.00626664
0.00627937
0.00629202
0.00630465
0.00631732
0.00632996
0.00634259
0.00635526
0.00636641
0.00637752
0.00639019
0.00640293
0.00641562
0.00642831
0.00644105
0.00645377
0.00646648
0.00677494
0.00678755
0.00680021
0.00681287
0.00682548
0.00683812
0.0068508
0.00686341
0.00687598
0.00688702
0.00689799
0.00690744
0.00716426
0.00717292
0.00619835
0.00620624
0.00621887
0.00622992
0.00624098
0.00625366
0.00626639
0.00627904
0.00629171
0.00630437
0.00631702
0.00632967
0.00634237
0.00635506
0.00636771
0.00637882
0.00638993
0.00640263
0.00641534
0.00642807
0.00678891
0.00679996
0.00681264
0.00682526
0.00683785
0.00685048
0.00686312
0.00687576
0.00688835
0.00690094
0.00691193
0.00692143
0.00716231
0.00717276
0.00619803
0.00620593
0.00621855
0.00623118
0.00624385
0.00625494
0.00626607
0.00627874
0.00629137
0.00630404
0.00631666
0.00632938
0.00634199
0.00635467
0.00636744
0.00638013
0.00639121
0.00640233
0.00641501
0.0064277
0.00680132
0.00681235
0.00682503
0.00683764
0.00685026
0.00686294
0.00687553
0.00688808
0.00690074
0.00691179
0.00692276
0.00693485
0.00716352
0.00717248
0.00619794
0.00620584
0.00621846
0.0062311
0.00624377
0.00625485
0.00626594
0.00627858
0.00629125
0.0063039
0.00631656
0.00632928
0.0063419
0.00635457
0.00636729
0.00637998
0.00639112
0.00640221
0.00641495
0.00642293
0.00680282
0.00681232
0.00682493
0.00683755
0.00685023
0.00686284
0.00687548
0.00688805
0.00690066
0.00691323
0.00692424
0.00693377
0.00716221
0.0071709
0.00620575
0.00621837
0.006231
0.00624367
0.00625474
0.00626581
0.00627845
0.0062911
0.00630376
0.00631644
0.00632911
0.00634178
0.00635447
0.00636719
0.00637988
0.00639101
0.00640211
0.00641483
0.00642754
0.00679
0.00679954
0.00681222
0.00682486
0.0068375
0.00685013
0.00686275
0.00687541
0.00688797
0.00690061
0.00691325
0.0069243
0.00693377
0.00716051
0.00717119
0.00620928
0.00621823
0.00623085
0.00624351
0.00625615
0.00626722
0.00627827
0.00629094
0.00630362
0.00631631
0.00632895
0.00634166
0.00635432
0.00636704
0.00637973
0.00639242
0.00640356
0.00641466
0.00642739
0.00643918
0.00644811
0.00678994
0.00679942
0.00681209
0.00682473
0.00683737
0.00685002
0.00686262
0.0068753
0.00688787
0.0069005
0.00691314
0.0069242
0.00693296
0.00716124
0.00717243
0.00620861
0.00621807
0.00623071
0.00624336
0.00625602
0.00626864
0.00627975
0.00629084
0.0063035
0.00631619
0.00632889
0.00634155
0.00635427
0.00636694
0.00637968
0.0063924
0.00640349
0.006413
0.00681528
0.00682478
0.00683746
0.00685005
0.00686271
0.00687535
0.00688794
0.00690055
0.00691312
0.00692574
0.00693681
0.00694465
0.0071632
0.00717203
0.00718073
0.00620849
0.00621798
0.00623061
0.00624324
0.0062559
0.00626855
0.00627965
0.00629075
0.00630346
0.00631613
0.00632883
0.00634149
0.00635417
0.0063669
0.00638015
0.0063907
0.00683906
0.00685006
0.0068627
0.00687531
0.00688791
0.00690052
0.00691316
0.0069257
0.00693671
0.00694775
0.00716351
0.00717226
0.0062178
0.00623044
0.00624308
0.00625575
0.00626741
0.00627961
0.00629073
0.00630338
0.00631605
0.00632876
0.00633986
0.00684053
0.00685028
0.00686262
0.00687525
0.00688787
0.00690049
0.00691312
0.00692565
0.00693664
0.00694697
0.00695866
0.00715179
0.00716036
0.0071692
0.00620969
0.00621761
0.00623024
0.00624291
0.00625404
0.00685475
0.00686264
0.00687525
0.00688782
0.00690046
0.00691305
0.00692562
0.00693666
0.00694762
0.00696012
0.00696804
0.00715311
0.00716029
0.0071675
0.00620956
0.00621748
0.00623014
0.00624281
0.00625233
0.00685296
0.00686253
0.00687509
0.00688779
0.00690032
0.006913
0.00692559
0.00693656
0.00694755
0.00696016
0.00697121
0.00715145
0.00716021
0.00716907
0.0062189
0.00622999
0.00624266
0.00625533
0.00626802
0.00628068
0.00629178
0.00630445
0.00631082
0.00686553
0.00687502
0.00688759
0.0069002
0.00691286
0.00692547
0.00693803
0.00694906
0.00696001
0.00697264
0.00698055
0.00714985
0.00716026
0.00716756
0.00621866
0.00622965
0.00624231
0.00625497
0.00626762
0.00628033
0.00629298
0.00630496
0.00631626
0.00632678
0.00686428
0.0068747
0.00688731
0.00689989
0.00691253
0.00692513
0.00693775
0.00695031
0.00696218
0.00697306
0.00698504
0.00699282
0.00715018
0.00715986
0.00716949
0.00621978
0.00622929
0.00624195
0.0062546
0.00626727
0.00627996
0.00629265
0.0063053
0.006318
0.00632592
0.00687442
0.00688704
0.00689965
0.00691227
0.00692488
0.00693743
0.00695
0.00696257
0.00697518
0.00698466
0.00715212
0.0071608
0.00717127
0.00621955
0.00622907
0.00624173
0.00625437
0.00626704
0.00627976
0.00629246
0.00630196
0.00688692
0.00689955
0.00691208
0.00692478
0.00693722
0.00694979
0.00696238
0.00697497
0.00698286
0.0071621
0.00716907
0.00622089
0.00622884
0.0062415
0.00625414
0.00626682
0.00627478
0.00688671
0.00689937
0.00691192
0.00692453
0.00693712
0.00694963
0.00696217
0.00697472
0.0071621
0.00716911
0.0062302
0.00624128
0.00625395
0.00626191
0.00688885
0.00689903
0.00691158
0.0069242
0.00693671
0.00694927
0.00696182
0.00697335
0.00698231
0.00714921
0.00715977
0.00716609
0.00621078
0.00621965
0.00623074
0.00624097
0.00624895
0.0068765
0.0068876
0.00689864
0.00691119
0.00692382
0.00693639
0.00694894
0.00696146
0.00697513
0.00698208
0.0071481
0.00715869
0.00621842
0.0062295
0.00687784
0.00688577
0.00689836
0.00691097
0.00692352
0.00693614
0.00694875
0.00696128
0.00697387
0.00698162
0.00714778
0.00715845
0.00622297
0.00624834
0.00625149
0.00628951
0.00687918
0.00688702
0.00689804
0.00691066
0.00692329
0.00693593
0.00694848
0.00696111
0.00697364
0.00698621
0.00699412
0.00714778
0.00715989
0.00623126
0.00624307
0.00625572
0.0062684
0.00628039
0.00629129
0.00630218
0.00631454
0.00686782
0.00687623
0.00688814
0.00690073
0.00691265
0.00692352
0.00693542
0.006948
0.0069606
0.00697316
0.00698514
0.00714862
0.00715901
0.00716769
0.00622203
0.00622992
0.00624258
0.00625525
0.00626791
0.00628061
0.00629014
0.00687824
0.00688774
0.00690033
0.00691288
0.00692552
0.00693807
0.00694912
0.00696007
0.00697266
0.00698526
0.00715137
0.00716008
0.00716729
0.00623117
0.00624226
0.00625495
0.00626444
0.00687949
0.00688746
0.00690003
0.00691253
0.00692523
0.00693781
0.00695035
0.00696131
0.00697238
0.00698336
0.00715091
0.00715987
0.00716688
0.00623402
0.00624194
0.00688866
0.00689973
0.00691227
0.00692487
0.00693737
0.00694994
0.00696249
0.00697508
0.00714945
0.00715844
0.00688681
0.00689943
0.006912
0.00692459
0.00693707
0.00694964
0.00696214
0.00697467
0.00713895
0.00714774
0.00621778
0.0068777
0.00688666
0.00689924
0.00691176
0.00692438
0.00693692
0.00694942
0.00696199
0.00697304
0.007139
0.00714793
0.0071583
0.00685961
0.00687383
0.00688645
0.006899
0.00691163
0.00692422
0.00693677
0.00694936
0.00696191
0.00696976
0.00714764
0.00715955
0.00623345
0.00624136
0.00625473
0.00626672
0.0062794
0.00629208
0.00630476
0.00631636
0.0063285
0.00685208
0.00686104
0.00687364
0.00688623
0.00689889
0.00691151
0.00692409
0.00693673
0.00694928
0.00696188
0.0069735
0.00698407
0.00714809
0.00715985
0.00716927
0.00622864
0.00624129
0.00625393
0.00626662
0.00627929
0.00629199
0.00630466
0.00631733
0.00633004
0.00684985
0.00686099
0.00687364
0.00688619
0.00689882
0.00691144
0.00692403
0.00693665
0.00694917
0.00696176
0.00696967
0.00715004
0.00716048
0.00716932
0.00621753
0.0062286
0.00624126
0.0062539
0.00626659
0.00627926
0.00629194
0.00630463
0.00631575
0.00685305
0.00686094
0.00687359
0.00688618
0.0068988
0.00691141
0.00692405
0.0069366
0.0069491
0.00696169
0.00715167
0.00716035
0.00717086
0.00621907
0.00622856
0.00624123
0.00625385
0.00626657
0.00627924
0.00629196
0.00630463
0.00631575
0.00633163
0.00685302
0.00686097
0.00687359
0.00688622
0.00689879
0.00691129
0.00692397
0.00693659
0.00694913
0.00696009
0.00715011
0.00716065
0.00620876
0.00621834
0.0062292
0.00624118
0.00625386
0.00626658
0.00627767
0.00684357
0.00685065
0.0068609
0.00687358
0.00688613
0.00689875
0.00691133
0.00692393
0.00693645
0.00694743
0.00713728
0.00714764
0.00715747
0.00620792
0.00621897
0.00623005
0.00624114
0.00625068
0.00685295
0.00686242
0.00687344
0.00688614
0.00689876
0.00691133
0.00692389
0.00693635
0.00694903
0.00695845
0.00713872
0.00714756
0.00715778
0.0062077
0.00621875
0.00623142
0.00624256
0.00625363
0.00629009
0.00630908
0.00631387
0.00636458
0.00684009
0.0068512
0.00686223
0.00687335
0.00688594
0.0068986
0.00691115
0.00692374
0.00693624
0.00694888
0.00695827
0.00714712
0.00715926
0.00621065
0.00621853
0.00623119
0.00624233
0.0062534
0.00626604
0.00627872
0.00629141
0.00630406
0.00631673
0.00632944
0.0063421
0.00635482
0.00636754
0.00637704
0.00683981
0.00685093
0.00686354
0.00687461
0.00688563
0.00689818
0.00691079
0.00692345
0.00693604
0.00694541
0.00714807
0.00715999
0.00716889
0.00621043
0.00621831
0.00623096
0.00624361
0.00625466
0.00626576
0.0062784
0.00629109
0.00630379
0.00631648
0.00632915
0.00634184
0.00635451
0.0063672
0.0063799
0.00639104
0.00640219
0.00641329
0.0068173
0.00682518
0.00683784
0.0068505
0.00686313
0.00687575
0.00688838
0.00689941
0.00691045
0.00692302
0.00693564
0.00694339
0.00715095
0.00715959
0.00717166
0.00620861
0.00621805
0.0062307
0.00624332
0.00625597
0.00626863
0.00627972
0.00629083
0.00630348
0.00631616
0.00632886
0.00634153
0.00635425
0.00636696
0.00637965
0.00639238
0.00640349
0.00641459
0.00642253
0.00681328
0.00682489
0.00683758
0.00685025
0.00686286
0.00687547
0.00688807
0.00690067
0.00691259
0.00692344
0.00693536
0.006948
0.00715898
0.00717139
0.00620649
0.00621751
0.00623018
0.00624279
0.00625546
0.00626811
0.0062808
0.00629192
0.00630301
0.00631564
0.00632835
0.00634104
0.00635375
0.00636643
0.00637914
0.00639184
0.00640452
0.00641727
0.00682444
0.00683716
0.00684973
0.00686232
0.00687491
0.00688755
0.00690009
0.00691269
0.0069253
0.00693471
0.00715326
0.00716024
0.00716914
0.00619675
0.00620459
0.00621722
0.00622987
0.00624251
0.00625515
0.00626784
0.00628053
0.00629323
0.00630433
0.00631538
0.00632806
0.00634074
0.00635345
0.00636612
0.00637886
0.00639158
0.00640427
0.00641699
0.00642968
0.00644081
0.0068113
0.00682396
0.0068367
0.0068493
0.00686193
0.00687448
0.00688714
0.00689975
0.00691239
0.00692503
0.00693286
0.00715176
0.00716043
0.00716764
0.00618374
0.00619165
0.00620427
0.00621692
0.00622953
0.00624221
0.00625487
0.0062676
0.00628029
0.00629295
0.00630562
0.00631669
0.00632778
0.00634045
0.0063531
0.00636579
0.00637848
0.00639122
0.00640389
0.00641662
0.00642934
0.00644203
0.00645317
0.00646273
0.00677924
0.00678872
0.00680147
0.00681413
0.00682519
0.00683628
0.00684885
0.00686147
0.00687408
0.00688667
0.00689927
0.00691186
0.00713836
0.00714727
0.00715774
0.00617394
0.00618187
0.00619295
0.00620397
0.00621661
0.00622923
0.00624192
0.00625459
0.00626733
0.00628
0.00629267
0.00630533
0.00631799
0.00632908
0.00634015
0.00635281
0.0063655
0.00637819
0.00639086
0.0064036
0.00641631
0.00642901
0.00644175
0.0064543
0.00646701
0.00647648
0.00676378
0.00677623
0.00678817
0.00680086
0.0068135
0.00682609
0.00683807
0.00684982
0.0068609
0.00687364
0.00688619
0.00689881
0.00690667
0.00713954
0.00714807
0.0071593
0.00618215
0.00619411
0.00620602
0.0062169
0.00622883
0.00624153
0.0062542
0.00626686
0.0062795
0.00629216
0.00630482
0.00631745
0.00633012
0.0063428
0.00635477
0.00636568
0.00637767
0.00639038
0.00640307
0.00641581
0.00642849
0.00644122
0.00645383
0.00646565
0.0064793
0.00649048
0.00650159
0.00651425
0.00675291
0.00676236
0.00677505
0.00678766
0.00680039
0.00681304
0.00682566
0.00683823
0.00685086
0.00686388
0.00687469
0.00688638
0.00689729
0.00714898
0.00716083
0.00618589
0.00619384
0.00620643
0.00621749
0.00622854
0.00624118
0.00625381
0.00626331
0.00634396
0.00635451
0.00636774
0.00637883
0.00638995
0.00640267
0.00641536
0.0064281
0.0064408
0.00645351
0.00646625
0.00647901
0.0064917
0.0065029
0.00651404
0.00652679
0.00653951
0.00654744
0.00672722
0.00673838
0.0067494
0.00676208
0.00677476
0.00678738
0.00680004
0.00681272
0.00682533
0.00683791
0.00685052
0.00686315
0.00687573
0.00715011
0.0071604
0.00717091
0.00619424
0.00620617
0.00621811
0.00622832
0.00638173
0.006392
0.00640227
0.00641498
0.0064277
0.0064404
0.00645312
0.00646584
0.00647861
0.00649133
0.00650338
0.00651433
0.00652641
0.00653912
0.00655188
0.00656363
0.00657828
0.00658767
0.00669179
0.00670141
0.00671415
0.00672682
0.00673951
0.00675148
0.0067624
0.00677438
0.00678699
0.00679963
0.00681224
0.00682484
0.0068375
0.00685013
0.00686271
0.00687073
0.00715144
0.00716018
0.0071691
0.00618218
0.00619326
0.00620585
0.00621687
0.00638449
0.00640351
0.00641468
0.00642738
0.00644009
0.00645281
0.00646555
0.00647831
0.00649103
0.00650379
0.00651655
0.0065277
0.00653883
0.00655161
0.00656273
0.00657708
0.00670273
0.0067139
0.0067266
0.00673922
0.00675192
0.00676299
0.00677403
0.00678665
0.00679933
0.00681197
0.00682458
0.00683715
0.00684979
0.00686238
0.00714963
0.00716018
0.00617248
0.00618039
0.00619305
0.00620564
0.00621353
0.00638115
0.00639537
0.00640493
0.00641605
0.00642718
0.0064399
0.00645262
0.00646536
0.00647809
0.00649085
0.00650359
0.00651633
0.00652753
0.00653864
0.0065514
0.00656413
0.0065737
0.0066914
0.00670149
0.00671372
0.00672641
0.00673909
0.00675172
0.00676438
0.00677549
0.0067865
0.00679911
0.00681179
0.00682436
0.006837
0.00684959
0.00686216
0.0071464
0.00715869
0.00617065
0.00618013
0.00619278
0.00620537
0.00639358
0.0064047
0.00641581
0.00642691
0.00643965
0.00645239
0.0064651
0.00647784
0.00649058
0.00650329
0.006516
0.00652881
0.00653995
0.00655112
0.00656385
0.00657658
0.00658775
0.00665454
0.00666251
0.00668743
0.00670066
0.00671336
0.00672606
0.00673877
0.00675145
0.00676411
0.00677668
0.00678778
0.00679879
0.00681145
0.00682407
0.00683664
0.00684927
0.00685866
0.00712513
0.00713513
0.0071471
0.00617026
0.00617973
0.00619239
0.00620499
0.00621398
0.00624747
0.00625659
0.00626822
0.00627977
0.0062919
0.00630128
0.00638378
0.00639245
0.00640428
0.00641701
0.00642901
0.00643996
0.00645196
0.00646472
0.00647746
0.00649019
0.00650289
0.00651565
0.00652841
0.00654114
0.00655228
0.00656346
0.00657532
0.00658435
0.00660339
0.00661279
0.00663841
0.00665478
0.0066646
0.00667459
0.00668751
0.00670023
0.00671296
0.00672564
0.00673838
0.00675106
0.00676364
0.00677627
0.00678891
0.00680154
0.00681344
0.0068243
0.00683625
0.00684881
0.00685666
0.00710069
0.00711058
0.00712294
0.00713449
0.00714588
0.00617143
0.00617934
0.006192
0.0062046
0.00621668
0.00622987
0.00624252
0.00625519
0.00626622
0.00639433
0.00640386
0.00641656
0.00642928
0.00644197
0.00645311
0.00646429
0.006477
0.00648969
0.00650248
0.00651519
0.00652795
0.00654075
0.00655351
0.00656467
0.00657262
0.00667759
0.0066887
0.0066998
0.0067125
0.00672526
0.00673789
0.00675062
0.00676325
0.00677584
0.00678848
0.00680118
0.00681378
0.00682632
0.00683896
0.00684994
0.00685622
0.00710179
0.00711019
0.0071234
0.00713508
0.00714496
0.00618224
0.00619177
0.00620439
0.00621702
0.00622963
0.00624231
0.00625331
0.00641628
0.00642893
0.00644169
0.0064544
0.00646558
0.00647673
0.00648943
0.00650219
0.00651492
0.00652768
0.00654041
0.00655315
0.00656591
0.00657713
0.00658826
0.00666459
0.00667786
0.00669
0.00670116
0.00671226
0.00672496
0.00673762
0.0067503
0.00676294
0.00677557
0.00678821
0.00680087
0.00681351
0.00682614
0.00683869
0.00685129
0.00685926
0.00710968
0.00712293
0.0071363
0.00714774
0.00715437
0.00621851
0.00622954
0.00624213
0.00624998
0.00642711
0.00644142
0.00645421
0.00646695
0.00647805
0.00648922
0.00650198
0.00651474
0.00652746
0.00654021
0.00655297
0.00656568
0.00657844
0.00658965
0.00660081
0.00661349
0.00662627
0.006639
0.00665173
0.00666603
0.00667712
0.00668983
0.00670251
0.00671359
0.00672471
0.00673737
0.00675006
0.00676274
0.0067754
0.00678804
0.00680069
0.00681333
0.00682595
0.00683856
0.00685113
0.006859
0.00711416
0.00712251
0.00713572
0.00714742
0.0071558
0.00622038
0.00622931
0.00624189
0.00625283
0.00640472
0.0064158
0.0064296
0.00644126
0.006454
0.00646674
0.00647792
0.00648907
0.00650183
0.00651458
0.00652733
0.00654009
0.00655381
0.00656554
0.00657832
0.00658953
0.00660067
0.00660858
0.00664363
0.00664838
0.00666429
0.006677
0.00668968
0.00670239
0.00671355
0.00672533
0.00673732
0.00674999
0.00676264
0.00677528
0.0067879
0.00680055
0.00681323
0.00682591
0.0068385
0.0068511
0.00686307
0.00687476
0.00688106
0.00712437
0.00713532
0.00714702
0.00715708
0.00623068
0.0062417
0.00625432
0.00626692
0.00627635
0.00635388
0.006365
0.0063777
0.0063904
0.00640309
0.00641581
0.00642853
0.00644127
0.00645401
0.00646677
0.00647796
0.00648913
0.00649707
0.00678976
0.00680087
0.00681346
0.00682612
0.00683876
0.0068498
0.00686075
0.00687335
0.00688605
0.00689862
0.00711383
0.00712216
0.00713537
0.00714715
0.00715403
0.00625427
0.00626689
0.00627946
0.00629211
0.00630474
0.00631741
0.0063301
0.0063428
0.00635393
0.00636506
0.00637772
0.00639042
0.00640316
0.00641588
0.00642864
0.00643976
0.00684067
0.00684844
0.00686117
0.00687378
0.00688644
0.0068989
0.00691153
0.00692406
0.0069367
0.00709126
0.0070978
0.00710948
0.00712258
0.00713575
0.0071441
0.00629218
0.00630479
0.00631748
0.0063302
0.0063429
0.00635245
0.00687399
0.00688662
0.00689921
0.00691174
0.00692435
0.00693685
0.00694947
0.00696206
0.0069716
0.0070641
0.00707411
0.00708579
0.00709739
0.00711025
0.0071232
0.00713133
0.00690283
0.00691221
0.00692483
0.00693844
0.00694958
0.00696129
0.00697387
0.00698645
0.00699817
0.00700935
0.00702318
0.00703686
0.00704871
0.00706111
0.00707178
0.00708156
0.00701137
0.0070242
0.0070322
0.00700295
0.00701085
0.00702336
0.00703595
0.00704855
0.00706224
0.00707345
0.00708534
0.00709655
0.00710898
0.00712187
0.00713484
0.00624604
0.00625554
0.00626816
0.00628078
0.00629339
0.00630444
0.00631549
0.00632812
0.00634084
0.00635352
0.00636304
0.00695201
0.00696142
0.00697236
0.00698496
0.00699755
0.00701005
0.00702265
0.00703515
0.00704773
0.00706037
0.00707351
0.00708578
0.00709855
0.00711137
0.00712264
0.00713406
0.00714867
0.00715521
0.00623031
0.00624291
0.00625551
0.00626813
0.00628075
0.00629332
0.00630438
0.00631544
0.00632811
0.0063408
0.00635349
0.00636615
0.00637887
0.00639155
0.00640265
0.00691388
0.00692491
0.00693741
0.00694999
0.00696249
0.00697497
0.00698753
0.00700003
0.00714794
0.00715945
0.00716773
0.00621771
0.00623033
0.00624287
0.00625549
0.00626811
0.00628069
0.00629332
0.00630438
0.00631543
0.00632811
0.00634081
0.00635345
0.00636614
0.0063788
0.00639152
0.00640422
0.0064169
0.00642962
0.00687899
0.00688683
0.00689938
0.00691195
0.00692448
0.00693705
0.00694957
0.00696204
0.00697302
0.00717219
0.00718078
0.00619399
0.00620509
0.00621769
0.00623025
0.00624194
0.00625082
0.00631642
0.00632809
0.00634075
0.00635342
0.00636609
0.00637876
0.00639144
0.00640414
0.00641685
0.00642955
0.00644066
0.00645111
0.00646443
0.00647714
0.00648504
0.00683914
0.00684971
0.00686131
0.00687392
0.0068865
0.00689905
0.00691166
0.00692416
0.00693669
0.00694831
0.00695712
0.00718545
0.00619381
0.00620485
0.00621746
0.0062253
0.00633101
0.00634052
0.00635315
0.00636585
0.00637851
0.00639121
0.00640388
0.00641658
0.00642928
0.00644198
0.00645307
0.00646421
0.00647697
0.00648806
0.00682787
0.00683888
0.00684995
0.00686097
0.00687357
0.00688614
0.00689869
0.00691124
0.00692383
0.00693638
0.00694416
0.00718788
0.00719499
0.00618414
0.00619207
0.00620465
0.00621248
0.00634505
0.00635297
0.0063656
0.0063783
0.006391
0.0064037
0.00641638
0.00642905
0.00644177
0.00645447
0.0064656
0.00647672
0.00648948
0.00649742
0.00681821
0.00682599
0.00683863
0.00685125
0.00686229
0.0068733
0.00688591
0.00689846
0.00691103
0.00692354
0.00693613
0.00718788
0.00719499
0.00618081
0.00619187
0.00620446
0.00621229
0.00637804
0.00639072
0.00640344
0.00641612
0.00642884
0.00644152
0.00645424
0.00646691
0.00647806
0.0064892
0.00650192
0.00651464
0.00680045
0.00681309
0.00682572
0.00683836
0.00685096
0.00686359
0.00687457
0.00688558
0.00689808
0.00691065
0.00692327
0.00693273
0.00718818
0.00719403
0.00618053
0.00619158
0.00620416
0.00638242
0.0063914
0.00640307
0.00641575
0.00642846
0.00644116
0.00645386
0.00646658
0.0064793
0.00649042
0.00650156
0.00651426
0.006527
0.00653963
0.0067897
0.00680009
0.00681271
0.00682534
0.00683796
0.00685056
0.00686314
0.00687571
0.0068883
0.00690017
0.0069119
0.00692193
0.00717593
0.00718468
0.00719524
0.00618326
0.00619273
0.00620374
0.00621158
0.00638049
0.00639
0.0064027
0.00641538
0.00642806
0.00644076
0.00645345
0.00646619
0.00647894
0.00649165
0.00650277
0.00651393
0.00652509
0.00680129
0.00681235
0.00682499
0.00683765
0.0068502
0.00686277
0.00687537
0.00688798
0.00690053
0.00691304
0.00692408
0.0071839
0.00618294
0.00619399
0.00620656
0.0062144
0.00635491
0.00636757
0.00638022
0.00639131
0.00640241
0.00641511
0.00642783
0.00644053
0.00645322
0.00646595
0.00647866
0.0064914
0.00650254
0.00650894
0.00680427
0.00681216
0.0068248
0.00683735
0.00685001
0.00686258
0.00687511
0.00688773
0.00690028
0.00691285
0.00692544
0.00693488
0.00718203
0.00618582
0.00619368
0.00620625
0.00621884
0.00622671
0.00630566
0.0063167
0.00632934
0.006342
0.00635469
0.00636732
0.00638
0.00639105
0.00640219
0.00641488
0.00642758
0.00644028
0.00645298
0.00646569
0.00647844
0.00648637
0.00681667
0.00682452
0.00683709
0.00684968
0.0068623
0.00687485
0.00688742
0.00690005
0.00691252
0.00692513
0.00693293
0.00717818
0.00718377
0.0061943
0.00620582
0.00621841
0.00623101
0.00624346
0.00625609
0.00626732
0.00627841
0.00629105
0.00630368
0.00631635
0.00632896
0.00634162
0.0063543
0.00636698
0.00637963
0.00639233
0.00640432
0.00641524
0.00642723
0.00644005
0.00645275
0.00646228
0.00682898
0.00683785
0.00684938
0.00686193
0.00687448
0.00688706
0.00689962
0.00691219
0.00692474
0.00693619
0.006945
0.00717419
0.00718282
0.00619597
0.00620545
0.00621805
0.00623066
0.00624326
0.00625591
0.00626858
0.00627968
0.00629072
0.00630337
0.006316
0.00632863
0.00634134
0.00635397
0.00636666
0.00637936
0.00639201
0.00640468
0.00642688
0.00685074
0.00686172
0.0068743
0.00688691
0.00689941
0.00691201
0.0069246
0.00693704
0.00694963
0.00717289
0.00718341
0.00619737
0.00620525
0.00621784
0.00623046
0.00624307
0.00625574
0.00626837
0.00627947
0.00629051
0.00630316
0.00631583
0.00632845
0.00634112
0.0063538
0.00636644
0.00637914
0.00639181
0.00640449
0.00641402
0.00686317
0.00687417
0.00688676
0.00689933
0.00691195
0.00692445
0.00693705
0.0069496
0.0069621
0.00717283
0.00718188
0.0062098
0.00621765
0.00623025
0.0062429
0.00625553
0.0062682
0.00628082
0.00629186
0.00630291
0.00631556
0.00632823
0.00634087
0.00635353
0.00636622
0.00637892
0.00639159
0.00640427
0.0068646
0.00687468
0.0068866
0.00689918
0.00691106
0.0069243
0.00693692
0.00694947
0.00696204
0.00697468
0.00716441
0.00717143
0.00717861
0.00623487
0.0062433
0.00625524
0.00626786
0.0062805
0.00629314
0.00630509
0.00631597
0.00632794
0.0063406
0.00635326
0.00636493
0.00637873
0.00638982
0.00689127
0.00689914
0.00691267
0.00692429
0.00693688
0.00694948
0.00696211
0.00697469
0.00698727
0.00699986
0.00701029
0.00702205
0.00703469
0.00704738
0.00714929
0.00715938
0.00717154
0.00625488
0.00626439
0.0062786
0.00629282
0.00690374
0.00691158
0.0069242
0.00693679
0.00694941
0.00696196
0.00697455
0.00698719
0.00699981
0.00701238
0.00702341
0.00703452
0.00704721
0.00705828
0.00715922
0.00717122
0.00691287
0.00692389
0.0069365
0.00694908
0.00696161
0.00697417
0.00698678
0.00699938
0.00701198
0.00702457
0.00703657
0.00704743
0.00705949
0.00706736
0.00714784
0.00715899
0.00717037
0.00691372
0.00692322
0.00693583
0.00694834
0.00696093
0.00697342
0.00698605
0.00699863
0.00701122
0.0070238
0.00703639
0.00704428
0.00712558
0.00713539
0.00714702
0.00715723
0.00692768
0.00693552
0.00694807
0.00696068
0.00697317
0.00698576
0.00699836
0.00701089
0.00702348
0.0070361
0.00704394
0.00712208
0.00713525
0.00714692
0.00715546
0.00693695
0.00694801
0.0069605
0.00697305
0.00698558
0.00699815
0.00701081
0.00702338
0.00703591
0.00704844
0.00705792
0.00712172
0.00713487
0.00714821
0.0071585
0.00694007
0.0069479
0.00696045
0.00697302
0.00698568
0.00699838
0.00701094
0.0070234
0.00703597
0.00704843
0.00705783
0.00712322
0.00713477
0.00714818
0.00715679
0.00693998
0.00694789
0.00696055
0.00697317
0.00698574
0.00699836
0.00701102
0.00702352
0.00703607
0.00704858
0.00705942
0.00712164
0.00713481
0.00714828
0.00693883
0.00694776
0.00696042
0.00697303
0.00698568
0.0069983
0.00701093
0.00702357
0.00703616
0.00704861
0.0070611
0.00706886
0.00711351
0.0071215
0.00713467
0.00714823
0.00715816
0.00695092
0.00696042
0.00697297
0.00698552
0.00699818
0.00701073
0.00702335
0.00703599
0.00704865
0.00706125
0.0070721
0.00712604
0.00713428
0.00714776
0.00715805
0.00696032
0.00697292
0.00698544
0.00699808
0.00701068
0.00702325
0.00703587
0.00704846
0.00706106
0.00707363
0.00708459
0.00712592
0.00713429
0.00714757
0.00715801
0.00695233
0.00696118
0.00697278
0.00698535
0.00699789
0.00701048
0.00702299
0.00703559
0.00704819
0.00706078
0.00707346
0.00708616
0.00709891
0.00711013
0.00712152
0.00713466
0.00714692
0.00697431
0.00698538
0.0069979
0.00701043
0.00702294
0.00703542
0.00704799
0.00706057
0.00707316
0.00708587
0.00709873
0.00710999
0.00712143
0.0071347
0.00714645
0.0069774
0.00698526
0.00699788
0.00701045
0.00702289
0.00703551
0.00704804
0.0070605
0.00707303
0.00708574
0.00709851
0.00711141
0.00712282
0.00713448
0.0071446
0.00698683
0.00699781
0.00701042
0.00702297
0.00703546
0.00704794
0.00706047
0.00707287
0.0070856
0.00709843
0.00711134
0.00712272
0.00713441
0.00714295
0.00699832
0.00701027
0.00702289
0.00703549
0.00704799
0.00706039
0.00707191
0.00708537
0.00709812
0.00711183
0.00712255
0.00713406
0.00714359
0.00699089
0.00699878
0.00700987
0.00702257
0.00703512
0.00704781
0.00706029
0.00707331
0.00708514
0.00709784
0.00710973
0.00712367
0.00713523
0.00714535
0.00698908
0.00699858
0.00700962
0.00702219
0.00703472
0.00704742
0.00706013
0.00707259
0.00708494
0.00709745
0.00711018
0.00712324
0.00713473
0.00714646
0.00715503
0.00698725
0.00699986
0.00701243
0.00702333
0.00703442
0.00704712
0.00705967
0.00707232
0.00708484
0.00709733
0.00711012
0.00712303
0.00713459
0.00714632
0.00715471
0.00698862
0.00699957
0.00701205
0.00702465
0.00703722
0.0070482
0.00705931
0.00707195
0.00708466
0.00709743
0.00711014
0.00712309
0.00713469
0.00714392
0.00698727
0.00699919
0.00701168
0.00702423
0.00703674
0.0070493
0.00706183
0.00707374
0.00708471
0.0070968
0.00710976
0.0071229
0.0071355
0.00698793
0.00699894
0.00701143
0.00702393
0.00703648
0.00704897
0.00706149
0.00707402
0.00708671
0.00709792
0.00710925
0.00712237
0.00713578
0.00700045
0.00701135
0.00702392
0.00703639
0.00704887
0.00706131
0.00707382
0.00708646
0.00709763
0.00710904
0.00712221
0.00713569
0.00699028
0.00699835
0.00701098
0.00702365
0.00703623
0.00704871
0.00706103
0.00707341
0.00708595
0.00709886
0.00711029
0.00712172
0.00713515
0.00714352
0.00699785
0.00701049
0.00702308
0.00703563
0.00704827
0.00706082
0.00707306
0.00708548
0.00709819
0.00711103
0.00712254
0.00713429
0.00714452
0.00698955
0.00699743
0.00701005
0.00702267
0.00703526
0.00704785
0.00706045
0.00707296
0.0070854
0.00709788
0.00711068
0.00712383
0.00713553
0.00714411
0.00698761
0.00699854
0.00700957
0.00702212
0.00703469
0.00704731
0.00705997
0.00707265
0.0070852
0.00709789
0.00711068
0.00712385
0.00713549
0.00714238
0.00698726
0.00699977
0.00701232
0.0070248
0.00703572
0.00704679
0.00705938
0.00707209
0.00708484
0.00709774
0.00711069
0.0071222
0.00713217
0.0069793
0.00698715
0.00699966
0.00701217
0.00702466
0.00703713
0.00704901
0.00705977
0.00707175
0.00708449
0.00709736
0.00711039
0.0071237
0.00713381
0.00697606
0.00698705
0.00699963
0.00701213
0.00702466
0.00703714
0.00704967
0.00706209
0.00706989
0.00708899
0.00709718
0.00711009
0.00712348
0.00713533
0.00697763
0.00698814
0.00699974
0.00701236
0.0070242
0.00703499
0.00704764
0.00706028
0.00707315
0.00709706
0.00711124
0.00712339
0.00713495
0.0071432
0.00697595
0.00698704
0.00699966
0.00701236
0.00702328
0.00703448
0.00704707
0.00706038
0.00707166
0.00708257
0.00709696
0.00710873
0.00712287
0.0071346
0.00714319
0.00697427
0.00698688
0.0069995
0.00701218
0.0070248
0.00703589
0.00704696
0.00705951
0.00707186
0.00708272
0.00711451
0.00712273
0.00713454
0.00714469
0.00696639
0.00697423
0.00698691
0.00699935
0.00701197
0.00702463
0.00703718
0.00704829
0.00705943
0.00707196
0.00708438
0.00709216
0.00711137
0.00712285
0.00713454
0.00714309
0.00695366
0.00696154
0.00697404
0.00698661
0.00699913
0.00701164
0.00702424
0.00703681
0.00704857
0.00706057
0.00707173
0.00708446
0.0070978
0.00711012
0.00712334
0.00713438
0.00696472
0.00697413
0.00698668
0.00699917
0.00701176
0.00702426
0.00703679
0.00704997
0.00706098
0.00707306
0.00708582
0.00709702
0.00710998
0.00712319
0.00713357
0.0069645
0.00697391
0.00698653
0.00699905
0.00701163
0.00702411
0.00703668
0.00704914
0.00705854
0.00710967
0.00712306
0.00713495
0.00695159
0.00696112
0.0069738
0.0069863
0.00699887
0.00701144
0.00702406
0.00703661
0.00704901
0.00705831
0.00710938
0.0071227
0.0071344
0.00714124
0.00694978
0.00696087
0.00697351
0.00698608
0.00699876
0.00701144
0.00702401
0.00703648
0.007049
0.00705971
0.00711069
0.00712223
0.00713556
0.00714554
0.0069479
0.00696054
0.0069732
0.00698584
0.00699849
0.00701118
0.00702384
0.00703642
0.007049
0.00706064
0.007069
0.00711357
0.00712178
0.00713516
0.00714699
0.00694103
0.00695044
0.00696153
0.00697256
0.0069852
0.00699782
0.00701045
0.00702311
0.00703582
0.00704844
0.00706105
0.00707347
0.00708275
0.00711302
0.0071229
0.00713459
0.00714642
0.00693905
0.00695012
0.00696267
0.0069752
0.00698629
0.00699727
0.00700986
0.00702255
0.00703519
0.00704794
0.00706056
0.00707322
0.00708579
0.0070985
0.00711129
0.0071228
0.00713451
0.00714474
0.00692443
0.00693707
0.00694957
0.00696214
0.00697465
0.00698722
0.00699986
0.00701241
0.00702339
0.00703451
0.0070471
0.00705983
0.00707262
0.00708546
0.0070983
0.00711138
0.00712305
0.00713155
0.006913
0.00692401
0.00693656
0.00694909
0.00696168
0.00697421
0.00698687
0.0069994
0.00701197
0.0070245
0.00703243
0.00709945
0.00711104
0.00712294
0.00713375
0.00690128
0.00691091
0.00692352
0.00693603
0.00694866
0.00696123
0.00697381
0.00698645
0.00699899
0.00701156
0.00702343
0.00703504
0.0071011
0.00711033
0.00712303
0.00713369
0.00714206
0.00626959
0.00627909
0.00629171
0.00630438
0.00631701
0.0063297
0.00633762
0.00635663
0.00688836
0.00690093
0.00691198
0.00692299
0.00693567
0.00694831
0.00696092
0.00697354
0.0069862
0.00699882
0.00701144
0.00702405
0.0070366
0.00704447
0.00711304
0.00712307
0.00713486
0.00714335
0.00622342
0.00623161
0.00624154
0.00625244
0.00626619
0.00627872
0.00629161
0.00630403
0.00631666
0.00632933
0.006342
0.00635467
0.00636737
0.00637901
0.00638943
0.00687596
0.00688793
0.00690054
0.00691246
0.00692423
0.00693591
0.00694784
0.00696053
0.00697322
0.00698588
0.00699856
0.00701126
0.00702402
0.00703668
0.00704919
0.00705843
0.00711027
0.00712275
0.00713544
0.00714517
0.00622314
0.00623106
0.00624367
0.00625544
0.00626588
0.00627842
0.00629078
0.00630374
0.00631638
0.00632905
0.00634167
0.00635437
0.00636706
0.00637815
0.00639238
0.00687497
0.00688763
0.00690023
0.00691284
0.00692537
0.00693799
0.0069506
0.00696158
0.00697268
0.00698532
0.00699811
0.00701084
0.00702355
0.00703643
0.00704918
0.00706164
0.00707249
0.00709798
0.00710942
0.00712257
0.00713606
0.00714452
0.0062198
0.00623086
0.00624347
0.00625612
0.00626719
0.00627823
0.00629093
0.00630355
0.0063162
0.00632885
0.00634147
0.00635417
0.00636688
0.00637903
0.006389
0.0068748
0.00688735
0.00689996
0.00691251
0.00692513
0.0069377
0.00695027
0.00696289
0.00697396
0.00698499
0.00699761
0.00701042
0.00702313
0.00703599
0.00704874
0.00706147
0.00707428
0.00708541
0.0070966
0.0071096
0.00712274
0.00713447
0.00621798
0.00623061
0.00624323
0.0062559
0.00626853
0.00627964
0.0062907
0.00630331
0.00631598
0.00632863
0.0063413
0.00635395
0.00636661
0.00637931
0.00638718
0.00686494
0.00687441
0.00688699
0.00689958
0.00691217
0.00692479
0.00693727
0.00694984
0.00696242
0.00697503
0.00698605
0.007037
0.00704825
0.00706128
0.00707432
0.00708572
0.00709723
0.00711012
0.00711836
0.0062192
0.00623036
0.00624292
0.00625252
0.00628409
0.00629314
0.00630405
0.00631559
0.00632822
0.00634089
0.00635353
0.00636624
0.00637818
0.00639009
0.00686299
0.00687399
0.00688653
0.00689913
0.00691169
0.00692424
0.00693678
0.00694934
0.00696189
0.0069696
0.00706057
0.00707382
0.00708553
0.00709391
0.00621998
0.00623011
0.00623803
0.00627257
0.00628042
0.00629306
0.00630568
0.00631672
0.00632778
0.00634044
0.00635312
0.0063658
0.00637847
0.00638796
0.00686258
0.00687347
0.00688611
0.00689866
0.00691123
0.00692384
0.00693642
0.00694894
0.0069615
0.00697091
0.00706023
0.00707362
0.00708534
0.00709511
0.00625966
0.0062675
0.00628009
0.00629271
0.00630538
0.00631797
0.00632902
0.00634015
0.00635278
0.00636548
0.00637815
0.00639087
0.00640354
0.00686388
0.00687338
0.00688597
0.00689856
0.00691114
0.00692366
0.00693626
0.00694883
0.00696132
0.00697395
0.00698337
0.00705024
0.00706011
0.00707335
0.00708632
0.00709786
0.00625625
0.00626728
0.00627987
0.00629249
0.00630513
0.00631774
0.00633041
0.00634148
0.00635257
0.00636527
0.00637792
0.00639059
0.00640331
0.00641601
0.00642926
0.00686375
0.00687316
0.00688582
0.00689846
0.00691103
0.0069236
0.00693613
0.00694879
0.00696141
0.00697393
0.00698648
0.00699915
0.00700874
0.00704697
0.00706001
0.00707313
0.00708604
0.00709759
0.00710747
0.00625544
0.00626705
0.00627964
0.00629229
0.00630491
0.00631756
0.00633019
0.00634286
0.00635396
0.00636505
0.00637771
0.0063904
0.00640218
0.00641584
0.00642537
0.00686842
0.00687463
0.00688645
0.00689839
0.006911
0.00692359
0.00693616
0.0069488
0.00696142
0.00697401
0.00698662
0.00699924
0.00701185
0.00702453
0.00703722
0.0070484
0.00705968
0.00707265
0.00708569
0.00709883
0.00711049
0.00711804
0.00628261
0.00629213
0.00630476
0.00631746
0.00633008
0.00634275
0.00691115
0.00692376
0.00693631
0.00694888
0.00696152
0.00697407
0.00698676
0.00699937
0.00701203
0.00702483
0.00703588
0.00704695
0.00705978
0.00707276
0.00708584
0.00709744
0.00710723
0.0069492
0.00696184
0.00697448
0.00698705
0.00699955
0.00701219
0.00702488
0.00703606
0.00704737
0.00706027
0.00707318
0.00708471
0.00697784
0.0069872
0.0069998
0.00701091
0.00702202
0.00703477
0.0070477
0.00705751
0.00701135
0.0070225
0.00703202
0.00707141
0.00701249
0.007025
0.0070359
0.00704695
0.00705959
0.00707229
0.00708506
0.00709778
0.00711057
0.00712352
0.00713486
0.00714148
0.00697929
0.00698705
0.00699958
0.00701206
0.00702451
0.00703699
0.00704954
0.00706205
0.00707311
0.00708426
0.00709704
0.00711293
0.00712274
0.0071358
0.00714717
0.00715874
0.00716709
0.00624438
0.00625613
0.00626804
0.00628066
0.0062933
0.00630435
0.00631382
0.00695064
0.00696233
0.00697418
0.00698664
0.00699917
0.00701165
0.0070241
0.00703569
0.00704606
0.00713507
0.00714903
0.00715946
0.00717133
0.00718129
0.00623158
0.00624262
0.00625522
0.00626782
0.00628044
0.00629312
0.0063057
0.00631679
0.00632468
0.0069504
0.00696132
0.00697388
0.00698629
0.00699882
0.00701126
0.00702375
0.00703157
0.00716047
0.00717225
0.00718094
0.00621879
0.00622982
0.00624244
0.00625501
0.00626764
0.00628025
0.00629289
0.00630552
0.00631817
0.00632922
0.0063387
0.00694862
0.00696108
0.00697356
0.00698605
0.00699858
0.00701113
0.00702357
0.00703296
0.00716181
0.00717207
0.00718072
0.00621861
0.00622961
0.00624223
0.00625481
0.00626743
0.00628006
0.00629267
0.0063053
0.00631793
0.00633059
0.00634165
0.00635271
0.0063654
0.006939
0.00694837
0.0069609
0.00697343
0.00698598
0.00699845
0.00701095
0.00702346
0.00703599
0.00716175
0.00717195
0.00718072
0.00621674
0.00622932
0.00624194
0.00625451
0.00626713
0.00627972
0.00629237
0.00630497
0.00631761
0.00633025
0.0063429
0.00635398
0.00636506
0.00637705
0.00638734
0.0069276
0.00693546
0.00694804
0.00696056
0.00697316
0.00698575
0.00699829
0.00701087
0.00702346
0.00703595
0.00704744
0.00705777
0.00715006
0.00716002
0.00717164
0.0062179
0.0062289
0.00624152
0.0062541
0.00626671
0.0062793
0.00629195
0.00630459
0.00631722
0.00632985
0.0063425
0.00635516
0.00636779
0.00637573
0.00693036
0.00693667
0.00694771
0.00696021
0.00697277
0.00698529
0.00699791
0.00701051
0.00702317
0.0070357
0.00704823
0.00706076
0.00715118
0.0071596
0.0071718
0.00717849
0.00621918
0.00622861
0.00624123
0.00625382
0.00626643
0.00627903
0.00629167
0.0063043
0.00631695
0.00632959
0.00634226
0.00694111
0.0069505
0.00696147
0.00697244
0.00698504
0.00699759
0.00701016
0.00702273
0.00703529
0.00704791
0.0070605
0.00706828
0.00714789
0.0071596
0.00717165
0.00623146
0.00624092
0.00625354
0.00626614
0.00627877
0.00629139
0.00629927
0.00693921
0.00695023
0.00696276
0.00697525
0.00698619
0.00699719
0.00700976
0.00702232
0.00703489
0.00704745
0.00706162
0.00707118
0.0071507
0.00715925
0.00717129
0.00624373
0.00625477
0.00626109
0.00694045
0.00695044
0.00696232
0.00697482
0.00698738
0.00699987
0.00701239
0.00702425
0.00703589
0.00704763
0.00705849
0.00712458
0.00713711
0.00714754
0.00715933
0.00716792
0.00696212
0.00697467
0.00698715
0.0069997
0.0070123
0.00702477
0.00703725
0.00704826
0.0070592
0.00706707
0.00712426
0.00713571
0.00714729
0.00715904
0.00697461
0.00698718
0.00699969
0.0070122
0.00702475
0.00703726
0.0070482
0.00705925
0.00707173
0.00707949
0.00711293
0.00712257
0.00713556
0.0071471
0.00715902
0.00698721
0.0069998
0.00701235
0.00702493
0.00703587
0.00704689
0.00705929
0.00707171
0.00708427
0.00709686
0.00710961
0.00712248
0.00713556
0.00714726
0.00715732
0.00701412
0.00702201
0.00703467
0.00704723
0.00705962
0.00707196
0.00708447
0.00709716
0.00710979
0.00712266
0.00713575
0.00714652
0.00715414
0.00706447
0.00707218
0.00708446
0.0070971
0.00710983
0.00712261
0.00713565
0.00714711
0.00705924
0.00707266
0.00708449
0.00709701
0.0071096
0.00712247
0.00713556
0.00714373
0.00705056
0.00706169
0.00707431
0.00708549
0.00709665
0.00710945
0.00711904
0.00705016
0.00706125
0.00707395
0.00708662
0.00709782
0.00710909
0.00706415
0.00707365
0.00708636
0.007099
0.00711023
0.0070641
0.00707356
0.00708624
0.00709891
0.00711013
0.00711659
0.00706566
0.00707346
0.00708608
0.00709883
0.00711015
0.0070741
0.007086
0.00709877
0.00710948
0.00707826
0.00708597
0.00709855
0.00711141
0.00712111
0.00709078
0.00709869
0.00711142
0.00712107
0.00707464
0.00708256
0.00708418
0.00708568
0.00709675
0.00708879
0.00709681
0.00710797
0.00709841
0.0071048
0.00706343
0.00707443
0.00708407
0.00709206
0.00706481
0.00707427
0.00708536
0.0070965
0.0070645
0.00707389
0.00708664
0.00709783
0.00706584
0.00707357
0.00708628
0.00709754
0.00710412
0.0070657
0.00707417
0.00708611
0.00709889
0.00710958
0.00708894
0.00709849
0.00710651
0.00703868
0.00704974
0.00706073
0.0070719
0.00708476
0.00709285
0.00702883
0.00703766
0.00704923
0.00706185
0.00707293
0.00708421
0.00709487
0.00705066
0.00706162
0.00707424
0.00708544
0.00709684
0.00710641
0.00706253
0.007074
0.00708606
0.00709718
0.00710461
0.00707877
0.0070867
0.00699236
0.00699869
0.00700977
0.0070225
0.00703055
0.00697422
0.00698719
0.00699981
0.00701245
0.0070236
0.00703477
0.00704865
0.00697729
0.00698675
0.00699934
0.007012
0.00702463
0.00703593
0.00704613
0.00698964
0.0069991
0.00701174
0.00702449
0.00703567
0.00704374
0.00701492
0.0070244
0.00703564
0.00703794
0.00705002
0.00706153
0.0070741
0.00708671
0.00709867
0.0071097
0.00712182
0.00713456
0.00714435
0.00703776
0.00704874
0.00706117
0.00707368
0.0070863
0.00709883
0.00711158
0.00712271
0.00713406
0.00714721
0.00703915
0.00704848
0.00706092
0.00707339
0.00708599
0.00709856
0.00711121
0.0071225
0.00713373
0.00714683
0.00715512
0.00704843
0.00706085
0.00707323
0.00708587
0.00709841
0.00711105
0.00712396
0.00713523
0.00714663
0.00715494
0.00705152
0.0070619
0.00707322
0.00708578
0.00709834
0.00711101
0.0071238
0.00713512
0.00714553
0.00707305
0.0070855
0.00709805
0.00711063
0.00712355
0.00713499
0.00714473
0.00707447
0.00708526
0.0070977
0.00711037
0.00712308
0.00713622
0.00705522
0.00707746
0.00708515
0.00709748
0.00711017
0.00712292
0.00713592
0.00714573
0.00706246
0.00707205
0.00708471
0.00709735
0.00711008
0.007122
0.00713267
0.00707334
0.00708433
0.00709701
0.00710974
0.00711781
0.00708577
0.00709682
0.00710648
