0.00479395
0.00480198
0.00481329
0.00482941
0.00532082
0.00532073
0.00532061
0.00531885
0.00531821
0.00531805
0.00531759
0.00531463
0.00531648
0.00531464
0.0053196
0.00531604
0.005321
0.0053142
0.00532081
0.00531557
0.0053205
0.00531694
0.00532353
0.00531668
0.00532165
0.00531622
0.00532119
0.00531574
0.00532071
0.00531524
0.00532021
0.00531474
0.00531586
0.00531538
0.00532428
0.00531762
0.00532088
0.00473381
0.00473865
0.00475634
0.00476601
0.00477883
0.00479174
0.00480461
0.00481749
0.004869
0.00487702
0.00531252
0.00421543
0.00441076
0.00442032
0.0044331
0.00444586
0.00445707
0.00446832
0.00448126
0.00449413
0.00450707
0.00451996
0.00453133
0.00454261
0.00455553
0.00456848
0.00458138
0.00459433
0.00460561
0.0046169
0.00462978
0.00464271
0.00465559
0.00466842
0.00468133
0.00469261
0.00470389
0.00471677
0.00472959
0.00474244
0.00475527
0.00476817
0.00477944
0.0047875
0.00480845
0.00481974
0.00482941
0.0048423
0.00485366
0.00486494
0.00487783
0.00489072
0.00490365
0.00491657
0.00492948
0.00494081
0.00495212
0.00496506
0.00497796
0.00498605
0.00530411
0.00530746
0.00422534
0.00423377
0.00424538
0.00425857
0.00427148
0.00428426
0.0042971
0.00430827
0.00431933
0.00432725
0.00505475
0.00529422
0.00481809
0.00482788
0.00484079
0.00485353
0.00486623
0.00487895
0.00488846
0.0046463
0.0046496
0.00488094
0.00489201
0.00490473
0.00491592
0.00490502
0.00491462
0.0049274
0.00493545
0.00533153
0.00532795
0.0053263
0.00532548
0.00532389
0.00532231
0.0053175
0.00532184
0.00531756
0.00531529
0.00531499
0.00531304
0.00531272
0.00530916
0.00531472
0.00531277
0.00531933
0.0053135
0.00531926
0.00530609
0.0053119
0.00530582
0.0053124
0.00530575
0.00531226
0.00531377
0.00531359
0.00531266
0.00530495
0.00531148
0.00530479
0.00531296
0.00531312
0.00530443
0.00531147
0.00531064
0.00530929
0.00530999
0.0053016
0.00530813
0.00530136
0.00531115
0.00530117
0.00530932
0.00530164
0.00531069
0.00530558
0.00531044
0.00530523
0.00531018
0.00530471
0.00530971
0.00530264
0.00530919
0.00530052
0.00530868
0.00530325
0.00530819
0.00530439
0.00531093
0.00530446
0.00531144
0.00530566
0.00531053
0.00531215
0.00531437
0.00531879
0.0053155
0.00531875
0.00531867
0.00532191
0.00531856
0.00532292
0.00531846
0.0053217
0.00532329
0.00531817
0.00532473
0.00531788
0.00532285
0.00531602
0.00532095
0.00531101
0.00421401
0.00422072
0.00450764
0.00451891
0.00453181
0.00454459
0.00455739
0.00456862
0.0045799
0.00459274
0.00460547
0.00461821
0.00463105
0.00464394
0.00465676
0.0046681
0.00467931
0.00469218
0.00470504
0.00471779
0.0047274
0.00474514
0.00475154
0.004766
0.00480465
0.00482882
0.00484012
0.00485303
0.00486259
0.00488354
0.00489157
0.00490447
0.00491573
0.00492701
0.0049399
0.0049528
0.00496568
0.00497856
0.00499144
0.00500276
0.00501076
0.00530265
0.00530762
0.00422227
0.00423418
0.00424618
0.00427532
0.00428338
0.00429616
0.00430892
0.00432168
0.00433453
0.00434557
0.00435668
0.00436944
0.0043821
0.00439487
0.00440443
0.00499251
0.0050038
0.00501509
0.00502635
0.0050393
0.00504734
0.0052911
0.00529761
0.00506446
0.00507737
0.00509026
0.0052487
0.00527951
0.00528765
0.00473323
0.00474484
0.00475587
0.00465605
0.00466789
0.00468996
0.00470481
0.00471618
0.00472908
0.00474203
0.00475486
0.00476766
0.00478036
0.00479312
0.00480432
0.00481555
0.00482844
0.00484122
0.00485393
0.00486666
0.00487459
0.00459878
0.00460686
0.00461814
0.00462949
0.00464237
0.00465525
0.00466809
0.00468101
0.00469066
0.00484303
0.00485419
0.00486791
0.00487976
0.00489178
0.00490185
0.00533259
0.00533239
0.00532774
0.00533216
0.00532525
0.00533177
0.00532493
0.00531646
0.00532302
0.00531497
0.00532207
0.00531236
0.00532049
0.0053043
0.00531242
0.00530435
0.00531246
0.00530336
0.00531094
0.00530131
0.00531102
0.00530427
0.00530914
0.00531109
0.00530863
0.00530522
0.00530846
0.00530006
0.00530816
0.00530136
0.00530785
0.00530625
0.00530437
0.00530274
0.00529294
0.00530101
0.00530168
0.00529831
0.00529007
0.00529978
0.00529155
0.00529861
0.00530067
0.00530042
0.00529349
0.00529849
0.00529175
0.00529664
0.00528833
0.00529145
0.00529724
0.00530026
0.00529829
0.00529112
0.00529609
0.00528911
0.00529401
0.00528866
0.00529838
0.00529142
0.00529789
0.00530069
0.0053007
0.00530401
0.00530153
0.00531005
0.00530407
0.00531061
0.00530557
0.00531216
0.00530549
0.005312
0.00530536
0.00531191
0.00531345
0.00530507
0.00531157
0.00530467
0.00531131
0.00530129
0.00530945
0.0042209
0.00422944
0.00454622
0.00455585
0.00456869
0.00458151
0.00459432
0.00460722
0.00461832
0.00462946
0.00464225
0.00465511
0.00466793
0.00468074
0.00469358
0.00470632
0.00471753
0.00472881
0.00474164
0.00475449
0.00476727
0.00478011
0.00479296
0.00480424
0.00481544
0.00482831
0.00484115
0.00485405
0.00486688
0.00487971
0.00489093
0.0049022
0.0049151
0.00492797
0.00494085
0.00495211
0.00529952
0.00422753
0.00423436
0.00424617
0.00425945
0.00427238
0.00428367
0.00429496
0.00430745
0.00432019
0.00433306
0.00434596
0.00435887
0.00437023
0.00438155
0.00439428
0.00440701
0.00441983
0.00443251
0.00444531
0.00445801
0.00446922
0.00448048
0.00449332
0.0045013
0.00501723
0.00502692
0.00503979
0.00505266
0.0050623
0.00528959
0.00529613
0.00425767
0.004269
0.00505377
0.00506502
0.0050779
0.00508916
0.00527805
0.00528613
0.00510154
0.00511279
0.0051256
0.00513683
0.00521651
0.00522403
0.00523581
0.00525371
0.00526336
0.00527306
0.00438377
0.00439649
0.00463037
0.00464801
0.004656
0.00466885
0.00468008
0.00469334
0.00470474
0.00471691
0.00472976
0.00474258
0.00475544
0.00476753
0.0047794
0.00479125
0.00480335
0.0048161
0.00482889
0.00484075
0.00485451
0.00486563
0.00510575
0.00511376
0.00512337
0.00481814
0.00482933
0.00484205
0.00485478
0.00486754
0.00487872
0.00488988
0.00490271
0.00491548
0.00492351
0.00495242
0.00496364
0.0053299
0.00533324
0.00532843
0.00533293
0.00532602
0.00532423
0.00423043
0.00531329
0.00532166
0.00423491
0.00530576
0.00531383
0.00423415
0.00424277
0.00530381
0.00531354
0.00423527
0.00424391
0.00530028
0.00530996
0.0042379
0.0042466
0.00529982
0.00530901
0.00529938
0.00529129
0.00529781
0.00529133
0.00529786
0.00528829
0.00529734
0.00528729
0.00529484
0.00530054
0.00530328
0.00530654
0.00530468
0.00531281
0.0053044
0.00531092
0.00530301
0.00530903
0.00530203
0.00529042
0.00529855
0.00529716
0.005299
0.00529302
0.00529947
0.00529294
0.0052978
0.00529028
0.00529722
0.00422328
0.00529252
0.0052957
0.00529237
0.00529888
0.00529222
0.00529871
0.00529094
0.00529786
0.00529016
0.00529666
0.00422361
0.00528682
0.00422468
0.00423152
0.00423074
0.00528923
0.00529414
0.00529064
0.00529715
0.00422371
0.00528067
0.00528803
0.00422333
0.00423008
0.00527873
0.00528523
0.00422451
0.00422993
0.00422466
0.00422965
0.00528767
0.00528902
0.00528723
0.00528689
0.0052782
0.00528624
0.00527774
0.00528415
0.00528053
0.00529074
0.00529243
0.00529273
0.005296
0.00528946
0.00529752
0.00528936
0.00529908
0.00529248
0.00529899
0.00529078
0.00529982
0.00529228
0.0053004
0.00529207
0.00529856
0.00471783
0.00473061
0.00474336
0.00475459
0.0047658
0.00477857
0.00479138
0.00480264
0.00481708
0.00482987
0.0048395
0.00529069
0.00529921
0.00422199
0.00423256
0.00424229
0.0045316
0.00454443
0.00455721
0.00456997
0.0045811
0.0045923
0.0046051
0.00461785
0.00463063
0.00464341
0.00465618
0.00466896
0.00468012
0.00469133
0.00470417
0.00471693
0.00472974
0.00474254
0.00475535
0.00476817
0.00477938
0.0047906
0.00480347
0.0048163
0.00482917
0.004842
0.00485483
0.00486607
0.00487732
0.00489015
0.00490295
0.00491583
0.00492866
0.0049415
0.00495435
0.00496716
0.00528835
0.00529484
0.0042362
0.00424612
0.00425773
0.00426806
0.00439661
0.00440609
0.00441881
0.00443153
0.00444427
0.00445693
0.00446967
0.00448235
0.00449511
0.00450791
0.00451908
0.00453028
0.00453985
0.00495855
0.0049666
0.0049778
0.0049891
0.00500195
0.00501479
0.0050276
0.00504043
0.00527529
0.00528655
0.00506873
0.00507677
0.00508797
0.00510082
0.00511204
0.00526702
0.00527667
0.00528476
0.00510038
0.00511325
0.00512603
0.00513883
0.00525388
0.00526354
0.0052716
0.00514326
0.00515126
0.00516406
0.00517686
0.00521678
0.00522478
0.00523759
0.00524726
0.0043211
0.00433354
0.0043461
0.00435863
0.00437117
0.00510589
0.00511714
0.00512663
0.00513936
0.00515215
0.00516492
0.00517606
0.00518725
0.00519681
0.00526697
0.00527657
0.00528839
0.00529892
0.00530859
0.00447966
0.00449711
0.00450356
0.00452094
0.00458168
0.00458799
0.00460879
0.00461677
0.00463114
0.00464395
0.00465672
0.00466794
0.00467912
0.00469199
0.00470476
0.00471759
0.00473035
0.00474316
0.00475598
0.00476711
0.00477824
0.00479106
0.00480379
0.00481179
0.00495885
0.00496843
0.0049813
0.00498931
0.00530367
0.00531166
0.00531969
0.00460946
0.00461903
0.00463177
0.00464294
0.00465407
0.00466687
0.00467956
0.00469238
0.00470515
0.00471793
0.00473066
0.00474342
0.00475457
0.00476574
0.00477852
0.00479127
0.00480403
0.00481676
0.0048295
0.00484226
0.00485503
0.00486623
0.00487747
0.00489026
0.00490308
0.00491602
0.00492872
0.00494155
0.00495434
0.00496556
0.0049768
0.00498802
0.00531639
0.00532283
0.0047069
0.00471807
0.00473079
0.00474355
0.0047547
0.00476587
0.00477857
0.00479134
0.00480408
0.00481685
0.00482961
0.0048424
0.00485356
0.00486483
0.00487764
0.00489044
0.00490323
0.00491607
0.00492724
0.00532592
0.00474192
0.00475788
0.00476584
0.00477784
0.00479129
0.00480405
0.00481683
0.00482961
0.00484239
0.00485449
0.00486485
0.00487768
0.00488728
0.00533844
0.00533821
0.00533962
0.0053446
0.00533775
0.00533078
0.00533565
0.00532883
0.00533534
0.00532696
0.00533347
0.00531698
0.00532342
0.00423434
0.00531274
0.00532241
0.00423722
0.00424421
0.00530333
0.00531141
0.00531948
0.00423505
0.00424699
0.0053015
0.00531124
0.00423508
0.00424623
0.00425841
0.00426774
0.00529147
0.00530125
0.00531102
0.00424673
0.00425857
0.00427212
0.00428027
0.00528002
0.00528806
0.00529928
0.0042478
0.00425775
0.00427127
0.0042845
0.00527807
0.00528773
0.00529733
0.0042507
0.00425889
0.00427058
0.00428376
0.00429694
0.00430511
0.00527771
0.00528738
0.00425853
0.0042704
0.00428503
0.00429639
0.00431002
0.00431764
0.00527619
0.00528684
0.0042422
0.00526715
0.00527515
0.00528641
0.00423587
0.00424638
0.00526402
0.00527523
0.0052849
0.0042361
0.00424304
0.00526565
0.00527528
0.00528494
0.00423459
0.00424315
0.00525292
0.00526412
0.00527533
0.00528176
0.00423431
0.00424557
0.00526416
0.00527538
0.00423547
0.00424725
0.00528621
0.00423499
0.00424549
0.00528908
0.00529712
0.00423148
0.00424246
0.00528872
0.00529841
0.00423024
0.00529012
0.00529819
0.00423202
0.0052898
0.0052979
0.00423158
0.00529027
0.00529698
0.00422714
0.00423263
0.00462027
0.00462986
0.00463788
0.00466028
0.00466665
0.00468105
0.00469863
0.00528746
0.00529553
0.00422646
0.00423329
0.00424353
0.00459436
0.00460719
0.00461834
0.00462948
0.00464235
0.00465514
0.00466791
0.00468074
0.00469351
0.00470636
0.00471595
0.00473036
0.00475909
0.00422631
0.00423454
0.00424653
0.00459569
0.00460689
0.00461806
0.00462928
0.00464205
0.0046548
0.00466763
0.00468044
0.00469325
0.00470602
0.00472367
0.00423433
0.00424469
0.00458416
0.00459377
0.00460652
0.00461937
0.00463053
0.00464169
0.00465453
0.0046673
0.00468009
0.00469296
0.00470571
0.00471852
0.00472969
0.00473616
0.00528642
0.00423302
0.00455986
0.00456782
0.00458065
0.00459342
0.00460622
0.00461903
0.00463182
0.00464304
0.00465422
0.00466703
0.00467978
0.00469257
0.00470534
0.00471817
0.00473096
0.0047422
0.00528775
0.00529417
0.00458351
0.0045931
0.00460589
0.0046187
0.00463147
0.00464432
0.00465548
0.00466664
0.00467947
0.00469228
0.004705
0.00471779
0.00473068
0.00474345
0.00475466
0.00476105
0.00528743
0.00422523
0.00422892
0.00459122
0.00461045
0.00461868
0.0046311
0.00464381
0.00465661
0.00466866
0.00467971
0.00469179
0.0047046
0.0047174
0.00473018
0.00474335
0.00475466
0.00528047
0.00528856
0.00422493
0.00423071
0.00456018
0.0045746
0.004581
0.00459221
0.004605
0.00461728
0.00463055
0.00464334
0.00465619
0.00466896
0.00468014
0.00468975
0.00470573
0.00471692
0.00472975
0.00474252
0.00475058
0.00528001
0.00528648
0.00422477
0.00423318
0.00455854
0.00457452
0.00458087
0.00459206
0.00460485
0.00461768
0.00463051
0.00464321
0.00465596
0.00466875
0.00468003
0.00469122
0.00470404
0.00471685
0.00472964
0.00474243
0.00475523
0.00476323
0.00527676
0.00528645
0.00422552
0.00423402
0.00424514
0.00425572
0.00453353
0.004544
0.00455676
0.00456955
0.0045823
0.00459348
0.00460469
0.0046175
0.00463028
0.00464304
0.00465582
0.00466864
0.00468144
0.00469268
0.00470388
0.00471669
0.0047295
0.00474232
0.0047551
0.00476691
0.00478
0.0047903
0.0048015
0.00527982
0.00528476
0.00422674
0.00423365
0.00424551
0.00454546
0.00455663
0.00456939
0.00458215
0.00459334
0.00460457
0.00461734
0.00463017
0.00464294
0.00465571
0.00466849
0.00468132
0.00469254
0.00470377
0.0047166
0.00472939
0.0047422
0.00475499
0.00476618
0.00478054
0.0042235
0.00423679
0.00424125
0.00452302
0.00452944
0.00454377
0.00455656
0.00456934
0.00458208
0.00459329
0.00460448
0.00461731
0.00463006
0.00464288
0.00465564
0.00466841
0.00468121
0.00469329
0.0047043
0.00471648
0.0047293
0.00474207
0.00475486
0.00476713
0.00477672
0.00479008
0.00482033
0.0052795
0.00528598
0.00458685
0.00459537
0.004606
0.00461723
0.00462999
0.00464276
0.00465555
0.00466832
0.00468111
0.0046939
0.00470509
0.00471628
0.00472915
0.0052778
0.00528585
0.00422727
0.00423261
0.004641
0.00467299
0.00468099
0.00469376
0.00470498
0.00471459
0.00472899
0.00527764
0.00528568
0.00422495
0.00423402
0.0042407
0.00527642
0.00528482
0.00422447
0.00423394
0.00424342
0.00459893
0.0046053
0.00462931
0.00463745
0.00465464
0.00466927
0.00468149
0.00469498
0.00470713
0.00471561
0.0047318
0.00527557
0.00528363
0.00423376
0.00424593
0.00425278
0.0045699
0.00457952
0.00459386
0.00461151
0.00461947
0.00463066
0.00464187
0.00465464
0.00466745
0.00468022
0.00469305
0.00470586
0.00472186
0.00472827
0.00527861
0.00423827
0.00424709
0.00425586
0.00459698
0.00460649
0.00461936
0.00463058
0.00464176
0.00465455
0.00466728
0.00468013
0.00469292
0.00470573
0.00471691
0.0047265
0.00527842
0.00423906
0.00424612
0.00456641
0.00458317
0.00459341
0.00460564
0.00462009
0.00463097
0.00464627
0.00465428
0.0046671
0.0046792
0.00469262
0.00470458
0.00471666
0.00472781
0.00527761
0.00528467
0.00423372
0.00424413
0.00527632
0.00528435
0.00422471
0.00423346
0.00424367
0.00526486
0.00527612
0.00528412
0.00422763
0.00423488
0.0042465
0.00525503
0.00526406
0.00527419
0.00423459
0.00424606
0.00425466
0.00527224
0.00423539
0.00424583
0.00526707
0.00527194
0.00423491
0.0042439
0.005275
0.00526671
0.00527472
0.00528269
0.0042274
0.00423243
0.00526637
0.00527449
0.00528252
0.0042237
0.00423053
0.00526464
0.00527433
0.00422343
0.0042327
0.00526361
0.00527469
0.00422409
0.00423119
0.00526689
0.00527172
0.00422587
0.00422948
0.00527491
0.00527821
0.00528415
0.00528421
0.00527941
0.00528592
0.00527956
0.00528604
0.00527807
0.00528287
0.00527644
0.00528293
0.00527962
0.00528601
0.00528591
0.00528728
0.00475593
0.00476706
0.00478305
0.00480384
0.00528713
0.00422092
0.00459736
0.00460857
0.00461813
0.00462928
0.00464209
0.00465552
0.00466712
0.00467987
0.00469264
0.00470545
0.0047186
0.00472981
0.00474091
0.00475372
0.00476649
0.0047793
0.00479207
0.00480574
0.00481768
0.00482889
0.00484203
0.00485336
0.00486544
0.00487825
0.00489109
0.00490387
0.00491596
0.00492603
0.00527872
0.00528459
0.00423674
0.00424659
0.00425864
0.00426706
0.00438559
0.00439514
0.00440776
0.00442034
0.00443304
0.0044457
0.00445842
0.00446952
0.00448128
0.00449397
0.00450668
0.00451945
0.0045327
0.00454387
0.00455503
0.0045678
0.00458054
0.00459332
0.00460605
0.00461887
0.00463164
0.00464436
0.00465234
0.00493246
0.00494051
0.0049517
0.00496406
0.00497633
0.00498915
0.00500244
0.00501528
0.00502809
0.0050409
0.00527534
0.0052818
0.004275
0.00428323
0.00429461
0.00430746
0.00432035
0.00433309
0.0043458
0.00435854
0.00437118
0.0043839
0.0043919
0.00505326
0.00506451
0.00507569
0.0050885
0.00509966
0.00526551
0.00511841
0.00512642
0.00513922
0.00515199
0.00525245
0.0052605
0.00515163
0.00516441
0.00517718
0.00518833
0.00522501
0.0052378
0.00524744
0.00518962
0.00520079
0.00521038
0.00517616
0.00525567
0.00525881
0.00527966
0.00528446
0.0043247
0.00432785
0.00438522
0.00441652
0.00511408
0.00512364
0.00528754
0.00529721
0.00443489
0.00444377
0.00445692
0.00446958
0.0044823
0.00449494
0.00450773
0.0045204
0.00453151
0.00454269
0.00455543
0.00456812
0.00458086
0.00459369
0.00460313
0.00499443
0.00500243
0.00501525
0.00502807
0.00504082
0.00505202
0.00505845
0.0053003
0.0053099
0.00451787
0.00453055
0.00454322
0.00455592
0.00456863
0.00458133
0.00459405
0.00460673
0.00461945
0.00463056
0.00464166
0.00465439
0.00466711
0.00467986
0.00469262
0.00470058
0.00493368
0.00494171
0.00495287
0.00496411
0.0049769
0.00498976
0.00500253
0.00501532
0.00530329
0.00531135
0.00532104
0.00457198
0.00458149
0.00459419
0.00460797
0.00461897
0.00462982
0.00464185
0.00465452
0.00466726
0.00467995
0.00469268
0.00470538
0.00471808
0.00473081
0.00474377
0.00475407
0.00476579
0.00478334
0.0048664
0.0048776
0.00489146
0.0049032
0.00491601
0.00492882
0.00494164
0.00495284
0.00496407
0.0049762
0.00498973
0.00499932
0.0053135
0.00532392
0.00533193
0.00464346
0.00465458
0.00466729
0.00468003
0.00469269
0.00470539
0.00471809
0.0047308
0.00474354
0.00475465
0.00476579
0.00477851
0.00479126
0.00480401
0.0048168
0.00482956
0.00484233
0.00485512
0.00486633
0.00487756
0.00489034
0.00490311
0.00491594
0.00492873
0.00494156
0.00495276
0.00496077
0.00532358
0.00533167
0.00468003
0.00469276
0.00470543
0.00471808
0.00473084
0.00474355
0.00475473
0.0047658
0.0047785
0.00479125
0.00480399
0.00481674
0.00482949
0.0048423
0.00485505
0.00486628
0.00487746
0.00489026
0.00490306
0.00491584
0.00492866
0.00493986
0.00532499
0.00533312
0.00469743
0.00470593
0.00471797
0.00473066
0.00474339
0.00475542
0.00476636
0.00477836
0.0047911
0.00480386
0.00481659
0.00482934
0.00484211
0.00485488
0.00486697
0.00487799
0.00489004
0.00490285
0.00491563
0.00492537
0.00531828
0.00532564
0.00533133
0.00469356
0.00470468
0.0047174
0.00473013
0.00474286
0.0047556
0.00476829
0.00477943
0.00479058
0.00480335
0.00481608
0.00482887
0.00484162
0.00485439
0.0048672
0.00487839
0.00488962
0.00490238
0.00491514
0.00531458
0.00532428
0.00423807
0.00468202
0.00469213
0.00470425
0.004717
0.00472976
0.00474249
0.0047552
0.00476792
0.00478065
0.00479181
0.00480299
0.00481576
0.00482855
0.00484125
0.00485405
0.00486686
0.00487962
0.00489081
0.00490201
0.00491479
0.00492594
0.00530468
0.00531271
0.00532233
0.00423708
0.00424242
0.00467372
0.00468011
0.00469119
0.00470396
0.0047167
0.00472943
0.00474213
0.00475492
0.00476763
0.0047804
0.00479311
0.0048043
0.00481543
0.0048282
0.00484097
0.00485376
0.00486655
0.00487933
0.0048921
0.00490329
0.00491448
0.00530115
0.0053124
0.00532045
0.00423617
0.00424642
0.00468289
0.00469248
0.0047036
0.00471633
0.00472909
0.00474178
0.00475457
0.00476731
0.00478006
0.00479282
0.00480559
0.00481669
0.00482791
0.00484068
0.00485347
0.00486627
0.00487904
0.0048918
0.00490295
0.00529921
0.00531046
0.00424538
0.00425757
0.00466826
0.00468097
0.00469371
0.00470644
0.00471759
0.00472873
0.00474144
0.00475516
0.00476695
0.0047797
0.00479148
0.00480487
0.00481799
0.00482991
0.00483976
0.00485314
0.00486593
0.00487875
0.00489205
0.00489949
0.00529223
0.0052995
0.00530854
0.00424751
0.00425833
0.0042705
0.00464547
0.00465739
0.00466794
0.00468066
0.00469339
0.00470613
0.00471818
0.00472911
0.00474116
0.00475283
0.00476665
0.00477942
0.00479285
0.00480513
0.0048177
0.00482936
0.00484162
0.00485284
0.00486564
0.00487774
0.0048897
0.00528882
0.00529844
0.00425895
0.00427088
0.0042842
0.00465646
0.00466758
0.00468031
0.0046931
0.00470581
0.00471855
0.00472971
0.00474085
0.00475362
0.00476637
0.00477912
0.00479185
0.0048046
0.00481737
0.00483016
0.00484133
0.00485255
0.00486537
0.00487812
0.00527901
0.00528863
0.00529662
0.00426024
0.00427108
0.00428304
0.00429628
0.00430834
0.00432058
0.00432706
0.00459858
0.00461131
0.00461983
0.00462968
0.0046424
0.00465445
0.00466724
0.00467997
0.0046927
0.00470545
0.00471822
0.00473098
0.00474304
0.004754
0.00476603
0.0047788
0.00479155
0.0048043
0.00481708
0.00482986
0.00484262
0.00485382
0.00486502
0.00487308
0.00525306
0.00526377
0.00527554
0.0052873
0.00428514
0.00429508
0.00430833
0.0043213
0.00433432
0.00434418
0.00456478
0.00458229
0.00459345
0.00460618
0.00461897
0.00463157
0.00464434
0.00465555
0.0046667
0.00467943
0.00469217
0.00470496
0.00471769
0.00473052
0.00474324
0.0047544
0.00476561
0.00477836
0.00479111
0.00480386
0.00481663
0.00482939
0.00484218
0.00485496
0.00486617
0.00487735
0.00488694
0.00525278
0.00526239
0.00527359
0.00429608
0.00430746
0.00432054
0.00433384
0.00434539
0.00454843
0.00455643
0.00456755
0.00458036
0.00459302
0.00460576
0.00461853
0.00463122
0.00464398
0.00465675
0.00466783
0.00467907
0.00469182
0.00470461
0.00471734
0.00473013
0.00474288
0.00475565
0.00476836
0.00477958
0.00479074
0.00480351
0.00481631
0.00482908
0.00484189
0.00485465
0.00486744
0.0048786
0.00525084
0.00526205
0.00527166
0.00431002
0.00431996
0.0043334
0.00434508
0.00454651
0.00456081
0.00456875
0.00457993
0.00459267
0.00460538
0.00461813
0.00463091
0.00464364
0.00465643
0.00466912
0.00468031
0.00469148
0.00470425
0.00471704
0.00472979
0.00474255
0.00475535
0.00476814
0.00477927
0.00479045
0.00480322
0.00481599
0.00482878
0.00484154
0.00485431
0.00486712
0.00487986
0.00524257
0.0052505
0.0052617
0.00527131
0.00428574
0.0042971
0.00430823
0.00432057
0.00433259
0.00434582
0.00435604
0.00452218
0.00453261
0.00454423
0.00455695
0.00456965
0.00458175
0.00459273
0.00460477
0.00461751
0.00463028
0.00464303
0.00465578
0.00466855
0.00468129
0.00469335
0.0047044
0.00471641
0.0047292
0.00474198
0.00475474
0.00476754
0.0047803
0.00479234
0.00480336
0.00481543
0.00482817
0.004841
0.00485376
0.00486656
0.00487861
0.00489029
0.00522839
0.00523884
0.00525159
0.00526367
0.00527096
0.00426147
0.00427145
0.00428465
0.00429626
0.00430741
0.00431999
0.00433247
0.00434522
0.00435835
0.00437127
0.00438311
0.00439525
0.00440169
0.00443211
0.00445925
0.00447158
0.00448255
0.00449285
0.00450562
0.00451834
0.00453001
0.00454366
0.00455635
0.00456905
0.00458184
0.00459463
0.00460581
0.00461697
0.00462972
0.00464254
0.00465523
0.00466798
0.00468077
0.00469354
0.00470635
0.00471754
0.00472869
0.00474148
0.00475421
0.00476702
0.00477981
0.00479256
0.00480531
0.00481652
0.00482769
0.00484048
0.00485331
0.00486603
0.00487884
0.0048916
0.0052145
0.00522565
0.00523839
0.00525116
0.00526073
0.00424984
0.0042584
0.00427175
0.00428193
0.00433623
0.00434539
0.00435814
0.00437095
0.00438374
0.00439511
0.00440633
0.00441916
0.00443207
0.00444482
0.00445289
0.00447202
0.00448311
0.00449429
0.00450545
0.00451815
0.00453092
0.00454369
0.00455645
0.0045692
0.00458193
0.00459465
0.00460582
0.00461699
0.00462974
0.00464248
0.00465527
0.00466807
0.00468085
0.00469358
0.00470637
0.00471758
0.00472875
0.00474155
0.00475432
0.00476702
0.00477981
0.00479263
0.00480538
0.00481661
0.00482777
0.00484053
0.0048533
0.00486611
0.00487412
0.00520183
0.00521298
0.00522571
0.00523846
0.00525121
0.00424846
0.00425866
0.00427208
0.00428034
0.00434899
0.00435817
0.0043709
0.00438379
0.00439496
0.00440629
0.00441904
0.0044319
0.00444472
0.00445758
0.0044703
0.00448305
0.00449427
0.00450539
0.0045181
0.00453087
0.00454365
0.00455644
0.00456915
0.00458189
0.00459468
0.00460583
0.00461702
0.00462979
0.00464254
0.00465535
0.00466812
0.00468093
0.00469363
0.00470642
0.00471761
0.00472878
0.00474156
0.00475429
0.00476711
0.00477987
0.00479266
0.00480542
0.00481661
0.0048278
0.00484059
0.00485337
0.00486456
0.00519074
0.00520026
0.00521301
0.00522574
0.00523851
0.00525126
0.00525929
0.00424841
0.00425881
0.0042706
0.00436336
0.00437117
0.0043839
0.00439507
0.0044063
0.00441903
0.00443184
0.00444461
0.0044575
0.00447027
0.00448302
0.00449415
0.00450529
0.00451812
0.00453087
0.0045436
0.00455639
0.00456913
0.0045819
0.00459469
0.00460584
0.00461702
0.00462977
0.00464256
0.00465533
0.00466804
0.00468079
0.00469366
0.00470645
0.00471762
0.00472881
0.00474158
0.00475431
0.00476708
0.00477992
0.00479269
0.00480549
0.00481665
0.00482781
0.00484058
0.00485333
0.00486611
0.00487733
0.00518915
0.00520028
0.00521306
0.00522578
0.00523855
0.0052465
0.00424986
0.00425835
0.00427106
0.00428308
0.00428986
0.00438569
0.00439845
0.00440635
0.00441908
0.00443182
0.00444458
0.00445728
0.00447002
0.00448277
0.00449552
0.00450667
0.0045178
0.00453058
0.00454334
0.0045561
0.00456886
0.0045816
0.00459437
0.00460644
0.00461739
0.00462944
0.00464229
0.00465506
0.00466786
0.00468061
0.00469343
0.00470619
0.00471738
0.00472857
0.00474137
0.00475412
0.00476695
0.00477974
0.00479251
0.00480528
0.00481741
0.00482839
0.00484047
0.00485325
0.00486603
0.00487882
0.00489158
0.00490429
0.00491708
0.00492823
0.00493784
0.00524009
0.00525287
0.00526243
0.00425922
0.00427101
0.00428411
0.00429577
0.00430229
0.00438536
0.00439646
0.00440753
0.00441863
0.00443136
0.00444413
0.00445679
0.00446955
0.00448226
0.00449496
0.00450771
0.00451891
0.00453005
0.00454281
0.00455554
0.0045683
0.00458105
0.00459379
0.00460656
0.00461933
0.00463209
0.00464327
0.00465448
0.00466731
0.00468009
0.0046929
0.00470569
0.0047185
0.00472966
0.00474086
0.00475363
0.00476643
0.00477922
0.00479206
0.00480484
0.00481761
0.0048288
0.00484001
0.0048528
0.00486559
0.00487841
0.00489117
0.00490392
0.0049167
0.0049295
0.00494066
0.00495024
0.00526529
0.00527333
0.00425242
0.00425765
0.00427281
0.00428427
0.00432286
0.00432922
0.00434679
0.00437068
0.00438341
0.00439607
0.00440876
0.00441989
0.00443101
0.00444372
0.00445652
0.00446923
0.00448195
0.00449468
0.00450738
0.00452017
0.00453132
0.00454246
0.00455519
0.00456793
0.00458072
0.00459348
0.00460625
0.00461902
0.00463183
0.00464303
0.00465419
0.00466698
0.00467985
0.00469264
0.00470539
0.00471817
0.00473101
0.00474218
0.00475339
0.00476618
0.00477897
0.00479179
0.00480454
0.00481739
0.00483015
0.00484139
0.00485258
0.00486537
0.00487814
0.00489092
0.00490372
0.00491647
0.00492926
0.00494042
0.0049516
0.00496114
0.00526507
0.00527733
0.00528411
0.00423925
0.00424676
0.00425814
0.00426757
0.00433304
0.00434459
0.00435727
0.00436996
0.00438268
0.00439543
0.0044082
0.00442096
0.00443294
0.00444388
0.00445602
0.00446876
0.00448151
0.00449428
0.00450698
0.00451975
0.00453247
0.00454447
0.00455547
0.00456753
0.00458026
0.00459307
0.00460589
0.00461867
0.00463143
0.00464422
0.0046554
0.00466658
0.0046794
0.00469222
0.00470502
0.00471782
0.00473061
0.00474342
0.00475462
0.00476579
0.00477857
0.00479137
0.00480416
0.00481698
0.00482978
0.00484258
0.00485377
0.00486499
0.00487777
0.00489055
0.00490331
0.00491608
0.00492885
0.00494165
0.00495373
0.00496471
0.00497523
0.00498485
0.00526315
0.00527488
0.00423754
0.00424608
0.00425784
0.00426628
0.00434755
0.00435681
0.00436946
0.00438224
0.00439493
0.00440767
0.0044205
0.00443323
0.00444602
0.0044572
0.00446838
0.00448119
0.00449399
0.00450664
0.0045194
0.00453217
0.00454494
0.00455609
0.00456734
0.00458008
0.00459284
0.00460565
0.00461842
0.00463116
0.00464391
0.00465674
0.00466794
0.00467914
0.00469193
0.00470468
0.00471749
0.00473028
0.00474311
0.00475588
0.00476709
0.00477828
0.00479106
0.00480389
0.00481664
0.00482941
0.00484222
0.00485506
0.00486622
0.00487743
0.00489018
0.00490298
0.00491582
0.00492856
0.0049413
0.00495409
0.00496527
0.00526442
0.00527564
0.00528366
0.00423914
0.00424592
0.00425785
0.00435664
0.00436918
0.00438188
0.00439465
0.00440742
0.00442022
0.00443301
0.00444584
0.004457
0.0044681
0.00448092
0.00449365
0.0045064
0.00451914
0.00453187
0.00454466
0.00455749
0.00456867
0.00457986
0.00459259
0.00460546
0.0046182
0.00463099
0.00464376
0.00465647
0.00466773
0.00467887
0.0046917
0.00470446
0.00471727
0.00473007
0.00474289
0.00475567
0.00476685
0.00477805
0.00479083
0.00480364
0.00481639
0.0048292
0.00484197
0.00485478
0.00486755
0.00487877
0.00488994
0.00490275
0.00491551
0.00492826
0.00494106
0.00495384
0.00496342
0.00526732
0.00527534
0.00528337
0.00423831
0.00424564
0.00425751
0.00426572
0.00436159
0.00436932
0.0043819
0.00439459
0.00440733
0.00442004
0.00443274
0.00444555
0.00445827
0.00446942
0.00448057
0.00449328
0.00450604
0.00451885
0.00453168
0.00454438
0.00455715
0.00456994
0.00458117
0.00459236
0.00460514
0.00461789
0.00463068
0.00464345
0.00465617
0.00466902
0.00468018
0.00469143
0.00470419
0.004717
0.00472977
0.00474258
0.00475539
0.00476817
0.00477943
0.00479059
0.00480332
0.00481614
0.00482893
0.00484166
0.00485451
0.00486733
0.0048785
0.00488968
0.00490248
0.00491523
0.00492801
0.00494078
0.00495354
0.00496475
0.00526543
0.00527503
0.00528307
0.00423826
0.0042464
0.00425912
0.00426985
0.00427787
0.00437243
0.00438179
0.00439436
0.00440697
0.00441963
0.00443234
0.00444504
0.00445782
0.00447057
0.00448257
0.00449357
0.00450561
0.00451832
0.00453111
0.00454387
0.00455662
0.00456942
0.00458218
0.00459424
0.00460527
0.00461637
0.00463034
0.00464358
0.00465503
0.00466953
0.00468143
0.00469248
0.00470437
0.00471647
0.00472926
0.00474207
0.00475485
0.00476765
0.00478044
0.00479252
0.00480353
0.00481565
0.00482845
0.00484124
0.00485404
0.00486682
0.00487962
0.00489166
0.00490269
0.00491476
0.00492755
0.00494031
0.00495307
0.00496588
0.00497792
0.00498802
0.00526675
0.00527461
0.0052828
0.00425025
0.00425889
0.00427225
0.00428389
0.00437185
0.00438142
0.004394
0.00440661
0.00441929
0.00443195
0.00444462
0.00445734
0.00447008
0.00448279
0.00449552
0.00450671
0.00451789
0.00453061
0.00454332
0.00455613
0.00456887
0.00458161
0.00472074
0.00472396
0.00474159
0.00475278
0.00476713
0.00477993
0.00479274
0.00480553
0.00481676
0.00482799
0.00484074
0.00485359
0.00486638
0.00487916
0.00489193
0.00490469
0.0049159
0.00492706
0.00493986
0.00495258
0.0049654
0.00497817
0.00499091
0.00500366
0.00527573
0.00528382
0.00425831
0.00427189
0.00428357
0.00437477
0.00438259
0.0043936
0.00440624
0.00441894
0.00443163
0.00444433
0.00445702
0.0044698
0.00448251
0.00449527
0.00450797
0.00451915
0.00453033
0.00454308
0.0045558
0.00456857
0.00458137
0.00458927
0.00462935
0.0047173
0.00473008
0.00474129
0.00475408
0.00476686
0.00477968
0.00479246
0.00480527
0.00481646
0.00482768
0.00484047
0.00485333
0.00486608
0.00487886
0.00489165
0.00490439
0.00491722
0.00492836
0.00493956
0.0049523
0.00496511
0.00497786
0.00499063
0.00527543
0.00426047
0.0042705
0.00435044
0.00435833
0.004371
0.00438366
0.00439637
0.00440749
0.00441854
0.00443128
0.00444397
0.00445667
0.00446944
0.00448216
0.00449489
0.00450765
0.00452038
0.00453156
0.00454269
0.00455548
0.00456822
0.00457779
0.00474263
0.00475376
0.00476651
0.00477934
0.00479216
0.00480499
0.00481778
0.00482895
0.00484019
0.00485301
0.00486579
0.00487855
0.00489133
0.00490408
0.00491688
0.00492806
0.00493924
0.00495205
0.00496481
0.00497756
0.00526868
0.00527512
0.00528159
0.00424532
0.00425739
0.00432466
0.00433229
0.004345
0.00435771
0.00437035
0.00438316
0.0043958
0.00440851
0.00442133
0.00443245
0.00444359
0.00445629
0.00446898
0.0044818
0.00449457
0.00450727
0.00452004
0.00453283
0.00454395
0.00455349
0.00475342
0.00476622
0.00477899
0.0047918
0.00480459
0.00481744
0.0048302
0.00484141
0.00485261
0.00486542
0.00487822
0.00489098
0.00490375
0.00491652
0.00492934
0.00494049
0.0049517
0.00496446
0.00497723
0.00498997
0.00499799
0.00526845
0.00527641
0.00424532
0.00425696
0.00433538
0.00434454
0.00435723
0.00436989
0.00438259
0.00439536
0.00440811
0.0044209
0.0044321
0.00444327
0.004456
0.00446875
0.00448151
0.00449418
0.00450694
0.00451968
0.00453245
0.00454514
0.00455639
0.00456758
0.00457721
0.00476747
0.00477865
0.00479146
0.00480427
0.0048171
0.0048299
0.00484266
0.00485392
0.00486507
0.00487786
0.00489068
0.00490343
0.00491623
0.00492901
0.00494178
0.00495297
0.00496414
0.0049769
0.00498646
0.00526652
0.00527613
0.00423627
0.00424645
0.00425829
0.00426648
0.00434437
0.00435672
0.00436951
0.0043822
0.00439493
0.00440777
0.0044205
0.00443335
0.00444451
0.00445569
0.00446843
0.00448116
0.00449386
0.00450663
0.00451941
0.00453214
0.00454474
0.00455684
0.00456784
0.00457994
0.00459359
0.0046048
0.00461761
0.00463095
0.00474245
0.00475915
0.004767
0.00477822
0.00479099
0.00480382
0.0048166
0.00482939
0.00484221
0.00485499
0.00486621
0.00487639
0.00489129
0.00490226
0.00491588
0.0049287
0.00494146
0.00495425
0.00496541
0.00497659
0.00498613
0.00526354
0.00527405
0.00423717
0.00424678
0.00425838
0.0042673
0.00434665
0.00435666
0.0043692
0.00438184
0.00439454
0.00440727
0.00442006
0.0044328
0.00444559
0.00445761
0.00446863
0.00448066
0.00449338
0.00450614
0.0045189
0.00453167
0.00454432
0.00455385
0.00456821
0.0046194
0.00465622
0.00469619
0.00469933
0.00475694
0.00476814
0.00477934
0.00479051
0.00480334
0.00481615
0.00482892
0.00484178
0.00485455
0.00486737
0.00487933
0.00488877
0.00490352
0.00491543
0.0049282
0.00494096
0.00495376
0.00496654
0.00497859
0.00498724
0.00525449
0.00526147
0.0052736
0.00424698
0.0042586
0.00427027
0.00435999
0.00436939
0.00438199
0.00439459
0.00440726
0.00442004
0.00443267
0.00444535
0.00445805
0.00447082
0.00448201
0.00449311
0.00450584
0.00451864
0.00453137
0.00454414
0.00455212
0.00456816
0.00476967
0.00477926
0.00479042
0.00480325
0.00481603
0.00482884
0.00484168
0.00485447
0.00486727
0.00487841
0.00488962
0.00490237
0.00491519
0.00492793
0.00494072
0.0049535
0.00496624
0.00497901
0.00499023
0.00499823
0.00526387
0.0052703
0.00425133
0.0042607
0.00427139
0.00428198
0.00429122
0.00434875
0.00435762
0.00436933
0.00438191
0.00439453
0.00440719
0.00441989
0.00443253
0.00444526
0.00445801
0.00447071
0.00448188
0.00449301
0.00450576
0.00451851
0.00452887
0.00476948
0.00478546
0.00479267
0.0048033
0.0048159
0.0048287
0.00484152
0.00485434
0.00486711
0.00487988
0.00489108
0.00490225
0.00491504
0.00492778
0.00494056
0.00495336
0.00496612
0.00497889
0.00499005
0.00500124
0.00501238
0.00526587
0.00527333
0.00425945
0.00427137
0.00428303
0.00429593
0.00430874
0.00432149
0.00433418
0.0043468
0.00435794
0.00436903
0.00438165
0.0043944
0.00440696
0.00441971
0.00443241
0.00444507
0.00445784
0.00447058
0.0044817
0.00449284
0.00450556
0.00451837
0.00453116
0.00453914
0.00477265
0.00478058
0.00479182
0.004803
0.00481578
0.00482857
0.00484139
0.0048542
0.00486701
0.00487977
0.00489094
0.00490212
0.00491489
0.00492769
0.00494047
0.00495325
0.00496602
0.00497877
0.00498996
0.00500111
0.00501229
0.00526675
0.00527318
0.00424681
0.00425866
0.00426918
0.00432182
0.00433367
0.00434635
0.00435909
0.00437023
0.0043814
0.0043941
0.00440681
0.00441957
0.0044323
0.00444495
0.00445775
0.0044705
0.00448318
0.00449441
0.0045055
0.00451758
0.00453197
0.00454382
0.00476925
0.00478271
0.00479245
0.00480287
0.00481496
0.00482842
0.00484126
0.00485407
0.00486686
0.00487965
0.00489174
0.00490271
0.00491478
0.00492754
0.00494036
0.00495313
0.00496592
0.00497869
0.00499146
0.0050018
0.005009
0.00526412
0.00527401
0.0052828
0.00424665
0.00425853
0.00426693
0.00432595
0.00433362
0.00434597
0.00435868
0.00437151
0.00438263
0.0043938
0.00440659
0.00441928
0.00443213
0.00444489
0.00445764
0.00447041
0.00448315
0.00449433
0.00450538
0.00451817
0.00453094
0.00454374
0.00455651
0.00456926
0.00458046
0.00459322
0.004742
0.00475482
0.00476754
0.0047803
0.00479315
0.00480431
0.00481547
0.00482826
0.00484112
0.00485391
0.00486669
0.00487949
0.0048923
0.00490346
0.00491463
0.00492741
0.0049402
0.00495296
0.00496575
0.00497851
0.00499126
0.00525369
0.00526172
0.00527134
0.00423787
0.00424633
0.00425816
0.00426826
0.00433688
0.004346
0.00435844
0.00437122
0.00438395
0.00439513
0.00440627
0.00441912
0.00443186
0.00444465
0.00445742
0.00447019
0.00448301
0.00449409
0.00450529
0.00451804
0.00453082
0.00454353
0.00455642
0.0045691
0.00458191
0.00459471
0.00460592
0.00461709
0.0046299
0.00464323
0.00465548
0.00466665
0.00472101
0.00472902
0.00474183
0.0047546
0.00476735
0.00478022
0.00479297
0.00480419
0.00481534
0.00482815
0.00484097
0.00485374
0.00486655
0.00487933
0.00489215
0.00490331
0.00491448
0.00492725
0.00494003
0.00495283
0.00496559
0.00497839
0.00525035
0.00526157
0.00527119
0.00424761
0.0042596
0.00427127
0.00433836
0.00434614
0.00435849
0.00437111
0.00438375
0.00439648
0.0044077
0.00441888
0.00443162
0.00444435
0.0044572
0.00446994
0.00448279
0.00449556
0.00450671
0.0045179
0.00453067
0.00454345
0.00455626
0.00456905
0.00458182
0.00459458
0.00460573
0.00461692
0.00462972
0.00464251
0.0046553
0.00466811
0.00468088
0.00469365
0.00470489
0.00471603
0.00472886
0.00474169
0.00475446
0.00476725
0.00478004
0.00479279
0.00480557
0.00481679
0.004828
0.00484079
0.0048536
0.00486638
0.00487917
0.00489195
0.00490474
0.00491593
0.00492708
0.00493986
0.00495267
0.00496542
0.00497661
0.00524387
0.00525183
0.00526306
0.00527045
0.00424917
0.00425862
0.00427152
0.00428053
0.00429033
0.00434596
0.00435851
0.00437108
0.00438372
0.00439636
0.00440751
0.0044186
0.0044314
0.00444421
0.00445694
0.00446967
0.00448248
0.00449526
0.00450735
0.00451829
0.00453031
0.00454311
0.00455588
0.00456863
0.00458143
0.00459357
0.00460807
0.00461821
0.00462945
0.00464288
0.00465547
0.00466757
0.004679
0.00469238
0.0047045
0.0047182
0.00472746
0.00474135
0.00475414
0.00476695
0.00477974
0.00479255
0.00480535
0.00481656
0.00482773
0.00484051
0.00485331
0.00486614
0.00487889
0.00489169
0.00490448
0.00491655
0.00492755
0.00493961
0.00495241
0.00496515
0.00497724
0.0049906
0.00525484
0.00526368
0.00425972
0.00427169
0.00428339
0.00428993
0.00433622
0.00434569
0.00435827
0.00437089
0.00438355
0.00439622
0.00440737
0.00441847
0.00443119
0.00444392
0.00445677
0.00446947
0.00448222
0.00449492
0.00450771
0.00451888
0.00453003
0.00454279
0.00455558
0.00456356
0.00458164
0.00460514
0.00471553
0.00473309
0.00474111
0.0047539
0.00476668
0.00477947
0.00479226
0.00480509
0.00481787
0.00482909
0.00484027
0.00485307
0.00486586
0.00487864
0.00489143
0.00490418
0.00491698
0.00492819
0.00493933
0.00495213
0.00496489
0.00497765
0.0049888
0.00526571
0.00527378
0.004261
0.00427121
0.00428458
0.00429599
0.00430729
0.00432004
0.00433277
0.00434545
0.00435808
0.00437076
0.00438342
0.00439605
0.00440875
0.0044199
0.00443111
0.00444379
0.00445656
0.00446935
0.00448207
0.00449487
0.00450762
0.00452031
0.00453152
0.00454266
0.00455545
0.00456823
0.00458104
0.00459061
0.00463062
0.00465459
0.00471909
0.00473133
0.00474096
0.00475371
0.00476655
0.00477936
0.00479219
0.00480493
0.00481778
0.00482895
0.00484015
0.00485294
0.00486573
0.00487851
0.00489129
0.00490406
0.00491687
0.00492802
0.00493921
0.00495197
0.00496477
0.00497752
0.00499027
0.00499824
0.00526556
0.00527362
0.00424789
0.00425698
0.00427163
0.00428461
0.00429668
0.00430753
0.0043194
0.00433211
0.00434485
0.00435756
0.00437029
0.00438302
0.0043957
0.00440845
0.00442114
0.00443238
0.00444356
0.00445629
0.004469
0.00448182
0.00449458
0.00450732
0.00452009
0.00453214
0.00454315
0.00455521
0.00456818
0.00457832
0.00459366
0.00461114
0.0046176
0.00463358
0.00464254
0.00468485
0.00469281
0.00470707
0.00471931
0.00473223
0.00474234
0.00475351
0.00476632
0.00477912
0.00479194
0.00480472
0.00481754
0.00482963
0.00484062
0.00485269
0.00486549
0.00487828
0.00489108
0.00490385
0.00491662
0.0049294
0.00494058
0.00495175
0.00496452
0.00497729
0.00498948
0.00499955
0.00525465
0.00526376
0.00527177
0.00424927
0.00425769
0.00427122
0.00428116
0.00432095
0.00433183
0.00434412
0.00435686
0.00436965
0.00438248
0.00439525
0.00440801
0.00442085
0.00443361
0.00444488
0.0044561
0.00446888
0.00448163
0.00449437
0.0045071
0.00451983
0.0045327
0.00454387
0.00455503
0.00456784
0.00458058
0.00459335
0.00460618
0.00461895
0.00463174
0.00464291
0.0046541
0.00466686
0.0046797
0.00469248
0.00470526
0.00471813
0.00473092
0.00474209
0.0047533
0.00476607
0.00477887
0.00479164
0.0048044
0.00481722
0.00482999
0.00484281
0.004854
0.00486521
0.00487795
0.00489074
0.00490352
0.00491627
0.00492903
0.00494179
0.00495301
0.00496416
0.00497746
0.00498651
0.00524263
0.0052506
0.00526343
0.00425054
0.00425895
0.00427071
0.00428396
0.00429639
0.0043081
0.00431927
0.00433177
0.00434413
0.00435656
0.00436935
0.0043822
0.0043949
0.00440771
0.00442054
0.00443339
0.00444459
0.00445585
0.0044686
0.00448139
0.0044941
0.00450695
0.00451971
0.00453256
0.00454373
0.00455488
0.00456771
0.00458052
0.0045933
0.00460611
0.00461882
0.00463159
0.00464437
0.00465562
0.00466675
0.00467957
0.00469235
0.00470514
0.00471796
0.00473077
0.00474356
0.0047547
0.00476592
0.00477867
0.00479148
0.00480432
0.00481705
0.00482984
0.00484265
0.00485383
0.004865
0.0048778
0.00489055
0.00490331
0.00491608
0.00492885
0.00494163
0.0049528
0.00496397
0.00497195
0.0052408
0.00525041
0.00525846
0.00425852
0.00427039
0.00428357
0.00429499
0.00433334
0.00434424
0.00435668
0.00436936
0.00438207
0.00439479
0.00440756
0.00442035
0.00443313
0.00444594
0.00445713
0.00446834
0.00448115
0.00449398
0.00450671
0.00451949
0.00453232
0.00454507
0.00455626
0.00456749
0.00458028
0.00459306
0.00460588
0.00461864
0.00463141
0.00464416
0.00465535
0.00466658
0.00467937
0.00469214
0.00470497
0.00471776
0.00473055
0.00474336
0.00475455
0.00476573
0.0047785
0.00479129
0.00480406
0.00481685
0.00482966
0.00484244
0.00485361
0.0048648
0.00487758
0.00489035
0.00490311
0.00491588
0.00492864
0.00494137
0.00495417
0.00496534
0.00497334
0.00524218
0.00524862
0.0042589
0.00427005
0.00428269
0.00429326
0.00433479
0.00434484
0.00435669
0.00436934
0.00438206
0.00439476
0.00440755
0.00442024
0.00443302
0.00444581
0.00445699
0.00446819
0.00448093
0.00449371
0.00450649
0.00451926
0.00453201
0.00454475
0.00455757
0.00456877
0.00457996
0.00459275
0.00460553
0.0046183
0.00463107
0.0046438
0.0046566
0.00466778
0.00467898
0.0046918
0.00470463
0.00471739
0.0047302
0.00474299
0.0047558
0.00476698
0.00477817
0.00479093
0.00480376
0.00481656
0.00482933
0.0048421
0.00485491
0.00486698
0.00487797
0.00489003
0.0049028
0.00491554
0.00492831
0.00494106
0.00495384
0.00496659
0.00497472
0.00525205
0.00525939
0.00425971
0.00427144
0.00428298
0.00429288
0.00433912
0.00434546
0.00435651
0.00436923
0.00438183
0.00439466
0.00440741
0.00442014
0.00443292
0.00444561
0.0044584
0.0044695
0.00448071
0.0044935
0.00450625
0.00451897
0.00453174
0.00454449
0.00455725
0.00457
0.00458122
0.00459241
0.0046052
0.00461803
0.00463076
0.00464349
0.00465628
0.00466907
0.00468033
0.00469149
0.0047043
0.0047172
0.00472994
0.00474272
0.00475553
0.0047683
0.00477949
0.00479071
0.00480348
0.00481629
0.00482903
0.00484186
0.00485465
0.00486741
0.00487859
0.00488974
0.00490249
0.00491524
0.004928
0.00494079
0.00495194
0.00525263
0.00526068
0.00425101
0.00425949
0.00427119
0.0042826
0.00429557
0.00430847
0.00431818
0.00433407
0.00434688
0.00435795
0.00436911
0.0043818
0.00439455
0.00440729
0.0044201
0.00443277
0.00444555
0.00445834
0.00446945
0.0044806
0.00449332
0.00450609
0.00451885
0.00453166
0.00454439
0.00455713
0.0045699
0.00458105
0.00459226
0.00460507
0.00461784
0.00463062
0.00464342
0.00465622
0.00466901
0.00468015
0.00469138
0.0047042
0.00471698
0.00472981
0.00474258
0.00475537
0.00476814
0.00477929
0.00479053
0.00480333
0.00481609
0.00482887
0.00484166
0.00485446
0.00486725
0.00487998
0.00489114
0.00490233
0.00491505
0.00492623
0.00525084
0.00526206
0.00424973
0.00425992
0.00426842
0.00430829
0.00432096
0.00433375
0.00434654
0.00435775
0.00436892
0.00438167
0.00439435
0.00440712
0.00441985
0.00443267
0.00444538
0.00445817
0.00446932
0.00448046
0.00449319
0.00450592
0.00451876
0.00453147
0.00454424
0.00455702
0.00456975
0.00458093
0.00459219
0.00460492
0.00461768
0.00463148
0.00464429
0.00465566
0.00466945
0.00468156
0.00469275
0.00470397
0.00471675
0.00472954
0.00474233
0.00475509
0.0047679
0.00478067
0.00479188
0.00480239
0.00481588
0.00482874
0.00484153
0.00485429
0.00486706
0.00487983
0.004891
0.00490219
0.00492769
0.00524311
0.00525061
0.00526115
0.00423785
0.00424647
0.00425842
0.00426511
0.00432238
0.00433339
0.00434605
0.00435885
0.00437107
0.00438209
0.00439416
0.00440688
0.00441969
0.00443244
0.00444522
0.00445805
0.00447078
0.00448191
0.00449304
0.00450583
0.00451856
0.0045313
0.00454405
0.00455684
0.00456962
0.00458171
0.00459272
0.00460482
0.00461755
0.00462926
0.004642
0.00465611
0.00466767
0.0046814
0.00469258
0.00470376
0.00471655
0.00472932
0.00474206
0.00475486
0.00476767
0.00478042
0.00479167
0.00480385
0.0048157
0.0048285
0.00484128
0.00485405
0.00486685
0.0048796
0.00489169
0.00490198
0.00524394
0.00525038
0.00526001
0.00423591
0.00424626
0.00425833
0.00433817
0.00434586
0.00435857
0.00437144
0.00438266
0.00439386
0.00440673
0.00441948
0.00443241
0.00444521
0.00445793
0.00447076
0.00448187
0.00449308
0.00450579
0.00451857
0.0045313
0.00454411
0.00455681
0.0045696
0.00458243
0.00459358
0.00460477
0.00461748
0.00463029
0.00464304
0.00465578
0.00466861
0.00468138
0.00469253
0.0047037
0.00471651
0.00472926
0.00474201
0.00475474
0.00476757
0.00478039
0.00479316
0.00480433
0.00481555
0.00482834
0.00484111
0.00485387
0.00486664
0.00487783
0.00524375
0.00525181
0.00525982
0.00423742
0.00424585
0.00425618
0.00434923
0.00435873
0.00437132
0.00438408
0.00439439
0.00440648
0.00441925
0.00443204
0.00444488
0.00445702
0.00447049
0.00448225
0.00449358
0.00450561
0.00451835
0.00453108
0.00454386
0.00455664
0.00456942
0.00458218
0.00459424
0.00460523
0.00461726
0.00463004
0.00464277
0.00465552
0.0046683
0.00468104
0.00469382
0.00470589
0.00471689
0.00472892
0.00474168
0.00475445
0.00476724
0.00478
0.00479276
0.00480486
0.00481588
0.00482794
0.00484071
0.0048535
0.00486406
0.00488048
0.00524358
0.00525216
0.00423649
0.00424546
0.00425415
0.00443475
0.00450989
0.00451784
0.00453056
0.00454327
0.00455604
0.00456879
0.00458159
0.0045943
0.00460704
0.00461812
0.0046293
0.00464209
0.00465485
0.00466758
0.00468033
0.00469309
0.00470582
0.00471859
0.00472981
0.00474092
0.0047537
0.00476647
0.0047792
0.00479201
0.00480484
0.00481762
0.00483041
0.00484159
0.00485281
0.0048656
0.00487836
0.00489112
0.00525546
0.00424532
0.0044838
0.00449499
0.00450775
0.00451888
0.00453005
0.00454276
0.00455558
0.00456831
0.004581
0.00459381
0.00460659
0.00461927
0.00463198
0.0046431
0.00465432
0.00466707
0.00467979
0.00469256
0.0047053
0.00471807
0.00473082
0.00474355
0.00475479
0.00476591
0.00477868
0.00479148
0.00480429
0.00481712
0.00482988
0.00484267
0.00485389
0.00486506
0.00487785
0.00489065
0.00490338
0.00491136
0.00526303
0.00423474
0.00424509
0.00450733
0.00452007
0.00453282
0.00454394
0.00455509
0.00456791
0.00458065
0.0045934
0.00460616
0.00461887
0.00463156
0.00464436
0.00465545
0.00466656
0.00467934
0.00469207
0.00470481
0.00471762
0.00473035
0.00474314
0.00475589
0.00476708
0.00477823
0.00479101
0.00480382
0.00481662
0.00482939
0.0048422
0.00485502
0.0048662
0.00487737
0.00489016
0.00490291
0.00491248
0.00526253
0.00527053
0.00455478
0.00456755
0.00458031
0.00459304
0.00460579
0.00461845
0.00463116
0.00464388
0.00465663
0.00466779
0.00467894
0.00469163
0.00470438
0.0047172
0.00472995
0.00474268
0.00475545
0.0047682
0.00477937
0.00479056
0.00480338
0.00481615
0.00482899
0.0048418
0.00485454
0.00486732
0.00487851
0.00488652
0.00489764
0.00526203
0.00527003
0.00457991
0.00459265
0.0046054
0.00461806
0.00463079
0.00464347
0.00465618
0.00466895
0.00468159
0.00469276
0.00470392
0.00471671
0.00472945
0.00474221
0.00475496
0.00476773
0.0047805
0.00479168
0.00480288
0.00481568
0.00482851
0.00484131
0.00485413
0.00486693
0.00487494
0.00526251
0.00527219
0.00461027
0.00461821
0.00463196
0.00464375
0.00465647
0.0046685
0.00467942
0.00469142
0.00470415
0.00471692
0.00472964
0.00474238
0.00475513
0.00476792
0.00478063
0.00479181
0.00480302
0.00481578
0.0048286
0.00484141
0.0048542
0.00486697
0.0048791
0.00488774
0.00526164
0.00527452
0.00465989
0.00467901
0.00469176
0.00470448
0.00471721
0.00472997
0.00474266
0.00475543
0.00476815
0.00477932
0.00479045
0.00480322
0.00481598
0.00482877
0.00484156
0.00485434
0.00486712
0.00487832
0.00526649
0.00527299
0.0046791
0.00469356
0.00470571
0.00471741
0.00473015
0.00474286
0.00475558
0.00476829
0.00477944
0.0047906
0.00480336
0.00481613
0.0048289
0.00484167
0.00485444
0.00486723
0.00487929
0.0048864
0.00526661
0.00527402
0.00468234
0.00469191
0.00470466
0.00471744
0.00473017
0.00474285
0.00475558
0.00476831
0.00477946
0.00479059
0.00480336
0.00481611
0.0048289
0.00484169
0.00485447
0.00486721
0.00487999
0.00489119
0.00489915
0.00526681
0.00527158
0.00468068
0.00469181
0.00470453
0.0047173
0.00473005
0.00474275
0.00475548
0.00476821
0.00477938
0.00479053
0.00480332
0.00481605
0.00482886
0.00484159
0.00485438
0.00486712
0.00487993
0.0048911
0.00490066
0.00466147
0.00466784
0.00467894
0.00469169
0.00470443
0.00471716
0.00472994
0.00474265
0.00475538
0.00476813
0.00478083
0.004792
0.00480317
0.00481593
0.00482876
0.00484151
0.00485428
0.00486706
0.00487981
0.00489102
0.00490217
0.00491019
0.0052746
0.0045958
0.00460542
0.00461818
0.004632
0.0046437
0.00465641
0.00466909
0.00468027
0.00469142
0.00470414
0.00471691
0.00472966
0.00474237
0.00475515
0.00476789
0.00478064
0.00479178
0.00480298
0.00481576
0.00482853
0.00484132
0.00485408
0.00486687
0.00487964
0.00489173
0.00490269
0.00491479
0.00492271
0.00527671
0.0052825
0.00454777
0.00455738
0.00456849
0.00457966
0.00459236
0.00460517
0.00461785
0.00463054
0.0046433
0.00465605
0.00466871
0.00468147
0.00469257
0.00470381
0.00471652
0.00472933
0.0047421
0.0047548
0.00476753
0.00478027
0.00479311
0.00480433
0.0048155
0.00482826
0.00484108
0.00485381
0.00486662
0.0048794
0.00489219
0.00490337
0.00491455
0.00492735
0.00493858
0.00527755
0.00528245
0.00422286
0.00449648
0.00450597
0.00451865
0.00453137
0.00454402
0.0045568
0.00456951
0.00458223
0.00459339
0.00460452
0.00461728
0.00462995
0.00464272
0.00465536
0.00466819
0.00468093
0.0046937
0.00470488
0.00471605
0.0047288
0.00474157
0.00474953
0.00477668
0.00479267
0.00480598
0.00481667
0.00482782
0.00484065
0.00485344
0.00486624
0.00487901
0.00489179
0.00490461
0.00491578
0.00492698
0.00493977
0.00495257
0.00496539
0.00497659
0.00527573
0.00528223
0.00422445
0.00423346
0.00424211
0.00443222
0.00444488
0.00445754
0.00447022
0.00448285
0.00449549
0.00450665
0.0045178
0.00453058
0.00454325
0.00455601
0.00456874
0.00458148
0.00459107
0.00460219
0.00492175
0.00492813
0.00493937
0.00495219
0.00496499
0.00497779
0.0049906
0.00500338
0.00501293
0.00526589
0.00527399
0.00424705
0.00425898
0.00427274
0.00428366
0.0042966
0.00430945
0.00432064
0.00433179
0.00434571
0.00435782
0.0043705
0.0043823
0.00439644
0.00440743
0.00441849
0.00443115
0.00444385
0.00445649
0.00446919
0.0049822
0.00499493
0.00500295
0.00501573
0.00502854
0.00503971
0.0050514
0.00506244
0.00507609
0.00508888
0.00525279
0.0052641
0.00527222
0.00510609
0.00511408
0.00512527
0.00523985
0.00525105
0.00525909
0.00516476
0.00521409
0.00522525
0.00523802
0.00524608
0.00519948
0.00521223
0.00518725
0.00520314
0.00521269
0.00522381
0.00523972
0.00524928
0.00427023
0.00428602
0.00429578
0.00430745
0.00432144
0.00433384
0.00434628
0.00435715
0.00437117
0.00437901
0.00513006
0.00513487
0.00515707
0.00516504
0.00517617
0.00518257
0.00523013
0.00523336
0.00525079
0.00526354
0.00527631
0.00424917
0.00425777
0.00436145
0.00436922
0.00438162
0.00439414
0.00440668
0.0044191
0.0044286
0.00506479
0.00507599
0.00508395
0.00510466
0.00511583
0.00512538
0.00527619
0.0052842
0.00423934
0.00424633
0.00440741
0.00441995
0.00443259
0.00444504
0.00445769
0.0044704
0.00448305
0.00449568
0.00450676
0.00451787
0.00502811
0.00504091
0.00505211
0.00506327
0.00507602
0.00508557
0.00528084
0.00528885
0.00530013
0.00423973
0.00424326
0.00443606
0.00444644
0.00445812
0.00447075
0.00448179
0.00449287
0.00450551
0.00451815
0.00453079
0.00454349
0.00455615
0.00456777
0.0045816
0.00459427
0.00460381
0.00498167
0.00498966
0.00500356
0.00501528
0.00502807
0.00503979
0.00505208
0.00505999
0.00529343
0.00530066
0.00530939
0.00423925
0.00424424
0.00447562
0.00448183
0.00449291
0.00450559
0.00451822
0.00453086
0.00454356
0.00455627
0.00456897
0.0045817
0.00459438
0.00460705
0.00461817
0.00462924
0.00463717
0.00496717
0.00497678
0.00498959
0.0050024
0.00501517
0.00502475
0.00530265
0.00531234
0.00423916
0.00424581
0.00449777
0.00450561
0.00451827
0.00453094
0.00454364
0.00455633
0.00456902
0.0045817
0.00459443
0.00460715
0.0046182
0.00462936
0.00464198
0.00465463
0.00466739
0.0049463
0.00495427
0.00496548
0.0049767
0.00498951
0.00500229
0.00501347
0.00530412
0.00531375
0.00423892
0.00424547
0.00450873
0.00451822
0.00453093
0.00454363
0.0045563
0.004569
0.00458171
0.00459442
0.00460712
0.00461818
0.00462929
0.00464193
0.00465462
0.00466732
0.00467963
0.00469187
0.00470033
0.00492948
0.00494125
0.00495403
0.00496525
0.0049766
0.00498939
0.00500216
0.00529247
0.00530062
0.00531186
0.00423753
0.00424592
0.00425899
0.00426885
0.00450973
0.00451849
0.00453042
0.00454313
0.00455581
0.00456848
0.00458116
0.00459386
0.00460655
0.00461923
0.00463118
0.00464303
0.00465483
0.0046668
0.00467969
0.00468725
0.00492796
0.00494076
0.00495353
0.00496734
0.0049786
0.00498961
0.00500169
0.00527938
0.00528778
0.00530018
0.00530816
0.00424652
0.00425823
0.00427154
0.00428134
0.00450768
0.00452033
0.0045314
0.00454248
0.00455512
0.00456783
0.00458053
0.0045932
0.0046059
0.00461858
0.00463127
0.00464397
0.00465665
0.00466774
0.00467573
0.00469003
0.00493238
0.00494037
0.00495315
0.00496594
0.00497875
0.00499152
0.00500273
0.00501387
0.00527745
0.0052871
0.00529826
0.00424912
0.00425899
0.00427073
0.00428391
0.00429214
0.00449943
0.00450731
0.00451995
0.00453261
0.00454367
0.00455478
0.00456745
0.00458011
0.00459277
0.00460546
0.0046182
0.00463082
0.00464359
0.00465628
0.00466743
0.00492724
0.00494002
0.00495285
0.00496561
0.0049784
0.00499114
0.00500394
0.00501511
0.0052755
0.00528673
0.00529471
0.00425832
0.00426996
0.00428324
0.00429626
0.00430905
0.00431885
0.00449907
0.00450699
0.00451959
0.00453219
0.00454488
0.00455756
0.00456862
0.00457973
0.00459242
0.0046051
0.0046178
0.00463055
0.00464323
0.00465594
0.00466865
0.00467657
0.00490934
0.00491573
0.00492693
0.00493973
0.00495247
0.00496528
0.00497807
0.00499085
0.0050036
0.00501474
0.00526878
0.00527515
0.00528638
0.00426427
0.00427107
0.00428265
0.00429572
0.00430861
0.00432146
0.00433274
0.0043409
0.0044828
0.00449386
0.00450646
0.00451906
0.00453175
0.00454443
0.00455709
0.00456976
0.00458242
0.00459357
0.00460473
0.0046174
0.00463008
0.00464285
0.00465554
0.0046683
0.0048899
0.00490585
0.00491706
0.0049282
0.0049394
0.0049522
0.00496495
0.00497777
0.00499051
0.00500328
0.0050144
0.00526525
0.00527734
0.00528693
0.00427228
0.00428268
0.00429502
0.00430813
0.00432107
0.00433392
0.00434667
0.0043587
0.00436975
0.00438188
0.00439434
0.00440736
0.00442
0.00443273
0.00444673
0.00445772
0.00446862
0.00448062
0.00449331
0.00450596
0.00451862
0.00453133
0.00454402
0.00455665
0.00456936
0.00458206
0.00459411
0.00460502
0.00461702
0.00462975
0.00464147
0.00465153
0.00488314
0.00489211
0.00490398
0.00491672
0.00492949
0.0049407
0.00495188
0.00496465
0.00497742
0.0049902
0.00500295
0.00501081
0.00522985
0.0052378
0.00525062
0.00526336
0.00527543
0.00429578
0.00430721
0.00432017
0.00433331
0.00434612
0.00435883
0.00437154
0.00438266
0.00439384
0.00440665
0.00441944
0.00443228
0.00444505
0.00445782
0.00447056
0.00448175
0.00449282
0.00450545
0.00451821
0.00453092
0.00454356
0.00455631
0.00456901
0.00458172
0.00459442
0.00460715
0.00461834
0.00462943
0.00464217
0.00465014
0.00487811
0.0048909
0.0049037
0.00491642
0.00492924
0.00494198
0.00495319
0.00496435
0.00497713
0.00498986
0.00500105
0.00520424
0.00521217
0.00522489
0.00523759
0.0052503
0.00526306
0.00527263
0.00430984
0.00431958
0.004333
0.00434525
0.00435821
0.00437103
0.00438376
0.00439582
0.00440679
0.0044189
0.0044317
0.0044445
0.00445726
0.00447001
0.00448274
0.00449544
0.00450742
0.00451833
0.00453039
0.00454308
0.00455586
0.00456857
0.00458128
0.00459334
0.00460613
0.00461926
0.00463234
0.00463717
0.00465469
0.00487848
0.00489057
0.00490333
0.0049161
0.00492887
0.00494166
0.00495373
0.00496471
0.00497677
0.00498954
0.00500128
0.00517995
0.00518958
0.00520158
0.00521251
0.00522454
0.00523727
0.00524895
0.00525965
0.00434924
0.00435741
0.00437043
0.00438337
0.00439609
0.00440733
0.0044185
0.00443118
0.00444389
0.00445656
0.00446939
0.00448216
0.00449482
0.00450751
0.00452027
0.00453136
0.00454251
0.00455525
0.00457122
0.00457597
0.00489329
0.00490288
0.00491564
0.00492844
0.00494118
0.00495398
0.00496672
0.00497787
0.00498904
0.0050018
0.00501454
0.00502411
0.00518124
0.00518917
0.00520189
0.00521459
0.00522571
0.00523687
0.0052464
0.0043571
0.00437008
0.00438301
0.00439574
0.00440857
0.00441974
0.00443086
0.0044436
0.00445629
0.00446904
0.00448176
0.00449449
0.00450715
0.00451984
0.00453263
0.00454218
0.0048898
0.00490255
0.00491535
0.00492809
0.00494085
0.00495359
0.00496637
0.00497912
0.0049903
0.00500143
0.00501417
0.00502689
0.00503644
0.00518089
0.00518883
0.00520154
0.00521424
0.00522696
0.00523813
0.00524449
0.00435667
0.00436971
0.00438259
0.00439542
0.00440815
0.00442092
0.00443367
0.00444482
0.00445601
0.00446873
0.00448136
0.00449408
0.00450681
0.0045195
0.00453218
0.00454444
0.00455456
0.0048799
0.00489105
0.00490221
0.00491499
0.00492773
0.0049405
0.00495326
0.00496602
0.00497878
0.00499152
0.00500267
0.00501382
0.00502654
0.00503928
0.00504882
0.00506944
0.00518053
0.00518846
0.00520119
0.00521389
0.00522661
0.00523619
0.00436091
0.0043691
0.00438205
0.00439482
0.00440768
0.00442043
0.00443313
0.00444588
0.00445699
0.00446816
0.00448086
0.00449357
0.00450632
0.00451585
0.0048843
0.00489318
0.00490415
0.00491511
0.00492717
0.00493991
0.00495268
0.00496544
0.00497837
0.00499115
0.00500388
0.00501503
0.00502617
0.00503889
0.00505159
0.00506434
0.00507222
0.00508495
0.00516588
0.00517544
0.00518864
0.00520063
0.00521336
0.00522378
0.00438453
0.00439415
0.0044075
0.00441961
0.00443246
0.00444514
0.00445704
0.00446759
0.00449785
0.00490438
0.00491709
0.00492833
0.00493945
0.00495225
0.00496499
0.00497788
0.00499065
0.00500339
0.00501611
0.00502815
0.00503909
0.00505044
0.0050608
0.00515531
0.00516294
0.0051749
0.00518658
0.00520018
0.00520817
0.00428683
0.00429502
0.00430799
0.00432062
0.00432994
0.0044321
0.00445928
0.00446562
0.0048805
0.00489165
0.0049044
0.00491718
0.00492834
0.00493954
0.00495228
0.00496501
0.0049778
0.00499056
0.0050033
0.00501606
0.00502874
0.00503987
0.00504625
0.00515734
0.00516372
0.0051748
0.00518751
0.00519548
0.00428545
0.00429538
0.00430825
0.00432102
0.00433356
0.00434286
0.00487092
0.00487894
0.00489166
0.00490446
0.00491564
0.00492683
0.00493957
0.00495233
0.00496509
0.00497783
0.0049906
0.00500332
0.00501609
0.00502879
0.00503835
0.00515738
0.00516371
0.00517483
0.00518435
0.00427723
0.00428393
0.00429541
0.00430842
0.00432118
0.0043339
0.00434626
0.0043571
0.00488368
0.0048917
0.00490448
0.00491562
0.0049268
0.00493958
0.00495234
0.00496511
0.00497783
0.00499063
0.00500334
0.00501609
0.00502723
0.00503359
0.00515425
0.00516372
0.00517486
0.00518281
0.00427718
0.00428386
0.00429584
0.00430817
0.00432106
0.00433371
0.00434629
0.00435891
0.0043715
0.00438182
0.00439372
0.00490444
0.0049172
0.00492839
0.00494047
0.00495225
0.00496503
0.00497779
0.00499053
0.00500327
0.00501602
0.00502876
0.0050399
0.00505034
0.00506373
0.00507548
0.00508914
0.00510184
0.00511457
0.00512728
0.00514065
0.00515266
0.00516378
0.00517491
0.00518761
0.00520031
0.00521144
0.0052268
0.00523848
0.0052496
0.00430886
0.0043202
0.00433299
0.0043458
0.00435849
0.00437113
0.00438329
0.0049566
0.00496463
0.00497737
0.00499013
0.00500292
0.00501562
0.00502838
0.00504112
0.00505226
0.00506337
0.00507608
0.00508882
0.00510153
0.00511422
0.00512693
0.00513967
0.00515079
0.00522859
0.00523816
0.0052509
0.00525887
0.00429586
0.00430702
0.00431653
0.00433567
0.00434474
0.00435808
0.00496758
0.00497714
0.0049899
0.00500265
0.0050154
0.00502816
0.00504085
0.00505201
0.00506316
0.00507586
0.00508861
0.0051013
0.00511402
0.00512676
0.00513945
0.00514744
0.00522994
0.00523794
0.00525067
0.00525863
0.00427399
0.00428413
0.00429517
0.00430721
0.00431978
0.0043306
0.00497831
0.0049902
0.00500232
0.00501508
0.00502781
0.00504053
0.00505329
0.00506532
0.00507626
0.00508828
0.00510101
0.00511373
0.00512543
0.00522793
0.00523761
0.00525036
0.00427296
0.00428472
0.00429605
0.00430731
0.00432002
0.00433242
0.00434157
0.00497648
0.00498922
0.005002
0.00501473
0.00502749
0.00504023
0.00505296
0.0050657
0.00507684
0.00508798
0.00510071
0.00510868
0.00522615
0.0052373
0.00525004
0.005258
0.00427115
0.0042843
0.0042958
0.0043071
0.00431989
0.00433233
0.00434458
0.00496982
0.00497778
0.00498898
0.00500172
0.00501446
0.00502722
0.00503996
0.00505272
0.00506543
0.00507819
0.00508929
0.00509567
0.0052195
0.00522588
0.00523702
0.00524975
0.00526091
0.0042725
0.00428421
0.00429712
0.00430837
0.00431965
0.0043322
0.00434461
0.00435533
0.00497111
0.00497908
0.00499027
0.00500142
0.00501418
0.00502693
0.00503969
0.00505243
0.00506515
0.00507788
0.0050906
0.00509853
0.00522714
0.00523673
0.00524946
0.00525904
0.00427525
0.00428408
0.00429664
0.00430944
0.0043215
0.00433234
0.00434417
0.00435662
0.00436814
0.00498355
0.0049925
0.00500256
0.00501369
0.00502646
0.00503921
0.00505197
0.00506469
0.00507742
0.00509015
0.00510287
0.00511489
0.00512658
0.00513769
0.00524273
0.00525057
0.00526105
0.00429559
0.00430867
0.00432146
0.00433411
0.00434673
0.00435929
0.00436717
0.00501484
0.00502601
0.00503875
0.00505149
0.00506421
0.00507694
0.00508968
0.00510241
0.00511513
0.00512785
0.00513897
0.00514852
0.0052533
0.00526289
0.00429506
0.00430803
0.00432091
0.00433372
0.00434636
0.00435895
0.00436841
0.00500341
0.00501614
0.00502729
0.00503844
0.0050512
0.00506394
0.00507664
0.00508936
0.0051021
0.00511484
0.00512754
0.00513865
0.005253
0.00526418
0.00427712
0.00428377
0.00429519
0.00430773
0.00432029
0.00433302
0.00434413
0.00499033
0.00500309
0.00501585
0.00502857
0.00503974
0.00505088
0.00506361
0.00507636
0.00508906
0.0051018
0.00511453
0.00512565
0.00525111
0.00526231
0.00426407
0.00427061
0.00428231
0.00429523
0.00430769
0.00431855
0.00500434
0.0050155
0.00502828
0.00504102
0.00505218
0.0050633
0.00507605
0.00508877
0.00510149
0.00511107
0.00524122
0.0052508
0.00526199
0.00426397
0.00427212
0.00428371
0.00429502
0.00430771
0.0043201
0.00432932
0.0049929
0.00500245
0.00501522
0.00502795
0.00504067
0.00505343
0.00506459
0.00507574
0.00508846
0.00510119
0.00523773
0.00525049
0.00526008
0.00427318
0.00428464
0.0042962
0.00430737
0.00431987
0.00433221
0.00499257
0.00500211
0.00501487
0.00502765
0.00504034
0.00505312
0.00506586
0.005077
0.00508815
0.00509929
0.00522948
0.00523744
0.00525019
0.00427213
0.00428412
0.00429705
0.00430925
0.00432012
0.00433195
0.00434193
0.00499136
0.00500165
0.00501441
0.00502716
0.00503994
0.00505265
0.00506539
0.00507811
0.00509015
0.00509581
0.00522755
0.00523695
0.00524812
0.00428374
0.00429672
0.00430961
0.00432082
0.00433177
0.00434431
0.0043537
0.00500458
0.00501414
0.0050269
0.00503963
0.00505239
0.00506513
0.00507786
0.0050906
0.00510173
0.00510969
0.0052414
0.00524943
0.00525746
0.00428666
0.00429705
0.00430925
0.0043213
0.00433226
0.00434346
0.00435527
0.00501876
0.00502676
0.00503949
0.00505224
0.00506498
0.00507771
0.00509046
0.00510248
0.0051134
0.00512543
0.00513745
0.00524124
0.00524929
0.00525984
0.0050186
0.00502663
0.00503936
0.00505212
0.00506484
0.00507756
0.00509031
0.00510302
0.00511418
0.0051253
0.00513482
0.00523959
0.00524918
0.00526037
0.00427371
0.00428348
0.00429629
0.00430888
0.00431666
0.00500416
0.00501447
0.00502654
0.00503927
0.00505202
0.00506476
0.00507749
0.00509022
0.00510296
0.00511331
0.00512047
0.00523046
0.00523951
0.00525067
0.00525815
0.00427353
0.00428337
0.0042962
0.00430895
0.00431982
0.00500243
0.00501363
0.00502639
0.00503914
0.00505186
0.00506461
0.00507733
0.00509005
0.00509962
0.00522978
0.00523935
0.00524893
0.00427486
0.00428311
0.00429602
0.00430887
0.00432152
0.0043307
0.00499115
0.00500391
0.00501506
0.0050262
0.00503897
0.00505173
0.00506445
0.00507719
0.00508992
0.00522963
0.00523921
0.00525039
0.00428264
0.00429553
0.00430845
0.00432122
0.00433215
0.00498299
0.004991
0.00500373
0.00501492
0.00502606
0.00503881
0.00505155
0.00506429
0.00507703
0.00508974
0.00522947
0.00523746
0.00428477
0.00429589
0.0043081
0.00432086
0.00433344
0.00498283
0.00499075
0.00500346
0.00501621
0.00502738
0.00503852
0.00505126
0.00506399
0.00507672
0.00508946
0.0051011
0.0051143
0.00512273
0.00523944
0.00525043
0.00429648
0.00430775
0.00432052
0.00432993
0.00499524
0.00500321
0.00501595
0.00502869
0.00503984
0.00505101
0.00506373
0.00507647
0.00508919
0.00510191
0.00511463
0.00512734
0.00513688
0.00523851
0.00525127
0.00525925
0.00500465
0.00501579
0.00502853
0.00503969
0.00505084
0.00506357
0.00507629
0.00508903
0.00510173
0.00511447
0.00512717
0.00513832
0.00523039
0.00523836
0.00525112
0.00525907
0.00499043
0.00500392
0.00501558
0.00502831
0.00504107
0.0050522
0.00506334
0.00507607
0.00508881
0.00510152
0.00511425
0.00512595
0.00522542
0.00523817
0.00524871
0.00428764
0.00429577
0.00430689
0.00431479
0.00497539
0.00499287
0.00500245
0.0050152
0.00502793
0.00504069
0.00505345
0.00506457
0.0050757
0.00508846
0.00510117
0.00521551
0.00522505
0.00523623
0.00429854
0.00497836
0.00498954
0.00500226
0.005015
0.00502775
0.0050405
0.00505321
0.00506597
0.00507711
0.00508827
0.00510096
0.0052153
0.00522485
0.00523443
0.00430154
0.00430959
0.00432074
0.00432708
0.0049797
0.00498926
0.00500202
0.00501476
0.00502751
0.00504027
0.00505299
0.00506573
0.00507688
0.00508801
0.00510073
0.00511187
0.00521349
0.00522461
0.00523578
0.00428835
0.00429754
0.00430931
0.00432136
0.00433126
0.00433943
0.0049784
0.00498892
0.00500169
0.00501444
0.00502717
0.00503991
0.00505266
0.00506539
0.00507811
0.00509014
0.0051011
0.00511309
0.00512581
0.00513938
0.00515019
0.00515903
0.00521937
0.00522583
0.00523701
0.005246
0.00429932
0.00430888
0.00432169
0.00433286
0.00495406
0.00496629
0.00497904
0.00499022
0.00500135
0.00501411
0.00502685
0.00503957
0.00505231
0.00506502
0.00507775
0.00509047
0.00510158
0.00511275
0.00512545
0.00513814
0.00514769
0.00521913
0.00522709
0.00523824
0.00524622
0.00432462
0.00493265
0.00494058
0.00495335
0.00496611
0.00497886
0.00499002
0.00500118
0.00501389
0.00502665
0.00503936
0.00505211
0.00506483
0.00507758
0.00509028
0.005103
0.00511414
0.00512525
0.00513795
0.00514595
0.00521578
0.00522692
0.00523805
0.00524442
0.00427353
0.00428306
0.00429577
0.00491501
0.00492769
0.00494045
0.00495321
0.00496597
0.00497871
0.00499145
0.00500258
0.00501374
0.00502648
0.0050392
0.00505194
0.00506466
0.00507741
0.00509011
0.00510283
0.00511555
0.00512667
0.00513622
0.00521404
0.00522676
0.0052379
0.00427086
0.00428315
0.00429599
0.00430863
0.00432011
0.00490668
0.00491471
0.00492747
0.00494024
0.004953
0.00496575
0.00497849
0.00499123
0.00500329
0.0050142
0.00502625
0.00503898
0.00505174
0.00506445
0.00507719
0.0050899
0.00510194
0.00511541
0.00512338
0.00521602
0.0052265
0.00523699
0.00426484
0.0042715
0.00428309
0.00429586
0.00430863
0.00432124
0.00433201
0.00488419
0.00489221
0.00490335
0.00491453
0.00492728
0.00494002
0.00495281
0.00496557
0.00497831
0.00499105
0.00500379
0.00501491
0.00502606
0.0050388
0.00505152
0.00506424
0.00507694
0.0050865
0.00521669
0.00522623
0.00523738
0.00426246
0.00427039
0.0042828
0.00429584
0.00430853
0.00432117
0.00433375
0.00434514
0.00435874
0.00437153
0.00438258
0.00446243
0.00448475
0.00487014
0.00487827
0.00489188
0.00490394
0.00491492
0.00492698
0.00493972
0.00495248
0.00496524
0.00497796
0.00499073
0.00500344
0.0050162
0.00502821
0.00503917
0.00505118
0.00506318
0.00507483
0.00522698
0.00523787
0.00524641
0.00426083
0.00427094
0.00428241
0.00429537
0.00430814
0.00432082
0.00433343
0.00434601
0.00435857
0.00437122
0.00438386
0.00439506
0.00440629
0.00441895
0.0044285
0.00444444
0.00445724
0.00447007
0.00448279
0.00449554
0.00450513
0.00490392
0.00491669
0.00492945
0.00494061
0.00495179
0.00496459
0.00497731
0.00499004
0.00500277
0.0050155
0.00502825
0.00504094
0.00505207
0.00506321
0.00507593
0.00508865
0.00509663
0.00523787
0.0052491
0.00425897
0.0042722
0.00428372
0.00429506
0.00430787
0.00432062
0.00433317
0.00434577
0.00435838
0.00437094
0.00438354
0.00439629
0.0044074
0.00441858
0.00443121
0.00444402
0.00445677
0.00446953
0.00447749
0.00491774
0.00492895
0.00494171
0.00495287
0.00496403
0.00497678
0.00498954
0.00500226
0.00501498
0.00502772
0.00504047
0.00505317
0.00506589
0.00507701
0.00508814
0.00510084
0.00511358
0.00512627
0.00513898
0.00523896
0.00525016
0.00425034
0.00425867
0.00427189
0.00428339
0.00429455
0.00430742
0.00432011
0.00433282
0.00434557
0.00435809
0.00437072
0.00438338
0.00439607
0.00440877
0.00441988
0.00443097
0.00444373
0.00445646
0.00446919
0.00448193
0.00449464
0.00491884
0.00492846
0.00494125
0.00495401
0.00496677
0.0049779
0.00498906
0.0050018
0.00501451
0.00502723
0.00503997
0.00505269
0.00506542
0.00507812
0.00508925
0.00510039
0.00511307
0.00512578
0.00523847
0.00524967
0.00427375
0.00428331
0.00429456
0.00430717
0.00431987
0.00433258
0.00434523
0.00435791
0.00437056
0.00438314
0.00439585
0.00440852
0.00442116
0.00443234
0.00444346
0.00445619
0.00446897
0.0044816
0.00449431
0.00450712
0.00451982
0.0045325
0.00454525
0.00455965
0.00489292
0.00490408
0.00491525
0.00492803
0.00494084
0.00495357
0.00496631
0.00497907
0.0049902
0.00500134
0.00501406
0.00502678
0.00503951
0.00505223
0.00506491
0.00507767
0.00509035
0.00510149
0.00523798
0.00524919
0.00424442
0.00432121
0.00433227
0.00434494
0.00435755
0.00437026
0.00438298
0.00439559
0.00440825
0.00442098
0.00443365
0.00444481
0.0044559
0.00446865
0.00448127
0.00449398
0.00450675
0.00451945
0.00453218
0.0045449
0.00455763
0.00456877
0.00488132
0.00489088
0.00490207
0.00491485
0.00492763
0.00494036
0.00495311
0.00496587
0.00497862
0.00499138
0.0050025
0.00501364
0.00502636
0.00503908
0.00505181
0.00506133
0.00523914
0.00525032
0.004226
0.00423329
0.00434833
0.0043578
0.00437042
0.00438403
0.00439603
0.00440873
0.00442073
0.00443164
0.00444363
0.00445635
0.00446907
0.00448174
0.00449441
0.00450714
0.00451986
0.00453258
0.00454457
0.00455547
0.00456752
0.00458022
0.00459294
0.00460502
0.00461851
0.00462959
0.0046439
0.00488459
0.00489165
0.00490217
0.00491495
0.0049277
0.00494051
0.00495327
0.00496603
0.00497877
0.00499154
0.00500267
0.00501375
0.00502647
0.0052416
0.00525039
0.00525687
0.00422344
0.00423189
0.00443137
0.00444408
0.0044567
0.00446943
0.00448207
0.00449476
0.00450751
0.00452021
0.00453133
0.00454241
0.00455513
0.00456784
0.00458057
0.00459325
0.004606
0.0046187
0.00463136
0.00464405
0.00465356
0.00466792
0.00488468
0.00489112
0.00490228
0.00491508
0.00492786
0.00494062
0.00495342
0.00496617
0.00497895
0.00499009
0.00499805
0.00525203
0.0052601
0.00422332
0.00423034
0.00444903
0.00445689
0.00446964
0.00448226
0.00449591
0.0045077
0.00452037
0.00453149
0.00454261
0.00455528
0.00456805
0.00458075
0.00459345
0.00460619
0.00461886
0.00463155
0.00464425
0.00465538
0.00466649
0.0046792
0.00469172
0.00470157
0.00489182
0.00490235
0.00491514
0.00492792
0.00494072
0.0049535
0.00496625
0.00497903
0.0049902
0.00499663
0.00525266
0.00526018
0.00422279
0.00447084
0.00448245
0.00449441
0.0045077
0.00452041
0.00453149
0.00454256
0.00455525
0.00456793
0.00458065
0.00459342
0.00460613
0.00461885
0.00463154
0.00464424
0.00465535
0.00466646
0.00467601
0.00490555
0.00491515
0.00492791
0.00494072
0.00495352
0.00496628
0.00497903
0.00499022
0.00500136
0.00501091
0.00526177
0.00447134
0.00448242
0.00449498
0.00450762
0.00452025
0.00453135
0.0045425
0.00455515
0.00456783
0.00458053
0.00459328
0.00460607
0.00461875
0.00463142
0.00464414
0.00465681
0.00466797
0.00467434
0.00490702
0.00491509
0.00492783
0.00494061
0.00495338
0.00496618
0.00497896
0.00499013
0.00500123
0.0050108
0.0052633
0.00446957
0.00448214
0.0044948
0.00450746
0.00452013
0.00453279
0.00454393
0.00455504
0.00456769
0.00458039
0.0045931
0.00460588
0.00461859
0.00463127
0.00464398
0.0046551
0.00491654
0.00492773
0.00494053
0.00495332
0.00496608
0.00497886
0.00499003
0.00500119
0.00501234
0.00526322
0.00526971
0.0042223
0.00444877
0.00445663
0.00446917
0.00448172
0.00449443
0.00450709
0.00451978
0.00453241
0.00454511
0.00455626
0.00456739
0.0045801
0.00459182
0.00460572
0.00461835
0.00462792
0.00492828
0.00494038
0.00495316
0.00496595
0.00497872
0.00499147
0.00500263
0.00501377
0.00502413
0.00526314
0.00527065
0.00422305
0.0042321
0.00441349
0.00441973
0.0044316
0.00444358
0.00445616
0.00446868
0.00448128
0.00449396
0.00450657
0.00451931
0.00453204
0.00454152
0.00494493
0.00495296
0.0049657
0.00497848
0.00499126
0.00500243
0.00501358
0.00502634
0.00503909
0.00525661
0.00526307
0.00527109
0.00423341
0.00424539
0.00425538
0.0043702
0.00438286
0.0043954
0.00440792
0.00442052
0.00443317
0.00444585
0.00445845
0.00446951
0.00448058
0.00449011
0.00498299
0.00499094
0.00500373
0.00501491
0.00502606
0.00503883
0.00505158
0.00506111
0.00525324
0.00526288
0.00526931
0.004249
0.00425905
0.00427052
0.0042836
0.00429645
0.0043092
0.00432181
0.00433449
0.00434559
0.00435667
0.00436925
0.00438183
0.00439441
0.00440697
0.0044196
0.00501936
0.00502733
0.00503849
0.00505127
0.00506404
0.00507678
0.00523081
0.00523875
0.00525149
0.00526111
0.00428378
0.00429498
0.00430783
0.0043206
0.00433327
0.00434435
0.00506531
0.00507646
0.00508921
0.00510071
0.00511444
0.00512236
0.00521452
0.00522642
0.00523849
0.00525035
0.00513167
0.00513964
0.00515237
0.00516508
0.0051762
0.00518732
0.00520001
0.00521275
0.00522551
0.00523343
0.00517751
0.00518864
0.00519977
0.00520769
0.00518887
0.00519997
0.00521267
0.00522535
0.00523805
0.0042716
0.00428416
0.004297
0.00430821
0.00431922
0.00433168
0.00434431
0.00435516
0.00513173
0.00513967
0.00515237
0.00516507
0.00517619
0.00518727
0.00519998
0.00521264
0.00522533
0.00523801
0.00525073
0.00526344
0.00425824
0.00427161
0.00428463
0.00429609
0.00430731
0.00431977
0.00433234
0.00434492
0.00435742
0.00436995
0.00438243
0.00439491
0.00509196
0.0051015
0.00511423
0.00512692
0.00513962
0.00515231
0.005165
0.00517609
0.0051872
0.00519989
0.00521258
0.00522525
0.00523791
0.00525062
0.00526332
0.00527448
0.00424836
0.00425857
0.00427186
0.00428025
0.00432311
0.00433259
0.00434519
0.00435774
0.0043702
0.00438276
0.00439518
0.00440863
0.0044203
0.00443185
0.00444397
0.005044
0.00505198
0.00506423
0.00507593
0.00508865
0.00510136
0.00511407
0.00512745
0.00513942
0.00515211
0.00516478
0.00517641
0.00518862
0.00519971
0.00521242
0.00522507
0.00523835
0.00525035
0.00526306
0.00527579
0.00528782
0.0042474
0.00425827
0.0042717
0.0042815
0.00434828
0.00435867
0.0043702
0.00438276
0.00439526
0.0044071
0.00442038
0.00443297
0.00444559
0.0044582
0.00446933
0.00503111
0.00504071
0.00505349
0.00506463
0.00507577
0.00508689
0.00525007
0.00526438
0.00527553
0.00528825
0.00529622
0.00425785
0.0042712
0.00428264
0.00438283
0.0043954
0.0044079
0.00442053
0.00443303
0.00444571
0.00445832
0.00446931
0.0044804
0.00449143
0.00501983
0.00502783
0.00504059
0.00505336
0.0050645
0.00507563
0.00525151
0.00526263
0.00527538
0.00528809
0.00529766
0.0042522
0.00425895
0.00427069
0.0042839
0.00429209
0.00438598
0.00439539
0.00440793
0.00442053
0.0044331
0.00444564
0.0044583
0.00447087
0.00448196
0.00449296
0.0045024
0.00501496
0.00502773
0.00504048
0.00505324
0.00506595
0.00525135
0.00526248
0.00527522
0.00528795
0.00425845
0.00427072
0.00428272
0.00429598
0.00430777
0.00432147
0.00433432
0.0043455
0.00435352
0.00437423
0.00438696
0.00439562
0.00440758
0.00442009
0.00443268
0.00444532
0.00445781
0.00447041
0.00448304
0.00449498
0.00450362
0.00501444
0.0050272
0.00503998
0.00505271
0.00506543
0.00507701
0.00508591
0.00523164
0.0052373
0.0052493
0.00526202
0.00527411
0.00528446
0.00428637
0.00429469
0.00430779
0.00432069
0.00433357
0.00434638
0.00435774
0.00436896
0.00438165
0.00439434
0.00440698
0.00441959
0.00443217
0.00444469
0.00445727
0.00446992
0.0044825
0.00449504
0.00502664
0.00503937
0.0050521
0.00506486
0.00507755
0.00509027
0.00510139
0.00522971
0.00523925
0.00525195
0.00526309
0.00527105
0.00429876
0.00430865
0.00431988
0.00433273
0.00434575
0.00435873
0.00437153
0.00438276
0.00439389
0.0044065
0.00441913
0.00443175
0.00444431
0.0044569
0.00446948
0.00448208
0.00449314
0.00502628
0.005039
0.00505176
0.00506448
0.00507717
0.00508989
0.00510257
0.00511527
0.00512798
0.00513906
0.00521826
0.00522621
0.0052389
0.00525159
0.00526433
0.00432383
0.00433194
0.004345
0.00435806
0.00437098
0.00438377
0.0043949
0.004406
0.00441868
0.00443129
0.00444383
0.00445645
0.00446908
0.00448172
0.00449278
0.00502113
0.00502751
0.00503865
0.00505138
0.0050641
0.00507682
0.00508951
0.00510221
0.00511489
0.00512761
0.00514026
0.00514822
0.00520206
0.00521318
0.00522584
0.00523856
0.00525126
0.0052624
0.00434738
0.00435714
0.00437006
0.00438295
0.00439562
0.00440837
0.00442117
0.00443221
0.00444324
0.00445586
0.00446857
0.00447649
0.00502079
0.00502717
0.00503833
0.00505106
0.00506379
0.00507647
0.00508918
0.00510187
0.00511455
0.00512725
0.00513995
0.00517325
0.00518905
0.00520016
0.00521284
0.00522551
0.00523822
0.00525093
0.00525892
0.00439504
0.00440773
0.0044206
0.00443325
0.00444278
0.00501642
0.00502844
0.00504048
0.00505141
0.00506344
0.00507615
0.00508885
0.00510154
0.00511425
0.00512693
0.00513961
0.00515227
0.00516493
0.0051769
0.00518781
0.00519979
0.00521249
0.00522453
0.00523801
0.00500743
0.00501538
0.00502811
0.00504086
0.00505198
0.00506311
0.00507583
0.00508853
0.00510121
0.00511391
0.00512657
0.00513926
0.00515192
0.00516457
0.00517725
0.00518993
0.00519944
0.00500401
0.00501503
0.00502776
0.0050405
0.00505322
0.00506523
0.00507615
0.00508816
0.00510084
0.00511351
0.00512621
0.00513888
0.00515153
0.00516422
0.00517587
0.00503047
0.00504003
0.00505274
0.00506548
0.00507816
0.00508929
0.00510038
0.0051131
0.00512577
0.00513843
0.00515112
0.0051638
0.00517489
0.0050428
0.00505236
0.0050651
0.00507778
0.00509046
0.00510319
0.00511432
0.00512538
0.00513808
0.00515076
0.00516343
0.00517454
0.00505518
0.00506312
0.00507738
0.00509013
0.00510281
0.0051155
0.00512659
0.00513772
0.0051504
0.00516309
0.00517418
0.00507861
0.00509129
0.00510243
0.00511513
0.00512785
0.00513894
0.00515005
0.00515955
0.00505571
0.00506484
0.00507653
0.00508926
0.00510195
0.00511466
0.00512735
0.00514003
0.0051495
0.00505263
0.00506374
0.00507648
0.00508915
0.00510186
0.00511455
0.00512726
0.00513994
0.00515099
0.00504314
0.00505107
0.00506376
0.00507651
0.00508918
0.00510189
0.00511457
0.00512729
0.00513995
0.00515103
0.00503997
0.0050511
0.00506382
0.00507652
0.00508922
0.00510191
0.00511461
0.00512733
0.00513997
0.0051479
0.00505586
0.00506381
0.00507811
0.00508924
0.00510192
0.00511461
0.0051273
0.0051352
0.00517493
0.00518761
0.0052003
0.00521302
0.00515716
0.00516511
0.00517624
0.00518732
0.0052
0.0052127
0.00522225
0.00515376
0.00516492
0.00517759
0.00518868
0.00519979
0.00521248
0.00522361
0.00512955
0.00513916
0.00515186
0.00516459
0.00517727
0.00518925
0.00520014
0.00521215
0.00522385
0.00511501
0.00512614
0.00513886
0.00515157
0.00516426
0.00517695
0.00518962
0.00520231
0.00521341
0.00521976
0.00510206
0.00511316
0.00512589
0.00513861
0.00515128
0.00516398
0.00517665
0.00518932
0.00520203
0.00521314
0.00510336
0.00511287
0.00512557
0.00513829
0.005151
0.00516367
0.00517636
0.00518904
0.00520174
0.00521442
0.00522242
0.0051253
0.00513797
0.00515052
0.00516324
0.00517594
0.00518862
0.0052013
0.00521398
0.00522667
0.00523829
0.00515484
0.00516282
0.0051755
0.00518817
0.00520086
0.00521354
0.00522622
0.00523894
0.00524693
0.00514505
0.00515139
0.0051625
0.0051752
0.00518787
0.00520055
0.00521324
0.00522593
0.00523865
0.00524663
0.005132
0.00513997
0.00515269
0.00516378
0.0051749
0.00518756
0.00520023
0.00521293
0.00522563
0.00523834
0.00511741
0.00512694
0.00513969
0.00515235
0.00516505
0.00517614
0.00518723
0.00519991
0.0052126
0.00522531
0.00523486
0.00511393
0.00512663
0.00513935
0.00515205
0.00516474
0.0051774
0.00518849
0.00519959
0.00521229
0.00522501
0.00510564
0.00511361
0.00512632
0.00513902
0.00515173
0.00516438
0.00517707
0.00518975
0.00520088
0.00521196
0.00522309
0.00510199
0.00511312
0.00512585
0.00513855
0.00515122
0.0051639
0.0051766
0.00518929
0.00520195
0.00521395
0.00522385
0.00511605
0.00512558
0.00513829
0.00515098
0.00516368
0.00517637
0.00518904
0.00520173
0.00521441
0.00522709
0.00523668
0.00514296
0.00515084
0.00516354
0.00517625
0.0051889
0.00520162
0.00521429
0.00522696
0.0052375
0.0051412
0.00515076
0.00516343
0.00517612
0.00518879
0.00520149
0.00521416
0.00522686
0.00523486
0.00511562
0.00512588
0.00513794
0.00515062
0.00516332
0.00517598
0.00518866
0.00520136
0.00521405
0.00522453
0.00510598
0.00511551
0.00512665
0.00513775
0.00515044
0.00516313
0.00517581
0.00518848
0.00520117
0.00521387
0.00522339
0.00510263
0.00511536
0.00512648
0.00513758
0.00515028
0.00516294
0.00517564
0.00518834
0.005201
0.00521371
0.00522323
0.00510247
0.00511518
0.00512792
0.00513902
0.00515011
0.00516279
0.0051755
0.00518818
0.00520084
0.00521355
0.00522307
0.00510549
0.00511528
0.00512831
0.00513961
0.00515052
0.00516254
0.00517525
0.00518791
0.00520058
0.00521328
0.00522598
0.00523389
0.00514324
0.00515119
0.00516232
0.005175
0.00518768
0.00520037
0.00521304
0.00522575
0.00514465
0.00515262
0.00516374
0.00517485
0.00518753
0.00520021
0.00521291
0.00522403
0.00513009
0.0051397
0.00515241
0.00516442
0.00517532
0.0051873
0.00519998
0.00521269
0.00511392
0.00512661
0.00513931
0.00515202
0.0051647
0.00517741
0.0051885
0.0051996
0.00520913
0.0051137
0.00512639
0.00513908
0.00515178
0.00516449
0.00517716
0.00518985
0.00520098
0.00520892
0.00511823
0.00512618
0.00513886
0.00515156
0.00516425
0.00517693
0.00518964
0.00520234
0.00513707
0.00515294
0.00516461
0.0051766
0.00518929
0.00520198
0.00521312
0.00521959
0.00515406
0.00516359
0.00517627
0.00518895
0.00520163
0.00521278
0.00515227
0.00516335
0.00517604
0.00518876
0.00520145
0.00520942
0.00514255
0.00515051
0.00516322
0.00517589
0.00518859
0.00520129
0.00510733
0.00511526
0.005128
0.00513825
0.00515026
0.00516296
0.00517563
0.00518832
0.00520103
0.00521002
0.00509286
0.0051024
0.00511508
0.00512779
0.00513892
0.00515001
0.00516271
0.00517541
0.00518808
0.00520076
0.00521031
0.00506888
0.00507768
0.00508933
0.00510203
0.00511474
0.00512745
0.00514014
0.00515211
0.00516304
0.00517502
0.00518771
0.00520041
0.00521311
0.00522245
0.00510296
0.00511406
0.00512676
0.00513945
0.00515215
0.00516486
0.00517756
0.00518865
0.00519974
0.00521241
0.00522513
0.00515165
0.00516437
0.00517704
0.00518974
0.00520083
0.00521192
0.00522463
0.00523259
0.00513849
0.00515119
0.00516387
0.00517657
0.00518924
0.00520192
0.00521459
0.00522574
0.0052321
0.00510779
0.00511418
0.00512533
0.00513803
0.00515073
0.0051634
0.00517606
0.00518873
0.00520144
0.00521411
0.00522685
0.0042612
0.00427094
0.0042823
0.00429487
0.00430738
0.00431497
0.00506768
0.00507723
0.00508995
0.00510263
0.00511534
0.00512647
0.00513757
0.00515026
0.00515978
0.005193
0.00520097
0.00521365
0.00522637
0.00424794
0.00425937
0.00427094
0.00428205
0.00429663
0.00430845
0.00432084
0.00433293
0.00434442
0.00435824
0.0043709
0.00437878
0.00501387
0.0050266
0.00503927
0.00505196
0.00506468
0.00507739
0.00509009
0.00510281
0.00511551
0.00512578
0.00513609
0.00520581
0.00521442
0.00522645
0.00523679
0.0042389
0.00424715
0.00425885
0.00427055
0.00428029
0.00433402
0.00434602
0.00435857
0.00437123
0.00438388
0.00439653
0.00440756
0.00441874
0.00500444
0.00501398
0.00502669
0.00503943
0.00505215
0.00506485
0.00507756
0.00509027
0.00510297
0.00511091
0.00521862
0.00522654
0.00523928
0.00524725
0.00423737
0.00424604
0.00425633
0.00433914
0.00434678
0.00435913
0.00437157
0.00438411
0.00439524
0.00440629
0.00441891
0.0044316
0.00444271
0.00500204
0.00501407
0.00502681
0.00503954
0.00505159
0.00506491
0.00507767
0.00509036
0.00509987
0.00522819
0.00524042
0.0052484
0.00422516
0.00423483
0.00424612
0.00425342
0.00434872
0.00435743
0.00436911
0.0043816
0.00439412
0.00440672
0.00441928
0.00443191
0.00444453
0.00445717
0.00446672
0.00501726
0.00502683
0.00503957
0.00505324
0.005065
0.00507772
0.00509044
0.00510216
0.00524018
0.00525053
0.00525693
0.00422483
0.00423332
0.00424358
0.00436132
0.00436913
0.00438166
0.00439414
0.00440668
0.0044193
0.00443182
0.00444447
0.00445705
0.00446811
0.0050172
0.00502675
0.00503946
0.00505221
0.00506491
0.00507763
0.00509035
0.00510306
0.00511414
0.00524412
0.00525047
0.00525686
0.00422449
0.00423476
0.00424668
0.00425315
0.00436118
0.00436904
0.00438152
0.00439408
0.0044066
0.00441914
0.00443175
0.00444429
0.00445695
0.00501875
0.00502666
0.00503938
0.0050521
0.00506483
0.00507756
0.00509026
0.00510295
0.00511409
0.00512047
0.00524244
0.0052504
0.00525679
0.00422591
0.00423448
0.00424617
0.00425462
0.00435161
0.00435782
0.00436876
0.00438128
0.00439382
0.0044064
0.00441894
0.00443144
0.00444246
0.00502894
0.00503927
0.005052
0.00506472
0.0050764
0.00509021
0.0051029
0.00511402
0.00524158
0.00525192
0.00423554
0.004247
0.0042594
0.00427067
0.00428206
0.00429517
0.00430796
0.00432095
0.00433352
0.00434616
0.00435875
0.00437127
0.00438382
0.00439571
0.00440654
0.00441864
0.00442639
0.00505184
0.00506457
0.0050784
0.00509009
0.00510211
0.00511083
0.00522953
0.00523842
0.00525023
0.00426201
0.00427183
0.00428472
0.00429595
0.00430709
0.00431977
0.00433236
0.00434501
0.00435763
0.00506751
0.00507705
0.00508978
0.00510255
0.00521664
0.00522618
0.0052389
0.00524688
0.00508956
0.0051023
0.00511502
0.00512298
0.00520218
0.00521329
0.00522443
0.00510519
0.00511476
0.00512803
0.00514005
0.00515171
0.00516374
0.00517481
0.0051876
0.0052003
0.00521211
0.00522108
0.00428519
0.00429466
0.00430747
0.00431686
0.00512195
0.00518055
0.00518848
0.00519955
0.00521224
0.00522491
0.00523287
0.00428755
0.00429532
0.00430745
0.00432021
0.00433281
0.00434433
0.00435626
0.00509327
0.00510118
0.00511387
0.00512655
0.00513922
0.00515189
0.00516454
0.00517723
0.00518991
0.00520097
0.00521207
0.00522474
0.00523742
0.00525011
0.00525801
0.00428942
0.00429594
0.00430729
0.00432021
0.0043329
0.00434555
0.00435805
0.00437048
0.00508836
0.00510105
0.00511373
0.00512641
0.00513909
0.00515173
0.0051644
0.00517707
0.00518974
0.00520239
0.00521348
0.00522457
0.00523725
0.00524519
0.00429869
0.00430848
0.00431982
0.00433248
0.00434531
0.00435792
0.00437044
0.00437977
0.0050771
0.00508821
0.00510088
0.0051136
0.00512626
0.00513894
0.00515158
0.00516423
0.00517691
0.00518958
0.00520223
0.00521332
0.00522441
0.00523709
0.00524503
0.0043112
0.00432092
0.00433211
0.00434478
0.00435835
0.00436926
0.00438187
0.00439054
0.0050815
0.00509086
0.00510109
0.00511308
0.00512575
0.00513841
0.00515108
0.00516374
0.0051764
0.00518906
0.00520173
0.00521442
0.00522552
0.0051077
0.00511408
0.00512517
0.00513788
0.00515051
0.00516319
0.00517587
0.00518854
0.00520119
0.00521388
0.00522341
0.00515015
0.00516283
0.0051755
0.00518819
0.00520083
0.00521195
0.00515296
0.00516246
0.00517514
0.00518782
0.00519574
0.00515262
0.00516371
0.00517531
0.00518275
0.00516613
0.00517561
0.00518669
0.00428506
0.00429462
0.00512827
0.00513869
0.00515038
0.00516305
0.00517572
0.00518838
0.00520038
0.00520902
0.00428681
0.00429651
0.00430924
0.00432176
0.00511566
0.00512516
0.00513785
0.00515053
0.00516317
0.00517583
0.0051885
0.00520117
0.00521227
0.00426292
0.00427119
0.00428415
0.00429709
0.00430963
0.00432218
0.0043329
0.00510619
0.00511415
0.00512523
0.00513792
0.0051506
0.00516324
0.00517592
0.00518859
0.00520122
0.00521393
0.00522182
0.00425029
0.00425924
0.00427163
0.00428463
0.00429671
0.00430758
0.00431938
0.00433187
0.00434357
0.00435518
0.0051047
0.00511423
0.00512532
0.005138
0.00515067
0.00516335
0.005176
0.00518863
0.00520131
0.00521396
0.00522666
0.00523455
0.00425023
0.00425853
0.00427163
0.00428453
0.00429725
0.00430833
0.00431931
0.00433175
0.00434423
0.00435511
0.00512527
0.00513795
0.00515061
0.00516328
0.00517594
0.00518858
0.00520125
0.0052139
0.0052266
0.00523769
0.00425993
0.00427129
0.00428421
0.00429694
0.00430961
0.00432216
0.00433307
0.00434407
0.00435505
0.00512678
0.00513789
0.00515058
0.00516322
0.00517587
0.00518904
0.00520119
0.00521383
0.00522654
0.00523604
0.0042611
0.00427076
0.00428368
0.00429637
0.00430912
0.00432179
0.00433434
0.00434535
0.00512514
0.00513783
0.00515049
0.00516315
0.00517578
0.00518846
0.00520112
0.00521378
0.00522647
0.00523437
0.00428798
0.00429593
0.0043087
0.00510752
0.00511619
0.00512663
0.00513773
0.00515038
0.00516305
0.00517571
0.00518834
0.00520102
0.0052137
0.00522533
0.00511527
0.00512796
0.00513905
0.00515012
0.0051628
0.00517544
0.00518812
0.00520078
0.0052103
0.0051293
0.00513884
0.00514992
0.00516258
0.00517525
0.00518791
0.00519588
0.00515284
0.00516238
0.00517502
0.00518696
0.00517582
